-1.479202e+01 -1.153894e+00 -1.006653e+00 7.846747e-01 -1.186940e+00 2.538075e+00 -2.110949e-01 3.692235e+00 1.812744e+00 -1.825410e+00 -1.294317e+00 4.369434e-01 8.315149e+00 -8.299305e-02 -5.266938e-02 3.778835e-01 3.410896e-01 9.379667e-01 -3.706740e-01 -1.906768e+00 -1.261661e+00 7.967609e-01 7.795727e-01 4.056062e-01 1.800267e-01 -1.066152e-02 -1.160167e-01 4.075508e-01 -1.267801e-01 -1.045694e-01 -3.530496e-01 1.763676e-02 7.883914e-01 2.118503e-01 -3.186226e-01 1.537598e-01 1.656389e-01 8.101371e-02 -7.606606e-02 
-1.426851e+01 -5.668685e+00 2.055336e+00 1.301016e+00 1.737516e+00 1.889325e+00 -9.841278e+00 4.897535e-01 5.454576e+00 -1.120267e+00 -1.090963e+00 4.384237e-01 8.304198e+00 -4.208946e-01 1.086920e+00 1.703613e-01 -1.685364e-01 -3.843634e-01 -5.626711e-01 -1.643964e-01 -8.801904e-01 -1.425821e-01 1.331068e+00 1.018326e+00 4.142369e-01 -2.346943e-01 -2.141158e-02 2.392333e-01 -3.288890e-01 -2.101829e-01 -3.972158e-01 2.003054e-01 8.247174e-01 2.419642e-01 -2.855783e-01 1.935500e-01 2.016514e-01 -2.024935e-01 -7.004350e-02 
-1.546893e+01 8.401458e-01 -6.486669e-01 2.231763e+00 2.040721e+00 1.009125e+00 -4.930322e+00 -1.014809e+00 3.975692e+00 1.719983e+00 6.321250e-01 1.335994e+00 8.267240e+00 -4.941969e-01 1.415213e+00 -1.524353e-01 7.296315e-02 -1.660227e-01 -1.865049e-01 1.163853e+00 -3.930937e-01 -3.266890e-01 1.272665e+00 9.273766e-01 4.678372e-01 -2.790288e-01 1.242436e-01 -2.027018e-01 -2.684468e-01 -1.720984e-01 -1.644494e-01 2.355154e-01 2.104391e-01 4.772667e-02 -1.606522e-01 6.343547e-02 -1.232145e-01 -3.394074e-01 -8.494898e-03 
-1.655836e+01 3.283893e+00 -3.341662e-01 -7.818256e-01 -4.723141e+00 4.890066e-01 1.325994e+00 1.644359e+00 1.817548e-02 3.057055e+00 2.834116e+00 2.058392e+00 7.165554e+00 1.555375e-02 4.095734e-01 -1.001429e+00 -5.758656e-01 -4.959761e-01 5.387857e-01 6.813599e-01 -4.861280e-01 -6.939755e-02 1.501009e+00 1.153050e+00 -9.764591e-01 -2.267204e-01 2.325998e-01 -4.835877e-01 -8.975293e-02 5.735425e-02 2.764254e-01 9.684611e-02 -3.619166e-01 1.296750e-01 2.177516e-01 -2.476982e-01 -5.398071e-01 -3.333578e-01 9.138089e-02 
-1.611809e+01 1.446174e+00 -5.739949e-01 2.190988e+00 1.212910e+00 2.305764e+00 2.432484e-02 1.149384e+00 2.897389e+00 2.449378e+00 1.380160e+00 1.966118e+00 7.489512e+00 3.199830e-01 -7.275249e-01 -3.787199e-01 -3.157892e-01 1.714801e-01 2.562696e-01 -1.277609e+00 -1.220180e+00 -4.311379e-02 1.011944e+00 -2.777644e-01 -8.216299e-01 -5.716490e-02 9.756772e-02 -2.746850e-01 1.270884e-01 3.968751e-02 9.103623e-02 -2.279864e-01 -3.309280e-01 1.934757e-01 1.997706e-02 -5.205978e-01 -6.165153e-01 1.199246e-01 8.144861e-02 
-1.386645e+01 -3.923757e+00 -2.988973e+00 -1.557794e+00 -3.288982e-01 3.934952e+00 -8.911876e+00 -3.023409e+00 5.646816e+00 6.019938e+00 4.300105e+00 -4.758995e+00 7.559551e+00 3.347557e-01 -2.597058e-01 -1.652278e-01 3.127289e-01 8.288704e-01 -2.997959e-01 -7.532918e-01 1.818523e-01 8.043566e-01 2.229651e-01 -1.078168e+00 -6.076654e-01 1.112424e-01 -1.789883e-01 1.790935e-01 3.438737e-01 2.589098e-01 3.911514e-02 -3.756038e-01 4.342512e-01 4.587162e-01 -3.853153e-01 -5.784677e-01 -9.048565e-02 8.661031e-01 5.376457e-02 
-1.521502e+01 8.066487e-01 -1.214417e+00 1.040973e+00 7.011970e-01 5.673040e-01 -6.199494e+00 -4.781753e+00 9.457107e-01 5.298322e+00 -1.489648e+00 6.362936e-01 7.784496e+00 -1.660192e-01 3.764713e-01 6.503660e-02 -1.728710e-01 -3.732613e-01 -9.072410e-01 2.265275e-01 2.403691e-01 -6.636758e-01 -6.911849e-01 -1.039497e+00 8.829486e-01 -4.070692e-02 -2.061364e-01 2.768298e-01 1.913398e-01 1.530384e-01 -3.310182e-02 -3.647552e-02 7.739853e-01 6.060531e-01 -1.352036e-02 -1.194362e-01 5.929977e-01 7.673256e-01 2.033441e-02 
-1.533543e+01 2.305162e+00 -8.401784e-01 1.356770e+00 -3.231187e-01 -1.403839e-01 6.717291e-01 5.518556e+00 5.015936e+00 2.746810e+00 -1.121847e+00 -3.150614e-01 7.574152e+00 -6.365008e-01 7.530521e-01 4.960006e-01 6.472367e-01 -2.820908e-02 -7.575146e-01 2.100508e+00 1.077233e+00 -1.685608e+00 -5.398335e-01 1.081379e+00 2.501592e+00 3.386435e-02 -7.086826e-02 7.471594e-02 7.084746e-02 -8.539816e-02 -4.267420e-02 1.447106e-01 2.193004e-01 7.035463e-02 2.791195e-01 3.153656e-01 5.987575e-01 2.083935e-01 1.340353e-02 
-1.621337e+01 2.137116e-01 -1.323350e+00 -1.306774e-01 -6.565548e-01 -1.924388e-01 -3.634791e+00 -1.920164e+00 -1.052682e-01 6.295501e-01 -1.106205e+00 4.158972e+00 7.278711e+00 -2.251099e-01 1.503330e-01 2.474003e-01 2.822627e-01 4.345250e-01 3.025254e-01 1.165414e+00 1.362262e+00 1.134350e+00 7.963034e-01 1.607572e+00 1.460463e+00 8.317451e-02 1.620739e-01 -5.039690e-02 -4.684401e-02 3.451354e-03 1.312431e-02 1.485228e-01 -3.603101e-01 -4.499692e-02 6.781428e-01 3.401140e-01 1.247279e-01 -6.269314e-01 9.197610e-03 
-1.654998e+01 1.382469e-01 -4.545198e-01 2.264216e+00 2.090453e-01 5.277251e-01 3.084894e-01 9.318572e-01 -2.256018e+00 5.654783e+00 9.515094e+00 5.987666e+00 7.981837e+00 1.013087e-02 2.268594e-01 9.787060e-02 -3.419207e-01 2.115956e-01 -1.810965e-01 -1.262521e-01 -2.732674e-02 1.300975e+00 1.056095e+00 5.921553e-01 1.456525e-01 1.162819e-01 2.477673e-01 -8.485736e-02 -7.703710e-02 -1.408915e-01 -2.193998e-01 -3.070425e-02 -8.377828e-01 -4.283679e-01 2.370494e-01 -2.467350e-01 -6.308342e-01 -9.759192e-01 -7.892925e-02 
-1.573383e+01 2.642058e+00 -1.703271e-01 1.998348e+00 2.608007e+00 1.746067e+00 -1.905137e-01 4.323164e+00 1.025327e+01 7.825581e+00 1.229751e+00 4.787123e+00 7.996666e+00 3.211050e-01 3.875054e-01 2.978625e-02 3.389842e-01 -4.277354e-01 -4.527958e-01 -4.615209e-01 5.674705e-01 1.233819e+00 2.115014e-01 -1.712783e-01 -1.073755e+00 -3.598641e-02 5.619644e-02 -8.054058e-02 2.687421e-02 -4.383189e-02 -4.308403e-01 -2.317456e-01 -3.387529e-01 -4.553626e-01 -9.566975e-01 -8.060939e-01 -4.664364e-01 -7.213048e-01 -1.200604e-01 
-1.552547e+01 2.225462e+00 -9.271493e-01 -1.417163e+00 -8.966287e-01 -2.015219e+00 -1.681746e+00 2.260182e+00 6.341614e+00 4.429362e+00 6.710308e-01 9.893597e-02 7.796360e+00 3.293328e-01 2.101304e-01 2.195412e-01 -8.555963e-02 -6.941850e-01 -5.333520e-01 -1.275044e+00 -6.671597e-01 -5.501010e-01 -1.480939e+00 -1.183406e+00 -1.110751e+00 -3.012279e-01 -3.681516e-02 -4.165266e-02 1.030572e-01 1.282203e-02 -2.155223e-01 6.597776e-02 2.829357e-01 -1.702163e-01 -9.414783e-01 -5.434197e-01 -2.567136e-01 -3.177741e-01 -6.364577e-02 
-1.511974e+01 1.107352e+00 -9.376912e-01 3.405078e+00 -2.241932e+00 -1.185353e+00 -4.947292e+00 2.530922e-01 1.764928e+00 2.300205e+00 2.459497e+00 1.735188e+00 7.191333e+00 -1.037496e-01 -2.439259e-01 3.208860e-01 -6.512506e-02 -1.266756e+00 -6.800895e-01 4.595520e-02 -5.947174e-01 -2.723696e+00 -1.965821e+00 1.631491e-01 -1.517852e+00 -3.083725e-01 5.017666e-02 2.075769e-01 9.549489e-02 -2.355440e-01 3.996333e-02 5.311153e-02 6.299766e-01 -5.979290e-03 -4.926808e-01 -1.301802e-01 -2.504155e-01 -4.157482e-02 1.257786e-01 
-1.521031e+01 1.956330e+00 1.026620e+00 1.132925e+00 -8.370548e-01 -6.738387e-01 -3.688230e+00 -3.692769e-01 -7.620080e-01 1.013009e+00 2.982921e+00 1.960197e+00 6.878326e+00 3.836725e-02 3.343522e-01 4.677151e-01 -7.565196e-02 -4.463869e-01 2.622473e-01 1.034586e+00 -2.975410e-01 -1.427713e+00 -5.723656e-01 -8.586181e-01 -1.221156e+00 -6.571285e-02 3.973177e-01 2.838769e-01 -1.504752e-01 -6.476548e-02 2.162042e-01 1.076474e-01 6.750603e-01 3.075796e-01 1.810441e-01 2.390456e-01 -7.697424e-02 1.990046e-01 3.048955e-01 
-1.641021e+01 1.557060e+00 4.573565e-01 3.973143e-01 -3.755287e+00 -2.324967e+00 1.042190e+00 2.664521e+00 1.865078e-01 -2.952355e-01 8.892245e-01 -3.732637e+00 6.913688e+00 7.175362e-01 1.363246e+00 3.831426e-01 -8.437443e-01 -3.519453e-01 -5.850161e-01 1.533474e+00 3.528102e-01 -7.907541e-01 -8.935031e-01 -1.585649e+00 -1.226546e+00 4.751680e-01 7.648197e-01 8.914211e-02 -3.482148e-01 1.198971e-01 3.387065e-01 1.111949e-01 -9.975747e-02 1.000715e-01 4.142798e-01 3.084746e-01 -1.135788e-01 4.662989e-01 3.653186e-01 
-1.468889e+01 3.672383e+00 7.134373e-01 -2.921122e-01 -2.371750e+00 -1.343610e-01 4.966086e-01 -4.327223e-01 -7.684258e-03 2.864868e+00 -2.837315e+00 -3.273736e+00 7.606776e+00 1.905147e+00 8.260191e-01 -5.640685e-01 -2.016899e-02 -7.054496e-02 -4.247150e-02 1.356470e+00 3.968089e-01 -6.113494e-01 -8.217778e-01 -6.939559e-01 -2.613023e-01 8.315026e-01 7.275206e-01 -4.322660e-01 -3.191421e-01 1.682120e-01 1.978862e-02 -7.078546e-02 -6.958469e-01 -2.426371e-01 1.981894e-01 4.350335e-02 1.695147e-01 3.768136e-01 2.685824e-01 
-1.179281e+01 7.065599e+00 1.134675e+00 -1.015526e-01 -3.233793e+00 -4.380058e+00 6.276782e-01 2.049201e+00 -2.565847e+00 -3.093845e+00 -2.558957e+00 -1.780582e+00 9.203068e+00 2.786832e+00 -4.412691e-02 -9.042060e-01 5.066715e-01 2.388326e-01 2.840658e-02 -6.138753e-01 -4.415367e-01 -1.060464e+00 -2.986318e-01 -4.869942e-01 3.336907e-01 1.069633e+00 2.150716e-01 -8.669695e-01 -9.098531e-02 8.288720e-02 -2.610214e-01 -2.006182e-02 -9.320440e-01 -5.521128e-01 3.148450e-01 6.654755e-02 6.490520e-04 1.335529e-02 7.826948e-02 
-7.993137e+00 3.332406e+00 -2.132442e+00 1.281461e+00 -1.451022e+00 1.409704e-01 3.301425e+00 1.922814e+00 -2.442403e+00 -1.697286e+00 1.236971e+00 -3.229564e-01 9.891137e+00 2.641162e+00 -1.123326e+00 -4.841867e-01 9.017773e-02 -6.426714e-01 -3.982852e-01 -1.370963e+00 -1.113665e+00 -3.018521e-01 -6.524563e-01 -5.604798e-01 -1.172514e-01 9.800072e-01 -1.350793e-01 -3.350093e-01 4.311480e-01 -1.645761e-01 -7.736892e-01 -3.896349e-01 -7.767384e-01 -6.663300e-01 4.133735e-01 -4.570955e-02 -2.628503e-01 -5.596602e-01 1.400748e-01 
-5.823693e+00 1.506622e+00 -2.640212e+00 2.143972e+00 -3.021728e+00 -2.320235e+00 -3.429701e+00 -7.207443e-01 -3.898843e+00 4.922737e-01 -3.582943e+00 -3.539701e+00 1.111967e+01 1.424941e+00 -1.996913e+00 -1.117837e-01 -4.844674e-01 -1.370819e+00 -5.073065e-01 -1.763113e+00 -1.652464e+00 6.286895e-01 -6.454852e-01 -1.649042e+00 -1.231643e+00 7.923351e-01 -9.017908e-03 4.330825e-01 4.345651e-01 -3.405987e-01 -1.261760e+00 -5.016187e-01 -9.752920e-02 -3.003129e-01 4.199446e-01 -3.696620e-01 2.797053e-01 -1.068841e+00 2.979054e-01 
-4.467266e+00 8.355255e-01 1.797525e-01 -9.636478e-01 -5.691440e+00 -3.155694e+00 -4.329496e+00 -4.616090e+00 -8.503215e-01 -2.190108e+00 -5.127546e+00 -2.980139e+00 1.154857e+01 1.910757e+00 1.274345e-01 1.195606e+00 -3.474938e-01 -3.134123e+00 -1.722908e+00 -1.952497e+00 -2.329333e+00 6.109660e-01 -8.770822e-01 -1.427224e+00 -2.276996e+00 1.670477e+00 3.538808e-01 6.672218e-01 -2.309285e-02 -2.342114e-01 -1.334764e+00 -3.454767e-01 4.697999e-01 2.647055e-01 5.154847e-02 -2.565158e-01 7.400082e-01 -1.174345e+00 4.109518e-01 
-6.430970e+00 -1.670596e+00 -5.810229e-01 -1.401769e+00 -7.968141e+00 -5.268003e+00 -4.372464e+00 -2.944354e+00 -2.184655e-01 -6.074574e+00 -7.621933e+00 -6.610880e+00 1.233611e+01 3.106969e+00 1.496010e+00 4.287691e-01 -9.774979e-01 -4.824153e+00 -1.817270e+00 -8.106198e-01 -1.335288e+00 5.828738e-01 -2.034758e+00 1.344815e+00 -3.930596e+00 2.213973e+00 4.977064e-01 3.098882e-01 -5.419772e-01 -3.295087e-01 -8.220357e-01 -1.646139e-02 1.080347e+00 6.916878e-01 -9.981304e-02 -2.235426e-01 7.739751e-01 -7.940933e-01 2.580577e-01 
1.864120e+00 5.557845e+00 2.815672e+00 1.316827e+00 -1.464798e+01 -6.999579e+00 -5.989710e+00 -8.612143e+00 -1.227971e+00 -2.798700e+00 -3.879350e+00 -1.017205e+01 1.763556e+01 3.569597e+00 4.664046e-01 -8.699507e-01 -8.343320e-01 -5.589900e+00 -1.470707e+00 5.017914e-01 5.148575e-02 -2.117047e-02 -1.240202e+00 1.642614e+00 -4.639344e+00 2.323948e+00 -2.370616e-01 -7.179852e-01 -9.866952e-01 -5.070788e-01 4.780513e-01 6.345273e-01 1.505170e+00 1.010578e+00 -7.043198e-02 -3.909279e-01 5.528681e-02 1.299427e-01 -2.572958e-01 
6.545388e+00 6.625517e+00 -1.814428e+00 -3.884037e+00 -2.266422e+01 -9.484876e+00 -6.652641e+00 -5.399086e+00 -7.956745e-01 -9.377445e+00 2.517254e+00 -1.959727e+01 1.914607e+01 3.083969e+00 -6.169473e-01 -1.789018e+00 -1.888509e+00 -4.253063e+00 -7.155286e-01 2.411351e+00 6.156172e-01 4.456677e-01 -1.581633e+00 6.858267e-01 -4.020901e+00 1.755893e+00 -1.012847e+00 -1.190359e+00 -7.444782e-01 -2.617217e-01 1.712343e+00 1.229233e+00 1.151756e+00 4.136304e-01 -3.645069e-01 -4.868837e-01 -6.986066e-01 1.282410e+00 -5.514535e-01 
6.891955e+00 -9.802479e-01 -3.552966e+00 -3.894023e+00 -2.629290e+01 -8.400758e+00 -6.804901e-01 -3.131669e+00 -6.678395e-01 -6.739907e+00 -1.983792e+00 -1.968362e+01 1.976342e+01 7.369837e-01 -2.406003e+00 -2.629057e+00 -2.427238e+00 -1.029467e+00 8.987268e-01 3.962332e+00 1.748028e+00 3.273908e-01 -3.058122e+00 -8.211948e-01 -1.582230e+00 6.130834e-01 -1.242130e+00 -8.246872e-01 -2.855319e-01 5.318473e-02 2.318736e+00 1.604101e+00 1.855135e-01 -3.663253e-01 -5.952123e-01 -6.632348e-01 -1.594961e-01 1.766521e+00 -5.694422e-01 
6.475237e+00 -1.486555e+00 -6.342183e+00 -8.239033e+00 -2.341112e+01 -8.144786e+00 5.029883e+00 -2.606482e+00 1.729798e+00 -1.201270e+01 -5.140782e+00 -2.195987e+01 2.005156e+01 -5.409459e-01 -3.019637e+00 -2.414001e+00 -1.489601e+00 1.457247e+00 3.144196e+00 3.217848e+00 -1.153241e-01 -1.414089e+00 -3.560200e+00 -9.162271e-01 9.527165e-01 3.120553e-01 -1.013614e+00 -4.957632e-01 1.507836e-01 5.711082e-01 1.901307e+00 1.327768e+00 -1.120359e+00 -9.194910e-01 -7.949129e-01 4.105815e-02 5.795939e-01 1.431036e+00 -3.630559e-01 
5.584216e+00 -2.416003e+00 -8.065787e+00 -8.642203e+00 -1.942189e+01 -3.175483e+00 7.980573e+00 -1.268087e+00 -8.537369e-01 -1.677207e+01 -4.156504e+00 -1.690160e+01 2.024845e+01 -8.287325e-01 -2.455596e+00 -1.985027e+00 -7.679507e-01 3.148610e+00 4.619826e+00 1.026109e+00 -1.414841e+00 -2.067325e+00 -3.567171e+00 1.646242e+00 1.706471e+00 1.986356e-01 -4.683512e-01 -1.111639e-01 4.785383e-01 7.533206e-01 1.036279e+00 3.771498e-01 -1.890824e+00 -1.086053e+00 -2.558196e-01 1.068637e+00 8.232298e-01 4.550709e-01 -1.171972e-01 
4.494781e+00 -7.754745e+00 -1.162764e+01 -8.958416e+00 -1.881326e+01 3.623483e+00 5.105708e+00 -6.907677e+00 -7.772925e+00 -2.216200e+01 -9.770533e-01 -1.622460e+01 2.046404e+01 -1.201041e+00 -3.071011e+00 -1.357059e+00 1.372392e-01 3.164449e+00 4.062906e+00 -1.722181e+00 -2.400442e+00 -2.331609e+00 -1.121847e+00 2.350026e+00 1.490031e+00 1.478582e-01 -2.373567e-01 1.887970e-01 5.166298e-01 6.703600e-01 2.298964e-01 -8.090315e-01 -1.703079e+00 -2.611818e-01 7.099409e-01 1.609694e+00 8.015640e-02 -3.225170e-01 -5.408865e-02 
3.738303e+00 -1.012380e+01 -1.083480e+01 -7.374441e+00 -1.284876e+01 8.813911e+00 4.412086e+00 -8.055233e+00 -6.253056e+00 -1.950158e+01 4.165739e+00 -1.401892e+01 2.055027e+01 -1.274718e+00 -2.936111e+00 -7.647681e-01 5.258677e-01 3.298266e+00 2.325255e+00 -3.021766e+00 -2.539845e+00 -4.930725e-01 1.065700e+00 1.661892e+00 4.244326e-01 1.092649e-01 -2.003527e-01 3.496248e-01 3.011329e-01 5.713232e-01 -4.517421e-01 -1.565121e+00 -1.029777e+00 4.654082e-01 1.017385e+00 1.409335e+00 -1.203266e+00 -5.404468e-01 -2.938628e-02 
1.392957e+00 -1.298761e+01 -1.174316e+01 -8.186607e+00 -1.087526e+01 6.175032e+00 -1.796928e+00 -1.121542e+01 -7.228895e+00 -1.625728e+01 2.448266e+00 -1.595123e+01 2.063970e+01 -1.504722e+00 -1.835436e+00 -4.409766e-01 1.215194e+00 2.531927e+00 2.463069e-01 -3.273719e+00 -8.590058e-01 1.348479e+00 2.171943e+00 -5.232834e-01 -1.893551e-02 8.636405e-02 -1.357875e-01 6.602116e-01 1.030572e-01 4.581872e-01 -7.271601e-01 -1.500948e+00 -1.232839e-01 1.134436e+00 7.863392e-01 5.297285e-01 -1.603494e+00 -2.840901e-01 -1.619588e-02 
7.615983e-01 -1.447996e+01 -1.183233e+01 -6.398759e+00 -6.899812e+00 7.175259e+00 -3.677037e+00 -1.181311e+01 -3.590966e+00 -1.439536e+01 2.440244e+00 -1.491599e+01 2.070678e+01 -1.678629e+00 -1.325379e+00 -9.373243e-01 1.549702e+00 1.206193e+00 -1.297497e+00 -3.346885e+00 1.414090e-01 1.179443e+00 1.832526e+00 -2.933565e+00 -2.413478e-01 8.247282e-02 -1.093477e-01 6.916097e-01 1.028891e-01 1.832137e-01 -7.500611e-01 -1.157955e+00 4.240943e-01 1.474139e+00 -7.994873e-02 -1.854567e-01 -1.195083e+00 5.444399e-02 -1.145681e-02 
-1.540819e+00 -1.475371e+01 -1.333367e+01 -3.369776e+00 -9.128055e+00 5.674703e+00 -7.218081e+00 -9.323637e+00 -2.361409e+00 -1.385540e+01 -2.730624e+00 -1.587031e+01 2.081742e+01 -1.677881e+00 -5.753027e-01 -7.556713e-01 1.916286e+00 5.745591e-01 -1.630397e+00 -2.176121e+00 1.930986e+00 7.638459e-01 1.143467e+00 -3.369716e+00 4.024390e-01 8.030393e-02 1.936952e-02 5.647259e-01 3.462265e-01 -1.945365e-01 -3.849777e-01 -6.230271e-01 8.225409e-01 1.282453e+00 -5.725534e-01 -5.357136e-01 -3.751663e-02 3.119622e-01 -1.923678e-02 
-3.188320e+00 -1.586759e+01 -1.472565e+01 -2.033777e+00 -7.691612e+00 2.576793e+00 -9.611636e+00 -8.294412e+00 -2.789314e+00 -1.153955e+01 -7.912724e+00 -1.526634e+01 2.087378e+01 -1.734914e+00 -1.079582e-01 -9.287930e-02 1.091472e+00 5.264502e-01 -2.526193e+00 -1.450151e+00 3.435830e+00 -6.003777e-01 6.526977e-01 -2.890358e+00 4.860439e-01 5.497904e-02 1.274306e-01 4.922630e-01 5.523686e-01 -4.493932e-01 -2.874970e-01 -1.508949e-01 9.563411e-01 7.908765e-01 -4.893575e-01 -6.562696e-01 9.274453e-01 2.978304e-01 -3.631716e-02 
-5.022192e+00 -1.517031e+01 -1.407468e+01 -7.876505e-01 -7.606697e+00 3.220869e-01 -9.710569e+00 -3.319488e+00 -3.810530e+00 -1.196739e+01 -9.223891e+00 -1.376381e+01 2.095773e+01 -1.379809e+00 3.795561e-01 8.679771e-01 4.718709e-01 9.468483e-01 -2.254636e+00 -1.095221e-01 3.906187e+00 -6.242502e-01 8.323230e-02 -7.322863e-01 1.177022e+00 3.882742e-03 2.826466e-01 2.718489e-01 5.095717e-01 -5.074656e-01 -5.426797e-01 3.148836e-01 5.585163e-01 -1.528001e-02 -1.799500e-01 -6.747198e-01 1.171727e+00 1.553314e-02 -4.915212e-02 
-6.171830e+00 -1.481147e+01 -1.192677e+01 -2.232659e+00 -5.027679e+00 -2.779264e+00 -9.681684e+00 2.363910e+00 -5.868575e+00 -1.207630e+01 -8.765043e+00 -1.353880e+01 2.091142e+01 -1.190756e+00 6.584917e-01 1.012958e+00 2.503478e-02 -4.175215e-01 -1.739845e+00 4.015231e-01 3.108136e+00 -5.732500e-01 -9.187542e-01 3.848533e-01 8.605180e-01 -6.086476e-02 4.692600e-01 2.095911e-02 4.461045e-01 -3.681090e-01 -8.190065e-01 7.018234e-01 -5.140909e-02 -6.186923e-01 1.771921e-01 -6.671619e-01 1.003615e+00 -3.387782e-01 -5.813660e-02 
-6.948202e+00 -1.338418e+01 -1.039380e+01 -9.116392e-01 -5.725228e+00 -2.920371e+00 -7.730805e+00 4.878060e+00 -3.943244e+00 -1.317085e+01 -5.965827e+00 -1.084856e+01 2.081788e+01 -5.368320e-01 4.006750e-01 1.239101e+00 -8.791270e-02 -1.667022e+00 -4.490953e-01 -3.095011e-01 2.018539e+00 -1.494545e-01 -1.444534e+00 8.512827e-01 2.929078e-01 -1.074957e-01 6.046462e-01 -3.818448e-02 6.635060e-01 -5.870462e-02 -7.834433e-01 3.982758e-01 -4.778387e-01 -1.010003e+00 -1.137105e-01 -8.031289e-02 4.702108e-01 -7.962227e-01 -5.655691e-02 
-8.178462e+00 -1.346889e+01 -1.150201e+01 -1.846963e+00 -1.071921e+01 -4.500946e+00 -8.593770e+00 3.147410e+00 -5.588997e+00 -1.553155e+01 -7.617521e+00 -1.242165e+01 2.063925e+01 1.900209e-01 -1.375366e-02 1.952068e+00 -4.692343e-01 -2.261649e+00 8.021304e-02 -1.607190e+00 1.286264e+00 4.815597e-02 -1.919192e+00 1.335743e+00 -7.658447e-01 -1.799619e-01 6.468437e-01 2.269839e-01 9.573706e-01 5.726557e-01 -1.039859e-01 -3.998008e-01 -1.857792e-01 -1.391219e+00 -7.144737e-01 9.417083e-01 2.718999e-01 -8.089994e-01 -3.299981e-02 
-6.702674e+00 -1.383890e+01 -8.091702e+00 -1.419659e+00 -1.309594e+01 -1.062744e+00 -1.180191e+01 6.380608e+00 -4.697568e+00 -1.746257e+01 -5.541472e+00 -1.285834e+01 2.055621e+01 9.531509e-01 5.246596e-01 3.715723e+00 4.255525e-01 -2.048193e+00 -1.173390e+00 -1.494430e+00 -2.329503e-01 -1.503550e+00 1.817579e-01 1.143297e+00 -1.990933e+00 -2.193845e-01 4.257641e-01 6.087792e-01 7.857909e-01 9.769274e-01 4.842309e-01 -1.197348e+00 5.653566e-01 -1.838390e+00 -1.140914e+00 1.661488e+00 7.068227e-02 -5.107313e-01 1.109324e-02 
-5.344677e+00 -1.465284e+01 -3.317091e+00 -4.325070e+00 -1.265092e+01 -3.307126e+00 -1.568200e+01 8.043783e+00 -5.250381e+00 -1.952629e+01 -2.298649e+00 -1.636326e+01 2.014259e+01 1.298719e+00 1.731284e+00 4.561305e+00 2.631496e+00 -7.468828e-01 -3.376730e+00 6.513891e-02 -2.722210e+00 -3.468442e+00 2.976569e+00 1.598500e+00 -2.042494e+00 -1.698830e-01 1.099024e-01 8.038829e-01 7.874584e-02 9.984628e-01 6.651368e-01 -1.127298e+00 1.044850e+00 -1.852171e+00 -9.002768e-01 1.649928e+00 -2.767385e-01 4.089295e-02 7.430051e-02 
-3.599279e+00 -1.016846e+01 4.092563e+00 2.455192e+00 -1.500053e+01 -9.383778e+00 -1.165892e+01 1.265701e+00 -1.163042e+01 -1.026425e+01 -2.908709e+00 -1.883244e+01 1.996920e+01 1.037673e+00 2.572006e+00 3.863547e+00 3.246267e+00 -3.192422e-03 -4.707331e+00 1.681144e+00 -5.169249e+00 -4.095756e+00 4.414949e+00 1.073441e+00 -1.622576e+00 -5.703732e-02 -1.629946e-01 5.586382e-01 -8.123147e-01 1.393262e-01 5.909206e-01 -2.005596e-01 6.339149e-01 -1.044597e+00 1.488307e-01 5.004601e-01 -4.743495e-01 4.335828e-01 1.118181e-01 
-3.236483e+00 -6.647417e+00 5.212642e+00 9.373174e+00 -1.350185e+01 -1.722427e+01 -8.339213e+00 -7.905683e+00 -1.946494e+01 -4.247882e+00 -9.413562e-01 -1.964662e+01 2.008327e+01 6.973406e-01 2.982045e+00 2.271879e+00 3.112638e+00 4.136387e-02 -3.789331e+00 2.029127e+00 -5.506424e+00 -3.157016e+00 4.213716e+00 -1.296678e-02 -7.455989e-01 1.103493e-01 -2.139857e-01 1.449651e-01 -1.158891e+00 -9.111356e-01 2.966607e-01 8.400692e-01 -3.299952e-01 -9.722261e-03 9.787511e-01 -5.142255e-01 -5.324324e-01 3.184957e-01 9.991121e-02 
-2.567955e+00 -4.981418e+00 6.961283e+00 7.962699e+00 -1.268693e+01 -1.764071e+01 -7.067514e+00 -1.149085e+01 -1.806852e+01 -3.027037e+00 -8.531161e-01 -1.932884e+01 2.030069e+01 4.389124e-01 2.692550e+00 7.990400e-01 8.816770e-01 5.122395e-01 -1.969843e+00 6.930709e-01 -4.063800e+00 -9.151800e-01 2.065362e+00 -4.228077e-01 -4.716254e-01 1.995286e-01 -8.166847e-02 -1.661383e-01 -1.018401e+00 -1.163542e+00 5.317079e-02 1.322685e+00 -9.234418e-01 6.284543e-01 9.123604e-01 -7.877920e-01 -2.939104e-01 -5.923958e-02 5.283650e-02 
-2.373731e+00 -2.336303e+00 6.608129e+00 8.484450e+00 -1.360099e+01 -1.812555e+01 -7.831906e+00 -1.311022e+01 -1.781626e+01 -2.076626e+00 -3.391222e+00 -1.984301e+01 2.052860e+01 5.281094e-01 2.395818e+00 2.991388e-01 -7.418191e-01 4.786372e-01 -5.451650e-01 -1.090680e+00 -3.323674e+00 -1.650077e-01 1.580325e+00 -3.154144e-01 -1.025399e+00 2.013786e-01 1.403554e-01 -2.577499e-01 -6.282992e-01 -9.395055e-01 -2.134839e-02 1.304312e+00 -7.508801e-01 7.302517e-01 5.211543e-01 -7.593387e-01 4.161391e-02 -1.748106e-01 -1.220717e-02 
-1.836082e+00 1.138924e+00 7.389988e+00 7.307806e+00 -1.238995e+01 -1.878247e+01 -8.446814e+00 -1.645168e+01 -1.703022e+01 -1.022801e+00 -3.797928e+00 -2.109240e+01 2.074419e+01 7.137963e-01 2.034423e+00 -2.418405e-01 -6.441047e-01 4.388034e-02 2.840231e-01 -1.376093e+00 -3.118495e+00 -1.029961e+00 1.792713e+00 -2.449907e-01 -1.778717e+00 1.616370e-01 2.227439e-01 -6.167437e-01 -6.937270e-01 -1.481989e-01 1.315674e-01 1.258407e+00 -1.980607e-01 9.755864e-01 5.137902e-01 -1.109596e+00 -1.511524e-01 4.972727e-01 -7.622404e-02 
-9.618120e-01 2.271665e+00 6.493924e+00 5.991364e+00 -1.125715e+01 -1.937917e+01 -1.310285e+01 -2.204393e+01 -2.080916e+01 2.651632e+00 -1.046041e+00 -2.389219e+01 2.086853e+01 1.261881e+00 2.022321e+00 -3.491551e-01 -8.220713e-01 1.686676e-01 1.605230e+00 -6.907216e-01 -2.327999e+00 -4.937959e-01 5.533976e-01 1.062205e-01 -9.661177e-01 6.824750e-02 -3.730969e-01 -8.394085e-01 -6.649343e-01 3.893686e-01 5.314264e-01 1.211231e+00 3.565206e-01 1.561758e+00 8.602072e-01 -1.846862e+00 -6.101633e-01 1.390770e+00 -1.592367e-01 
2.946232e-01 2.886549e+00 5.808700e+00 5.988867e+00 -1.363967e+01 -1.559422e+01 -1.131265e+01 -2.261645e+01 -2.172206e+01 3.572757e+00 -3.250439e+00 -2.619754e+01 2.093902e+01 1.185774e+00 -2.044170e-01 -2.345491e+00 1.807091e-01 1.325059e+00 3.246954e+00 -4.971000e-01 3.162186e-01 1.818210e+00 -2.969202e+00 -1.389347e+00 1.984960e+00 -1.150230e-01 -1.385542e+00 -9.845556e-01 -4.415950e-01 3.890247e-01 8.248987e-01 1.022314e+00 6.456263e-01 1.864372e+00 8.937424e-01 -1.940891e+00 -7.544824e-01 1.730514e+00 -3.031265e-01 
2.869792e+00 6.901579e+00 5.652767e+00 5.033573e+00 -1.213254e+01 -1.169355e+01 -9.852833e+00 -2.166729e+01 -1.793922e+01 -1.607598e+00 -3.133721e+00 -2.212073e+01 2.077248e+01 -1.573350e+00 -6.817278e-01 -1.973798e+00 7.925079e-01 2.495216e+00 4.029460e+00 2.522916e-01 2.767702e+00 2.711979e+00 -5.273089e+00 -2.793965e+00 4.046535e+00 -4.564943e-01 -2.160856e+00 -1.022411e+00 -2.737684e-01 4.127795e-02 4.440632e-01 2.473227e-01 5.877430e-01 1.597827e+00 4.694920e-01 -4.532436e-01 -2.777613e-01 1.149804e+00 -4.475100e-01 
2.177182e+00 -2.198079e+00 -3.917102e+00 8.689988e+00 -5.326883e+00 -6.390408e+00 -1.255727e+01 -1.505890e+01 -9.374765e+00 -1.373917e+01 -9.701190e+00 -1.205354e+01 2.021719e+01 -4.796411e+00 -1.536331e+00 -1.637357e+00 4.936678e-01 3.005023e+00 4.183456e+00 1.380562e+00 3.655527e+00 1.835813e+00 -4.998580e+00 -2.567271e+00 4.367700e+00 -1.091658e+00 -1.896575e+00 -4.601959e-01 1.456860e-01 -5.397902e-01 -3.574117e-01 -5.563134e-01 7.748662e-01 7.063761e-01 -1.422985e-01 1.820722e+00 1.080485e+00 9.703298e-02 -4.491884e-01 
-9.769946e+00 1.405361e+00 1.487390e+00 8.603029e+00 -2.937702e+00 -3.833698e+00 -1.121877e+01 -1.198432e+01 -1.342303e+01 -1.505794e+01 -1.179088e+01 -1.073161e+01 1.894714e+01 -6.551366e+00 -2.423800e+00 -2.071874e+00 -7.721614e-01 1.549024e+00 2.373646e+00 1.309292e+00 3.991517e+00 1.844856e+00 -6.983110e-01 -6.936157e-01 3.591514e+00 -1.681020e+00 -4.282783e-01 -2.262043e-01 1.264592e-02 -6.288116e-01 -8.972213e-01 -8.571607e-01 7.533608e-01 1.693223e-02 1.685440e-01 2.914988e+00 1.924221e+00 -2.531163e-01 -2.507401e-01 
-1.736771e+01 -2.047149e+00 -2.955125e-01 6.672885e+00 -3.212454e+00 1.393298e+00 -3.726504e+00 -9.180634e+00 -1.480092e+01 -1.469462e+01 -1.175839e+01 -1.005362e+01 1.639357e+01 -5.808058e+00 -1.634332e+00 -1.567851e+00 -1.735930e+00 1.101822e-02 1.293395e+00 2.848673e+00 3.236280e+00 1.540181e+00 3.847033e+00 2.962859e+00 2.697641e+00 -1.748638e+00 1.033704e+00 3.373385e-01 2.830394e-01 -5.522285e-02 -8.334256e-01 -8.648381e-01 2.443296e-01 -3.257764e-01 5.797276e-01 2.259525e+00 1.674825e+00 -1.821185e-01 8.085622e-02 
-2.011460e+01 -5.292902e+00 -6.517443e+00 2.181419e+00 -5.444697e+00 -3.716681e+00 -7.721779e+00 -4.648819e+00 -6.001777e+00 -4.621731e+00 -5.573158e+00 -5.163123e+00 1.427917e+01 -3.209002e+00 -1.763775e+00 -1.945371e+00 -1.236831e+00 -4.940518e-01 1.188644e+00 3.284991e+00 3.062063e+00 3.702563e+00 4.879073e+00 4.062081e+00 3.615984e+00 -1.381714e+00 1.706798e+00 8.507403e-01 7.515646e-01 4.805393e-01 -2.306079e-01 -2.608138e-01 -4.778167e-02 -4.751550e-01 2.575935e-01 3.993176e-01 6.005339e-01 -1.356094e-01 3.061395e-01 
-2.169090e+01 -7.020505e+00 -7.753922e+00 3.221591e+00 -4.018035e+00 1.793167e-02 -6.233273e-02 -2.544548e+00 -5.384071e+00 2.776648e-01 2.004258e+00 -1.349315e+00 1.380807e+01 -1.299027e+00 -1.796201e-01 -2.856191e-01 4.499501e-01 -1.407100e-01 4.516825e-01 1.614224e+00 2.491414e+00 3.805528e+00 3.510559e+00 3.429062e+00 3.444841e+00 -8.370055e-01 1.498466e+00 7.955445e-01 6.712924e-01 4.123225e-01 -1.304828e-02 -3.140259e-01 -9.393507e-01 -4.659110e-01 -1.685828e-01 -9.862981e-01 -6.329336e-01 -3.012225e-01 3.319279e-01 
-2.365303e+01 -4.926744e+00 -4.509645e+00 4.144433e+00 -5.005006e+00 2.797059e+00 3.374001e+00 7.870683e-03 3.811877e-01 1.851310e+00 1.638062e+00 2.995931e+00 1.333148e+01 -2.718589e-01 1.102582e+00 1.044655e+00 5.375092e-01 4.716799e-01 1.490374e+00 1.687501e+00 1.988317e+00 2.000147e+00 1.466463e+00 2.075816e+00 2.539753e+00 -6.061472e-01 9.208620e-01 3.477431e-01 1.688210e-01 -1.364211e-01 -8.072139e-02 -5.310575e-01 -1.225088e+00 -6.292973e-01 -7.618686e-01 -9.822968e-01 -9.768015e-01 -8.708502e-01 2.875387e-01 
-2.209296e+01 -3.128297e+00 -2.727182e+00 7.941064e+00 -4.135405e+00 3.943614e-01 -1.202963e+00 9.479703e-01 1.035000e+00 -3.785166e-01 1.781252e+00 3.091165e+00 1.268265e+01 2.156393e-01 9.102574e-01 2.937375e-01 -5.613757e-01 -5.369797e-01 -4.277465e-01 -1.049412e+00 1.443593e+00 1.548501e+00 6.217148e-01 7.914056e-01 1.729776e+00 -4.767798e-01 4.131934e-01 -4.235955e-01 -3.002084e-01 -3.585234e-01 3.208732e-02 -3.208032e-01 -8.659731e-01 -8.011337e-01 -7.429107e-01 -5.576464e-01 -1.002586e+00 -1.090861e+00 2.771720e-01 
-2.127313e+01 -1.725654e+00 -3.807729e+00 2.509281e+00 -3.027063e+00 3.547337e+00 1.285915e+00 3.546210e+00 7.890885e-01 3.038752e+00 4.917384e+00 5.315598e+00 1.181116e+01 6.380629e-01 -5.699637e-01 -1.390888e+00 -1.413188e+00 -6.996620e-01 -1.026937e+00 -1.508595e+00 4.396224e-01 1.021620e+00 1.411778e+00 4.967828e-01 1.191436e-01 -1.241451e-01 5.835769e-01 -6.260415e-01 -4.391862e-01 -2.233793e-01 9.648885e-02 -3.565957e-01 -6.944477e-01 -1.072726e+00 -6.316177e-01 -6.383381e-01 -1.047696e+00 -1.048127e+00 5.036598e-01 
-2.180241e+01 -4.069296e+00 -6.636478e+00 1.231949e+00 -7.691612e+00 -2.495328e+00 -4.265225e+00 2.903700e+00 2.154288e+00 2.792569e+00 4.322165e+00 6.139646e+00 1.218417e+01 3.119422e-01 -1.461347e+00 -5.687591e-01 -3.674330e-01 6.054968e-01 1.064009e-01 -1.117448e+00 -7.400464e-01 5.802213e-01 7.495192e-01 -7.944316e-01 -7.990536e-01 3.078451e-01 1.288423e+00 -2.589306e-01 -2.737684e-01 -3.020844e-01 2.391052e-01 -1.709676e-02 7.881542e-02 -8.109449e-01 -1.015875e+00 -9.880023e-01 -8.318365e-01 -1.292578e+00 7.014960e-01 
-2.060827e+01 -7.306193e+00 -9.509152e+00 4.330963e-01 -6.725091e+00 -8.928132e-01 -2.637868e+00 1.227936e+00 4.929574e+00 7.324522e+00 2.851764e+00 2.067767e+00 1.296007e+01 2.597779e+00 -8.417805e-01 -7.199945e-01 -6.763047e-01 3.828634e-01 -5.596822e-01 -1.750622e+00 -2.283408e+00 -6.738034e-01 -1.789218e+00 -2.369722e+00 -1.436432e+00 1.519804e+00 1.534113e+00 6.851749e-02 -2.727041e-01 -6.030207e-01 -1.026530e-01 -6.035481e-02 4.065791e-01 -1.492330e-01 -1.228264e+00 -1.230078e+00 -3.739022e-01 -1.322826e+00 6.780574e-01 
-2.086584e+01 -7.644629e+00 -2.720594e+00 7.141795e+00 7.412093e-01 3.146385e+00 -4.828499e+00 -1.592867e+00 1.865439e+00 1.225787e+00 -1.157946e+00 7.196853e-01 1.364746e+01 5.677975e+00 -2.483158e-01 -1.410504e+00 -2.440366e+00 1.173020e-01 -7.468402e-01 -5.343521e-01 -1.249661e+00 -2.683064e+00 -2.717621e+00 -1.934479e+00 -3.955357e+00 2.208743e+00 9.837157e-01 -1.480595e-01 -6.885734e-01 -9.896258e-01 -6.032644e-01 -1.998183e-01 5.884685e-01 4.684139e-01 -1.004092e+00 -5.389739e-01 3.814984e-01 -1.223710e+00 3.787065e-01 
-8.752234e+00 -4.147070e+00 -9.365957e+00 -3.827451e+00 -5.329106e+00 -2.072437e+00 -7.185585e+00 -5.622656e+00 -2.435572e+00 -5.124621e+00 -4.190998e+00 8.430457e-01 1.867862e+01 5.625429e+00 -8.339499e-01 -2.333409e+00 -3.391874e+00 -9.687761e-01 -9.022596e-01 2.326618e-01 -5.177046e-02 -3.487974e+00 -3.004987e+00 -8.027101e-01 -4.916667e+00 2.315719e+00 -7.450843e-01 -6.226470e-01 -2.902373e-01 -2.592716e-01 -2.017090e-01 2.080357e-01 7.378665e-01 7.548079e-01 -2.698682e-01 5.179471e-01 7.903934e-01 -5.234112e-01 -2.103791e-01 
6.600364e-01 -6.890752e+00 -1.376106e+01 -8.839420e+00 -7.803202e+00 -5.639270e+00 -4.663127e+00 8.088323e-02 -7.578246e+00 -4.570939e+00 -1.829372e+00 -1.302513e+01 2.036868e+01 3.716576e+00 -2.205492e+00 -3.205002e+00 -3.957850e+00 -1.735115e+00 -7.215062e-01 8.330451e-01 4.861396e-01 -3.033072e+00 -1.337333e+00 3.297392e-01 -5.177532e+00 1.803353e+00 -2.100127e+00 -6.024652e-01 3.382720e-01 6.908208e-01 3.431292e-01 4.286147e-01 2.012151e-01 1.106199e-01 5.724768e-01 9.303715e-01 4.125585e-01 8.951893e-01 -5.500910e-01 
-3.243813e+00 -1.185294e+01 -1.565597e+01 -8.535689e+00 -7.297268e+00 -1.011550e+00 -1.557176e+00 1.322438e-01 -7.788539e+00 -4.801563e+00 -8.266441e-01 -1.564382e+01 2.117811e+01 -1.469456e-01 -2.976450e+00 -1.274050e+00 -1.214044e+00 3.004121e-01 4.677653e-01 1.255087e+00 6.227281e-01 -1.848012e+00 1.103423e-01 4.501739e-01 -3.442512e+00 6.705588e-01 -1.920477e+00 -7.825305e-02 7.984507e-01 1.107429e+00 7.266303e-01 3.635423e-01 -3.322235e-01 -3.696713e-01 8.616422e-01 9.421529e-01 -9.188523e-02 1.618573e+00 -5.925452e-01 
-5.036850e+00 -1.481917e+01 -1.560019e+01 -1.029317e+01 -6.950494e+00 -9.913303e-01 -3.477363e+00 -2.039502e+00 -1.062335e+01 -5.622477e+00 -1.191637e+00 -1.692430e+01 2.141470e+01 -1.936309e+00 -2.189356e+00 -2.488053e-01 -7.503273e-02 1.198347e+00 7.112841e-01 -3.947924e-02 -1.033816e+00 -6.406474e-01 3.766402e-01 -4.982212e-01 -2.165868e-01 2.808617e-01 -9.585507e-01 4.934437e-01 8.535714e-01 1.056793e+00 6.874925e-01 2.516644e-01 -5.776446e-01 -3.929231e-01 8.190812e-01 5.639613e-01 -2.357198e-01 1.635318e+00 -4.056878e-01 
-6.638805e+00 -1.506520e+01 -1.481613e+01 -9.170611e+00 -4.253219e+00 -2.057379e+00 -1.502654e+00 -1.448856e+00 -1.015349e+01 -4.047001e+00 -2.258941e+00 -1.441910e+01 2.150846e+01 -1.150552e+00 -1.233311e+00 1.807374e-01 2.038683e-01 1.197459e+00 1.989125e-01 -9.920844e-01 -1.140183e+00 -3.760012e-01 8.488194e-01 -8.481849e-01 6.956387e-01 1.142406e-01 8.163299e-02 6.386646e-01 3.709299e-01 3.719598e-01 5.947160e-02 8.572715e-02 -5.947972e-01 -1.691388e-01 4.670373e-01 1.582797e-01 9.154240e-03 8.485351e-01 -1.475667e-01 
-7.324609e+00 -1.623143e+01 -1.542493e+01 -8.896838e+00 -3.332935e+00 -1.559632e+00 -4.887715e+00 -4.297352e+00 -9.599209e+00 -3.065017e+00 -3.604201e+00 -1.472010e+01 2.160770e+01 -5.744181e-01 -6.099472e-01 3.355262e-01 6.172660e-01 1.254006e+00 6.714330e-01 -9.315218e-01 -5.969395e-01 3.261851e-01 1.113103e+00 -1.997426e-01 9.301403e-01 5.306533e-02 3.951930e-01 4.193205e-01 1.494952e-01 3.736633e-02 -2.713208e-01 6.772503e-02 -1.729796e-01 2.660099e-01 8.376189e-02 -5.719460e-02 3.325129e-01 1.742061e-02 -5.481926e-02 
-7.852312e+00 -1.731335e+01 -1.484029e+01 -8.214068e+00 -3.118202e+00 2.674508e-01 -5.812424e+00 -4.439853e+00 -1.018081e+01 -1.835935e+00 -3.861702e+00 -1.326790e+01 2.165287e+01 -4.197726e-01 -5.729299e-01 2.886205e-01 2.996012e-01 5.699703e-01 9.165174e-01 -1.272925e+00 -4.415367e-01 3.666483e-03 5.335685e-01 3.466363e-01 2.269270e-01 4.655868e-02 2.122387e-01 2.535856e-01 6.827068e-02 -7.104125e-02 -3.211820e-01 1.269732e-01 1.039483e-01 3.555009e-01 -3.893610e-02 -2.225793e-01 3.697634e-01 -2.402428e-01 -2.014510e-02 
-7.302098e+00 -1.674506e+01 -1.391084e+01 -7.684828e+00 -1.248293e+00 1.203148e+00 -5.980322e+00 -3.528455e+00 -8.978575e+00 -1.162365e+00 -1.389375e+00 -1.284946e+01 2.160770e+01 -3.259007e-01 -4.230806e-01 4.446886e-01 6.404624e-02 1.556411e-01 6.910739e-01 -7.641105e-01 -5.295561e-02 -4.118098e-01 2.483711e-01 5.669796e-01 1.048696e-01 4.062615e-02 1.502113e-01 2.140705e-01 9.381438e-02 -2.448875e-02 -2.379387e-01 1.101889e-01 2.785828e-01 3.573157e-01 -1.461554e-02 -1.584853e-01 2.368564e-01 -1.583558e-01 -8.119722e-03 
-8.749093e+00 -1.767335e+01 -1.413047e+01 -8.278559e+00 -2.445550e+00 1.144210e+00 -7.320987e+00 -4.040550e+00 -1.044526e+01 -2.330588e+00 -1.633239e+00 -1.421975e+01 2.174116e+01 -2.135162e-01 -5.895759e-02 4.672886e-01 1.252261e-01 1.408384e-01 8.238636e-01 -5.562126e-01 3.654024e-01 -2.016603e-01 1.684352e-01 6.172175e-01 -9.292730e-02 1.976661e-02 1.372865e-01 2.382740e-01 6.636611e-02 1.054542e-01 -3.631280e-02 6.507766e-02 3.632573e-01 3.363324e-01 1.858780e-01 -5.230419e-02 9.372164e-02 2.129233e-02 -7.171909e-03 
-8.505658e+00 -1.816656e+01 -1.355593e+01 -8.544844e+00 -2.891021e+00 1.456969e+00 -7.953588e+00 -4.761611e+00 -1.152552e+01 -1.575567e+00 -1.883520e+00 -1.371940e+01 2.176649e+01 7.352246e-02 2.033676e-01 7.151783e-01 5.819699e-01 2.788000e-01 1.268631e+00 1.029487e-01 7.862788e-01 3.558448e-01 5.030504e-01 8.491280e-01 2.982970e-01 2.589051e-02 7.354759e-02 1.345236e-01 -2.774225e-02 1.141371e-01 -2.649808e-02 -8.603431e-02 2.269180e-01 2.116234e-01 2.121624e-01 -1.077288e-01 -4.984377e-02 2.320874e-03 -4.288978e-03 
-8.318240e+00 -1.689714e+01 -1.268095e+01 -7.157669e+00 -1.592843e+00 4.259757e+00 -7.606957e+00 -1.996702e+00 -9.915380e+00 -7.866852e-01 -5.282322e-01 -1.329751e+01 2.167249e+01 6.697761e-02 3.051654e-01 4.851981e-01 5.679753e-01 3.267610e-01 9.530951e-01 1.097522e-01 8.206482e-01 5.493559e-01 1.447333e-01 6.740327e-01 2.366857e-01 1.810805e-02 -3.197572e-02 -7.943371e-02 -1.236992e-01 -7.791881e-02 -2.064952e-01 -4.706974e-01 4.482128e-02 -1.539343e-02 -7.269788e-02 -2.708165e-01 -3.221712e-01 -8.343787e-02 -1.019306e-02 
-7.149755e+00 -1.611631e+01 -1.105969e+01 -5.335702e+00 -2.804388e-01 5.988753e+00 -5.322808e+00 -6.190302e-01 -7.464560e+00 5.815034e-01 2.303874e+00 -1.181915e+01 2.177151e+01 -9.832671e-02 6.763714e-02 2.970067e-01 4.132918e-01 -6.965679e-02 1.963506e-01 3.759021e-02 7.775384e-01 2.736176e-01 -2.783380e-01 2.892540e-01 -4.835744e-02 2.008556e-02 -1.298858e-01 -1.487605e-01 -1.486827e-01 -2.348992e-01 -3.115491e-01 -7.077430e-01 -8.903066e-02 -6.093290e-02 -2.671113e-01 -3.981894e-01 -5.216663e-01 -1.950404e-01 -2.731293e-02 
-9.092519e+00 -1.717243e+01 -1.295241e+01 -7.043250e+00 -2.117005e+00 3.643703e+00 -8.087545e+00 -2.008786e+00 -9.729483e+00 -2.685218e+00 -3.561640e-01 -1.398635e+01 2.182922e+01 -2.873795e-01 -3.881988e-01 5.792968e-02 -1.800541e-01 -7.174253e-01 -9.934902e-01 -2.993516e-01 2.926638e-01 -5.240584e-01 -7.949776e-01 -7.138016e-01 -3.367506e-01 -2.820395e-02 -2.939104e-03 -4.969589e-02 2.519370e-02 -1.400318e-01 -2.582346e-01 -5.680677e-01 1.044665e-01 1.378982e-01 -1.256820e-01 -2.276920e-01 -4.060389e-01 -4.714043e-02 -3.760066e-02 
-8.609838e+00 -1.769068e+01 -1.193511e+01 -6.535230e+00 -2.977270e+00 2.747155e+00 -7.525716e+00 -8.672729e-01 -1.025107e+01 -2.018512e+00 -5.230179e-01 -1.361627e+01 2.178839e+01 -3.986420e-01 -1.937389e-01 1.852858e-01 -2.184463e-01 -7.568007e-01 -1.296786e+00 -1.375169e-01 7.456874e-01 -4.430369e-01 -1.017899e+00 -1.065240e+00 -3.902053e-01 -8.752925e-02 1.450768e-01 1.614574e-01 1.741426e-01 -6.390578e-02 -8.696161e-02 -3.366345e-01 3.250139e-01 3.864088e-01 1.919959e-01 -1.196584e-01 -1.981462e-01 1.194890e-01 -3.817329e-02 
-9.024985e+00 -1.805106e+01 -1.195356e+01 -7.458071e+00 -3.831311e+00 9.127589e-01 -8.002333e+00 -4.090562e-01 -1.114299e+01 -3.461288e+00 -2.683697e+00 -1.408257e+01 2.152283e+01 2.023626e-01 1.874691e-01 6.671354e-01 1.836814e-01 -6.207634e-01 -1.140655e+00 7.197273e-01 1.526109e+00 2.791637e-01 -6.237971e-01 -6.787598e-01 1.720157e-01 -1.160437e-01 2.763908e-01 3.647520e-01 3.086391e-01 8.609526e-03 4.408309e-02 -1.020244e-01 5.411565e-01 6.091723e-01 4.636008e-01 4.520759e-02 6.874438e-02 3.227546e-01 -2.334397e-02 
-9.176805e+00 -1.664610e+01 -1.063274e+01 -6.220681e+00 -3.207563e+00 8.705988e-01 -6.053259e+00 2.309529e+00 -8.973207e+00 -4.120215e+00 -1.859053e+00 -1.372186e+01 2.148701e+01 3.822526e-01 5.870671e-01 8.632866e-01 -8.803655e-02 -5.526707e-01 -1.413350e+00 1.153145e+00 2.092907e+00 8.319666e-01 -9.621302e-01 -7.189047e-01 2.948013e-01 -1.268881e-01 2.496559e-01 3.445701e-01 1.881468e-01 -1.289417e-01 -9.386826e-02 -2.069133e-01 3.268276e-01 3.609453e-01 3.345960e-01 7.573559e-02 7.843383e-02 3.019441e-01 -1.497162e-02 
-7.797867e+00 -1.675776e+01 -1.026817e+01 -6.282259e+00 -5.105037e+00 -1.121252e+00 -5.225318e+00 4.033632e+00 -8.972232e+00 -4.753059e+00 -3.082381e+00 -1.307348e+01 2.139964e+01 7.042595e-01 1.045157e+00 1.262127e+00 -2.023463e-01 -5.991513e-01 -1.445516e+00 1.760890e+00 2.664890e+00 1.156294e+00 -5.968421e-01 -5.431290e-01 9.345098e-01 -1.252295e-01 5.300950e-02 2.602268e-01 -2.886259e-02 -2.186939e-01 -2.845889e-01 -3.457415e-01 -2.426780e-01 -6.093290e-02 4.354233e-02 1.619105e-01 -1.087063e-02 6.628169e-03 -1.459644e-02 
-7.312045e+00 -1.540171e+01 -8.461109e+00 -7.563336e+00 -5.103703e+00 -3.302394e+00 -3.148425e+00 7.376096e+00 -7.176688e+00 -6.183022e+00 -3.918657e+00 -1.264715e+01 2.121553e+01 5.987938e-01 1.100209e+00 8.284627e-01 -6.702362e-01 -1.236854e+00 -2.179061e+00 9.760306e-01 1.981058e+00 7.912148e-01 -6.529211e-01 -7.409050e-01 7.383150e-01 -1.578265e-01 -3.942402e-03 2.526263e-01 -1.192178e-01 7.962036e-02 -4.738555e-01 -1.883287e-01 -8.171583e-01 -4.775369e-01 -8.803041e-02 3.913892e-01 1.653159e-01 -2.542778e-01 -2.433127e-02 
-6.435681e+00 -1.344733e+01 -6.728281e+00 -7.798415e+00 -5.878608e+00 -4.227766e+00 -6.501599e-01 1.038220e+01 -6.259398e+00 -5.414274e+00 -4.369483e+00 -9.947532e+00 2.103233e+01 3.590651e-01 1.232143e+00 5.403478e-01 -6.187163e-01 -1.701512e+00 -2.486484e+00 -4.050851e-01 1.277524e+00 5.172849e-01 3.133596e-02 -7.220800e-01 -1.645941e-02 -1.735828e-01 -9.785135e-03 3.701756e-01 -1.094709e-01 4.031237e-01 -4.201774e-01 -7.147377e-02 -1.199074e+00 -9.759191e-01 -1.549497e-01 2.406016e-01 3.262685e-01 -5.374462e-01 -4.948781e-02 
-6.863393e+00 -1.280049e+01 -8.260373e+00 -8.813624e+00 -9.005350e+00 -8.471312e+00 -3.460754e+00 9.039776e+00 -6.373084e+00 -7.054270e+00 -4.920182e+00 -1.159365e+01 2.088153e+01 5.354022e-01 1.756793e+00 6.281894e-01 5.181893e-01 -2.370893e+00 -1.834491e+00 -1.849552e+00 3.991792e-01 7.112784e-01 6.807373e-01 1.972837e-01 -5.010474e-01 -2.244240e-01 1.019350e-01 5.445071e-01 4.025234e-01 6.344678e-01 2.530183e-02 2.042764e-01 -9.859890e-01 -1.232880e+00 -2.683576e-01 9.077730e-02 4.412501e-01 -4.456863e-01 -7.419018e-02 
-6.227323e+00 -1.189799e+01 -7.667390e+00 -8.750381e+00 -1.166217e+01 -1.096951e+01 -7.094234e+00 9.588629e+00 -6.787816e+00 -4.160482e+00 -6.192443e+00 -1.368239e+01 2.069879e+01 6.870558e-01 2.567735e+00 8.149595e-01 1.219157e+00 -2.133013e+00 -1.974967e+00 -2.821675e+00 -1.423730e+00 4.216747e-01 -6.052829e-02 6.192588e-01 -1.132891e+00 -3.393747e-01 5.318655e-02 6.780691e-01 9.067314e-01 5.451454e-01 6.182442e-01 2.561649e-01 -3.342963e-01 -1.454679e+00 -4.528388e-01 -2.324342e-01 2.903637e-01 -2.995965e-02 -8.949342e-02 
-4.740017e+00 -7.392438e+00 -4.850940e+00 -4.496075e+00 -1.406602e+01 -9.104144e+00 -9.174015e+00 9.768391e+00 -3.355789e+00 -3.405920e+00 -2.021094e+00 -1.328517e+01 2.026031e+01 9.443621e-01 3.154793e+00 2.703696e+00 1.583264e+00 -8.947623e-01 -1.413493e+00 -2.745610e+00 -2.832873e+00 -5.027179e-01 -1.528573e-01 7.945809e-01 -9.318893e-01 -4.458413e-01 -3.640082e-01 4.844043e-01 8.731212e-01 1.542849e-01 1.335446e+00 1.393629e-01 3.870946e-01 -1.344318e+00 -7.046926e-01 -4.491682e-01 -2.117115e-01 6.077621e-01 -7.910696e-02 
-4.062066e+00 -3.312723e+00 -4.358106e+00 -3.861569e+00 -1.401356e+01 -1.378650e+01 -1.190156e+01 2.899671e+00 -5.659745e+00 -7.541144e+00 -2.722603e+00 -1.476599e+01 1.964593e+01 4.202128e-01 3.923497e+00 4.036245e+00 1.574471e+00 6.515334e-01 -1.416339e+00 -1.628493e+00 -4.380087e+00 -1.140039e+00 -7.141123e-01 4.310086e-01 4.893884e-02 -5.103337e-01 -1.117898e+00 5.992083e-02 3.381040e-01 9.277371e-02 1.629706e+00 4.608597e-01 1.055732e+00 -5.315264e-01 -2.679044e-01 -2.838576e-01 -5.821716e-01 1.013325e+00 -6.121700e-02 
-3.223919e+00 -1.319069e+00 3.603681e+00 -3.341483e+00 -1.230370e+01 -1.412980e+01 -1.478473e+01 -1.779678e+00 -9.450881e+00 -6.128111e+00 -2.682092e+00 -1.571142e+01 1.917870e+01 -1.151300e+00 3.501000e+00 3.383118e+00 1.111783e+00 2.914135e+00 -1.417051e+00 -5.105955e-01 -4.844221e+00 -2.031275e+00 -1.238188e+00 -7.671013e-01 1.946799e+00 -5.344465e-01 -1.809937e+00 -5.380086e-01 -1.049826e+00 1.573798e-01 1.243600e+00 8.646897e-01 1.380231e+00 3.948021e-01 5.714194e-01 -7.742311e-02 -5.198900e-01 9.712204e-01 -5.699133e-02 
-4.883461e+00 4.683071e+00 8.286929e+00 -1.455025e+00 -9.285881e+00 -1.553830e+01 -1.243090e+01 -6.537579e+00 -9.440635e+00 -6.369718e+00 -3.706480e+00 -1.222427e+01 1.868774e+01 -3.854512e+00 2.694330e+00 2.165702e+00 1.918639e+00 4.110937e+00 3.309905e-01 1.339517e+00 -3.075681e+00 -1.535538e-01 -9.373440e-01 -1.510916e+00 2.494309e+00 -6.011715e-01 -1.776356e+00 -1.155087e+00 -2.210272e+00 2.024708e-01 4.672066e-01 1.296052e+00 1.210157e+00 1.364515e+00 1.230756e+00 4.770454e-01 1.020653e-01 6.044227e-01 -3.296032e-02 
-1.008563e+01 6.114975e+00 5.742373e+00 -1.402470e-01 -1.859148e+00 -1.531416e+01 -1.146177e+01 -9.734018e+00 -1.162164e+01 -1.018234e+01 -5.364591e+00 -4.822155e+00 1.806720e+01 -5.967939e+00 1.079446e+00 -1.610066e+00 2.198159e+00 3.593581e+00 2.036192e+00 2.671558e+00 -1.510987e+00 1.861133e+00 -4.284500e-01 -8.338960e-01 2.701574e+00 -6.854389e-01 -7.934787e-01 -1.149257e+00 -2.295754e+00 -2.113593e-02 -8.231869e-01 1.391464e+00 9.426087e-01 1.772839e+00 1.246617e+00 8.877656e-01 9.625965e-01 2.037280e-02 1.535839e-02 
-1.990414e+01 6.441860e+00 5.401079e+00 4.131119e+00 1.318721e+00 -1.153911e+01 -6.865674e+00 -8.501365e+00 -5.342110e+00 -1.020065e+01 -8.935907e+00 -7.739381e+00 1.719594e+01 -6.053209e+00 -6.411510e-01 -4.518363e+00 2.043723e+00 2.647685e+00 3.337189e+00 2.831162e+00 7.759088e-01 3.067533e+00 1.266159e+00 9.747793e-01 2.693708e+00 -5.996405e-01 7.064514e-01 -9.368865e-01 -1.580474e+00 -5.718568e-01 -1.651622e+00 6.092184e-01 2.294572e-01 1.248880e+00 2.476613e-01 9.597139e-01 1.264208e+00 -1.762625e-01 7.437950e-02 
-2.555339e+01 3.198418e+00 -3.003469e+00 4.856327e+00 3.619813e-01 -5.948157e+00 -4.209980e+00 -8.352822e+00 -2.194052e+00 -6.354618e+00 -4.237123e+00 -4.446153e+00 1.649760e+01 -4.019256e+00 -5.775570e-01 -4.753602e+00 9.436000e-01 -4.702193e-01 4.037146e+00 3.456641e+00 2.094092e+00 2.591291e+00 2.098824e+00 2.802960e+00 1.948984e+00 -4.584081e-01 1.696293e+00 -3.926401e-01 7.292008e-02 -7.641706e-01 -1.592976e+00 -1.365991e-01 -2.890572e-01 4.326855e-01 -6.536345e-01 6.236836e-01 6.215277e-01 -3.539264e-01 1.029719e-01 
-2.741606e+01 2.935447e+00 -9.931707e+00 6.265137e+00 2.842301e+00 -3.535135e+00 -1.900918e+00 -3.348693e+00 1.183328e+00 -1.952620e+00 6.036475e-01 1.056212e+00 1.647433e+01 -1.296783e+00 -1.161767e+00 -4.165006e+00 -3.134361e-01 -2.115249e+00 2.376634e+00 2.094263e+00 1.366114e+00 7.197181e-01 2.597493e+00 2.991891e+00 1.989330e+00 -3.427556e-01 1.657283e+00 -4.545290e-02 1.268544e+00 -5.939509e-01 -8.900118e-01 -7.316223e-01 -7.338312e-01 -3.824314e-01 -9.561688e-01 -9.624377e-02 -5.028257e-01 -5.828422e-01 9.276312e-02 
-2.642609e+01 4.980694e+00 -1.035953e+01 3.510344e+00 -4.972107e+00 8.697384e-01 3.338977e+00 -1.839599e+00 -1.928136e+00 -3.812258e+00 3.880162e+00 5.247759e-01 1.613600e+01 1.354181e-01 -6.234728e-01 -1.422017e+00 -4.442174e-01 -1.989722e+00 1.833520e+00 1.594817e+00 3.574026e-01 -2.331285e-01 2.024310e+00 1.265093e+00 1.284077e+00 -2.989952e-01 9.694334e-01 -4.630150e-02 1.375257e+00 -1.146278e-01 3.179865e-01 -8.164441e-01 -9.819988e-01 -5.776330e-01 -6.369425e-01 -4.204186e-01 -1.199928e+00 -4.413790e-01 9.651488e-02 
-2.595126e+01 -2.575578e-01 -1.174580e+01 3.236986e+00 -6.590384e+00 -3.064920e+00 -1.684882e-01 -4.927778e+00 -1.876904e+00 1.515898e+00 1.964951e+00 -2.785467e-01 1.566307e+01 1.556136e-01 -8.453399e-01 1.587059e-01 -2.320694e-01 -1.042494e+00 7.808813e-01 9.279914e-02 -2.679122e-01 -3.011287e-01 8.223290e-01 -7.703900e-01 1.120066e-01 -2.155571e-01 2.439902e-01 1.705706e-01 8.347496e-01 1.817522e-01 7.736440e-01 -5.503303e-01 -6.104987e-01 -1.388548e-01 -2.226621e-01 -6.642721e-01 -9.215178e-01 -4.607376e-01 1.261340e-01 
-2.560941e+01 1.677573e+00 -9.206511e+00 4.149426e+00 -4.870742e+00 2.984198e+00 2.897745e+00 -5.776738e+00 -1.829576e+00 2.032058e+00 1.407835e+00 2.641640e+00 1.540846e+01 1.015718e-01 -9.670702e-01 -3.915094e-02 3.296957e-01 5.832927e-01 7.529855e-01 -4.525982e-01 2.289400e-02 -8.302170e-02 8.842948e-01 -1.315635e+00 6.807821e-01 -3.936731e-02 -4.360217e-02 1.707920e-01 3.454852e-02 1.561762e-01 3.958378e-01 -5.285160e-01 -3.732652e-01 7.761372e-02 3.598936e-02 -5.289708e-01 -1.458232e-01 -2.119792e-01 1.464133e-01 
-2.704593e+01 3.604058e-01 -9.714720e+00 4.785595e+00 -2.421098e+00 -6.884657e-01 -1.216323e+00 -2.719778e+00 -3.716723e-01 -7.633482e-01 -2.012270e+00 5.583299e-01 1.576048e+01 -5.980557e-02 -1.370263e-01 -6.824699e-01 2.083267e-01 4.666470e-01 1.653237e-01 6.536198e-02 8.390180e-01 -4.685972e-01 -1.539417e-01 -3.252805e-01 -1.281808e-02 1.581923e-01 4.952747e-02 2.928425e-01 -6.745822e-02 1.981294e-01 -3.782742e-02 -2.777570e-01 7.855632e-02 -8.417892e-03 9.528017e-02 -1.765650e-01 4.444260e-01 1.071963e-01 1.052229e-01 
-2.537068e+01 -1.639969e-01 -1.157098e+01 4.384921e+00 -4.140739e+00 3.446239e+00 1.599687e+00 -2.829548e+00 -3.095728e+00 1.748811e+00 -7.099265e-01 3.510590e+00 1.589030e+01 2.527754e-02 -1.237380e-01 -8.285883e-01 1.165569e-01 -7.652382e-01 -5.013288e-01 -2.579728e-01 1.920742e-01 3.067365e-02 -1.324086e-01 3.134090e-01 2.866447e-01 2.462234e-01 2.217996e-01 2.749113e-01 4.510340e-01 3.408369e-03 -2.572046e-01 -3.033835e-01 1.335377e-01 -9.172735e-02 4.151484e-01 7.640359e-03 1.149308e-01 -5.139933e-02 1.547687e-02 
-2.637007e+01 -2.192306e-02 -1.397629e+01 4.161076e+00 -4.622666e+00 -2.469516e+00 8.071315e-01 -2.206172e+00 -3.586575e+00 8.876298e-01 1.397407e+00 -7.774160e-01 1.621288e+01 4.413433e-01 1.971980e-01 2.161299e-01 8.652055e-01 -5.575556e-01 1.915542e-02 3.881391e-01 -3.945751e-01 1.184469e-01 4.479009e-01 6.372899e-01 8.450788e-01 1.677609e-01 6.565816e-01 2.783794e-01 1.058593e+00 -2.482245e-01 8.822794e-03 -2.762215e-01 -1.723578e-01 -2.787057e-01 3.042331e-01 9.722374e-02 -4.671362e-01 -5.444831e-02 1.492398e-02 
-2.582091e+01 1.250196e+00 -1.121870e+01 5.044390e+00 -7.596026e+00 1.367916e+00 5.962648e-01 -5.072796e+00 -6.867421e-02 5.444387e-01 1.269860e+00 4.742713e+00 1.641342e+01 9.598828e-01 2.403850e-01 1.766719e+00 1.834710e-02 -1.905953e-01 -6.909063e-01 5.376252e-02 1.809634e-01 1.699090e+00 6.215599e-01 -1.222190e+00 -5.244117e-03 3.322644e-02 1.317165e+00 1.090657e-01 9.971426e-01 -8.528912e-01 -3.172975e-03 -8.141144e-01 -6.614382e-01 -3.875864e-02 -3.349370e-01 -2.557007e-01 -7.280517e-01 -8.501365e-01 1.303795e-01 
-2.461368e+01 6.395482e-01 -8.809872e+00 8.781940e+00 -3.481870e+00 4.464163e-01 1.226338e+00 -3.571255e+00 -1.292377e+00 2.078274e+00 1.841060e-01 4.167360e+00 1.633791e+01 2.755604e+00 1.072802e+00 3.312902e+00 -9.836903e-01 2.234377e-01 -1.121156e+00 -9.522671e-01 -5.489410e-01 2.183976e-01 -4.472702e-02 -1.892973e+00 -1.390993e-01 3.392940e-01 1.501771e+00 -3.493616e-01 2.437156e-01 -1.389126e+00 -5.365607e-01 -1.221651e+00 -1.000239e+00 2.894318e-01 -8.235009e-01 -6.157385e-01 -5.223123e-01 -1.405100e+00 2.725909e-01 
-2.144956e+01 7.069274e-01 -5.320495e+00 2.166024e+00 -5.664320e+00 -1.466277e+00 1.658542e+00 -1.242406e+00 4.252830e+00 4.261427e+00 -6.213701e+00 1.011803e+00 1.599433e+01 5.453954e+00 -1.624522e-02 2.608606e+00 -3.223567e+00 -1.171722e+00 -4.001966e+00 -2.894841e+00 7.548504e-02 -1.693927e+00 -1.164448e+00 -2.061718e+00 -3.472080e+00 8.123654e-01 8.809662e-01 -8.711387e-01 -7.692937e-01 -9.997702e-01 -7.618752e-01 -8.389997e-01 -6.543906e-01 6.536909e-01 -1.177924e+00 -7.673411e-01 7.590381e-02 -1.245101e+00 2.990704e-01 
-1.477841e+01 5.613674e+00 -3.613995e-01 6.819056e-01 -4.471508e+00 -6.657996e+00 -4.485479e+00 -6.865884e+00 -4.655607e+00 -1.194854e+00 -4.325765e+00 3.925336e-01 1.811899e+01 5.703219e+00 -1.421364e+00 1.013953e+00 -4.459426e+00 -2.749844e+00 -4.433781e+00 -3.138653e+00 1.105084e+00 -2.302432e+00 -1.737942e+00 -1.554463e+00 -4.447082e+00 1.141142e+00 -4.558985e-01 -1.270127e+00 -1.441048e+00 -2.760356e-01 -4.628291e-01 2.494406e-01 3.937276e-01 1.204872e+00 -2.933201e-01 -3.635120e-01 2.546742e-01 -5.811967e-01 9.303956e-02 
-3.469447e+00 -1.317914e+00 -2.399944e+00 -7.023279e+00 -1.295946e+01 -1.509002e+01 -1.102199e+01 -3.048082e+00 -6.857100e+00 -3.641577e+00 -6.783652e+00 -1.073013e+01 1.958456e+01 3.890856e+00 -2.868127e+00 -9.302174e-01 -3.242764e+00 -2.513443e+00 -3.229565e+00 -2.125039e+00 2.622373e+00 -2.930228e+00 -2.368598e+00 -1.011826e+00 -4.076686e+00 1.127682e+00 -1.717398e+00 -8.369734e-01 -1.202136e+00 6.814071e-01 5.228840e-01 1.674574e+00 1.306543e+00 7.891184e-01 4.437364e-01 1.150811e-01 3.099041e-01 8.110277e-01 -1.410110e-01 
-5.087631e+00 -5.454997e+00 -5.200581e+00 -8.920554e+00 -1.358365e+01 -1.491063e+01 -8.126542e+00 2.857374e+00 -7.249876e+00 -2.660051e+00 -7.303466e+00 -1.219713e+01 2.024822e+01 1.257580e+00 -3.851816e+00 -2.123044e+00 -2.354293e+00 -1.419816e+00 -2.600871e-01 6.315045e-01 4.202030e+00 -6.300374e-01 -1.260341e+00 -1.144622e+00 -2.742649e+00 6.468287e-01 -1.672485e+00 -2.209651e-01 -5.427054e-01 1.049271e+00 1.148421e+00 1.904736e+00 1.253997e+00 -1.284198e-01 6.438901e-01 3.865729e-01 1.909930e-01 1.358393e+00 -2.603367e-01 
-6.840882e+00 -8.099342e+00 -7.551429e+00 -9.246336e+00 -1.367523e+01 -1.348794e+01 -7.145867e+00 7.008012e+00 -9.101043e+00 -6.849270e+00 -9.784216e+00 -1.307644e+01 2.056807e+01 -9.102627e-01 -2.985823e+00 -1.833650e+00 -8.690090e-01 7.776529e-01 2.284123e+00 1.752748e+00 2.472451e+00 -3.114975e-01 -8.278195e-01 -7.172037e-01 -2.691676e-01 3.545399e-01 -8.720900e-01 3.834211e-01 1.894912e-01 8.164223e-01 1.145028e+00 1.382622e+00 6.955811e-01 -8.975435e-01 5.495913e-01 6.370211e-01 2.755066e-01 1.279023e+00 -2.383198e-01 
-6.805283e+00 -1.025432e+01 -8.400054e+00 -9.978202e+00 -1.121270e+01 -8.759979e+00 -3.266135e+00 9.115809e+00 -6.683889e+00 -5.892911e+00 -8.548453e+00 -1.214729e+01 2.086146e+01 -2.587692e-01 -2.467461e+00 -1.247897e+00 -3.998806e-01 1.346523e+00 2.333083e+00 1.192517e+00 5.378417e-01 -3.923984e-01 -5.756187e-01 -7.468020e-01 4.411827e-01 2.260655e-01 -7.936678e-02 7.199455e-01 5.016173e-01 5.518081e-01 6.739822e-01 3.163132e-01 -1.825146e-01 -1.162954e+00 -3.404276e-04 3.899814e-01 3.250304e-01 6.866001e-01 -1.312762e-01 
-7.161796e+00 -1.384737e+01 -9.968604e+00 -1.083988e+01 -1.025640e+01 -6.744467e+00 -4.688764e+00 6.184733e+00 -8.697045e+00 -6.164261e+00 -9.746914e+00 -1.210042e+01 2.105058e+01 2.885677e-01 -1.643349e+00 -4.202243e-01 -1.378226e-01 1.828352e+00 2.386882e+00 1.072172e+00 -3.310435e-02 -3.010081e-01 4.739265e-01 1.668915e-01 7.265171e-01 1.464548e-01 2.608102e-01 7.363272e-01 3.914321e-01 2.507857e-01 3.990274e-02 -3.891583e-01 -4.948358e-01 -6.059889e-01 3.919937e-02 2.350443e-01 2.788979e-01 -3.409383e-04 -7.207735e-02 
-6.221040e+00 -1.491812e+01 -1.023171e+01 -1.012299e+01 -8.559879e+00 -6.616696e+00 -3.392511e+00 5.958646e+00 -9.413799e+00 -5.880556e+00 -1.105608e+01 -1.047946e+01 2.113728e+01 2.614533e-01 -9.232900e-01 -3.214380e-01 3.902936e-02 1.424829e+00 1.269912e+00 5.911611e-02 -3.599095e-01 -6.370303e-01 3.877185e-02 3.840509e-02 1.926985e-01 9.446546e-02 -2.926091e-02 6.675538e-01 1.788480e-01 8.426272e-02 -3.001592e-01 -4.954238e-01 -4.998105e-01 -2.090071e-01 1.774565e-01 8.618328e-02 1.955147e-01 -2.734428e-01 -5.207455e-02 
-5.689673e+00 -1.398405e+01 -8.736957e+00 -9.862950e+00 -5.859491e+00 -2.625250e+00 -1.721825e+00 8.420931e+00 -9.241076e+00 -4.485370e+00 -7.695734e+00 -1.027764e+01 2.116237e+01 1.339221e-01 -7.627983e-02 -3.397739e-01 1.654761e-01 9.379667e-01 8.698347e-01 -1.548046e-01 -1.085095e-01 6.921811e-03 4.032100e-02 2.848313e-01 -1.466733e-01 5.995472e-02 -1.935657e-01 4.551461e-01 -3.150840e-03 -2.908812e-02 -5.578865e-01 -5.813575e-01 -4.390253e-01 -1.148657e-01 2.533638e-01 -5.074815e-02 -1.137942e-01 -3.483123e-01 -4.437357e-02 
-6.234128e+00 -1.480261e+01 -1.062352e+01 -1.027111e+01 -6.286290e+00 -4.469541e+00 -4.453705e+00 6.198328e+00 -9.596769e+00 -6.538568e+00 -9.381921e+00 -1.209548e+01 2.127781e+01 -3.275836e-01 8.685771e-02 -3.937866e-01 -1.301442e-01 2.910863e-01 6.143605e-01 -6.929523e-01 -4.693877e-01 3.410149e-01 7.223337e-02 1.717678e-01 -4.895408e-01 8.922203e-03 -9.117029e-02 2.705576e-01 7.969812e-02 -6.768844e-02 -4.945149e-01 -4.672028e-01 -5.078725e-02 -4.652814e-02 3.147317e-01 1.946614e-01 -6.556222e-02 -1.996381e-01 -4.782914e-02 
-6.485939e+00 -1.428668e+01 -1.147171e+01 -9.938259e+00 -6.703307e+00 -3.468453e+00 -4.932488e+00 5.522081e+00 -8.571162e+00 -5.633916e+00 -9.160118e+00 -1.202591e+01 2.128009e+01 -3.848043e-01 1.273158e-01 -3.997564e-01 -1.987548e-01 -3.941332e-01 -1.921979e-01 -7.469344e-01 -5.527927e-01 4.768947e-01 2.032910e-01 -4.686228e-01 -6.739376e-01 -3.266930e-02 1.400603e-01 1.660325e-01 2.287030e-01 1.062981e-02 -3.362677e-01 -5.124199e-01 1.428654e-01 -3.013846e-02 2.084992e-01 3.794596e-01 7.951044e-02 -7.680754e-02 -6.510698e-02 
-7.461246e+00 -1.433288e+01 -1.083348e+01 -1.073586e+01 -6.682856e+00 -3.123858e+00 -5.252038e+00 5.061347e+00 -8.043721e+00 -4.944788e+00 -9.465348e+00 -1.205354e+01 2.112313e+01 6.492066e-02 3.277080e-01 1.071096e-01 -1.173880e-01 -3.815508e-01 -5.350599e-01 1.011641e-01 -3.704277e-01 7.016330e-01 9.306142e-01 8.716867e-02 -5.416846e-01 -9.830987e-02 3.812649e-01 2.774202e-01 4.496336e-01 2.633373e-01 -2.716452e-02 -5.207327e-01 1.018237e-01 -3.104585e-02 7.099737e-02 4.460729e-01 3.946330e-01 5.817053e-02 -1.082522e-01 
-7.000030e+00 -1.358247e+01 -1.063099e+01 -1.062436e+01 -7.632038e+00 -4.259171e+00 -5.057058e+00 6.225519e+00 -7.633868e+00 -4.266185e+00 -9.997597e+00 -1.366857e+01 2.107636e+01 6.376889e-01 6.333388e-01 5.534246e-01 2.124137e-01 -4.071596e-01 -1.117598e+00 1.625074e-01 -3.089480e-01 8.691015e-01 1.508445e+00 7.244974e-01 -5.045430e-01 -2.119210e-01 3.703467e-01 4.910823e-01 7.534131e-01 6.594849e-01 4.547262e-01 -2.275628e-01 -3.054324e-01 -2.940746e-01 -3.011374e-01 2.571994e-01 6.419832e-01 2.634688e-01 -1.869997e-01 
-5.653027e+00 -1.351624e+01 -1.050844e+01 -1.051493e+01 -7.730290e+00 -6.749630e+00 -3.885737e+00 3.994356e+00 -6.557518e+00 -2.568991e+00 -8.527196e+00 -1.398289e+01 2.088815e+01 1.067592e+00 1.220871e+00 1.377686e+00 9.810014e-01 1.617103e-01 -1.526641e+00 -6.386356e-01 -7.467129e-01 4.999232e-01 1.650037e+00 1.548262e+00 -2.832959e-01 -4.427156e-01 1.094893e-01 6.590310e-01 8.720009e-01 9.299451e-01 7.368691e-01 1.633481e-01 -7.427961e-01 -6.353088e-01 -5.906428e-01 -2.683713e-01 3.336433e-01 4.776721e-01 -2.197980e-01 
-4.201844e+00 -1.152837e+01 -8.866973e+00 -8.986709e+00 -8.215328e+00 -7.243936e+00 -4.802863e+00 4.510983e+00 -4.968851e+00 7.201526e-01 -6.006738e+00 -1.358419e+01 2.033788e+01 9.656796e-01 2.136102e+00 2.731982e+00 2.549510e+00 1.607939e+00 -8.340857e-01 -1.904091e+00 -1.834977e+00 -9.279602e-01 1.129524e+00 2.010609e+00 5.140092e-01 -7.955416e-01 -2.266745e-01 5.488608e-01 6.408752e-01 7.414569e-01 6.369649e-01 4.111421e-01 -6.238166e-01 -7.333633e-01 -5.466845e-01 -7.888293e-01 -9.134693e-02 5.734973e-01 -1.430054e-01 
-3.523369e+00 -9.255569e+00 -4.826782e+00 -6.649232e+00 -5.582517e+00 -9.264610e+00 -8.572106e+00 2.185155e+00 -6.876129e+00 8.121278e-01 -3.719314e+00 -1.351215e+01 1.927885e+01 4.484491e-01 2.871467e+00 3.377717e+00 3.363797e+00 2.295379e+00 1.399897e-01 -2.579425e+00 -2.783986e+00 -1.352961e+00 -2.217942e-01 1.112225e+00 1.337241e+00 -9.055167e-01 -3.412275e-01 -3.032572e-02 -1.322698e-01 -1.743924e-02 -5.715394e-02 4.096066e-01 5.083244e-02 -1.550685e-02 2.458437e-02 -8.565541e-01 -4.275710e-01 2.598875e-01 6.853465e-02 
-3.236483e+00 -5.032241e+00 1.876590e-01 1.905280e-01 -6.658910e-01 -7.172091e+00 -1.223411e+01 -2.044537e+00 -1.211443e+01 -3.089631e-01 -2.348384e+00 -1.133361e+01 1.790340e+01 -1.862148e-01 2.552429e+00 2.757709e+00 2.728343e+00 1.710967e+00 1.046930e-01 -1.986068e+00 -2.957018e+00 -9.378468e-01 -1.499993e+00 4.857826e-01 1.552662e+00 -6.955817e-01 -2.183530e-01 -9.006920e-01 -1.028204e+00 -1.141276e+00 -9.900371e-01 -8.598136e-02 8.588152e-01 9.469470e-01 7.451755e-01 -6.200361e-01 -5.497119e-01 -4.343131e-01 3.101085e-01 
-3.892971e+00 -2.406762e+00 1.852404e+00 1.715421e+00 -2.791659e-02 -6.085392e+00 -1.306711e+01 -6.647349e+00 -9.749976e+00 -3.163398e+00 -4.795041e+00 -8.421810e+00 1.757784e+01 -6.261051e-02 8.611382e-01 7.036650e-01 8.043972e-01 -1.756445e-01 5.203260e-02 -3.434072e-01 -2.633198e-01 6.277249e-01 -1.317814e+00 1.726750e-01 4.969679e-01 -1.499803e-01 -6.632391e-02 -1.437559e+00 -1.405477e+00 -1.709535e+00 -1.342155e+00 -4.127200e-01 1.166214e+00 1.560284e+00 8.171552e-01 -1.970158e-01 -3.788545e-01 -9.857921e-01 4.050083e-01 
-4.947853e+00 -2.190763e+00 1.581828e+00 4.722068e-01 -2.437548e+00 -8.309985e+00 -1.248578e+01 -5.857807e+00 -8.221324e+00 -4.791954e+00 -3.039866e+00 -8.366545e+00 1.771062e+01 1.294342e-01 -1.362160e+00 -1.071929e+00 -1.877115e+00 -2.106664e+00 -1.220072e+00 1.271817e+00 1.639587e+00 1.807480e+00 -1.422691e+00 -2.681251e-01 -1.237324e+00 3.772494e-01 -4.643501e-02 -1.168148e+00 -1.111053e+00 -1.407696e+00 -9.479913e-01 -1.957943e-01 9.319337e-01 1.327993e+00 4.742504e-01 2.453450e-02 -3.481175e-01 -9.858405e-01 3.219364e-01 
-2.980484e+00 -6.370584e+00 -2.005939e+00 -2.767724e+00 -5.574515e+00 -8.435605e+00 -1.016336e+01 2.775298e+00 -5.683653e+00 -3.535417e+00 -2.510024e+00 -1.251145e+01 1.862546e+01 -4.110599e-02 -2.359019e+00 -1.735006e+00 -2.881134e+00 -2.506634e+00 -1.261204e+00 1.622700e+00 2.719110e+00 1.360174e+00 -1.245624e+00 -4.051167e-01 -2.196887e+00 5.831656e-01 -2.284450e-01 -2.524739e-01 -3.700054e-01 -4.977511e-01 -1.356111e-01 1.999877e-01 2.842312e-01 2.788835e-01 -1.389374e-01 -9.253892e-02 -3.126971e-01 -3.731398e-01 1.092314e-01 
-3.045400e+00 -9.860827e+00 -3.243297e+00 -6.952963e+00 -8.426060e+00 -1.209751e+01 -7.326765e+00 1.441938e+00 -5.109372e+00 -7.236390e+00 -4.831541e+00 -1.547556e+01 1.926562e+01 -4.291224e-01 -1.678231e+00 -1.578227e+00 -2.467364e+00 -1.863307e+00 -2.175318e-01 1.690401e+00 2.191867e+00 1.067194e+00 -1.413396e+00 -9.657845e-01 -2.029823e+00 5.475066e-01 -2.665113e-01 6.575182e-01 1.753750e-01 4.813990e-01 5.310023e-01 6.886395e-01 -3.239323e-01 -2.997458e-01 -5.149620e-01 -4.533907e-02 -1.340344e-01 3.190281e-01 -8.044970e-02 
-5.049415e+00 -1.036636e+01 -4.409937e+00 -8.977555e+00 -9.566856e+00 -1.049801e+01 -7.532938e+00 3.298471e+00 -4.504839e+00 -8.169869e+00 -5.924915e+00 -1.585156e+01 1.971620e+01 -9.255964e-01 -2.432140e-01 -8.934035e-01 -1.389286e+00 -9.754373e-01 5.507410e-01 8.685126e-01 8.550175e-01 3.032773e-01 -1.785346e+00 -1.041878e+00 -9.725265e-01 3.110347e-01 -6.437633e-02 9.803544e-01 3.662245e-01 8.801257e-01 7.312347e-01 5.560062e-01 -5.772819e-01 -5.182559e-01 -5.613372e-01 -2.703708e-02 1.938200e-02 6.322024e-01 -1.683001e-01 
-6.059798e+00 -8.583702e+00 -5.107460e+00 -8.759951e+00 -9.758026e+00 -8.366772e+00 -5.348805e+00 4.839791e+00 -3.474353e+00 -9.542176e+00 -6.161559e+00 -1.684535e+01 1.990304e+01 -7.606660e-01 8.675450e-01 -6.158069e-01 -2.159694e-01 -2.172402e-01 1.317021e+00 2.933675e-02 1.073085e+00 -2.387952e-01 -1.379625e+00 -6.199033e-01 -2.541653e-01 1.110510e-01 1.930581e-01 6.979927e-01 3.492514e-01 8.415684e-01 6.106106e-01 3.569183e-02 -6.653247e-01 -4.014865e-01 -5.848270e-01 7.106747e-02 1.709143e-01 5.779498e-01 -1.661280e-01 
-6.101679e+00 -8.225245e+00 -5.540997e+00 -8.810712e+00 -9.785590e+00 -7.547231e+00 -6.809347e+00 5.351886e+00 -4.984952e+00 -1.130938e+01 -7.054389e+00 -1.668942e+01 1.986221e+01 -1.972475e-01 1.269872e+00 -3.849740e-01 3.938479e-01 3.264649e-01 7.512776e-01 -4.330799e-01 6.873188e-01 -7.935272e-01 -1.397595e+00 -4.810972e-01 7.646728e-02 -4.006901e-02 3.718221e-01 3.038743e-01 2.983880e-01 7.146773e-01 3.333144e-01 -3.320810e-01 -4.288685e-01 -2.800668e-01 -3.996282e-01 1.655413e-01 3.127571e-01 2.398029e-01 -1.095357e-01 
-6.322602e+00 -6.593513e+00 -5.756667e+00 -8.116708e+00 -9.402805e+00 -6.987534e+00 -7.541964e+00 5.780394e+00 -6.063743e+00 -1.256500e+01 -7.366036e+00 -1.632773e+01 1.974791e+01 1.716953e-01 1.055242e+00 -8.605666e-02 8.488578e-01 5.387364e-01 -1.393951e-01 -9.853924e-01 2.682201e-01 -1.308592e+00 -1.252130e+00 -3.916217e-01 3.352929e-01 -1.075595e-01 4.574565e-01 -5.475058e-02 4.440319e-01 6.761200e-01 4.147794e-02 -5.610787e-01 -9.742556e-02 -5.199572e-01 -3.565007e-01 3.175885e-01 4.082521e-01 -1.124758e-01 -5.179811e-02 
-5.903790e+00 -5.011835e+00 -6.010552e+00 -7.329505e+00 -8.112630e+00 -7.431075e+00 -8.601714e+00 6.264795e+00 -7.178151e+00 -1.364583e+01 -7.728222e+00 -1.572820e+01 1.959323e+01 4.673357e-01 1.182193e+00 3.335363e-01 1.651751e+00 3.131424e-01 -3.814907e-01 -7.683488e-01 -1.428789e-01 -1.160053e+00 -1.021308e+00 4.077609e-01 -6.831192e-02 -1.273346e-01 4.985327e-01 -2.368302e-01 7.932411e-01 7.734805e-01 -2.845889e-01 -5.247567e-01 1.263347e-01 -8.548964e-01 -3.778001e-01 7.474999e-01 3.578131e-01 -2.076235e-01 1.002978e-03 
-5.299654e+00 -4.914038e+00 -5.302925e+00 -5.256649e+00 -7.901010e+00 -9.121782e+00 -9.379466e+00 5.723999e+00 -8.921000e+00 -1.463422e+01 -7.782770e+00 -1.564925e+01 1.949946e+01 1.194189e+00 6.377287e-01 1.245071e+00 2.535639e+00 -3.044395e-03 -9.219005e-01 -2.900944e-01 -1.111739e+00 -1.838005e+00 2.033704e-02 9.769340e-01 -7.441424e-01 -1.043700e-01 4.872604e-01 -3.356365e-01 1.023134e+00 7.381900e-01 -4.656160e-01 -4.185442e-01 2.141702e-01 -1.043122e+00 -3.888274e-01 1.121542e+00 2.909925e-03 -1.219810e-02 3.794794e-02 
-4.276184e+00 -3.154094e+00 -4.100268e+00 -1.982185e+00 -8.970673e+00 -8.387852e+00 -9.732234e+00 4.665568e+00 -9.356225e+00 -1.538146e+01 -4.807475e+00 -1.736988e+01 1.934958e+01 1.784347e+00 2.944873e-01 2.915483e+00 3.417918e+00 -8.254854e-01 -1.481240e+00 -1.488933e-01 -2.897316e+00 -2.417815e+00 1.703792e+00 6.235681e-01 -4.219577e-01 -3.662432e-02 2.894927e-01 -3.875485e-01 8.357019e-01 3.306084e-01 -3.643789e-01 -2.760626e-01 3.313187e-03 -7.536660e-01 -2.648832e-01 1.037368e+00 -5.104158e-01 3.516958e-01 5.451492e-02 
-1.165459e+00 -4.334192e+00 -4.861456e-01 1.888090e+00 -8.988900e+00 -1.111837e+01 -8.426954e+00 1.020983e+00 -1.416467e+01 -1.159537e+01 -3.941920e+00 -1.922768e+01 1.934798e+01 1.949652e+00 -1.790268e-01 3.738607e+00 3.656693e+00 -1.219831e+00 -1.682203e+00 -2.241782e-01 -3.570185e+00 -2.623745e+00 2.993145e+00 -4.848395e-01 4.512328e-01 3.686250e-02 -1.391515e-01 -1.306816e-01 1.712857e-01 -3.436506e-01 5.551221e-03 3.394456e-02 -2.195661e-01 5.912571e-02 3.047240e-01 1.691720e-01 -5.864780e-01 4.887549e-01 4.266725e-02 
9.505871e-01 -3.829041e+00 6.158779e+00 6.187748e+00 -1.169640e+01 -1.383898e+01 -9.822502e+00 -5.870395e+00 -1.664526e+01 -6.646101e+00 -6.530563e+00 -1.604844e+01 1.948600e+01 1.537139e+00 -3.471475e-01 3.265285e+00 2.744196e+00 -9.003873e-01 -1.381612e+00 -7.846326e-01 -2.681915e+00 -2.091559e+00 2.679288e+00 -1.413502e+00 1.092543e+00 7.462656e-02 -5.424772e-01 2.008250e-01 -5.709940e-01 -1.036565e+00 4.553926e-01 3.352154e-01 -1.527697e-01 8.519549e-01 8.505394e-01 -9.426549e-01 -2.658648e-01 1.513823e-01 1.322582e-02 
1.835850e+00 -5.471553e+00 8.260574e+00 8.942126e+00 -1.263758e+01 -1.480738e+01 -1.045546e+01 -6.859338e+00 -1.839542e+01 -4.036018e+00 -9.345422e+00 -1.405395e+01 1.961559e+01 6.219813e-01 3.051654e-01 1.926625e+00 1.154262e+00 6.208773e-02 -8.020625e-01 -1.070046e+00 -9.238928e-01 -4.773987e-01 3.786541e-01 -9.368666e-01 9.422294e-01 5.332049e-02 -7.267889e-01 4.943660e-01 -7.205030e-01 -1.149357e+00 5.820146e-01 3.156249e-01 6.907320e-02 9.869288e-01 1.096577e+00 -1.487343e+00 -7.611296e-02 -3.186452e-01 -8.712105e-03 
1.909142e+00 -4.320716e+00 7.852954e+00 8.211925e+00 -1.164839e+01 -1.345137e+01 -1.264140e+01 -4.803405e+00 -1.769916e+01 -5.764787e+00 -9.173755e+00 -1.449410e+01 1.958889e+01 -2.641920e-01 1.056547e+00 9.664791e-01 -5.136950e-01 8.103670e-01 -2.451430e-01 -4.898503e-01 3.904167e-02 7.616757e-01 -1.702311e+00 -4.797364e-01 8.957607e-02 2.129759e-02 -6.266362e-01 5.194550e-01 -4.377298e-01 -5.136124e-01 3.228939e-01 1.077533e-01 4.105174e-01 3.237991e-01 7.122823e-01 -1.136345e+00 1.486025e-02 -5.091826e-01 -1.137783e-02 
1.464679e+00 -2.562312e+00 8.300107e+00 6.647505e+00 -8.703034e+00 -1.532233e+01 -1.236807e+01 -4.131690e+00 -1.602462e+01 -1.014345e+01 -7.304669e+00 -1.529348e+01 1.956311e+01 -7.834795e-01 1.590927e+00 1.285580e+00 -4.610605e-01 8.347915e-01 -6.724040e-01 -2.620679e-02 4.079740e-03 1.432394e+00 -2.252722e+00 -1.332305e+00 -6.405830e-01 1.995798e-02 -3.100072e-01 2.090527e-01 -1.326619e-01 4.077661e-01 -1.051976e-01 3.219730e-02 5.445766e-01 -3.538487e-01 -1.317243e-01 -3.257966e-01 -3.401766e-02 -4.689166e-01 -1.297726e-02 
-1.854397e-01 -1.131760e-03 1.097161e+01 4.766456e+00 -9.611759e+00 -1.480781e+01 -1.131554e+01 -7.038596e+00 -1.402171e+01 -1.210421e+01 -9.949466e+00 -1.498113e+01 1.961855e+01 -8.932461e-01 1.607300e+00 1.397301e+00 9.838499e-01 3.277972e-01 -9.076679e-01 7.460492e-01 -1.526690e+00 5.148736e-01 -1.686665e+00 -1.141560e+00 -6.619940e-01 3.450225e-02 1.329071e-02 -2.661622e-01 -1.974174e-01 9.948091e-01 -1.915914e-01 1.425927e-01 1.491356e-01 -4.563834e-01 -7.191944e-01 3.808674e-01 2.847932e-02 -1.330444e-01 -4.358372e-02 
-1.034581e+00 3.234435e-01 1.312963e+01 8.359630e+00 -9.481941e+00 -1.749100e+01 -1.124946e+01 -5.721349e+00 -1.307173e+01 -1.213075e+01 -1.561929e+01 -1.701312e+01 1.970068e+01 -6.136873e-01 1.075056e+00 1.047925e+00 2.444241e+00 -2.227173e-01 -3.097587e-01 1.034809e+00 -1.910234e+00 -1.012599e+00 -1.258017e+00 -7.759468e-01 -1.026564e+00 -1.818882e-02 1.617198e-01 -6.917893e-01 -4.102255e-01 6.322325e-01 -1.455470e-01 5.103126e-01 -1.738087e-01 -1.528625e-01 -7.600181e-01 5.991575e-01 1.787735e-01 2.696152e-01 -1.161704e-01 
-1.306808e+00 2.272820e+00 1.242463e+01 1.227526e+01 -9.619761e+00 -1.690549e+01 -9.470818e+00 -1.164191e+01 -1.660134e+01 -1.320471e+01 -1.072437e+01 -1.694453e+01 1.969247e+01 -2.827046e-01 -1.636386e-02 9.815488e-02 3.007492e+00 3.812351e-01 2.864426e-01 -2.747028e-01 -1.285512e+00 -1.611820e+00 -2.952237e-01 -6.154805e-01 -3.827770e-01 -1.775378e-01 5.106192e-02 -8.338004e-01 -4.042317e-01 -1.656077e-01 -3.788801e-02 6.535884e-01 -2.977630e-01 3.531190e-01 -8.081732e-02 3.628618e-01 -2.540481e-02 3.724095e-01 -2.141308e-01 
-1.042433e+00 1.675648e+00 1.281337e+01 1.511410e+01 -9.812265e+00 -1.582223e+01 -8.116431e+00 -1.138158e+01 -1.979770e+01 -1.588252e+01 -1.079697e+01 -1.944480e+01 1.943513e+01 -2.802737e-01 -1.056173e+00 -1.160479e-01 1.688162e+00 8.029512e-02 1.282009e+00 -3.847861e-01 -8.806348e-01 -1.304373e+00 4.698232e-02 -7.015539e-01 5.680466e-01 -4.548995e-01 -2.280319e-01 -7.202727e-01 -4.335285e-01 -7.441397e-01 1.171482e-01 4.793383e-01 1.726621e-01 4.935939e-01 4.614104e-01 3.172192e-02 3.886857e-02 5.375386e-01 -3.099389e-01 
-1.595265e+00 -7.592441e-01 1.162081e+01 1.642679e+01 -7.540454e+00 -1.421025e+01 -1.425576e+01 -1.063686e+01 -1.871843e+01 -1.170382e+01 -1.543800e+01 -1.567885e+01 1.886364e+01 -8.046100e-01 -1.496110e+00 -4.185157e-02 5.337938e-01 -1.325830e-02 1.564525e+00 -3.312185e-02 -2.760601e-01 2.566175e-01 -5.251167e-01 -1.305882e+00 4.025846e-01 -8.178045e-01 -5.016961e-01 -4.114569e-01 -3.433974e-01 -7.884141e-01 2.024515e-01 2.870862e-01 1.018629e+00 6.393996e-01 7.342237e-01 -6.816097e-02 5.496104e-01 5.894682e-01 -3.911744e-01 
-2.291539e+00 -3.441321e+00 1.295085e+01 1.472466e+01 -1.011992e+01 -1.242834e+01 -1.078079e+01 -1.062779e+01 -1.853497e+01 -1.264600e+01 -1.677002e+01 -1.480596e+01 1.784089e+01 -1.492755e+00 -1.786436e+00 -1.049614e+00 -3.961280e-02 5.602004e-01 1.447961e+00 1.777397e+00 5.281904e-02 3.601852e-01 -9.844379e-01 -2.363720e-01 1.268347e+00 -1.247754e+00 -5.218801e-01 -5.117171e-02 -3.567294e-01 -3.903321e-01 4.928339e-01 1.304677e-01 8.646191e-01 1.001447e+00 8.495197e-01 3.292218e-01 9.714785e-01 6.298793e-01 -3.722379e-01 
-4.705465e+00 -2.648942e+00 1.214659e+01 1.513948e+01 -9.532623e+00 -1.077979e+01 -8.304190e+00 -1.339874e+01 -1.594948e+01 -1.744884e+01 -1.426721e+01 -1.725046e+01 1.640064e+01 -2.185013e+00 -1.708604e+00 -1.152096e+00 -7.057428e-02 1.153643e+00 1.638961e+00 3.737370e+00 1.444630e+00 1.227067e+00 -1.200154e-01 1.899927e+00 2.214509e+00 -1.736964e+00 -2.311598e-01 1.534880e-01 -3.563933e-01 -1.939347e-01 4.352785e-01 3.976878e-02 1.565978e-01 1.125305e+00 7.303339e-01 8.586455e-01 7.570724e-01 6.780823e-01 -2.002691e-01 
-6.951344e+00 -6.311676e+00 7.301699e+00 1.556012e+01 -6.015095e+00 -1.029753e+01 -2.205302e+00 -9.736536e+00 -1.938102e+01 -1.793251e+01 -1.256458e+01 -1.231704e+01 1.442769e+01 -2.199225e+00 -1.205904e+00 -1.344551e+00 3.865783e-02 1.960985e+00 1.897140e+00 2.052995e+00 3.266354e+00 2.458184e+00 1.490630e+00 2.552905e+00 2.811396e+00 -1.856508e+00 1.991959e-01 5.278304e-01 -3.188750e-02 -1.663815e-01 2.049960e-01 5.660606e-02 -8.525516e-01 6.109303e-01 7.712332e-01 9.128105e-01 3.273191e-02 1.605777e-01 7.463620e-02 
-1.019085e+01 -7.867173e+00 8.684887e+00 1.565623e+01 -3.824642e+00 -7.080888e+00 1.434790e-01 -3.858773e+00 -1.216030e+01 -9.660692e+00 -8.041474e+00 -5.850981e+00 1.188531e+01 -1.607196e+00 -1.018918e+00 -1.676445e+00 -4.749312e-01 1.462724e+00 1.538764e+00 6.119862e-01 3.743821e+00 2.859433e+00 2.530725e+00 1.084894e+00 3.021573e+00 -1.514781e+00 5.369531e-01 7.121975e-01 8.104253e-02 -2.134068e-01 -2.315167e-01 -1.127728e-01 -1.039519e+00 -2.910689e-01 1.750395e-01 3.232940e-01 -4.700969e-01 -4.098244e-01 3.458489e-01 
-1.054527e+01 -6.861490e+00 7.958812e+00 1.465933e+01 -3.168885e+00 -4.792625e+00 -4.739314e+00 9.338713e-01 -8.138865e+00 -9.086876e+00 -7.118563e+00 -6.448538e+00 1.081579e+01 -7.857234e-01 5.078119e-01 -9.469897e-01 -6.692455e-01 1.430602e+00 1.781145e+00 -9.228222e-01 1.957948e+00 3.400059e+00 2.254048e+00 3.347289e-01 1.667728e+00 -9.857015e-01 5.279234e-01 6.410997e-01 2.527903e-01 -1.043974e-01 -4.504698e-01 -2.385229e-01 -1.015712e-01 -1.011194e+00 -4.797652e-01 -2.305818e-01 -2.943410e-01 -5.446573e-01 4.241422e-01 
-1.094367e+01 -7.468673e+00 3.435889e+00 1.321516e+01 -3.642364e+00 -5.838455e+00 -3.977449e+00 -1.478839e-02 -7.273295e+00 -9.218204e+00 -1.156586e+01 -5.076771e+00 1.063282e+01 -2.071583e-01 9.955635e-01 -9.457105e-01 -7.835553e-01 2.613328e-01 1.132994e+00 2.755222e-02 6.434682e-01 1.631210e+00 1.114807e+00 6.584964e-01 7.374411e-01 -4.430983e-01 3.054864e-01 4.830391e-01 5.122605e-01 1.287949e-01 -3.941260e-01 -2.339694e-01 5.621955e-01 -9.766564e-01 -7.201762e-01 -3.686988e-01 2.999455e-01 -4.426373e-01 3.219364e-01 
-1.050339e+01 -3.971884e+00 5.191558e+00 1.343401e+01 1.046637e+00 -2.013498e+00 -4.758812e+00 -1.868804e+00 -4.824427e+00 -6.883590e+00 -9.128431e+00 -4.365722e+00 1.012544e+01 -2.597041e-01 9.923601e-01 -4.460936e-01 -3.289169e-01 3.091457e-01 9.072663e-01 1.837402e+00 -2.396168e-01 6.735407e-01 1.045561e+00 1.294351e+00 1.230331e+00 -2.716928e-01 4.161912e-02 6.571343e-02 2.433234e-01 9.943634e-02 -4.244789e-01 -3.966239e-01 6.503420e-01 -3.547561e-01 -5.778027e-01 -2.479946e-01 2.001441e-01 -1.824573e-01 1.657052e-01 
-1.124783e+01 -4.334192e+00 5.340023e+00 1.235098e+01 -4.625778e+00 -2.805506e+00 2.907969e-01 7.596482e-01 -5.661697e+00 -5.188683e+00 -3.743781e+00 -3.205148e+00 1.001502e+01 -3.427303e-01 1.153955e+00 6.344435e-01 -1.096714e-03 5.276199e-02 8.057882e-01 2.042846e+00 -4.065968e-02 6.218171e-01 1.291720e+00 2.104734e+00 1.027000e+00 -2.620605e-01 3.611840e-03 5.113968e-02 -1.009003e-01 -1.612233e-01 -1.448200e-01 -1.528010e-01 4.155660e-02 -4.352242e-02 -1.574044e-01 -8.794490e-02 -2.712478e-01 -2.912528e-01 5.382381e-02 
-1.169177e+01 -3.466733e+00 4.776470e+00 1.344691e+01 -1.131368e+00 -1.772583e+00 2.313890e+00 -6.517600e-01 -5.577287e+00 -5.873693e+00 -4.557996e+00 -1.232862e+00 9.766345e+00 -5.099046e-01 7.572047e-01 -5.202898e-01 -5.633572e-01 -5.876052e-01 -3.834406e-02 1.321226e+00 5.261384e-01 1.015832e+00 9.258118e-01 6.124545e-01 6.105773e-01 -2.476438e-01 9.255123e-02 1.283621e-01 -3.766714e-01 -3.992299e-01 -1.601693e-02 2.017823e-02 -5.851068e-01 4.415383e-02 8.081133e-03 5.024619e-02 -4.860845e-01 -5.305738e-01 5.494933e-02 
-1.206346e+01 -1.951278e+00 6.815453e+00 1.320309e+01 -2.289502e+00 -1.929608e+00 2.700599e+00 -8.269901e-01 -3.788086e+00 -3.264525e+00 -3.327448e+00 -1.508203e+00 9.501931e+00 -6.410648e-02 1.368822e+00 -1.413204e+00 -1.472386e+00 -1.429449e-02 8.417966e-01 4.935380e-01 4.274526e-02 6.729378e-01 7.346475e-01 -3.566934e-01 -4.088489e-01 -1.859582e-01 9.845299e-02 1.901990e-01 -4.463564e-01 -4.571304e-01 3.520957e-01 1.950106e-01 -6.639773e-01 -7.221853e-02 2.371578e-02 -5.319336e-02 -3.940885e-01 -3.507806e-01 9.531037e-02 
-1.264561e+01 -1.376823e+00 1.852404e+00 1.019158e+01 -3.059073e+00 -2.643319e+00 6.424822e-01 1.555233e+00 -6.819892e-01 -3.216021e+00 -6.274266e+00 -2.161026e+00 9.143752e+00 6.398568e-02 1.526739e+00 -1.305747e+00 -1.589421e+00 2.626650e-01 9.902420e-01 -3.135163e-01 -6.051094e-02 6.883705e-01 1.575368e+00 9.453991e-02 -7.045248e-01 -3.496576e-02 8.145594e-02 1.759943e-01 1.485989e-01 -2.943199e-02 5.427557e-01 1.793382e-01 -5.757791e-01 -3.569621e-02 7.889023e-02 -3.674380e-02 7.186653e-02 1.019210e-01 1.083033e-01 
-1.109182e+01 1.464655e+00 -2.643259e-01 6.616300e+00 -3.733503e+00 1.838991e+00 3.593894e+00 -1.300979e-01 -4.744408e+00 -2.844002e+00 -4.668697e+00 -4.785641e+00 9.396530e+00 -1.375958e-01 1.720250e+00 -1.204829e+00 -1.773580e+00 1.387970e+00 1.266638e+00 -4.595133e-01 -1.085095e-01 9.040661e-01 7.008761e-01 3.932452e-01 -6.918584e-02 1.081166e-01 -1.222725e-01 -1.762477e-01 4.111500e-01 3.738941e-01 2.009369e-01 -3.693030e-01 -4.848344e-01 5.776463e-02 6.880701e-02 -1.337369e-01 1.869557e-01 5.532191e-01 4.722860e-02 
-1.185825e+01 2.459172e+00 1.787396e+00 8.792757e+00 9.043707e-01 1.293921e+00 2.991016e-01 -1.302831e+00 -1.657341e+00 1.792739e+00 -3.414485e+00 -3.116328e+00 9.644290e+00 -6.578944e-02 1.461484e+00 1.184807e-01 -5.600134e-01 1.425125e+00 6.458144e-01 -1.081088e+00 4.234747e-01 1.294585e+00 7.589690e-01 5.966914e-01 9.503860e-01 1.467738e-01 -1.540830e-01 -3.579214e-01 4.364696e-01 3.260520e-01 -2.626572e-01 -4.128788e-01 -1.544798e-01 -5.129192e-02 -4.307086e-01 -4.137498e-01 2.298585e-01 5.935335e-01 -8.643277e-02 
-1.314505e+01 4.731969e+00 8.241275e-01 5.034405e+00 2.668915e+00 2.434396e+00 5.742393e-01 5.973477e-02 1.220410e+00 -2.264695e+00 -2.791189e+00 -1.376454e+00 9.792353e+00 -6.105083e-01 5.201510e-01 -6.956858e-02 -1.177596e-01 4.089163e-01 -8.325201e-01 -1.546739e+00 8.970684e-02 7.139308e-01 4.743912e-01 3.270175e-01 1.529794e+00 -4.077071e-02 -1.005541e-01 -4.892696e-01 2.570476e-01 1.526945e-01 -5.315321e-01 -2.946472e-01 1.139496e-01 -1.344312e-01 -8.228966e-01 -2.299890e-01 1.644547e-01 1.597065e-01 -1.876513e-01 
-1.194829e+01 4.296892e+00 1.900721e+00 8.182799e+00 8.656921e-01 2.881007e-01 -3.253137e+00 3.577429e+00 2.808588e+00 2.891046e-01 -4.229904e+00 8.859751e-01 9.679880e+00 -4.700744e-01 3.371997e-01 3.090885e-01 -7.871467e-01 -5.609602e-01 -2.468082e-02 -5.422710e-01 -4.162041e-01 -1.370082e+00 -3.801168e-01 1.276887e+00 1.463668e+00 -3.927037e-01 -8.255373e-02 -4.047419e-01 -7.675702e-02 -2.644727e-01 -4.020020e-01 9.758738e-02 4.579849e-01 -2.526184e-01 -7.006140e-01 -2.085750e-01 9.905084e-02 -3.337450e-01 -2.093128e-01 
-1.409941e+01 3.146440e+00 -6.693115e-01 6.332541e+00 -1.669311e+00 -1.820336e+00 -2.363813e+00 -2.121578e+00 -3.407508e+00 2.794952e-01 -2.626341e+00 8.617964e-01 9.175007e+00 -4.380982e-01 -1.638402e-01 -1.484525e-02 -8.965027e-01 -2.765993e-01 1.286037e-01 -1.592659e-01 -3.607984e-01 -1.878034e+00 1.205667e-01 8.753242e-01 4.727894e-01 -5.604093e-01 4.923238e-02 -2.195999e-01 -1.464420e-01 -2.861800e-01 -2.819446e-02 3.100125e-01 4.496936e-01 1.093156e-01 1.606511e-01 -1.528540e-01 -1.456617e-01 -5.757279e-01 -1.152226e-01 
-1.373138e+01 4.937956e+00 4.079385e+00 4.208091e+00 2.690638e-01 3.298248e+00 -9.429903e-01 -2.293284e+00 -6.193530e+00 -1.379719e+00 2.887862e+00 3.082283e+00 7.989594e+00 -5.648813e-01 -2.201968e-01 -2.925839e-01 -1.492945e+00 -2.421089e-01 6.532153e-01 5.149524e-01 -6.142724e-01 -9.125276e-01 -1.071575e-01 8.178286e-01 -1.897866e-01 -6.399562e-01 7.979136e-03 -1.998977e-01 -3.794723e-01 -6.394877e-02 8.134267e-02 -1.032422e-01 1.777405e-01 2.999235e-01 8.356978e-01 3.216650e-02 -4.130906e-01 -4.243434e-01 2.775895e-02 
-1.444441e+01 3.592298e+00 -3.398764e-01 2.539238e+00 1.584136e+00 1.572694e+00 -1.377361e+00 1.191178e+00 -3.668545e+00 -8.274105e-01 -1.973765e+00 -1.107766e-01 7.835143e+00 -3.171118e-01 -2.990960e-01 -5.011011e-01 -1.195838e+00 1.087164e-01 3.786695e-01 1.729915e-01 7.353173e-01 1.288436e+00 -4.265911e-01 -1.717319e-01 -5.221670e-01 -4.933015e-01 4.409786e-02 -3.999235e-02 -1.899671e-01 1.800328e-01 -1.444173e-02 -2.918939e-01 1.141051e-01 2.366333e-01 7.760671e-01 1.137474e-01 -5.463466e-02 1.770325e-01 1.072370e-01 
-1.459989e+01 2.973179e+00 2.733121e-01 2.614963e+00 -1.972071e+00 1.857920e+00 -1.171550e+00 -1.150763e+00 -1.623186e+00 3.064929e-01 -4.668652e-01 4.231270e-01 7.149812e+00 -4.906440e-01 -5.945233e-01 -1.345262e+00 -9.571872e-01 -3.467644e-01 -6.658570e-01 1.802412e-01 5.353233e-01 1.225258e+00 5.426330e-02 -2.650632e-01 -1.606560e-01 -2.874491e-01 6.009160e-02 -2.372141e-02 -2.505344e-02 3.406239e-01 -7.353320e-03 -2.457767e-01 6.700039e-02 2.624371e-01 4.350128e-01 2.711296e-01 1.594484e-01 3.628754e-01 1.651128e-01 
-1.525062e+01 2.633588e+00 -1.271519e+00 1.149983e+00 -5.242935e-03 7.931618e-01 -1.384944e+00 9.837213e-01 7.490791e-01 -2.696200e+00 -1.807713e+00 -4.196710e-01 7.128595e+00 -2.548423e-01 -1.766539e-01 -4.385602e-01 -2.641455e-01 -2.964350e-01 -6.714077e-01 5.785263e-01 2.474799e-01 9.333641e-01 6.087020e-01 1.143524e+00 1.343358e+00 -2.005025e-01 7.354759e-02 1.133087e-01 2.669626e-01 3.315541e-01 -1.247059e-01 1.147953e-01 1.616243e-01 -1.471347e-01 -5.362663e-02 3.089192e-01 3.120573e-01 3.125429e-01 1.730903e-01 
-1.578147e+01 2.444541e+00 -2.180759e+00 1.168837e-01 -6.703368e-01 3.582242e-01 -3.814083e-02 4.872359e-01 -2.276510e+00 -1.739746e-01 1.479631e+00 2.433901e+00 6.905703e+00 -2.952333e-01 -4.000634e-01 -4.490785e-01 -2.556001e-01 -7.646605e-02 -5.058405e-02 6.472307e-01 9.418298e-01 1.440110e+00 7.307746e-01 9.574286e-01 6.917061e-01 3.922276e-02 1.225321e-01 1.932983e-01 4.759055e-01 3.331445e-01 -4.142331e-03 4.535529e-01 1.041556e-01 -1.386846e-01 2.707685e-02 3.839065e-02 1.438915e-01 -1.148956e-01 1.641255e-01 
-1.512812e+01 2.972794e+00 -1.304901e+00 2.467674e+00 -5.489661e-01 -1.034351e+00 9.490333e-01 1.609615e+00 1.324824e+00 2.456242e+00 2.770744e+00 5.600314e+00 6.954753e+00 -4.690286e-02 1.701468e-01 3.857011e-01 1.113554e-01 -6.500728e-01 6.449605e-01 7.474991e-01 -2.037660e-01 9.127470e-01 7.798825e-01 7.773435e-01 6.143643e-01 2.088421e-01 8.487896e-02 2.885476e-02 2.511658e-01 1.475363e-01 1.492581e-01 3.512585e-01 -1.628747e-01 -2.342438e-01 -1.183933e-01 -2.696298e-02 -1.615416e-01 -5.191039e-01 1.292342e-01 
-1.613745e+01 8.031834e-01 -1.954987e+00 6.781610e-01 -2.082327e+00 2.519146e+00 8.977609e-01 3.245600e+00 5.289171e+00 1.384113e+00 2.030730e+00 8.716652e-01 7.433161e+00 1.817170e-02 1.985031e-01 6.222196e-01 5.209138e-01 -1.907433e-01 9.437016e-01 6.164476e-01 6.763341e-02 1.370904e+00 1.606895e-01 6.374034e-01 -3.705421e-01 3.285133e-01 1.184599e-01 -1.731659e-03 1.720139e-01 1.679111e-01 3.578512e-01 5.289974e-02 -2.436626e-01 -1.541669e-01 -4.363734e-01 7.506871e-02 -2.551525e-01 -2.299343e-01 2.175613e-02 
-1.530716e+01 4.305362e+00 5.438880e-01 1.425837e+00 -2.550027e+00 2.937736e+00 1.884574e+00 -1.414112e+00 1.530239e+00 4.240930e-01 1.803312e+00 3.433120e+00 7.909060e+00 1.274882e-02 -3.317236e-01 2.816557e-01 8.534774e-02 5.069105e-01 5.877456e-01 -2.203861e-01 -4.865724e-01 3.761001e-01 7.589690e-01 4.956487e-01 -7.209836e-01 3.010195e-01 5.112094e-02 -1.908952e-01 -1.540043e-01 5.060564e-02 4.578160e-01 -2.218974e-01 -3.531590e-01 2.255178e-01 -4.627710e-01 -1.318093e-02 -3.788007e-01 1.243576e-02 -8.106183e-02 
-1.560085e+01 2.770656e+00 5.810797e-03 3.241979e+00 -6.236557e-01 3.090889e+00 2.576390e+00 2.337223e+00 4.475809e+00 1.645396e+00 5.150418e+00 1.665119e+00 8.071268e+00 2.670632e-01 -1.576706e-01 4.631666e-01 5.969552e-01 1.134251e+00 2.426064e-01 -8.721545e-02 3.123669e-01 -4.734199e-01 1.116666e+00 -1.774021e-01 2.095942e-01 1.019927e-01 5.429294e-04 -8.740316e-02 -2.114776e-01 -1.588161e-01 4.511303e-02 -2.559426e-01 -3.832147e-01 5.050554e-02 -6.753871e-01 -3.206098e-01 -4.605690e-01 1.865667e-01 -1.564327e-01 
-1.533281e+01 3.307590e-01 -8.770751e-01 1.612236e+00 1.256479e+00 1.618726e+00 -9.924573e-01 -3.692769e-01 3.611704e+00 6.121065e+00 3.689243e+00 1.598998e+00 8.140622e+00 8.418123e-02 -6.061506e-01 -3.048078e-01 3.263519e-01 9.764538e-01 -1.139189e-01 -6.665189e-01 8.015376e-01 -4.789661e-01 2.358230e-01 -7.092654e-01 3.865628e-01 -8.319148e-02 -6.337304e-02 1.147476e-01 -1.263320e-01 -2.140516e-01 -4.138766e-01 -1.059955e-01 -2.180115e-01 -5.384395e-02 -4.774238e-01 -7.916450e-01 -2.604279e-01 1.049990e-02 -1.571238e-01 
-1.478940e+01 2.001763e+00 1.070984e+00 3.569841e+00 1.685500e+00 4.391400e+00 1.900100e+00 4.284896e+00 1.881541e+00 4.119575e+00 2.009518e-01 2.837042e+00 7.827158e+00 -1.492657e-02 -1.013140e-01 -1.419171e-01 -3.938121e-01 -2.000691e-01 1.474333e-02 -1.076515e+00 -3.239106e-01 -1.578423e+00 -1.180714e+00 -1.062971e+00 8.738583e-03 -2.614863e-01 -1.224496e-01 9.629985e-02 -1.025808e-01 -3.637245e-01 -6.001140e-01 -4.309395e-02 -2.161460e-01 -4.068174e-01 -1.967554e-01 -7.069520e-01 1.262351e-01 -3.393590e-01 -8.617607e-02 
-1.529198e+01 1.658707e+00 -1.513104e+00 2.894145e+00 1.177788e+00 1.718104e+00 -1.109806e+00 1.619686e+00 4.324193e-01 3.659793e-01 7.315956e-01 4.779721e+00 7.615217e+00 -1.630273e-01 2.138084e-01 -4.739498e-02 -4.896689e-01 -8.953544e-01 1.715860e-01 -8.158619e-01 -4.376850e-01 -1.458579e+00 -2.050404e+00 -3.636110e-01 -5.680478e-01 -3.028865e-01 -8.184552e-02 1.055237e-01 2.160862e-02 -2.699748e-01 -4.544078e-01 -1.339044e-02 -8.706149e-02 -4.585385e-01 -3.659468e-02 -3.114958e-01 3.324590e-01 -3.811252e-01 -2.292930e-02 
-1.569561e+01 1.600568e+00 -3.855580e-01 6.323934e-01 -1.584841e+00 3.114550e+00 -2.747634e+00 -2.766265e-01 -1.826649e+00 -1.380635e+00 1.314381e+00 1.181802e-01 7.026389e+00 -2.215570e-01 -8.612741e-02 -1.785888e-01 -8.136498e-01 -9.304370e-01 -1.156268e-01 -1.093356e+00 -1.101962e+00 -9.675064e-01 -1.274748e+00 2.809756e-01 -1.009814e+00 -2.190656e-01 -4.720224e-02 -2.696822e-02 -2.046006e-02 -1.163472e-01 -1.495456e-01 -5.479533e-02 -3.109552e-02 -2.220508e-01 1.713008e-01 5.876736e-02 3.332665e-01 -2.478894e-01 1.687885e-02 
