-1.468425e+01 1.938573e+00 7.790348e-01 1.767607e+00 -1.022259e+00 2.026277e+00 3.426718e+00 2.117448e+00 -1.929188e+00 4.170468e-03 1.746288e+00 1.083038e-01 7.890879e+00 -4.498785e-02 -1.061282e-01 -7.142742e-02 2.763467e-01 3.537138e-01 -4.683946e-01 -5.624158e-01 -1.048156e-01 5.844958e-01 5.653684e-01 -2.241971e-02 7.889489e-01 6.452620e-02 -1.829652e-02 2.660553e-02 2.425323e-02 -1.835058e-01 -1.821448e-02 2.440594e-01 1.014730e-01 3.019983e-01 2.649851e-01 2.909445e-01 1.085148e-01 -1.345259e-01 -5.201218e-03 
-1.412461e+01 2.499317e+00 2.115855e-02 2.617695e+00 1.418669e+00 9.875067e-01 4.168294e+00 4.838350e-01 2.240246e+00 2.895181e+00 3.342603e+00 3.601343e+00 8.186723e+00 2.197986e-02 8.907077e-02 -8.341292e-02 -5.328444e-01 4.306907e-01 1.170147e-02 -4.768869e-01 5.117936e-01 8.993217e-01 9.551693e-01 2.771674e-01 5.535322e-01 6.791936e-02 -1.001082e-01 2.200413e-02 1.761759e-02 -9.221666e-02 -1.654672e-01 1.700946e-01 7.893704e-02 3.933707e-01 3.203900e-01 3.512381e-01 1.314797e-01 -3.389263e-01 -2.673495e-02 
-1.518887e+01 1.127820e+00 8.004218e-01 2.723710e+00 -4.742265e-01 2.039749e-01 2.440003e-01 2.410139e+00 -1.091794e+00 1.384910e+00 8.358896e-01 2.306603e+00 8.065486e+00 -1.699409e-01 -7.063749e-02 5.578711e-02 -2.367082e-01 2.241340e-01 5.117842e-01 -9.785251e-02 1.096902e+00 1.751943e+00 1.825168e+00 3.702210e-01 2.340141e-01 3.680743e-02 -1.316323e-01 7.668413e-02 3.593378e-02 1.874943e-01 -1.075507e-01 6.634437e-02 1.673455e-01 1.623218e-01 1.453817e-01 3.041567e-02 1.310326e-01 -3.510015e-01 -4.685894e-02 
-1.432190e+01 2.789547e+00 3.512955e-01 -1.375067e+00 8.570736e-01 2.996180e+00 2.633740e+00 4.530182e+00 2.148176e+00 4.089174e+00 3.587350e+00 1.776587e+00 8.143236e+00 -4.829904e-01 -1.377390e-02 -4.703587e-02 7.171070e-02 -4.089664e-01 -1.080102e-01 -3.999998e-01 1.261175e+00 1.602581e+00 1.691548e+00 4.384170e-01 -6.282485e-01 -5.528579e-02 -1.230323e-01 2.793270e-03 1.670860e-02 4.064412e-01 -1.049228e-02 -1.011985e-01 4.091247e-02 -3.379675e-01 -4.986746e-01 -5.356390e-01 -7.168394e-02 -1.896877e-01 -6.217220e-02 
-1.543523e+01 1.440134e+00 8.929690e-01 2.580393e+00 3.793992e-01 3.580819e+00 3.704686e+00 5.578876e+00 6.876165e+00 8.532970e+00 3.475109e+00 2.190832e+00 8.096893e+00 -4.506183e-01 3.287802e-01 9.016658e-02 9.115522e-01 2.355749e-01 -7.678110e-02 2.358121e-01 3.320658e-01 9.597414e-01 3.491384e-01 5.518970e-01 -3.750497e-01 -1.082382e-01 4.017233e-02 -2.358811e-02 -2.383245e-02 1.416454e-01 1.223296e-01 -1.172214e-01 -7.728976e-02 -7.758875e-01 -1.172542e+00 -1.200979e+00 -3.010532e-01 6.658123e-02 -6.465687e-02 
-1.641622e+01 2.274152e+00 -2.599828e-01 3.047647e+00 -1.052776e+00 -1.241249e+00 4.378249e-01 5.205267e+00 6.268945e+00 7.779226e+00 4.215198e+00 5.180259e-01 7.894613e+00 -4.528416e-01 -9.661828e-02 -1.707212e-02 9.252998e-01 3.723674e-01 -1.999280e-01 -4.392059e-01 -7.956121e-01 -1.198036e+00 -9.849195e-01 -1.722133e-01 -9.042475e-02 -1.703665e-01 1.749522e-01 -1.606716e-01 -1.065507e-01 -3.135745e-01 9.008940e-02 1.040747e-01 -1.097395e-01 -6.545368e-01 -9.750861e-01 -9.441023e-01 -3.948683e-01 3.163734e-01 -3.864722e-02 
-1.639490e+01 3.029303e+00 1.556743e+00 5.070286e+00 1.658990e+00 1.938629e+00 2.521112e+00 3.732565e+00 1.646178e+00 1.285577e+00 3.281806e+00 1.060704e+00 7.648845e+00 1.575444e-02 -1.473053e-01 -7.836639e-02 4.489167e-02 4.452404e-01 -2.837593e-02 -4.647501e-01 -1.754160e+00 -2.710519e+00 -2.841496e+00 -8.297486e-01 2.982085e-01 -2.289104e-01 1.746172e-01 -2.496704e-01 -2.352186e-01 -6.123687e-01 -2.716475e-01 -3.710667e-02 -1.842634e-01 -6.261843e-02 -1.700336e-01 -9.347328e-03 -8.699384e-02 1.438077e-01 -4.020563e-03 
-1.610641e+01 1.511903e+00 -6.594472e-02 2.006142e+00 2.079021e+00 2.817995e+00 1.029448e+00 1.475655e+00 -1.226829e+00 2.788298e+00 2.823099e+00 1.889645e+00 7.515309e+00 1.585833e-01 -5.791745e-01 -4.955460e-01 -1.062802e+00 -6.325449e-02 3.881167e-01 -5.984448e-01 -9.685688e-01 -1.437874e+00 -1.433743e+00 -8.449873e-01 6.169437e-01 -1.881925e-01 1.484263e-01 -4.805223e-02 -2.538074e-01 -3.838598e-01 -3.269577e-01 -5.326259e-02 9.758117e-02 4.673926e-01 7.867929e-01 8.666558e-01 3.485004e-01 -1.191026e-01 4.572552e-02 
-1.551157e+01 1.084444e+00 4.041797e-01 3.325447e+00 1.040175e+00 1.409371e+00 1.085435e+00 -1.327334e+00 -2.928362e+00 -3.178882e+00 2.253290e-02 2.995805e+00 7.141936e+00 1.166951e-01 -6.783917e-01 -8.468052e-01 -1.156105e+00 -9.049013e-01 -5.563567e-01 -6.058158e-01 1.052349e-01 2.293389e-01 5.267721e-01 4.533316e-01 -9.566659e-03 -1.194213e-01 3.531389e-02 1.528374e-01 -1.692257e-01 4.814962e-02 -1.842901e-01 -5.592200e-02 1.584310e-01 5.207787e-01 9.713094e-01 1.181920e+00 4.674036e-01 -3.091774e-01 8.260776e-02 
-1.606526e+01 3.505867e-01 -2.161479e+00 -1.393718e+00 -1.059558e+00 9.639093e-01 -1.836668e+00 2.892871e+00 1.366900e+00 2.842733e+00 1.619627e+00 2.635376e+00 7.207166e+00 2.387133e-01 -7.132378e-02 -9.020016e-01 -3.935657e-01 -5.874184e-01 -2.023223e-01 1.192106e-01 6.115932e-01 1.265980e+00 1.664124e+00 9.286505e-01 -5.319569e-01 3.497119e-03 3.894376e-02 4.238983e-01 2.217318e-01 5.310749e-01 9.173036e-02 -2.833348e-01 2.387401e-01 1.894769e-01 2.714192e-01 3.480733e-01 2.004860e-01 -3.100556e-01 6.666011e-02 
-1.583179e+01 2.176959e-01 -1.629137e+00 9.896688e-01 -1.296488e+00 8.357966e-02 9.250057e-01 3.550385e+00 1.496236e+00 3.892096e+00 6.149794e+00 6.401286e-01 7.205629e+00 1.521800e-01 3.630945e-01 -7.212729e-01 -4.908764e-02 -2.142236e-01 -1.276135e-02 -3.145001e-02 5.975093e-02 7.938175e-01 1.519218e+00 6.204173e-01 -6.733187e-01 8.832610e-02 -5.169134e-02 2.994687e-01 3.790328e-01 5.275198e-01 4.883619e-01 -9.481587e-02 1.789422e-01 -9.398277e-02 -3.738525e-01 -4.875582e-01 -3.848665e-01 7.097222e-02 3.832440e-02 
-1.475266e+01 1.588798e+00 -3.559019e+00 1.206117e+00 3.107362e-01 2.469331e+00 1.705543e+00 2.094791e+00 2.890870e+00 7.573803e+00 4.402656e+00 4.081336e-01 7.501033e+00 3.355630e-01 1.019575e+00 5.502416e-01 1.039112e+00 5.015890e-02 -1.300339e+00 3.079970e-01 1.755226e-03 -3.632025e-01 -1.897438e-01 7.376807e-02 -6.015194e-01 4.120420e-02 -1.855219e-01 -2.734592e-02 3.758968e-01 1.888836e-01 4.406773e-01 -1.852026e-01 5.929364e-02 6.956349e-02 -4.619285e-01 -6.904712e-01 -4.196770e-01 4.534271e-01 -1.377307e-03 
-1.540648e+01 2.280855e+00 -2.503670e+00 1.779877e+00 -7.158186e-01 5.930921e-01 -8.429891e-01 -6.300550e-01 2.787265e-01 2.052036e+00 1.733427e+00 7.432375e-01 7.436681e+00 -1.902179e-01 2.733873e-01 3.224120e-01 7.650616e-01 1.217993e+00 -4.813026e-01 1.945091e-01 -5.962601e-02 -8.253971e-01 -9.840167e-01 -1.043631e+00 3.801850e-01 5.334311e-02 -1.989803e-01 -3.203402e-01 1.650561e-01 -2.785544e-01 9.930778e-02 -3.631353e-03 1.380090e-02 2.895758e-01 -3.570324e-02 -2.748262e-01 -1.954483e-01 4.951963e-01 -1.115736e-02 
-1.459999e+01 4.417361e+00 1.026735e+00 3.406431e+00 -1.098975e+00 -5.792669e+00 5.874497e-01 4.991645e+00 1.599130e-01 2.814125e+00 4.196880e+00 -4.239732e-01 7.297874e+00 -5.176749e-01 -1.631879e-01 4.557244e-01 1.438291e-01 8.998888e-01 -8.940478e-01 3.027230e-01 1.019035e+00 -2.339291e-01 -5.364341e-01 -3.376779e-01 1.208337e+00 1.405893e-02 -1.256569e-01 -4.751008e-01 -1.891781e-01 -6.910310e-01 -3.742080e-01 3.635667e-01 -1.815023e-01 -1.287697e-02 2.445388e-01 1.644738e-01 3.772044e-02 3.379990e-01 -2.752792e-02 
-1.685937e+01 1.703757e-01 -2.310410e+00 3.714661e+00 5.498610e+00 1.808120e+00 2.456940e+00 1.803487e+00 -1.264972e+00 1.351932e+00 1.034649e+00 2.956913e+00 7.573951e+00 -4.161117e-01 -6.472147e-01 1.513557e-01 -9.942896e-01 -1.424698e-01 -2.340719e-01 4.022656e-02 9.990163e-01 5.507590e-01 3.185548e-01 -1.510303e-01 8.977662e-01 4.612667e-02 1.035275e-01 -1.273114e-01 -8.628020e-02 -4.163463e-01 -8.219991e-01 2.573232e-01 -2.171602e-01 -3.069112e-01 2.559058e-01 1.996113e-01 2.922337e-01 -2.902413e-01 -6.169642e-02 
-1.661449e+01 1.827765e+00 -1.376771e+00 9.577659e-01 1.702646e+00 -2.607975e+00 1.569342e+00 5.972829e+00 2.493217e+00 5.241446e+00 3.063559e+00 5.342889e+00 7.502790e+00 -1.798126e-01 -8.955518e-01 -3.099810e-01 -1.536305e+00 -1.140557e+00 3.938421e-01 -5.223837e-01 -5.920383e-01 1.715263e-01 -1.865574e-02 -1.839936e-01 8.296575e-01 -9.280171e-02 2.107763e-01 8.304940e-02 -1.170041e-01 1.531281e-01 -3.679337e-01 5.483292e-01 -9.932613e-02 -7.562271e-01 2.928147e-02 -1.359397e-01 1.625465e-01 -6.471186e-01 -4.812770e-02 
-1.648016e+01 3.395453e-01 -5.450127e-01 -1.967478e+00 -2.829114e+00 -2.169255e+00 -1.133071e+00 3.874056e+00 1.866268e+00 2.430697e+00 1.545190e+00 2.348661e+00 7.564726e+00 1.585833e-01 2.991054e-03 2.738391e-01 -4.766146e-01 -1.871651e+00 1.612891e-01 -4.787296e-01 -7.886938e-01 2.514212e-01 -2.449298e-01 3.408243e-01 -8.817827e-01 -2.017173e-01 9.378274e-02 3.717491e-01 -7.891737e-02 7.699224e-01 2.178436e-01 5.647510e-01 1.886718e-01 -3.313969e-01 1.848643e-02 -7.519972e-02 4.833680e-02 -4.555619e-01 1.364597e-01 
-1.568853e+01 -1.450921e-01 -1.405935e+00 -1.433965e+00 -2.637960e+00 -1.834557e+00 -2.294294e-01 9.961597e-01 -5.481454e-01 2.181567e+00 3.021859e+00 4.028250e+00 6.838405e+00 2.489408e-01 -7.299047e-02 -1.904413e-01 6.504610e-01 -7.519274e-02 1.649878e+00 6.551670e-02 -1.868238e+00 6.188158e-02 -9.343605e-01 2.290735e-01 -1.137442e+00 -1.025989e-01 -4.081726e-01 3.827541e-01 -1.117320e-01 8.601491e-01 3.434259e-01 2.673958e-01 1.257709e-01 2.907051e-01 1.441148e-02 1.382221e-01 -2.307617e-01 -1.210236e-01 3.600792e-01 
-1.652973e+01 1.171986e+00 -9.268672e-01 2.527876e+00 -1.688969e+00 2.228059e+00 9.626575e-01 3.483557e-01 1.512896e+00 1.657482e+00 2.759574e+00 -7.948034e-01 6.897706e+00 -1.615810e-01 8.001598e-01 -3.030420e-01 1.761986e+00 4.140269e-01 1.961545e+00 6.896366e-01 -2.002996e-02 6.981276e-01 4.003746e-01 -1.156894e-01 -3.962987e-01 7.333609e-01 -6.177837e-01 1.924478e-01 -2.712146e-01 3.453093e-01 1.050029e-01 -7.141306e-02 -6.698158e-02 5.179554e-01 -2.062791e-01 3.546464e-01 -3.731326e-01 5.149558e-01 4.114289e-01 
-1.534502e+01 1.046588e+00 -2.138147e+00 1.962460e+00 7.570459e-01 3.443087e+00 8.493748e-01 -1.605229e+00 2.978994e+00 9.561856e-01 3.601770e+00 1.227126e+00 7.323132e+00 -2.060600e+00 6.195689e-01 -5.801804e-01 1.645019e+00 -5.661533e-01 8.306338e-01 -4.776494e-01 4.772022e-01 2.017059e-02 3.498155e-01 -1.109666e+00 -1.806626e-02 1.240041e+00 -3.308843e-01 -8.221765e-02 -1.271394e-01 -3.318813e-01 -3.673545e-01 -6.011010e-01 -1.341162e-01 6.287315e-01 -1.325726e-01 3.932327e-01 -1.429253e-01 4.118774e-01 5.712677e-02 
-1.745966e+01 3.744231e+00 -1.694076e+00 5.143908e+00 -2.456554e+00 4.999556e+00 1.775608e+00 5.074874e+00 3.593229e+00 5.045162e+00 6.764919e-01 1.767543e+00 1.098900e+01 -1.775565e+00 6.189806e-01 -8.872826e-01 7.526663e-01 -1.101136e+00 2.139622e-01 -5.420185e-01 6.283737e-01 -7.588435e-01 8.863278e-01 -8.554708e-01 1.133295e+00 1.184125e+00 3.906504e-01 -4.045459e-01 -3.092259e-02 -9.350681e-01 -1.614130e-01 -7.316781e-01 -5.817229e-02 -5.322454e-02 -3.269548e-01 -1.908370e-01 1.937250e-01 -2.908737e-02 -5.089883e-01 
-2.552661e+01 1.666087e+00 -3.923375e+00 5.483059e+00 -5.085246e+00 9.326066e-01 -3.024171e+00 1.018817e+00 -1.486816e+00 2.236797e+00 -1.484535e+00 2.657083e+00 1.099295e+01 -5.985164e-01 -3.934855e-01 -5.339206e-01 -5.042225e-01 -1.154361e+00 -4.817190e-01 1.080612e-02 9.511772e-01 1.276684e-01 7.887083e-01 -1.156894e-01 1.571822e-01 -4.238222e-02 1.120981e+00 -3.353715e-01 2.374119e-01 -7.887357e-01 3.596425e-01 -4.958881e-01 3.947829e-01 -6.462041e-02 2.706527e-02 -2.584341e-01 5.246761e-01 -3.655467e-01 -6.999900e-01 
-2.031684e+01 3.957172e+00 -4.470493e+00 4.530883e+00 -4.274005e+00 4.552649e+00 1.893234e-01 2.178483e+00 -4.833949e-02 5.448458e+00 1.025686e+00 4.156684e+00 1.098351e+01 1.060557e+00 -7.160393e-01 -4.808269e-01 -1.838751e+00 -9.882054e-02 -1.040617e+00 1.545405e-01 -5.231500e-01 -9.904009e-01 -7.733166e-01 3.559549e-01 -6.294786e-01 -1.170393e+00 7.651973e-01 -2.199530e-01 3.953038e-01 -1.382290e-01 5.535663e-01 -3.298080e-01 1.865681e-01 -1.913611e-01 1.658995e-01 -2.359558e-01 4.109693e-01 -3.158737e-01 -4.676477e-01 
-1.690894e+01 -1.027219e+00 -3.419421e+00 -2.520875e-01 -4.106162e+00 1.258155e+00 1.696703e+00 4.599078e+00 5.438127e+00 4.698289e+00 2.848821e+00 8.183080e-01 7.114043e+00 2.126171e+00 -3.898579e-01 4.035769e-01 -1.002854e+00 7.310123e-01 -1.021567e+00 1.148036e+00 7.299398e-01 2.713566e-01 -1.124382e-01 9.081160e-01 -9.644302e-01 -1.082648e+00 1.388211e-01 1.705911e-01 2.753623e-01 5.452955e-01 5.575722e-01 1.112884e-01 -2.522396e-01 -3.454621e-01 -7.679031e-03 -7.390134e-02 3.649117e-02 1.680679e-01 8.808811e-02 
-1.646578e+01 1.510720e+00 -4.349948e+00 -1.182178e+00 -3.440724e+00 -3.662168e-01 1.876864e-01 6.687898e-01 -4.821048e+00 -5.185380e-02 2.898844e-01 -4.601518e-01 7.076705e+00 6.880996e-01 -4.826044e-01 6.204724e-01 3.107156e-01 7.239240e-01 -1.165117e+00 -1.778532e-01 -2.178630e-01 -1.144953e-03 1.571722e-01 6.876407e-01 1.145723e-01 -6.339868e-01 -3.528590e-01 6.100101e-02 2.985870e-01 8.448661e-01 -8.848651e-02 4.017957e-01 -1.107651e-01 -1.021447e-01 1.408779e-01 1.986781e-01 -1.594086e-01 2.402996e-01 3.931023e-01 
-1.682120e+01 9.405115e-01 -1.965885e+00 3.325447e+00 -1.846640e+00 -1.716088e+00 2.716574e+00 5.423514e+00 2.256029e+00 4.424525e+00 3.424055e+00 1.431257e-01 7.533100e+00 2.818466e-01 3.427020e-01 2.923431e-01 1.147515e+00 1.222222e+00 1.370344e-01 -1.084231e+00 -9.288256e-01 -4.053735e-01 -4.607948e-02 -9.915378e-02 6.254433e-01 1.298087e-01 -4.094570e-01 -1.402337e-01 3.278566e-01 4.639770e-01 -5.710759e-01 9.646219e-02 -7.082085e-02 -5.120370e-01 -6.288584e-01 -3.347141e-01 -3.865428e-01 -2.479231e-01 3.636917e-01 
-1.691984e+01 5.603728e-01 -2.094984e+00 4.296274e+00 -1.783910e+00 2.140881e-01 -1.210012e+00 6.771128e-01 1.537448e+00 6.371070e+00 4.176225e+00 5.067480e+00 7.603821e+00 2.184363e-01 -7.773147e-01 1.067826e+00 1.310457e+00 -7.870110e-01 3.890536e-01 7.168331e-01 -2.044681e-01 5.237393e-02 1.868531e-01 6.263623e-02 -2.229515e-01 1.888783e-01 -1.995946e-01 -3.976971e-02 4.502524e-01 -3.553779e-01 -5.320305e-01 -3.774447e-01 1.321083e-01 -2.757008e-01 -7.119302e-01 -9.046640e-01 -3.134575e-01 -9.609095e-01 2.344012e-01 
-1.527264e+01 1.161339e+00 -3.085395e+00 2.746288e+00 1.176653e+00 1.653051e+00 -3.025808e+00 -4.883465e-02 2.322533e-01 1.256174e+00 4.099198e-01 1.181450e+00 7.499496e+00 3.136851e-01 -9.434937e-01 1.819128e+00 8.171221e-01 -1.369001e+00 -1.316474e+00 3.465041e-01 -1.836885e+00 -2.899905e+00 -1.800861e+00 -7.122698e-01 -2.035380e+00 3.243657e-01 -1.451745e-01 -1.155778e-01 4.420714e-01 -6.733779e-01 -4.429838e-01 -4.960211e-01 1.732359e-01 5.808168e-03 -8.181450e-02 -7.002497e-01 -1.852231e-01 -5.425034e-01 1.275079e-01 
-1.614755e+01 -2.486652e+00 1.548966e+00 5.659261e+00 -8.887144e+00 -1.052000e-01 6.643159e+00 2.382858e+00 -3.547420e+00 2.466457e+00 2.110291e+00 -2.094066e+00 8.037812e+00 -3.257542e-01 -3.828407e-02 2.108252e+00 -1.301018e+00 -6.406431e-01 -2.325696e+00 -2.326273e-01 -1.142262e+00 -2.313345e+00 -3.488832e+00 -5.729597e-01 -3.359529e+00 4.407368e-01 1.243295e-01 -2.709135e-01 -2.035856e-01 -6.677796e-01 -1.592412e-01 1.684610e-02 -5.156241e-01 1.328055e-01 9.577263e-01 -1.109864e-01 -4.737646e-01 6.318109e-01 1.017273e-01 
-1.563896e+01 -2.253600e+00 5.307627e+00 6.729233e+00 -5.140347e+00 -8.138449e+00 5.229506e-01 -4.613518e+00 -9.700732e+00 -2.627381e+00 8.959073e-01 -6.453130e+00 8.938082e+00 -1.719864e-01 -6.047632e-01 1.982509e+00 -9.136071e-01 -1.065943e+00 -9.857574e-01 2.567813e-01 -4.308574e-01 3.685800e-01 -1.709448e+00 -7.074064e-01 -5.188720e-01 6.414111e-01 2.906614e-01 -5.043197e-01 -8.792849e-01 -1.229460e-01 -2.472260e-01 8.431247e-01 -4.323172e-01 6.565539e-01 2.048669e+00 8.951392e-01 -6.204379e-01 1.608311e+00 1.023540e-02 
-1.836529e+01 2.076590e+00 4.249556e+00 -4.200185e+00 -1.828838e+00 -6.518411e+00 -4.147175e+00 -2.751948e+00 -5.063059e+00 -9.131361e+00 1.068166e+00 -7.912934e+00 9.088310e+00 1.082880e+00 -2.301259e+00 -3.168602e-02 -1.163092e+00 -1.734610e+00 3.079620e-01 -1.816375e+00 -2.434753e-01 3.206614e+00 -4.138736e-01 -2.308555e+00 2.177740e+00 5.389950e-01 5.902095e-01 -2.025060e-01 -1.355324e+00 2.520587e-01 -2.639735e-01 8.262708e-01 -2.805345e-01 1.687898e-01 9.356358e-01 1.426056e+00 -1.882564e-02 1.779670e+00 -2.528997e-02 
-1.502331e+01 -4.143646e+00 5.476779e+00 3.108017e+00 -7.681726e+00 -6.956302e-02 3.653284e+00 3.645392e-01 2.832998e+00 -1.491797e+00 -2.606164e+00 1.496656e+00 1.018142e+01 1.062692e+00 -2.333710e+00 -1.507375e+00 1.334621e-01 -2.058311e+00 1.582319e+00 -1.023230e+00 9.963668e-01 4.583537e+00 1.137317e+00 -2.946636e+00 3.237394e+00 3.263730e-01 6.906732e-01 7.741034e-01 -1.465403e+00 -2.816601e-01 2.975270e-01 -1.800167e-01 -3.575829e-01 -3.812411e-01 -1.246749e+00 5.593852e-01 9.867671e-01 4.704971e-01 -2.714025e-02 
-1.104138e+01 -1.304772e+01 1.305932e+00 1.654229e+00 -1.628961e+01 -2.599788e+00 -4.003771e+00 -1.323173e+00 6.218964e+00 -1.702597e-01 -7.681946e+00 4.819656e+00 1.011113e+01 2.007977e+00 -1.864235e-01 -2.923346e+00 -5.643963e-01 -1.464382e+00 5.216734e-01 -9.953347e-01 -1.011992e+00 2.575552e-01 2.218129e+00 4.525750e-01 3.660697e+00 4.718009e-01 5.011660e-01 1.657995e+00 -7.336643e-01 -4.627672e-01 7.933406e-01 -8.084353e-01 2.510994e-01 -4.802107e-01 -2.631946e+00 -4.510818e-01 1.814843e+00 -6.966819e-01 7.340923e-02 
-1.398731e+01 -6.360202e+00 -7.573270e-01 4.469040e+00 -8.201362e+00 -2.186592e+00 -4.664804e+00 -3.461494e-01 7.575893e+00 -1.421071e+00 -9.462212e+00 3.367539e+00 1.005864e+01 2.818793e+00 2.208416e+00 -3.898692e+00 -2.621236e+00 2.865612e-01 -1.992689e+00 -1.941682e+00 -1.952729e+00 -4.390614e+00 -2.284530e-01 2.845814e+00 1.092139e+00 5.393296e-01 5.539387e-01 1.295634e+00 2.155961e-01 -2.363424e-01 5.690590e-01 -1.012379e+00 3.886295e-01 -3.228757e-01 -2.517275e+00 -1.110174e+00 1.254970e+00 -1.521419e+00 1.444952e-01 
-8.843470e+00 2.252463e+00 -7.250410e+00 -7.702625e+00 -8.891383e+00 -2.851655e+00 -4.965036e+00 -7.456735e+00 -6.146849e+00 1.924094e+00 6.759325e+00 9.455034e+00 1.150887e+01 2.710738e+00 3.717654e+00 -2.504379e+00 -2.099617e+00 1.059563e+00 -1.946678e+00 -1.016651e-01 -1.169787e+00 -5.466052e+00 -1.986394e+00 3.869403e+00 -2.331286e-01 7.995514e-01 2.157464e-01 3.781911e-01 1.135632e+00 7.505531e-01 3.990257e-01 -2.793457e-01 4.922372e-01 4.336156e-01 -1.949122e-01 -1.056656e+00 -8.406994e-01 -1.817316e+00 1.516672e-01 
-2.028643e+00 -7.515789e-01 -9.738686e+00 -5.319729e+00 -9.948030e+00 -9.906814e+00 -5.574667e+00 -6.332210e+00 -1.293719e+01 -3.681114e+00 4.402656e+00 4.639668e+00 1.217918e+01 3.481089e+00 2.192436e+00 -6.388463e-01 -2.806554e-01 -4.748755e-01 -2.245437e+00 4.730819e-01 -5.390474e-01 -5.140951e+00 -2.311416e+00 1.619906e+00 -2.422784e+00 8.849539e-01 -1.019790e-01 -2.432667e-01 1.513091e+00 1.483849e+00 4.383607e-01 7.531702e-01 3.117126e-01 5.345872e-01 1.691432e+00 -6.347369e-02 -1.846907e+00 -1.129468e+00 1.695180e-01 
-3.467152e+00 2.736312e+00 -6.725068e+00 -3.949380e+00 -1.011842e+01 -8.473147e+00 -4.057138e+00 -4.178874e+00 -1.085467e+01 -8.972824e+00 4.732753e+00 3.018416e+00 1.304849e+01 2.755561e+00 1.712624e+00 1.124915e+00 2.018119e+00 9.114540e-01 -7.487282e-01 2.583699e-01 4.493819e-01 -3.418869e-01 -2.023636e+00 -3.138039e+00 -3.668423e+00 1.057336e+00 -2.016609e-01 -6.279824e-01 1.040915e+00 1.324441e+00 6.143786e-01 1.005282e+00 -2.003042e-01 3.107763e-01 2.053101e+00 6.219917e-01 -1.597534e+00 -3.696632e-01 1.235606e-01 
7.299044e-01 4.359788e+00 -4.214238e+00 1.189430e+00 -9.962018e+00 -1.060270e+01 -2.753406e+00 -4.680564e+00 -1.577469e+01 -7.529703e+00 -3.492650e-01 -5.527863e+00 1.371353e+01 2.286431e+00 1.994589e+00 1.852140e+00 2.739078e+00 2.552591e+00 1.174050e+00 -5.631784e-01 -8.921265e-02 1.504745e+00 -5.271800e-01 -2.884925e+00 -2.837363e+00 1.258058e+00 -4.670324e-01 -6.220005e-01 3.758059e-01 5.320966e-01 7.302116e-01 9.578783e-01 -3.148513e-01 3.217101e-01 1.566395e+00 7.213586e-01 -2.633371e-01 5.922920e-01 3.090566e-02 
3.555371e+00 8.259759e+00 -4.387667e+00 -8.665850e-01 -4.326562e+00 -6.247281e+00 -5.083558e+00 -6.036282e+00 -6.437525e+00 -6.269753e+00 -6.554861e+00 -3.803503e+00 1.602823e+01 2.299771e+00 6.767266e-01 1.454726e+00 3.012677e+00 2.617754e+00 1.369961e+00 -5.851007e-01 1.592562e-01 1.476682e+00 2.313179e-01 -1.865767e+00 -1.874223e+00 1.230865e+00 -4.910733e-01 -8.347003e-01 -2.119029e-01 -2.007911e-01 -5.547410e-02 2.526028e-01 7.016434e-03 3.735563e-01 2.714192e-01 5.031490e-01 9.707866e-01 8.821520e-01 -1.572766e-01 
5.892081e+00 6.459620e+00 -1.646636e+00 6.834267e+00 -8.089745e-02 -5.149277e+00 -7.877316e+00 -5.849940e+00 -7.622153e+00 -7.668373e+00 -4.378245e+00 -6.136567e+00 1.697967e+01 1.373785e+00 -3.996620e-01 1.075291e+00 1.882446e+00 2.323028e+00 1.484780e+00 -6.794621e-01 1.214660e+00 1.781847e+00 1.678934e-01 -3.328144e-01 -3.583860e-01 9.527215e-01 -6.321078e-01 -8.549082e-01 -5.098705e-01 -7.573116e-01 -6.854126e-01 -2.603974e-01 5.255285e-01 4.268397e-01 -2.562509e-01 2.337344e-01 6.823010e-01 6.548636e-01 -2.936157e-01 
5.450416e+00 5.070379e+00 -7.351623e-01 8.291490e+00 -1.970403e+00 -4.350335e+00 -4.420559e+00 -2.798187e+00 -7.547621e+00 -7.746647e+00 -2.582001e+00 -6.048382e+00 1.756982e+01 7.564902e-01 -1.263695e+00 4.539371e-01 1.442524e+00 7.489197e-01 3.589696e-01 3.515876e-01 1.665084e+00 8.767794e-01 1.446453e-01 4.398220e-01 -4.970638e-01 4.235798e-01 -7.088656e-01 -2.893575e-01 -4.206529e-01 -1.146986e+00 -9.169822e-01 -3.087986e-01 6.552748e-01 -3.895402e-02 -4.507046e-01 1.317302e-01 2.294295e-01 3.410727e-01 -3.018275e-01 
6.650991e+00 3.956384e+00 -6.640020e-01 6.022463e+00 4.743407e-01 -4.127363e+00 -6.482238e+00 -2.263912e-01 -6.310820e+00 -5.951884e+00 -3.999822e+00 -6.197166e+00 1.770643e+01 -1.025285e-01 -1.309774e+00 -1.967495e-01 -2.624004e-01 5.998309e-02 3.776029e-01 1.596142e+00 1.291939e+00 5.233094e-01 6.849946e-01 -6.262412e-01 -2.516936e-01 1.935618e-01 -4.506142e-01 1.258808e-01 -2.992116e-01 -1.132766e+00 -1.022245e+00 -1.003009e-01 5.568475e-01 -6.992990e-01 -5.813889e-01 1.014210e-01 2.108788e-01 3.271575e-02 -1.815417e-01 
6.958323e+00 3.192557e+00 -2.609438e+00 6.751811e+00 -8.595024e-01 -4.963387e+00 -4.023088e+00 -5.227812e-01 -2.709587e+00 -6.404847e+00 -4.545437e+00 -6.258670e+00 1.778264e+01 -5.063802e-01 -3.149549e-01 -1.265641e-02 -1.649778e+00 -8.356345e-01 3.795808e-01 1.553568e+00 -7.419854e-02 -1.475935e-01 6.315014e-01 -5.719870e-01 -2.222805e-01 1.012775e-01 -1.255732e-01 3.584050e-01 -6.223736e-02 -1.078908e+00 -9.942042e-01 2.402033e-01 -6.774417e-02 -6.378023e-01 -3.233088e-01 -9.142952e-02 7.684612e-01 -3.133775e-02 2.640443e-03 
4.625578e+00 8.494201e-01 -1.693687e+00 6.292410e+00 -3.364765e-01 -2.954713e+00 -9.519278e-02 -5.283298e-01 -7.424423e+00 -4.914442e+00 -6.527970e+00 -7.289759e+00 1.784106e+01 -2.478475e-01 -2.445617e-01 -1.873924e-01 -2.235290e+00 -1.996008e+00 9.730386e-01 1.503750e+00 -1.412221e+00 -6.131617e-01 4.315225e-01 1.227373e+00 -3.323280e-01 2.061787e-01 1.962847e-01 2.663769e-01 2.103903e-04 -6.979778e-01 -1.279926e+00 -6.463157e-02 -7.026177e-01 4.348643e-02 9.054867e-02 -6.714418e-01 1.306878e+00 -5.547982e-01 1.147498e-01 
3.931604e+00 5.048691e+00 -2.837029e-01 -9.208251e-02 -5.743055e+00 -3.038508e+00 1.536361e-01 -3.018283e+00 -7.728691e+00 -5.107547e+00 -4.177927e+00 -6.613220e+00 1.800886e+01 2.013608e-01 -4.263956e-03 1.380034e-01 -2.965489e+00 -3.193937e+00 1.262221e+00 5.916239e-02 -1.717903e-01 -1.715160e-01 -1.857939e-01 3.355176e+00 -6.133741e-01 4.305095e-01 2.127867e-01 -1.936099e-01 -1.301845e-01 -1.970316e-01 -1.024562e+00 -2.391221e-01 -6.732709e-01 8.844202e-01 4.123266e-01 -9.588309e-01 9.590527e-01 -9.357162e-01 1.449357e-01 
6.925607e+00 1.805682e+00 -2.764202e+00 -1.731888e+00 -7.063335e+00 -2.246320e-01 -1.051547e+00 -6.039981e+00 -6.866745e+00 -4.443202e+00 1.953622e+00 -7.681392e+00 1.862427e+01 5.249936e-01 -1.332855e-01 -2.710806e-01 -3.094400e+00 -5.160515e+00 -3.868865e-01 -1.169760e+00 1.558071e+00 9.879576e-01 -2.263566e+00 3.944624e+00 -2.829982e+00 6.027482e-01 -8.762706e-02 -3.986024e-01 -2.713055e-01 1.337996e-01 -4.071721e-01 -1.405577e-01 -3.123531e-01 1.075583e+00 3.617830e-01 -9.892617e-01 -9.733082e-02 -8.770965e-01 7.836093e-02 
6.815067e+00 2.693329e+00 -1.384159e+00 -4.063739e+00 -1.346638e+01 -1.707072e-02 -3.249099e+00 1.373930e+00 -3.845988e+00 -7.569436e+00 7.989687e+00 -9.129438e+00 1.954365e+01 1.711231e-01 -1.338598e+00 -6.218143e-01 -2.205316e+00 -4.376197e+00 -1.360124e-01 -4.759973e-01 2.862680e+00 1.113551e+00 -2.815088e+00 2.864511e+00 -3.651983e+00 6.276951e-01 -3.503739e-01 -6.057422e-01 -5.739999e-01 3.797981e-01 6.927589e-01 3.350445e-01 2.055804e-01 1.898875e-01 -2.419330e-02 -4.994466e-01 -1.050624e+00 -2.995721e-01 -3.061172e-02 
5.809300e+00 1.360872e+00 -2.498615e+00 -7.194143e+00 -2.227771e+01 -6.399942e+00 -4.242450e+00 5.066089e+00 -4.426026e+00 -1.500119e+01 7.111636e+00 -2.018154e+01 2.008746e+01 -6.709091e-01 -1.570366e+00 -1.164106e+00 -1.946365e+00 -3.440660e+00 9.693952e-01 2.096324e-01 2.448467e+00 5.533659e-01 -3.200149e+00 9.860389e-01 -3.198484e+00 4.993763e-01 -3.894928e-01 -5.464608e-01 -5.314590e-01 4.746015e-01 1.759388e+00 1.120136e+00 2.116023e-01 -5.719423e-01 -3.480445e-01 5.006334e-01 -1.153100e+00 7.629916e-01 -1.068432e-01 
5.345328e+00 -1.421948e+00 -3.525578e+00 -8.387309e+00 -2.001734e+01 -6.306046e-01 -6.308298e-01 5.742561e+00 -3.381694e+00 -1.390415e+01 7.565666e+00 -1.862314e+01 2.041558e+01 -9.526538e-01 -2.314495e+00 -2.285486e+00 -1.640538e+00 -5.901542e-01 2.259263e+00 3.973386e-01 3.323602e-01 -7.521264e-02 -2.214812e+00 -4.187350e-01 -1.927011e+00 3.290971e-01 -1.978076e-01 -2.876703e-01 -2.586251e-01 3.546670e-01 1.882992e+00 9.071500e-01 -2.460336e-01 -9.091474e-01 -4.298294e-01 1.072125e+00 -7.925906e-01 1.182111e+00 -1.190903e-01 
4.305854e+00 -3.988673e+00 -7.513664e+00 -9.301693e+00 -2.099134e+01 4.929245e+00 -1.312817e+00 4.017858e+00 -4.332202e+00 -1.727633e+01 7.095657e+00 -1.892750e+01 2.068485e+01 -8.606065e-01 -2.377535e+00 -2.096557e+00 -1.003755e+00 1.743525e+00 4.016110e+00 -5.483728e-01 -3.636885e-02 -1.580212e-01 -6.063776e-02 -1.792382e-01 1.225127e-01 2.178397e-01 5.321195e-02 -2.332587e-01 2.408660e-01 2.992561e-01 1.589644e+00 3.337813e-01 -5.646932e-01 -6.620827e-01 -4.985316e-01 1.458029e+00 -3.409483e-01 1.113392e+00 -8.834045e-02 
2.803400e+00 -6.204440e+00 -1.030408e+01 -1.121243e+01 -1.705974e+01 5.614535e+00 -2.727213e+00 3.559633e+00 -4.268631e+00 -1.750599e+01 5.903877e+00 -1.939149e+01 2.089043e+01 -7.231137e-01 -2.373319e+00 -1.448709e+00 -9.032401e-01 2.446639e+00 2.876351e+00 -1.327157e+00 -4.405724e-01 -6.798686e-01 9.755961e-01 -5.158954e-01 5.980433e-01 1.730117e-01 1.232964e-01 -9.053852e-02 7.130420e-01 3.029747e-01 7.246130e-01 -2.700045e-01 -5.191479e-01 -2.836574e-01 -4.294004e-01 1.186423e+00 -1.861171e-01 7.794029e-01 -6.129112e-02 
2.777128e+00 -8.135892e+00 -9.592477e+00 -1.080014e+01 -1.503884e+01 1.055748e+01 -5.936124e+00 5.975142e+00 -4.771944e+00 -1.350324e+01 7.046552e+00 -1.918482e+01 2.093941e+01 -5.196314e-01 -2.707344e+00 -3.781091e-01 -8.186136e-01 2.989083e+00 2.329841e+00 -1.751561e+00 -4.756053e-01 -1.637075e+00 2.494736e+00 -6.702282e-01 1.106007e+00 1.356870e-01 1.811388e-02 3.170542e-02 7.650363e-01 2.401265e-01 5.485685e-02 -9.584593e-01 -9.619686e-02 -3.248776e-01 -1.439396e-01 4.672812e-01 -4.525318e-01 2.891493e-01 -6.127350e-02 
2.494582e+00 -1.121486e+01 -9.729742e+00 -1.215430e+01 -1.075970e+01 1.093697e+01 -4.954886e+00 2.560877e+00 -6.560723e+00 -1.091261e+01 5.011017e+00 -1.550410e+01 2.115355e+01 -5.065581e-01 -2.602244e+00 4.203987e-01 -2.183405e-01 2.410078e+00 1.752518e+00 -1.596770e+00 -8.662667e-01 -1.482652e+00 2.439550e+00 -1.103722e+00 1.478312e+00 6.371375e-02 -1.238141e-01 2.651116e-01 5.731481e-01 3.142530e-01 -3.246894e-01 -1.016999e+00 1.189338e-01 -2.146662e-01 3.563497e-01 -3.823636e-02 -5.429944e-01 -3.644228e-02 -6.927375e-02 
1.862569e+00 -1.502019e+01 -9.691245e+00 -1.292389e+01 -9.195704e+00 1.391699e+01 -8.956776e+00 2.139642e+00 -1.137157e+01 -8.099084e+00 4.191035e+00 -1.534084e+01 2.123174e+01 -8.783045e-01 -2.104589e+00 7.940519e-01 -1.454333e-01 2.036137e+00 -2.141893e-01 -8.944919e-01 -1.447843e+00 -4.762209e-01 1.543821e+00 -2.147846e+00 1.127927e+00 -3.387543e-02 -2.009349e-01 5.341402e-01 1.972344e-01 3.772237e-01 -4.912958e-01 -1.006295e+00 2.266964e-01 -1.495762e-01 8.317603e-01 -4.372864e-01 -4.453239e-01 -2.932601e-01 -5.387238e-02 
7.279216e-01 -1.577376e+01 -8.152551e+00 -1.124237e+01 -7.930948e+00 1.269763e+01 -9.201021e+00 1.145973e+00 -8.381946e+00 -8.010478e+00 1.812931e+00 -1.392174e+01 2.106262e+01 -1.162717e+00 -1.349088e+00 8.309547e-01 3.315624e-01 1.299820e+00 -9.366235e-01 -1.160991e+00 -1.027889e+00 5.216226e-01 1.259878e+00 -2.491960e+00 4.049009e-01 -8.859610e-02 -1.356810e-01 5.717184e-01 -1.369111e-01 3.435113e-01 -4.031662e-01 -6.392303e-01 1.291105e-01 9.102060e-02 7.000751e-01 -3.952107e-01 -6.866665e-02 -3.482572e-01 -1.787123e-02 
-7.309113e-01 -1.637946e+01 -6.410485e+00 -1.198349e+01 -6.272439e+00 8.606596e+00 -8.285592e+00 -5.569978e-01 -6.242864e+00 -7.235277e+00 -2.093286e+00 -1.433644e+01 2.081553e+01 -1.196157e+00 -6.631954e-01 4.028410e-01 7.924441e-01 1.087668e+00 -1.357072e+00 -8.359687e-01 -1.142703e+00 1.519619e+00 8.981776e-01 -2.202640e+00 1.763063e-01 -5.748417e-02 1.420479e-02 4.719830e-01 -3.158916e-01 3.538498e-01 -4.402810e-01 -4.515139e-02 1.253867e-02 3.406006e-01 2.872900e-01 -3.982944e-01 3.758235e-01 -1.638906e-01 1.797133e-02 
-2.022695e+00 -1.728051e+01 -7.215024e+00 -1.096653e+01 -5.722287e+00 8.908547e+00 -1.109539e+01 -1.230233e+00 -6.517319e+00 -5.045166e+00 -4.306536e+00 -1.398189e+01 2.091876e+01 -1.026025e+00 -4.643689e-01 -6.848361e-02 1.030322e+00 8.684266e-01 -8.721874e-01 -9.804657e-01 -5.639237e-01 1.019854e+00 7.862255e-01 -1.419628e+00 2.128770e-01 -1.385101e-02 9.892040e-02 3.223607e-01 -2.427632e-01 1.668582e-01 -4.389779e-01 5.052088e-02 1.680029e-01 4.209878e-01 -2.934060e-02 -6.206425e-01 4.682417e-01 3.452703e-02 2.620067e-02 
-2.743436e+00 -1.758257e+01 -8.145940e+00 -9.099478e+00 -4.861455e+00 9.026053e+00 -1.218926e+01 -2.385738e+00 -4.705742e+00 -5.090859e+00 -3.762479e+00 -1.442914e+01 2.101628e+01 -8.757254e-01 -1.871098e-01 -3.356341e-01 1.274398e+00 5.040761e-02 -4.720380e-01 -9.220060e-01 2.309882e-02 7.111622e-01 -2.108476e-01 -8.047830e-01 4.044536e-01 1.864686e-02 6.228662e-02 2.083226e-01 -7.850832e-02 -2.046027e-02 -4.659574e-01 -1.103734e-01 2.191756e-01 5.166721e-01 -2.080664e-01 -7.321413e-01 2.279209e-01 1.380445e-01 1.224427e-02 
-3.396268e+00 -1.749385e+01 -7.627209e+00 -7.532804e+00 -4.294350e+00 8.126942e+00 -1.215161e+01 -7.590609e-01 -4.050733e+00 -5.151651e+00 -4.450734e+00 -1.281106e+01 2.089306e+01 -8.284122e-01 2.475609e-02 -1.360263e-02 9.249617e-01 -3.765092e-01 -1.126497e+00 -2.779971e-01 4.941299e-01 7.790959e-01 -1.288612e+00 -8.497427e-01 4.633916e-01 4.309565e-03 -1.748678e-02 1.602379e-01 2.184440e-02 -1.112999e-01 -3.424021e-01 -3.522468e-01 2.919640e-01 3.804862e-01 -8.760521e-02 -6.560641e-01 -3.402380e-02 1.500100e-01 4.913643e-03 
-4.422854e+00 -1.720796e+01 -7.883075e+00 -7.328626e+00 -6.734855e+00 6.636931e+00 -1.236737e+01 -6.772184e-01 -3.920520e+00 -8.236562e+00 -6.045490e+00 -1.289970e+01 2.092162e+01 -9.836029e-01 1.338754e-01 -1.717726e-02 7.428627e-01 -6.195024e-01 -1.781788e+00 -9.130758e-02 9.115812e-01 5.995240e-01 -1.725022e+00 -1.347974e+00 7.413064e-01 -5.344212e-03 9.697199e-04 8.711398e-02 9.579091e-02 -9.148111e-02 -4.591788e-02 -3.696326e-01 3.717998e-01 2.490743e-01 -3.777646e-02 -2.321418e-01 -6.129108e-02 2.123071e-01 1.759357e-03 
-5.325020e+00 -1.734440e+01 -7.414506e+00 -7.227518e+00 -6.668311e+00 4.470780e+00 -1.239618e+01 3.862714e-01 -3.014732e+00 -9.915303e+00 -7.413426e+00 -1.242937e+01 2.098750e+01 -1.059553e+00 1.764250e-01 -1.185283e-01 7.395948e-01 -5.088249e-01 -1.978532e+00 6.399167e-02 8.942119e-01 6.375546e-01 -1.737098e+00 -1.318145e+00 7.946526e-01 2.270909e-02 8.183209e-02 6.905347e-02 1.530119e-01 -1.567924e-02 1.149935e-01 -1.097086e-01 4.297045e-01 1.432260e-01 -1.234934e-01 1.829757e-01 1.638316e-01 2.795990e-01 -9.191425e-04 
-6.696611e+00 -1.698792e+01 -8.338423e+00 -5.538141e+00 -6.772153e+00 1.944889e+00 -1.252354e+01 1.599112e+00 -2.226003e+00 -1.133419e+01 -9.020653e+00 -1.091349e+01 2.094226e+01 -7.553080e-01 1.726014e-01 1.958282e-01 9.095238e-01 -1.131216e-01 -1.894213e+00 7.660154e-01 1.068493e+00 5.930833e-01 -1.147318e+00 -8.769779e-01 1.300379e+00 1.826453e-02 1.839711e-01 4.723515e-02 2.887245e-01 -1.243354e-01 9.974214e-02 1.221920e-01 4.096140e-01 5.298300e-02 -3.177326e-01 3.309915e-01 4.420920e-01 1.151565e-01 -1.189747e-02 
-7.556643e+00 -1.672214e+01 -7.992343e+00 -4.730263e+00 -6.819624e+00 5.805710e-01 -1.175381e+01 2.573824e+00 -1.710413e+00 -1.228819e+01 -9.553797e+00 -9.830850e+00 2.099629e+01 -5.334163e-01 3.507414e-01 6.449691e-01 7.632587e-01 -5.467388e-02 -1.618772e+00 1.441796e+00 1.131788e+00 1.649323e-01 -6.627187e-01 -2.661315e-01 1.581761e+00 -1.213053e-02 2.211633e-01 8.607866e-02 2.806344e-01 -2.226122e-01 -8.134347e-02 2.821223e-01 1.644792e-01 1.096031e-01 -5.254834e-01 2.950830e-01 6.092716e-01 -1.771734e-01 -3.385412e-02 
-7.083253e+00 -1.665628e+01 -6.614634e+00 -4.029382e+00 -7.224821e+00 -8.887319e-01 -8.858554e+00 3.571192e+00 -1.607383e+00 -1.278645e+01 -9.360104e+00 -7.697220e+00 2.100859e+01 -3.268214e-01 2.829952e-01 1.044696e+00 1.093475e-01 -3.477828e-01 -1.350618e+00 1.267815e+00 1.057748e+00 -7.527096e-01 -6.073070e-01 3.366093e-01 9.234887e-01 -4.744807e-02 1.547087e-01 1.469322e-01 9.033695e-02 -2.652737e-01 -2.742054e-01 3.701819e-01 -2.557896e-01 9.558921e-02 -5.332044e-01 1.119704e-01 6.229612e-01 -5.637448e-01 -4.587212e-02 
-7.799038e+00 -1.575680e+01 -5.051829e+00 -4.165828e+00 -6.715358e+00 -2.205855e+00 -7.019839e+00 5.059153e+00 -2.499142e+00 -1.250275e+01 -8.574417e+00 -6.128879e+00 2.089372e+01 -1.679843e-01 5.516267e-01 8.601825e-01 2.663669e-02 -7.980788e-01 -8.396050e-01 6.354344e-01 1.447673e+00 -1.316881e+00 -5.316942e-01 1.121350e+00 9.723759e-02 -1.136386e-01 1.085535e-01 1.542945e-01 -7.132728e-02 -2.107209e-01 -2.354497e-01 3.498707e-01 -4.922729e-01 1.894936e-02 -3.000745e-01 2.858982e-02 4.969059e-01 -6.675916e-01 -4.606596e-02 
-8.209970e+00 -1.605571e+01 -4.585205e+00 -5.273592e+00 -8.562902e+00 -3.414623e+00 -8.551774e+00 5.645460e+00 -5.595747e+00 -1.426334e+01 -7.827314e+00 -8.147190e+00 2.075623e+01 -1.644269e-01 8.069246e-01 5.398331e-01 -4.841153e-02 -1.112701e+00 -4.327933e-01 -1.097351e-01 1.388353e+00 -1.332063e+00 -6.530132e-01 1.544144e+00 -7.760968e-01 -1.603304e-01 6.577688e-02 1.429443e-01 -1.284574e-01 -1.148959e-01 -3.370715e-02 2.234158e-01 -4.327379e-01 -1.172879e-01 4.443742e-02 9.898655e-02 2.271945e-01 -4.544092e-01 -3.780138e-02 
-7.833241e+00 -1.426425e+01 -4.706139e+00 -3.974902e+00 -1.014088e+01 -2.354664e+00 -8.730210e+00 8.774894e+00 -6.301175e+00 -1.420811e+01 -4.713409e+00 -9.119037e+00 2.055417e+01 -7.184608e-02 8.602588e-01 5.406742e-01 -2.113541e-01 -8.495625e-01 -3.282798e-01 -3.308014e-01 1.061134e+00 -1.045760e+00 -4.969349e-01 1.614610e+00 -9.063869e-01 -1.859941e-01 6.398987e-02 2.564690e-02 -2.669577e-02 -1.703886e-01 1.438552e-01 9.931638e-03 -3.439351e-01 -3.038312e-01 1.453817e-01 1.579413e-01 -1.506361e-01 -2.483622e-01 -2.040875e-02 
-7.888264e+00 -1.336792e+01 -4.088638e+00 -4.367062e+00 -1.107546e+01 -2.977829e+00 -8.552101e+00 8.655136e+00 -6.366500e+00 -1.519867e+01 -3.570345e+00 -1.008229e+01 2.037693e+01 -4.587719e-02 8.433958e-01 5.620168e-01 -3.461254e-01 -4.905444e-01 -4.893181e-01 -4.127719e-01 6.647314e-01 -6.662205e-01 -1.297050e-01 1.226076e+00 -8.467778e-01 -2.002836e-01 1.908120e-01 -1.200791e-02 1.111074e-01 -6.794371e-02 1.651395e-01 -3.836989e-02 -3.621848e-01 -2.004983e-01 -2.104772e-02 2.810037e-01 -4.223590e-01 -1.371056e-01 -9.818106e-03 
-8.319023e+00 -1.279929e+01 -2.596606e+00 -5.676059e+00 -9.707286e+00 -4.065720e+00 -8.673569e+00 8.859973e+00 -7.342875e+00 -1.451962e+01 -2.629937e+00 -9.693372e+00 2.015335e+01 9.268282e-02 6.615303e-01 7.155154e-01 -6.765178e-01 -3.899398e-01 -7.617403e-01 -9.327448e-01 2.902618e-01 -9.229272e-01 -3.533177e-03 5.271476e-01 -1.109147e+00 -1.956957e-01 4.033549e-01 4.566301e-02 3.528539e-01 3.928336e-01 1.402571e-02 -1.490346e-01 -2.881342e-01 -4.039815e-01 -1.546631e-01 3.638162e-01 -5.592542e-01 -2.849721e-01 9.988695e-03 
-8.196587e+00 -1.257137e+01 -2.829918e+00 -6.153620e+00 -1.123228e+01 -5.005766e+00 -1.064390e+01 8.926094e+00 -8.406059e+00 -1.475644e+01 -2.738671e+00 -1.209382e+01 1.995524e+01 7.073094e-01 8.462390e-01 1.008004e+00 -1.556877e-01 -5.166593e-01 -4.079141e-01 -1.619645e+00 7.714494e-01 -1.498907e+00 5.053296e-01 -2.393277e-02 -1.360221e+00 -2.045370e-01 5.392517e-01 1.581290e-01 6.225063e-01 1.043340e+00 -2.810855e-02 -4.455256e-01 1.130697e-01 -1.123667e+00 -2.237943e-01 4.487792e-01 -5.632213e-01 -1.640553e-01 4.243026e-02 
-7.216100e+00 -1.135485e+01 -1.757848e+00 -6.464304e+00 -1.201216e+01 -5.149758e+00 -1.234772e+01 1.009085e+01 -9.896270e+00 -1.444691e+01 -2.493534e+00 -1.365945e+01 1.978634e+01 1.568196e+00 1.087223e+00 2.082073e+00 1.657640e+00 -7.663678e-01 -1.114109e+00 -1.168108e+00 -1.012139e+00 -1.402910e+00 1.004713e+00 -5.567483e-01 -2.074635e+00 -1.339019e-01 4.237660e-01 1.804841e-01 6.383228e-01 1.379279e+00 -4.350469e-02 -6.220771e-01 6.409696e-01 -1.718871e+00 -9.067930e-02 4.231767e-01 -4.115750e-01 1.699341e-01 7.293344e-02 
-4.903183e+00 -9.858740e+00 5.321126e-01 -4.751368e+00 -1.250636e+01 -4.476027e+00 -1.481310e+01 1.189693e+01 -1.258382e+01 -1.270857e+01 -3.758192e+00 -1.490037e+01 1.953772e+01 1.912550e+00 1.421149e+00 2.991289e+00 3.703662e+00 -4.427914e-01 -2.540657e+00 2.702524e-01 -4.302291e+00 -1.545372e+00 1.610066e+00 -1.048062e+00 -1.184302e+00 -1.901243e-02 8.163663e-02 4.547128e-02 2.919514e-01 9.126587e-01 7.884394e-02 -5.740415e-01 9.307820e-01 -1.671696e+00 1.560338e-01 1.344486e-01 -1.947220e-01 5.909747e-01 8.373555e-02 
-2.124312e+00 -8.719507e+00 6.133164e+00 1.911415e+00 -1.290181e+01 -9.901516e+00 -1.242958e+01 2.313962e+00 -1.226816e+01 -1.051965e+01 -4.904374e+00 -1.866385e+01 1.969256e+01 1.608928e+00 1.276441e+00 2.915591e+00 4.290300e+00 -6.443738e-01 -2.805792e+00 1.327228e+00 -5.767198e+00 -1.353225e+00 1.559959e+00 -1.018774e+00 -3.475378e-01 7.618720e-02 -3.102778e-01 -6.131961e-02 -4.076089e-01 -1.533076e-01 1.670701e-01 4.211050e-02 5.854316e-01 -3.188204e-01 1.694740e-01 -1.539548e-01 -2.033428e-02 8.326436e-01 4.944370e-02 
-1.179516e+00 -6.783323e+00 8.180869e+00 8.176640e+00 -1.300142e+01 -1.533327e+01 -9.251769e+00 -8.697319e+00 -1.494650e+01 -8.669658e+00 -6.773497e+00 -1.551314e+01 1.990714e+01 1.095153e+00 9.789860e-01 2.050952e+00 3.091331e+00 -1.832588e-01 -2.432291e+00 1.786644e+00 -5.209615e+00 -7.436619e-01 8.998704e-01 -7.665241e-01 7.310174e-01 1.091152e-01 -4.301473e-01 -1.539995e-01 -8.326081e-01 -1.011891e+00 1.908159e-01 6.758811e-01 -4.673337e-02 1.206431e+00 2.896492e-01 -4.520961e-01 1.690280e-01 2.895336e-01 5.434594e-04 
-1.033286e+00 -6.510049e+00 8.995518e+00 8.523153e+00 -1.498586e+01 -1.374983e+01 -8.492514e+00 -8.448092e+00 -1.548094e+01 -8.666876e+00 -6.079786e+00 -1.509031e+01 1.998269e+01 4.255648e-01 1.001732e+00 5.140748e-01 1.197321e+00 -6.064300e-02 -9.576511e-01 1.000807e+00 -2.152623e+00 -9.563573e-01 5.898579e-01 -7.992712e-01 1.130834e+00 4.923309e-02 -3.442031e-01 -1.201409e-01 -7.758416e-01 -1.194102e+00 3.317943e-01 7.121156e-01 -5.946448e-01 1.645172e+00 3.130980e-01 -5.671654e-01 -4.465619e-03 -2.859052e-01 -2.860285e-02 
2.651198e-02 -6.068789e+00 9.355597e+00 7.399683e+00 -1.238091e+01 -1.471299e+01 -7.848505e+00 -8.769914e+00 -1.469572e+01 -9.135732e+00 -7.002656e+00 -1.303175e+01 1.993833e+01 3.534389e-01 7.884930e-01 2.897744e-02 1.905934e-01 2.195328e-01 -8.531707e-02 1.997832e-01 -7.743687e-02 -2.954221e-01 -1.654800e-01 -3.127123e-01 -4.757029e-01 -2.763499e-03 -2.622797e-01 -4.858906e-02 -4.291520e-01 -8.842338e-01 1.851207e-01 4.344067e-01 -7.925250e-01 9.239464e-01 3.976711e-01 -7.267042e-01 -3.883867e-01 -7.011827e-01 -2.731646e-02 
-5.995519e-01 -4.067934e+00 8.116319e+00 8.286582e+00 -1.351554e+01 -1.499953e+01 -8.127128e+00 -8.412951e+00 -1.717546e+01 -7.337392e+00 -8.785648e+00 -1.425051e+01 1.992317e+01 2.588125e-01 7.710418e-01 4.748137e-02 -2.298344e-01 8.132122e-01 -4.186361e-01 -8.526170e-01 -1.073179e-01 -1.157270e-02 -7.432972e-01 -1.268106e+00 -1.173565e+00 -1.093576e-02 -1.734316e-01 9.887099e-03 8.415581e-02 -4.425398e-01 8.453906e-02 1.795688e-01 -5.212778e-01 -3.926202e-02 4.201905e-01 -7.961272e-01 -4.357692e-01 -4.269656e-01 -8.919398e-03 
3.715163e-01 -4.062019e+00 8.765316e+00 9.248084e+00 -1.263903e+01 -1.513485e+01 -8.435545e+00 -9.102369e+00 -1.557696e+01 -1.016205e+01 -6.984338e+00 -1.831156e+01 1.992317e+01 -1.328552e-01 8.513371e-01 1.386342e-01 -6.162314e-01 3.053390e-01 -5.297078e-01 -1.249253e+00 -1.612557e+00 7.723486e-01 -2.067085e+00 -2.473911e+00 -1.622479e+00 2.636881e-03 -1.713654e-01 1.494630e-01 3.104039e-01 -1.099106e-01 -2.424745e-02 1.836908e-01 -1.641364e-02 -5.224575e-01 -1.193469e-01 -3.045673e-01 -5.721216e-02 2.412876e-01 -5.130731e-03 
8.847396e-02 -3.658220e+00 9.528248e+00 6.449961e+00 -1.079106e+01 -1.563185e+01 -1.246199e+01 -8.818464e+00 -1.509864e+01 -1.186979e+01 -1.242958e+01 -1.831879e+01 1.993569e+01 -1.984889e-01 1.019673e+00 8.800532e-01 -6.119493e-01 3.191426e-01 1.624341e-01 -8.809572e-01 -1.581351e+00 6.105651e-01 -2.440071e+00 -1.897433e+00 -4.306326e-01 1.920017e-03 -6.601537e-02 8.742074e-02 2.353666e-01 3.391798e-01 -6.918101e-02 1.789704e-01 4.649153e-01 -4.033655e-01 -5.376368e-01 2.257413e-01 5.185298e-01 5.012888e-01 -2.599484e-02 
-9.817334e-01 -2.016605e+00 9.342764e+00 5.236671e+00 -1.221645e+01 -1.704528e+01 -1.192733e+01 -1.663003e+01 -1.187226e+01 -1.720442e+01 -1.755057e+01 -1.911020e+01 1.994514e+01 -2.747058e-01 1.411443e+00 1.164551e+00 -1.678576e-01 3.453819e-01 5.425969e-01 1.319192e-01 -1.952877e+00 -1.203403e+00 -8.400138e-01 -2.840721e-01 3.593833e-01 -3.483124e-02 5.212298e-02 -1.645593e-02 -1.287910e-02 6.529300e-01 1.495021e-01 2.070225e-02 5.649731e-01 1.284422e-01 -6.179204e-01 7.237119e-01 7.162734e-01 4.331737e-01 -6.458638e-02 
-9.158058e-01 7.909801e-03 1.222806e+01 7.232316e+00 -1.213126e+01 -1.323213e+01 -1.078600e+01 -1.255547e+01 -1.597461e+01 -1.601599e+01 -1.299000e+01 -1.600427e+01 1.992163e+01 -4.316452e-04 9.281029e-01 7.113099e-01 1.241945e+00 4.473545e-01 -5.981326e-02 7.813293e-01 -1.954054e+00 -1.712062e+00 -2.282273e-01 2.295058e-01 3.420486e-01 -1.221932e-01 -1.341015e-02 -2.417713e-01 -2.097213e-01 6.966949e-01 2.289442e-01 -2.389891e-01 3.330653e-01 3.473765e-01 4.965621e-02 6.436585e-01 1.589704e-01 1.834912e-01 -1.157070e-01 
-5.004127e-01 1.162522e+00 1.323830e+01 8.017126e+00 -1.024176e+01 -1.362173e+01 -8.613981e+00 -1.699809e+01 -2.115593e+01 -1.228859e+01 -8.124285e+00 -1.767210e+01 1.975581e+01 2.873888e-02 8.147679e-01 1.585050e-01 1.721532e+00 9.888039e-01 -3.150595e-01 7.444108e-01 -7.839835e-01 -1.155865e+00 4.456294e-01 4.383098e-02 1.569585e-01 -2.582541e-01 -1.768940e-01 -6.313184e-01 -1.526366e-01 6.248568e-01 2.146582e-01 -1.026611e-01 -9.155840e-03 7.319618e-01 8.006620e-01 4.745695e-02 -4.292876e-01 3.316870e-01 -1.691007e-01 
-1.544170e-01 -6.072524e-01 1.113694e+01 1.126925e+01 -9.541562e+00 -1.764293e+01 -1.021205e+01 -1.840513e+01 -1.901729e+01 -1.546886e+01 -1.599518e+01 -1.732750e+01 1.941934e+01 -4.172678e-01 1.091691e-01 3.345026e-01 1.926731e+00 1.142012e+00 -6.036168e-01 4.781018e-01 -4.287966e-01 8.350684e-01 1.353912e-01 -1.266593e+00 5.878661e-01 -4.649501e-01 -4.101551e-01 -7.070881e-01 -1.258668e-01 7.013420e-02 1.182272e-01 2.997741e-01 -7.715828e-02 7.804713e-01 7.734957e-01 -4.537747e-02 -2.986505e-01 2.658222e-01 -2.125206e-01 
-1.218180e+00 2.364849e+00 1.068120e+01 1.182583e+01 -8.567564e+00 -1.641490e+01 -8.492186e+00 -1.762508e+01 -1.613069e+01 -1.524993e+01 -1.582876e+01 -1.766396e+01 1.890496e+01 -9.507861e-01 -1.335656e+00 5.897727e-01 2.613997e+00 1.071377e+00 3.012998e-01 2.376548e-01 9.442590e-01 1.526060e+00 -7.844892e-01 -1.682361e+00 1.894904e+00 -7.089708e-01 -5.545961e-01 -6.906765e-01 -3.595232e-01 -4.887973e-01 -1.033517e-01 6.174073e-01 4.071239e-03 7.856045e-01 4.602251e-01 6.567490e-02 1.703690e-01 2.254800e-01 -2.712185e-01 
-2.642810e+00 -4.729706e-02 1.517907e+01 1.496164e+01 -7.258305e+00 -1.485409e+01 -8.456498e+00 -1.438606e+01 -1.431166e+01 -1.385846e+01 -1.547100e+01 -1.306883e+01 1.802248e+01 -1.561411e+00 -1.532130e+00 -1.336679e-01 1.146388e+00 9.971358e-01 1.130954e+00 6.489056e-01 1.083949e+00 8.142129e-01 1.601065e-01 -4.005782e-01 8.021457e-01 -9.593955e-01 -5.081058e-01 -4.009798e-01 -9.261889e-01 -9.641629e-01 -1.419628e-01 8.713477e-01 2.675873e-01 7.615808e-01 1.152128e-01 4.967788e-01 8.722221e-01 7.399102e-02 -3.476087e-01 
-4.009939e+00 -5.795909e+00 1.416611e+01 1.924103e+01 -6.026608e+00 -1.351000e+01 -8.303599e+00 -1.428619e+01 -1.587816e+01 -1.701648e+01 -1.679840e+01 -1.032695e+01 1.690939e+01 -2.172124e+00 -1.817820e+00 -1.405077e+00 -3.323778e-01 5.446015e-01 1.904604e+00 6.793427e-01 2.387528e+00 1.155722e+00 7.617360e-01 4.627342e-01 1.177247e+00 -1.367100e+00 -3.233174e-01 5.045613e-02 -9.430507e-01 -1.017858e+00 -1.000698e-01 6.505170e-01 4.855317e-01 7.443330e-01 5.670317e-01 1.106938e+00 1.335095e+00 2.547063e-02 -3.150614e-01 
-6.565747e+00 -4.187418e+00 8.726431e+00 1.329336e+01 -5.826553e+00 -1.344065e+01 -7.062075e+00 -1.465471e+01 -1.507189e+01 -1.378495e+01 -1.751316e+01 -1.698516e+01 1.562015e+01 -2.347147e+00 -1.654681e+00 -3.299102e+00 -1.420915e+00 6.956950e-01 2.951405e+00 1.595189e+00 2.657487e+00 1.596294e+00 1.846272e+00 2.021841e+00 1.316595e+00 -1.873876e+00 1.040581e-01 2.315980e-01 -2.973027e-01 -2.765112e-01 -1.831101e-02 3.642648e-01 4.660197e-01 6.211343e-01 7.020769e-01 7.902135e-01 1.042196e+00 4.081451e-01 -1.265443e-01 
-1.011741e+01 -4.654310e+00 6.882097e+00 1.099832e+01 -6.560654e+00 -7.598597e+00 -5.792720e+00 -5.553550e+00 -9.971680e+00 -1.147802e+01 -1.249349e+01 -9.819544e+00 1.327053e+01 -2.174436e+00 -1.022220e+00 -2.542649e+00 -1.191714e+00 7.218099e-01 2.643590e+00 2.192176e+00 3.879224e+00 3.970294e+00 3.907002e+00 3.781861e+00 1.765173e+00 -1.827041e+00 5.660569e-01 5.548849e-01 3.925314e-01 2.027773e-01 -7.091850e-02 -3.024161e-01 9.242708e-02 -2.130235e-01 1.155703e-01 2.600673e-01 1.998155e-01 5.162316e-03 1.889548e-01 
-1.132492e+01 -8.891437e+00 2.325507e+00 1.197897e+01 -3.513202e+00 -3.052474e+00 -1.735826e+00 -5.464772e+00 -9.282912e+00 -7.396595e+00 -7.513975e+00 -6.739392e+00 1.047243e+01 -1.039899e+00 -7.719225e-01 -1.051295e+00 1.936359e-01 8.169429e-01 2.582797e+00 2.222549e+00 3.443815e+00 2.917398e+00 2.538524e+00 3.150913e+00 2.548926e+00 -1.362130e+00 7.282563e-01 7.142852e-01 8.200758e-01 3.014627e-01 -3.200560e-01 -1.058353e+00 -5.747121e-01 -8.445708e-01 -8.173069e-01 -5.484605e-01 -5.795370e-01 -2.803067e-01 4.548311e-01 
-1.250270e+01 -8.555069e+00 4.653186e+00 1.393976e+01 -3.574236e+00 -5.485902e+00 -5.810825e-03 5.148150e-01 1.079293e+00 -6.760674e-01 -2.888715e+00 -6.624073e+00 1.034790e+01 4.548689e-03 5.151556e-01 -5.663025e-01 -1.256008e-01 1.293742e-01 5.769490e-01 8.277793e-01 9.290977e-01 1.073066e+00 1.715924e+00 8.974165e-01 5.867478e-01 -6.781934e-01 5.328855e-01 6.069958e-01 4.864757e-01 1.151250e-01 -3.319772e-01 -1.058387e+00 -7.161866e-01 -1.286854e+00 -1.433911e+00 -9.410187e-01 -9.650785e-01 -3.073661e-01 4.357820e-01 
-1.057246e+01 -6.096786e+00 4.583970e+00 1.279077e+01 -3.235159e+00 -1.582690e+00 1.157137e+00 -4.700691e-01 -6.010498e+00 -6.493453e+00 -6.561097e+00 -5.838546e+00 1.027081e+01 2.045625e-01 1.148008e+00 -1.868667e-01 -4.467531e-01 -6.085590e-01 -1.307001e+00 -5.962207e-01 -9.024303e-02 -1.041773e+00 1.994928e-01 5.663792e-01 5.042121e-01 -1.741419e-01 1.053146e-01 5.090626e-01 1.706010e-01 -1.059059e-01 -1.168173e-01 -6.796866e-01 -4.793351e-01 -7.864107e-01 -6.856933e-01 -3.414089e-01 -4.810843e-01 -1.889193e-01 2.866319e-01 
-1.047084e+01 -3.476038e+00 2.921231e+00 9.964180e+00 -6.052463e+00 -5.448820e+00 -3.100456e+00 -3.405301e+00 -6.242426e+00 -3.349736e+00 -8.482832e+00 -7.336339e+00 9.980233e+00 -1.323216e-01 1.052713e+00 -5.425417e-01 -2.958678e-01 -2.252914e-01 -7.034459e-01 2.059175e-02 -7.881050e-01 -1.219505e+00 3.715965e-01 2.486353e-01 1.250612e+00 -2.421485e-01 -8.740368e-02 3.352830e-01 4.997770e-02 -5.204779e-02 3.961299e-01 3.705809e-01 1.493324e-01 1.968688e-01 1.634688e-01 -1.652901e-02 1.723247e-01 2.223515e-01 1.322129e-01 
-1.131798e+01 -5.691016e+00 2.256680e+00 1.173307e+01 -5.316666e+00 -9.606307e+00 -3.169539e+00 -3.955541e+00 -1.083099e+01 -5.062251e+00 -1.885172e+00 -3.862293e+00 9.785640e+00 -4.449265e-01 1.504680e+00 -2.102069e-01 -2.507938e-01 4.101718e-01 -1.753611e-01 2.294578e-01 3.703370e-01 6.352544e-01 1.503757e+00 1.069906e+00 1.272420e+00 -1.469967e-01 -2.594717e-02 2.254245e-01 -1.951474e-02 -1.578844e-01 5.811731e-01 1.008573e+00 2.687706e-01 4.340776e-01 8.241824e-01 1.487714e-01 1.788621e-01 2.271815e-01 4.537309e-02 
-1.279169e+01 -3.494177e+00 3.103992e+00 1.298906e+01 -3.659853e+00 -4.991319e+00 2.260497e+00 -1.682910e+00 -2.607872e+00 4.662713e-01 -3.983454e+00 -1.358737e+00 9.379761e+00 -1.076867e-01 2.013217e+00 -3.047242e-01 -4.838265e-01 1.600764e+00 1.863902e+00 1.161635e+00 1.683189e+00 1.051904e+00 9.812388e-01 1.507290e+00 1.314247e+00 -3.072122e-02 6.873663e-02 -2.880303e-02 -3.789175e-03 -2.226531e-01 4.974838e-01 7.675310e-01 -4.775893e-02 2.177099e-01 5.038342e-01 -2.632625e-01 1.423754e-01 2.492175e-02 7.025494e-02 
-1.163672e+01 1.436190e+00 3.441906e+00 1.002455e+01 -2.380686e+00 -2.688399e+00 -3.757801e-01 5.203636e-01 -4.650939e+00 -8.822844e-01 -3.461611e+00 -2.464896e+00 9.835936e+00 6.262294e-02 1.794881e+00 -4.033417e-01 -1.142245e+00 1.384383e+00 2.452155e+00 1.771619e-01 8.446065e-01 1.943630e+00 6.383856e-01 8.311658e-01 1.608154e+00 -5.303961e-02 2.646258e-02 -3.867155e-01 4.220582e-02 5.231769e-02 2.535105e-01 3.541590e-01 -4.397225e-02 -2.457225e-01 -5.843716e-02 -5.461072e-01 -1.301857e-01 -1.046123e-01 4.843926e-02 
-1.085005e+01 3.026937e+00 8.054769e-01 8.399468e+00 4.832415e-01 4.120177e-01 1.311018e+00 2.772650e+00 -4.073092e+00 -5.338214e-01 -1.582996e-01 -1.463654e+00 9.801454e+00 -4.240875e-02 7.636887e-01 -4.649514e-01 -9.635266e-01 1.774863e+00 1.820493e+00 -1.920233e-01 6.328366e-02 6.453754e-01 -5.121703e-01 1.079741e+00 1.207443e+00 6.213665e-02 -3.745107e-02 -4.103743e-01 1.406042e-01 2.924319e-01 -2.526798e-01 -3.920714e-01 -2.770371e-01 -4.280565e-01 -3.408954e-01 -3.042833e-01 -2.385284e-01 -4.807552e-01 3.545206e-02 
-1.197577e+01 2.289452e-02 1.389535e+00 8.317013e+00 -4.665973e-01 -4.741031e-02 -1.809165e+00 -1.960342e+00 -3.793513e-01 -1.370212e+00 3.580864e-01 4.231303e+00 9.309479e+00 -3.453198e-01 1.958371e-01 8.101974e-02 2.506545e-01 1.590566e+00 1.617192e+00 6.865230e-01 -4.829182e-02 5.463118e-01 -4.801195e-01 6.326299e-01 8.029285e-01 4.880297e-02 -9.501063e-03 -1.146192e-01 1.851903e-01 3.476385e-01 -5.429863e-01 -7.161537e-01 -1.698793e-01 -2.062822e-02 -5.618005e-01 1.230472e-01 -1.543798e-01 -6.837285e-01 3.462385e-02 
-1.283382e+01 1.031209e+00 1.805609e+00 9.024764e+00 4.257589e+00 2.790545e+00 2.017234e+00 -1.265156e-01 -1.516191e+00 -1.850590e+00 -4.946326e-01 1.330687e+00 9.953658e+00 -9.096701e-02 7.607475e-01 1.561920e-01 2.819810e-01 2.343313e-01 3.209741e-01 -4.781577e-01 -1.060934e-02 4.608661e-02 1.903781e-02 4.138837e-01 -6.868510e-01 9.563813e-02 5.005675e-02 1.341484e-02 -1.099594e-01 6.433158e-02 -7.441014e-01 -6.448815e-01 -3.235291e-01 1.948668e-01 5.244433e-02 5.933055e-01 -1.619949e-02 -3.102751e-01 -2.826804e-02 
-1.237134e+01 3.413385e+00 3.347026e+00 1.096495e+01 3.684974e+00 4.208319e+00 2.703805e+00 1.728118e+00 -3.197555e+00 -2.624202e+00 -1.298497e-01 1.526225e-01 1.000373e+01 3.941103e-02 1.223205e+00 2.120192e-01 -2.677601e-02 -5.604329e-01 -3.788710e-01 -5.291193e-01 7.785149e-01 -5.656235e-01 9.882358e-01 3.921604e-01 -8.633296e-01 1.033803e-01 5.465176e-03 -2.130509e-01 -4.212892e-01 -5.712600e-01 -4.293252e-01 -4.655044e-01 -3.479058e-01 7.680141e-02 2.997293e-01 6.458089e-01 -1.474672e-02 -2.524526e-02 -6.581990e-02 
-1.110731e+01 5.135445e+00 6.075503e-01 8.485361e+00 -4.203980e-01 -1.104974e-01 -3.336517e+00 8.759391e-01 -2.433817e+00 1.885340e-01 2.155110e+00 -2.858338e+00 9.932573e+00 1.548764e-02 3.172114e-01 -1.080312e+00 -5.030956e-01 -8.699570e-01 -4.059363e-01 -1.201850e+00 6.241050e-01 1.463647e+00 1.720326e+00 1.119081e+00 4.891141e-01 -1.064699e-01 -1.598057e-01 -5.672055e-01 -2.593523e-01 -6.448143e-01 1.114220e-01 5.916397e-02 1.017097e-01 -3.118905e-01 3.198896e-01 7.261313e-02 -3.244092e-01 1.108753e-01 -9.188241e-02 
-1.264199e+01 4.086120e+00 3.048386e+00 8.452968e+00 -9.294370e-01 -4.909462e-01 -1.778062e+00 1.430803e+00 -2.748607e+00 2.551089e+00 9.937283e-01 2.009035e+00 9.837034e+00 -3.711997e-01 -6.477050e-01 -1.407180e+00 -2.213091e+00 -3.936305e-03 -3.468091e-01 -6.912176e-01 1.838851e-02 1.336060e+00 1.898185e+00 2.062694e-01 8.884982e-02 -1.793034e-01 -1.445323e-01 -4.920876e-01 1.240151e-01 -3.975082e-01 2.667830e-01 1.481545e-01 1.456510e-01 -6.790739e-01 -1.125553e-01 -7.448005e-01 -6.588244e-01 -3.366759e-01 -7.436643e-02 
-1.262117e+01 2.280461e+00 -3.446640e+00 7.765339e+00 2.214652e+00 3.110796e+00 -1.751215e+00 3.143022e+00 5.577546e+00 4.163078e+00 4.538670e+00 2.847925e+00 9.504731e+00 -6.846940e-01 -1.139869e+00 -3.310081e-01 -1.849005e+00 5.131392e-01 6.008914e-01 1.113948e-01 -1.190101e+00 6.947539e-01 -7.293895e-02 -1.115178e+00 -6.084533e-01 -2.225064e-01 -1.581145e-02 1.978012e-02 7.231318e-01 1.042144e-01 5.239540e-02 1.807608e-02 1.600088e-01 -6.764559e-01 -1.036711e+00 -1.071506e+00 -7.734811e-01 -4.771875e-01 -1.515748e-02 
-1.347029e+01 1.602600e+00 -1.661801e+00 2.598302e-01 2.347316e+00 8.637405e-01 -1.544949e+00 6.868229e-01 -5.227167e-01 4.879474e+00 -2.908062e-01 -2.256417e+00 9.321339e+00 -3.330468e-01 -5.086833e-01 4.573014e-01 -1.341359e+00 8.186988e-02 -1.414254e-01 -4.575698e-01 -1.709707e+00 -7.439686e-01 -1.839231e+00 -1.784818e+00 -1.997915e+00 -2.104631e-01 2.059737e-01 4.084069e-01 4.368902e-01 7.152061e-01 -2.009411e-01 -7.822780e-02 -7.823643e-02 -2.119288e-02 -5.653036e-01 -5.942286e-01 5.755627e-02 2.244921e-01 1.714311e-02 
-1.411668e+01 6.778845e-01 1.307487e+00 3.336735e+00 5.069768e-01 2.216982e+00 -2.895828e+00 -4.702758e+00 -7.245294e-02 -1.340412e+00 -2.778813e+00 -3.768229e+00 9.077988e+00 -8.260716e-02 3.466236e-01 1.603073e+00 -4.179057e-01 -6.509647e-01 -4.181156e-01 -5.186347e-01 -1.893998e+00 -2.679849e+00 -1.768358e+00 -1.752719e+00 -8.533762e-01 -1.666388e-01 2.224477e-01 4.449114e-01 -2.004042e-01 5.374088e-01 -1.857380e-01 -2.146555e-01 -4.473484e-02 7.628128e-01 2.115818e-01 4.613979e-01 7.622590e-01 6.930652e-01 4.132010e-02 
-1.355952e+01 2.343949e+00 2.958172e+00 3.960558e+00 3.340477e-01 -7.514814e-01 -3.493344e+00 -3.195377e+00 -3.642996e+00 -3.892893e+00 -4.271461e+00 -4.672692e+00 8.998041e+00 3.575299e-01 6.511380e-01 -1.898105e-01 6.474185e-01 -4.265007e-01 -2.284506e-01 -7.673422e-01 2.643551e-01 1.969822e-01 -2.251802e-01 8.126848e-01 1.333706e+00 -1.215241e-01 8.336780e-02 2.032994e-01 -4.606940e-01 3.438791e-01 7.324535e-02 7.013403e-02 1.809144e-01 1.042423e+00 9.861794e-01 1.201071e+00 8.520510e-01 7.800615e-01 6.440453e-02 
-1.298947e+01 3.642888e+00 2.259013e+00 3.825585e+00 -3.342671e-02 1.827384e+00 -3.370239e+00 -4.386024e+00 -6.261278e+00 -2.926389e-01 -2.234366e+00 -2.109720e-01 8.833098e+00 8.218854e-02 5.047632e-01 -1.009556e+00 -1.563638e-01 -1.613720e-01 -4.288377e-01 4.264120e-02 1.636969e+00 1.282388e+00 1.427016e+00 1.397269e+00 1.190891e+00 -6.030384e-02 -1.031080e-02 7.164603e-03 -2.599886e-01 6.988902e-02 2.216564e-01 9.722677e-02 2.495217e-01 8.103470e-01 9.672345e-01 6.992049e-01 3.423541e-01 -1.810991e-02 8.251965e-02 
-1.224642e+01 3.375529e+00 -3.086562e+00 3.252316e+00 4.849369e-01 -8.449203e-02 -5.144455e+00 1.850188e+00 3.556401e+00 3.229738e+00 3.500442e+00 2.633567e+00 8.836173e+00 1.347046e-03 4.286837e-01 -5.399133e-01 2.472740e-01 2.032421e-01 2.144827e-01 1.664231e-01 1.736916e+00 2.205857e+00 2.568317e+00 9.003345e-01 8.803197e-01 5.840895e-02 -7.777057e-02 4.125333e-02 4.386627e-01 1.197404e-03 4.332181e-02 1.617175e-01 2.686917e-01 -1.646680e-01 -4.350482e-01 -2.256905e-01 -3.758706e-01 -6.512901e-01 6.650152e-02 
-1.436255e+01 2.686231e+00 -7.180527e-01 2.908747e+00 -3.754704e-01 -2.607506e-01 -1.857294e+00 9.596311e-01 2.739613e+00 2.233618e+00 3.214522e-01 -1.466820e+00 8.857477e+00 4.394669e-02 4.936846e-01 4.783286e-01 1.317718e-01 1.424316e-01 -1.535007e-01 2.621189e-01 1.421325e+00 1.152041e+00 3.309688e-01 -8.477965e-02 -7.171588e-01 1.559503e-01 1.674570e-02 7.219777e-02 4.980199e-01 8.558062e-02 -6.087964e-02 1.911704e-01 1.225627e-01 -6.775339e-01 -9.291178e-01 -6.873876e-01 -3.639132e-01 -5.823516e-01 2.965452e-02 
-1.286654e+01 4.965880e+00 1.746892e+00 5.654844e+00 1.521240e+00 1.365548e+00 -3.417713e+00 2.816577e+00 2.886048e+00 7.685455e+00 -1.047653e+00 3.570314e-01 9.277852e+00 -1.217100e-02 8.629059e-01 1.259699e+00 5.093793e-01 -3.618352e-01 4.423514e-01 4.664734e-01 -4.513178e-01 -1.913257e+00 -8.054802e-01 -3.256814e-01 -9.687918e-01 1.028068e-01 -2.667315e-02 -1.033458e-01 1.836904e-01 -7.186661e-02 -4.934460e-02 -2.663525e-02 8.651039e-02 -7.352833e-01 -7.691225e-01 -6.101744e-01 -3.403983e-03 -1.762403e-01 -1.579187e-02 
-1.246007e+01 5.316444e+00 2.233737e+00 3.282746e+00 1.606947e-01 3.354464e-01 -2.923002e+00 2.237206e+00 -1.662762e-01 -8.655963e-01 -3.843403e-01 -2.658451e+00 9.391841e+00 1.726350e-01 6.485890e-01 5.809413e-01 1.404486e-01 -1.832588e-01 4.129960e-01 5.053618e-01 -6.566579e-01 -1.303540e+00 -3.230254e-01 1.908146e-01 -7.962275e-01 6.572098e-02 -6.118485e-02 -2.753232e-01 -8.228064e-02 -3.954355e-02 1.143178e-01 -1.101121e-02 -4.678596e-02 -4.347298e-01 1.164282e-01 1.588745e-01 2.003742e-01 5.718191e-01 -4.166054e-02 
-1.325863e+01 6.374839e+00 1.736004e+00 5.612143e+00 -1.592332e+00 1.829310e+00 -2.279321e+00 -1.045278e+00 -4.557115e+00 7.515580e-01 2.224870e+00 -1.614700e+00 9.082819e+00 -1.963544e-01 -1.654428e-01 3.273533e-01 -1.163606e-01 1.194256e-01 -2.018018e-01 4.773393e-01 -9.002693e-01 -4.118142e-01 -1.554359e-01 7.455695e-01 3.863505e-02 2.457294e-02 -2.896276e-02 -3.597206e-01 -1.260941e-01 -9.593524e-02 2.383557e-01 -1.060519e-01 -2.130843e-01 1.084737e-01 9.199794e-01 2.394149e-01 8.052113e-02 8.309970e-01 -2.906101e-02 
-1.330325e+01 5.224564e+00 2.192130e+00 3.632695e+00 2.649608e-01 1.572146e+00 1.002689e-01 -3.928505e-01 -5.666959e-02 4.085598e+00 -3.609568e-01 -4.462405e+00 9.283563e+00 -1.699409e-01 -3.686812e-01 5.331044e-01 2.468232e-01 4.734694e-01 1.136126e-01 2.268867e-02 -5.277131e-01 9.835105e-01 8.003324e-01 3.814609e-01 1.638238e+00 -1.327751e-02 -6.345867e-03 -1.744758e-01 4.528102e-03 3.037397e-02 6.489571e-02 3.083657e-03 -2.984160e-01 2.027721e-01 5.682470e-01 -1.111893e-01 -7.542760e-02 7.416953e-01 -2.796847e-02 
-1.342667e+01 4.184703e+00 3.404576e+00 4.898501e+00 2.065882e+00 -2.621953e-01 -2.542556e+00 -3.697311e-01 7.719560e-01 4.432471e+00 2.668768e+00 1.451885e+00 9.454875e+00 1.433149e-02 -4.270154e-01 6.530646e-01 -2.339546e-02 5.015740e-01 6.177220e-02 -3.576165e-01 2.663155e-02 1.543082e+00 -1.701070e-01 -1.852897e-02 1.968940e+00 -3.050245e-03 6.694961e-02 4.205857e-02 1.339077e-02 7.234083e-02 -8.621811e-02 1.179702e-01 -2.685170e-01 2.009754e-01 1.520303e-01 -3.104506e-01 -1.285653e-01 4.125909e-01 -2.167752e-02 
-1.322542e+01 4.567997e+00 4.064850e+00 4.873961e+00 6.989791e-01 1.949224e+00 -2.678102e+00 -7.391782e-01 2.086797e+00 1.295907e+00 1.301222e+00 3.999308e+00 9.139704e+00 3.558684e-02 -9.299077e-02 4.405848e-01 2.458091e-01 -4.994832e-02 2.966154e-01 -5.692149e-01 -1.061403e-01 5.601133e-01 -8.716131e-01 1.956780e-01 1.947132e+00 -6.030384e-02 4.324376e-02 8.853274e-02 -3.973981e-02 2.673712e-02 -1.598203e-01 6.006151e-02 -1.395333e-01 7.105214e-02 -1.829733e-01 -4.045428e-01 -1.575249e-02 5.961054e-02 -1.513986e-02 
