-1.574551e+01 1.022796e+00 -1.741185e-01 -3.629938e-01 4.627790e-01 4.618078e+00 -1.386376e+00 5.469336e+00 1.876823e+00 1.771432e+00 3.340217e+00 3.636148e+00 7.723540e+00 2.103316e-01 2.175817e-02 -5.594699e-01 8.337840e-01 -3.112803e-01 -9.373574e-01 8.525560e-01 -8.920842e-01 -7.119864e-01 6.689898e-01 2.265162e-01 -3.785971e-01 -8.881930e-03 -8.021917e-02 7.462525e-02 1.092468e-01 6.297887e-02 -5.150259e-02 -1.622609e-01 -1.367300e-01 -1.697365e-01 1.576945e-01 -3.516028e-01 -2.903435e-01 -7.175132e-02 -3.790311e-02 
-1.487272e+01 8.916903e-01 -1.637209e+00 1.351820e+00 4.043205e-01 5.906102e+00 5.282763e-01 3.695948e+00 2.418616e+00 3.572161e+00 2.993432e+00 3.742806e+00 7.707610e+00 1.379285e-01 1.890914e-01 -4.319966e-01 1.141278e+00 -5.776985e-01 -1.383961e+00 7.317694e-01 -9.758859e-01 -2.502084e-01 -2.226083e-01 -8.090210e-01 -1.773356e-01 -6.547322e-02 -1.377815e-01 4.870094e-02 1.560149e-01 -8.051303e-02 6.680547e-02 -1.417998e-01 -3.166049e-01 7.394952e-02 2.164349e-01 -3.565172e-01 -3.496840e-01 -3.653723e-01 -5.025198e-02 
-1.513075e+01 1.197102e+00 -2.239842e+00 2.948710e+00 -1.063920e+00 -7.129353e-01 1.918919e+00 1.895480e+00 -1.953773e+00 4.215877e+00 4.646293e+00 1.689859e+00 7.687034e+00 -1.546692e-01 3.113866e-01 -7.704345e-02 9.949042e-01 -4.356385e-01 -1.525388e+00 2.292220e-01 -1.698979e+00 -1.544644e-01 -6.431791e-01 -7.073818e-01 -8.381526e-01 -1.701379e-01 -1.567786e-01 -8.874875e-02 9.045449e-02 -3.406394e-01 1.388708e-01 4.134677e-02 -4.403471e-01 3.616074e-01 2.893979e-01 -1.897857e-01 -2.147601e-01 -3.019226e-01 -3.704851e-02 
-1.536338e+01 1.881180e+00 -1.300918e+00 3.687374e+00 -1.662060e+00 3.632369e-01 6.197006e-01 2.376740e+00 2.541493e+00 -5.641847e-01 -1.357969e+00 3.722862e+00 7.414680e+00 -2.960749e-01 1.205699e-01 -2.050046e-02 3.506417e-01 8.484013e-02 -1.352289e+00 -4.187282e-01 -1.188819e-01 9.152821e-02 -4.574712e-01 -1.054907e+00 -1.975635e+00 -1.795309e-01 -8.505862e-02 -2.357040e-01 -4.534325e-02 -5.516335e-01 1.501797e-01 2.349202e-01 -2.118767e-01 4.848680e-01 -8.351250e-03 1.714778e-01 2.197747e-01 -1.583855e-01 5.809336e-03 
-1.627385e+01 2.084788e+00 -7.269809e-01 3.443746e+00 -6.818213e-01 -2.376037e-01 -2.860717e-01 -2.366222e+00 1.043362e+00 6.236708e-01 1.978869e+00 -5.443199e-01 7.019313e+00 -3.566180e-01 -3.877829e-01 -3.128740e-01 -4.740756e-01 5.166309e-02 -7.465528e-01 -7.739952e-01 4.874310e-01 5.642070e-01 -1.625410e-01 -7.242748e-01 -9.892255e-01 -1.370583e-01 9.132572e-02 -1.851262e-01 -4.542829e-02 -4.977593e-01 2.280622e-02 3.642309e-01 -4.927339e-02 4.237849e-01 -1.020121e-01 4.894019e-02 2.383998e-01 4.196024e-01 4.641676e-02 
-1.578155e+01 1.050970e+00 -2.496320e+00 2.857401e+00 6.373072e-01 -1.092578e+00 -4.630786e-01 5.232188e+00 1.377446e+00 3.080893e+00 -9.473128e-01 -5.018313e+00 7.143653e+00 -1.864336e-01 -6.397471e-01 -5.408570e-01 -8.825018e-01 -7.057980e-02 -5.989679e-01 1.740440e-01 3.552328e-01 -6.511777e-01 3.944825e-01 2.983112e-01 -8.936643e-01 -5.292979e-02 1.251417e-01 2.221747e-02 1.201735e-01 -2.559629e-01 -1.415614e-01 3.811146e-01 4.621299e-02 -3.228423e-01 -8.229709e-02 -1.646756e-01 2.490737e-01 9.058368e-01 5.557515e-02 
-1.670471e+01 -3.265761e-01 -3.207015e+00 9.931344e-01 -1.955200e+00 -3.717138e+00 -1.409744e+00 2.904810e+00 1.448723e+00 1.580652e+00 8.193690e-01 1.114947e+00 7.137237e+00 2.470722e-01 -2.341767e-01 -4.394266e-02 -8.772586e-01 -2.438129e-01 -8.099102e-02 -3.135875e-01 1.829183e-01 -2.932867e-01 -8.243819e-01 -1.920533e-01 7.189626e-01 -1.355873e-03 1.673742e-01 3.017934e-01 2.901545e-01 1.554258e-01 -6.574168e-02 2.960418e-01 2.075664e-01 -3.086658e-01 1.543412e-01 -3.281133e-02 8.778995e-02 5.862747e-01 5.444993e-02 
-1.608012e+01 -1.120741e-01 -2.765353e+00 5.005552e-01 -1.378240e+00 -8.914072e-01 2.051528e+00 1.517513e+00 -9.174131e-01 9.294467e-01 7.133271e-01 -1.574912e+00 7.090997e+00 2.778971e-02 1.547172e-01 4.458283e-01 -7.274987e-01 -4.753841e-01 2.205573e-01 -4.178937e-01 -1.580771e+00 1.087333e-01 -9.499224e-01 -7.567972e-02 1.699415e+00 3.049861e-02 5.507496e-02 3.280735e-01 2.883263e-01 2.990771e-01 9.210624e-04 2.380614e-01 1.324575e-01 1.789031e-02 5.365007e-01 3.635347e-01 3.101777e-01 4.213744e-01 5.086064e-02 
-1.488951e+01 1.495752e+00 -8.121747e-01 2.360447e-01 -8.932038e-01 -7.436450e-01 -3.111170e+00 4.060508e-01 7.241461e-01 -2.422632e+00 1.880310e-01 1.328696e+00 7.038783e+00 3.732176e-01 7.239907e-01 6.445337e-01 2.255686e-01 -7.458776e-02 3.239327e-01 5.598727e-01 -8.775962e-02 9.558514e-01 3.455277e-01 -9.839134e-02 6.455806e-01 9.350746e-02 -1.137647e-01 1.276272e-02 -6.613383e-02 2.869235e-01 7.783961e-02 1.790339e-01 1.657509e-01 2.546124e-01 4.115617e-01 7.931696e-01 5.024930e-01 -4.738545e-02 3.045011e-02 
-1.655031e+01 9.134786e-01 -1.464131e+00 -4.010735e-01 -2.270367e+00 -1.476670e+00 -1.702126e+00 -1.422659e+00 2.283496e+00 3.328753e-01 -1.009955e+00 3.372105e+00 7.345430e+00 2.579925e-02 5.216025e-01 5.564997e-01 6.160828e-02 -1.506277e-01 3.889273e-01 3.995541e-01 5.800839e-01 1.406597e+00 1.627062e+00 1.802346e+00 1.249999e+00 1.538910e-01 -1.144260e-01 -2.133888e-01 -1.997632e-01 2.419353e-01 2.568126e-01 5.967015e-02 -2.303225e-01 2.432215e-01 6.148970e-02 3.630684e-01 2.105858e-01 -4.955205e-01 -1.155315e-02 
-1.460323e+01 2.780510e+00 -6.346130e-01 2.572008e+00 -1.881915e+00 -1.805130e+00 3.266332e+00 3.935804e+00 4.627769e+00 3.606528e+00 1.189083e+00 1.869356e+00 7.477514e+00 -3.207898e-01 -3.536356e-01 -4.298838e-01 1.628683e-01 -1.702895e-02 7.300662e-01 1.065579e-01 3.755051e-01 1.115556e+00 1.853015e+00 1.381430e+00 7.067956e-01 8.919019e-02 -1.489333e-01 -3.196276e-01 -1.455122e-01 1.406821e-01 3.196294e-01 -1.804098e-01 -6.353348e-01 -4.632142e-01 -3.408474e-01 -2.334774e-01 -1.764889e-01 -3.149670e-01 -3.860102e-02 
-1.609446e+01 1.853756e+00 -7.188604e-02 -3.597181e-01 -1.637491e+00 1.583611e+00 8.603832e-01 2.652574e+00 4.164249e+00 6.050532e+00 9.224516e+00 4.404431e+00 7.641015e+00 -1.973812e-01 -3.734887e-01 -1.577177e-02 5.136189e-01 7.799992e-01 3.159046e-01 -1.342777e+00 -5.964229e-01 3.363388e-01 1.117660e-01 2.374028e-01 -8.087492e-01 -2.510088e-02 -1.141485e-02 -5.342052e-02 1.208963e-01 2.080248e-01 2.374914e-01 -3.423099e-01 -1.959686e-01 -4.377463e-01 -6.062777e-01 -6.541086e-01 -7.954186e-01 -2.502867e-01 -4.401345e-02 
-1.672110e+01 -7.428077e-01 -3.657645e+00 1.029576e+00 -1.294788e+00 1.376210e+00 -3.859506e+00 2.458888e-01 5.361092e+00 3.983681e+00 1.977641e+00 4.346333e+00 7.337023e+00 -2.598319e-01 -4.264681e-01 2.030557e-01 7.030308e-01 1.058219e+00 -5.416715e-01 -1.745712e+00 -1.815758e+00 -2.134343e-01 -6.423099e-02 -1.984351e-01 1.002228e-01 -1.004876e-02 4.611747e-02 2.293578e-01 3.799069e-01 -4.987008e-02 -8.684850e-02 -3.389070e-01 5.152363e-01 -3.060813e-02 -6.987244e-01 -5.409693e-01 -3.294810e-01 1.751069e-01 -1.574066e-02 
-1.647822e+01 8.075424e-01 -3.153111e-02 2.938065e+00 1.336267e+00 -1.487797e+00 -4.853198e+00 -2.560428e+00 3.597968e+00 7.034193e-01 -2.173027e-01 -1.910494e+00 7.290339e+00 -6.169809e-02 2.909662e-01 8.446476e-01 8.317086e-01 4.991077e-01 -6.867270e-01 3.457321e-01 -5.129067e-01 -9.603430e-01 -6.848257e-01 -1.384883e+00 3.019913e-01 -1.652467e-02 -1.995152e-02 1.211365e-01 1.216616e-01 -2.624182e-01 -4.132487e-01 1.087943e-01 8.701002e-01 5.531141e-01 -5.913035e-01 -1.275125e-01 3.596754e-02 4.429345e-01 -1.739287e-02 
-1.571029e+01 1.171182e+00 3.608084e-01 4.438322e+00 1.922547e+00 -2.976992e+00 -2.605270e+00 -2.536829e+00 3.843721e+00 5.958887e+00 4.917743e+00 5.527807e+00 7.602961e+00 -1.579866e-01 4.607953e-01 1.039429e+00 -2.454487e-01 -3.107236e-01 -4.631502e-01 1.838458e+00 1.807769e-01 -1.729710e+00 -4.534667e-01 5.450420e-01 1.026938e+00 6.228527e-03 -5.406812e-02 -3.898423e-02 -1.694064e-01 -3.387666e-01 -4.074340e-01 4.318529e-01 3.864566e-01 4.852660e-01 -3.177791e-01 -2.972637e-02 1.051466e-01 -1.724636e-01 -3.858678e-02 
-1.690827e+01 2.351506e+00 2.141806e+00 2.094579e+00 -7.504464e-01 3.267414e-01 1.962148e+00 1.479213e+00 1.211333e-01 1.638371e+00 8.300141e-01 5.323596e+00 7.425300e+00 -3.480757e-01 -2.114874e-01 1.743817e-01 -3.242065e-01 -6.016350e-01 8.206846e-01 1.215542e+00 1.170836e+00 -1.862097e+00 -3.312299e-01 4.557405e-02 9.425301e-01 -1.201976e-01 1.756172e-02 -1.700799e-01 -3.447871e-01 -1.100801e-01 -7.398295e-02 2.861820e-01 -4.547401e-01 1.040434e-01 4.745227e-01 2.621972e-01 1.511525e-01 -4.752402e-01 -2.387353e-02 
-1.729613e+01 7.891350e-01 4.527279e-01 2.237609e-01 -1.805241e+00 -1.847411e+00 1.925345e+00 -8.702159e-01 -1.548849e+00 1.248881e+00 4.179544e+00 5.864257e+00 7.300517e+00 -3.868896e-01 -3.701988e-01 -3.087490e-01 -4.129045e-01 -4.285132e-01 8.637944e-01 -2.482918e-01 -2.312361e-01 -1.351331e+00 -3.896953e-01 -3.879175e-01 -1.082379e+00 -1.511186e-01 1.202121e-01 -2.104054e-02 -4.029071e-01 1.951939e-01 1.334224e-01 9.614241e-02 -6.487430e-01 3.569794e-02 1.009893e+00 2.153847e-01 -3.023477e-01 -4.817870e-01 5.056153e-02 
-1.742555e+01 -5.910597e-02 7.943996e-01 3.424092e+00 1.920908e-01 2.050931e+00 -1.040541e+00 2.460302e+00 -3.016370e+00 1.402210e+00 3.800527e-01 2.633738e+00 6.840546e+00 1.404996e-01 -1.439869e-01 -2.053216e-01 3.649513e-01 1.881565e-01 8.067055e-02 -8.845598e-01 2.131840e-01 1.222989e+00 5.942061e-01 -1.624907e-01 -1.019770e+00 -5.724706e-02 -2.821765e-02 4.640491e-01 -3.331800e-01 2.106149e-01 -4.120100e-02 -3.737651e-01 -3.367552e-01 -6.035383e-02 8.511319e-01 9.137637e-02 -2.262384e-01 -3.291360e-02 1.408208e-01 
-1.738623e+01 5.250458e-01 -5.095128e-01 1.708869e+00 -6.915644e-01 4.798445e-01 -2.345601e+00 -4.183325e+00 -1.343764e+00 4.128638e+00 3.203468e+00 1.460935e+00 7.139671e+00 1.988035e-01 3.219371e-01 -7.853401e-01 3.860335e-01 -3.862742e-02 3.876076e-01 -3.551014e-01 8.379132e-01 1.777228e+00 1.608209e-01 -8.626091e-01 -4.007764e-01 2.275180e-01 -1.057321e-02 4.872793e-01 -3.640045e-01 1.158967e-01 -7.050331e-02 -9.721290e-02 5.651537e-02 1.233931e-01 7.993281e-02 -1.254320e-01 -1.130954e-01 3.741194e-01 1.522296e-01 
-1.616081e+01 1.763598e+00 1.596566e+00 3.176370e+00 -3.666538e-01 -4.334332e-01 -3.252119e-01 4.201967e+00 6.133333e+00 3.169894e+00 5.053377e-01 2.426492e+00 7.219541e+00 -7.820791e-01 1.762705e+00 -1.253279e+00 3.293410e-01 -1.002654e+00 -8.100077e-01 -4.148689e-01 3.343894e-01 8.292434e-01 -1.495265e-01 -8.482502e-01 4.372218e-01 3.946081e-01 -2.434008e-02 -9.688186e-02 -4.385518e-02 -2.372344e-01 -2.149545e-01 -1.611012e-02 7.087052e-02 -3.555228e-01 -1.037985e+00 -2.963963e-01 2.362297e-02 5.554187e-02 1.613595e-01 
-1.693448e+01 1.487488e+00 -3.875113e+00 2.277607e+00 -1.718824e+00 1.333038e+00 -2.077915e-01 2.448696e+00 2.762758e+00 1.169573e+00 -1.964219e-01 3.963926e+00 8.248557e+00 2.148659e-02 1.112885e+00 -1.604710e+00 1.843874e-01 -1.856974e-01 8.231040e-01 -2.006239e-01 3.252526e-01 -7.548019e-01 -6.449811e-01 -6.105289e-01 5.979308e-02 3.841066e-01 2.171514e-01 -9.358637e-01 8.967376e-01 -4.405378e-01 -1.672467e-01 -3.086734e-01 -1.775986e-01 -4.895277e-01 -1.241148e+00 -7.582146e-02 2.266740e-01 -3.431231e-01 1.164364e-01 
-2.156177e+01 8.273416e+00 -3.789023e+00 4.786362e+00 -4.307095e+00 -2.425998e+00 -4.183726e+00 8.169011e-01 -9.235350e-01 2.134045e+00 -2.161676e+00 3.568511e+00 8.259177e+00 1.074082e-01 -1.023876e+00 -1.496689e-02 -7.203985e-01 -8.131664e-01 -2.177985e-01 -6.075224e-01 -1.307952e+00 -2.700941e+00 -4.848018e-01 -1.704679e-01 -9.723693e-01 6.713220e-01 4.394654e-01 -1.379881e+00 1.364674e+00 -4.289820e-01 4.308891e-02 -3.769935e-01 -3.964863e-01 -3.907898e-01 -6.022884e-01 -1.729261e-01 3.662387e-01 -5.447445e-01 4.311233e-02 
-1.457824e+01 2.834230e+00 -5.840398e+00 1.825974e+00 3.500981e-01 5.591885e+00 -1.419091e+00 -8.647997e-01 -1.589517e+00 1.421596e+00 1.484280e+00 1.189087e+00 8.540603e+00 8.398978e-01 -2.964035e+00 3.079203e+00 -1.291802e+00 -9.695883e-01 -1.451925e+00 -1.146786e+00 -7.884386e-01 -2.663379e+00 -5.061574e-02 -6.817175e-02 -1.411773e+00 6.713220e-01 6.472379e-02 -6.351417e-01 9.699511e-01 1.141434e-01 -1.049335e-01 -6.050760e-01 -3.811463e-01 -2.060481e-01 3.748490e-01 -3.334876e-01 4.744934e-01 -2.595900e-01 -1.073246e-01 
-1.680178e+01 -4.029084e+00 2.504552e+00 -1.996197e-01 -5.466945e+00 -3.651713e+00 -2.757157e+00 -6.810390e-01 -5.195349e+00 6.197054e-01 -1.187238e+00 -1.047693e+00 1.043005e+01 1.006018e+00 -3.098355e+00 3.228106e+00 -1.077594e+00 -3.953362e-01 -1.557500e+00 -1.924180e+00 -1.062685e+00 -1.228137e+00 -1.311327e+00 7.116252e-01 -1.550806e+00 4.666016e-01 6.571573e-02 7.107875e-01 -4.053731e-01 6.728095e-01 5.074389e-01 4.579419e-01 2.857433e-01 2.377499e-01 1.126506e+00 -2.000092e-01 3.914538e-01 2.729641e-01 -3.098632e-01 
-1.511477e+01 -7.181626e+00 8.374399e+00 -1.688413e+00 -5.987141e+00 -5.313594e+00 -6.654811e+00 -7.448717e-01 -8.418122e+00 1.673619e+00 -1.024285e+00 -7.866847e-01 1.051987e+01 -1.041613e-01 -1.025691e+00 1.623472e+00 9.337332e-01 -9.193774e-01 -1.532426e+00 -1.448022e+00 -8.275555e-01 3.830945e-01 -1.899085e+00 1.320803e+00 -9.487958e-01 -5.012939e-02 -1.179128e-01 1.458729e+00 -1.421603e+00 8.407680e-01 8.127323e-01 1.027232e+00 9.146807e-01 3.068415e-01 1.307006e+00 1.517484e-01 1.649512e-01 6.667067e-01 -3.284221e-01 
-1.626320e+01 -2.210513e+00 5.244203e+00 1.155690e+00 -3.115050e+00 -4.760375e+00 -1.118659e+01 -4.556650e+00 -3.649555e+00 -4.548524e+00 2.650740e+00 -3.198193e+00 9.602585e+00 9.080710e-01 1.560997e+00 -1.313846e+00 1.530916e+00 1.698936e+00 2.112218e+00 9.717780e-01 -9.960892e-02 1.408567e+00 -5.605866e-01 1.092279e+00 1.609308e-01 -5.172701e-01 -1.773688e-01 1.150383e+00 -1.084659e+00 3.536685e-01 7.991800e-01 9.454312e-01 1.232274e+00 4.291570e-01 6.708058e-01 9.406380e-01 -2.515463e-01 8.433223e-01 -1.984384e-01 
-1.536871e+01 -3.203383e+00 9.069450e-01 5.816971e+00 -5.422890e+00 -1.515836e+00 -4.444563e+00 -3.064899e+00 -4.468969e-01 -5.490084e+00 6.169364e+00 -2.480203e+00 8.703661e+00 2.992388e-01 1.999921e+00 -1.757839e+00 1.607926e+00 2.046961e+00 1.849380e+00 1.978646e+00 2.641502e-01 2.553293e+00 3.327134e-01 5.663459e-01 1.065974e+00 -4.788813e-01 -1.565983e-01 3.341225e-01 -2.528238e-01 -5.273662e-01 4.508946e-01 5.061935e-01 7.422295e-01 2.728677e-01 -1.291853e-01 9.255002e-01 -3.205088e-01 6.355479e-01 -7.522318e-03 
-1.213477e+01 1.786889e+00 -3.315027e-01 3.702524e+00 2.745202e+00 5.010182e+00 9.967893e-01 -1.911353e-02 -2.138306e+00 1.398685e+00 6.772975e-01 6.033360e-01 8.751892e+00 -8.251499e-02 1.140792e+00 -5.045367e-01 3.538094e-01 2.117546e+00 1.478768e+00 2.523854e+00 5.371124e-01 1.040957e+00 2.275989e+00 -1.687786e-01 1.658352e+00 -3.112661e-01 -2.446101e-01 -5.435425e-01 3.222120e-01 -7.113036e-01 -6.688656e-01 -3.634691e-01 7.806328e-03 -1.929660e-01 -8.225071e-01 2.448712e-01 -2.361388e-01 -1.162006e-01 8.955947e-02 
-1.568284e+01 8.195636e-01 2.373174e+00 5.077488e+00 1.317205e+00 -9.519364e-01 -2.853255e+00 -1.693077e+00 3.592720e+00 3.632767e-01 2.794040e+00 2.642409e+00 8.550779e+00 -3.918658e-01 8.551346e-01 -4.535120e-02 -1.114515e+00 1.125686e+00 1.315347e+00 1.487051e+00 2.183234e-01 -7.907744e-02 1.310107e+00 3.488023e-01 1.480284e+00 -1.907908e-01 7.437263e-02 -6.625910e-01 1.041023e-01 -7.070399e-01 -1.002133e+00 -3.887728e-01 -2.418370e-01 -2.884208e-01 -1.310642e+00 -3.357475e-01 -2.530932e-01 -6.848359e-01 6.610089e-02 
-1.651877e+01 1.482228e+00 1.988457e+00 3.294294e+00 4.102032e+00 2.351797e+00 6.369340e-01 -2.556946e+00 -4.648255e-01 3.904373e+00 3.494162e+00 2.532282e+00 8.122668e+00 3.052660e-02 -5.841584e-01 -5.590675e-01 -6.643614e-01 -1.184794e+00 5.618061e-01 1.256638e+00 -1.041414e+00 -1.387842e+00 1.751370e-01 2.042234e-02 -6.273857e-01 -2.135440e-01 2.595341e-01 -3.191193e-01 -1.033358e-01 -1.807302e-01 -8.967825e-01 -5.381520e-01 -4.627320e-01 1.488609e-01 -6.897053e-01 -1.043675e+00 -6.412508e-01 -8.625345e-01 3.942334e-02 
-1.513566e+01 1.224525e+00 -4.794708e-01 4.485539e-01 -4.729804e-01 6.390336e+00 3.170818e+00 -7.042509e-01 -1.678722e+00 -1.918784e-01 6.505095e+00 3.956989e+00 8.064260e+00 6.145610e-01 -4.506322e-01 -1.209916e+00 -1.418295e+00 -1.312603e+00 3.640732e-01 1.403084e+00 -3.885605e-01 -2.785522e+00 -2.955900e-01 -7.938173e-01 -1.215455e+00 -1.972084e-01 3.031493e-01 1.479250e-01 1.715602e-02 2.949329e-01 -1.848281e-01 -6.716509e-01 -7.371086e-01 3.871250e-01 -2.783503e-02 -8.503983e-01 -8.271927e-01 -4.379777e-01 9.406032e-02 
-1.225559e+01 -1.336727e+00 -1.700431e+00 2.695255e+00 -2.283499e+00 4.148088e+00 4.268202e+00 -5.720726e+00 -6.441605e+00 2.552174e+00 -1.075873e+00 -3.190822e+00 7.927308e+00 7.119277e-01 1.981671e-01 -4.390393e-01 -3.979395e-01 -1.147163e+00 -7.364352e-01 2.521694e-01 1.584990e+00 -1.054248e+00 -2.139554e+00 -2.803702e+00 -1.306453e+00 -1.109213e-01 2.925987e-01 6.470950e-01 2.811410e-01 2.361175e-01 3.735640e-01 -4.592742e-01 -1.010197e+00 4.279135e-01 6.705745e-01 -5.338668e-01 -2.884562e-01 3.533469e-01 2.152274e-01 
-1.474166e+01 -2.379390e-02 -1.832257e+00 -1.714208e+00 -2.052630e+00 -2.975734e-02 2.346539e+00 -2.054022e+00 -7.346343e+00 -4.386140e-01 1.110472e+00 -5.738025e-01 7.662476e+00 7.831696e-01 1.203642e+00 -1.959496e-02 2.269887e-01 1.827012e-01 -1.393859e+00 -1.696166e+00 8.407685e-01 -3.850907e-01 -1.784557e+00 -2.375090e+00 -3.701056e-01 2.281597e-01 4.109998e-01 4.286700e-01 3.756553e-01 4.966823e-01 3.704506e-01 -1.720770e-01 -7.887720e-01 -1.949556e-01 8.558728e-01 9.790501e-02 3.683735e-01 4.498259e-01 3.023247e-01 
-1.315623e+01 3.097192e+00 4.697667e-01 2.385704e+00 -8.440648e-01 1.880026e+00 2.310028e+00 6.043056e+00 -2.902676e+00 -6.670009e+00 -7.826931e+00 -1.734465e+00 7.768895e+00 1.409253e+00 1.824079e+00 2.514492e-01 -3.065106e-01 -6.467919e-02 -8.555369e-01 -2.244713e+00 4.834336e-01 7.647573e-01 -1.749918e+00 -6.311759e-01 7.165545e-01 6.499107e-01 3.948884e-01 -2.486662e-01 1.509555e-01 3.032611e-01 8.402057e-02 4.392077e-02 -3.756959e-02 -7.282892e-01 3.851401e-01 8.015277e-01 9.105132e-01 3.243048e-01 2.921835e-01 
-1.076968e+01 5.025832e+00 -1.662767e+00 1.737940e+00 -2.793896e-01 5.555059e-01 -4.330940e+00 -2.382083e+00 -5.373323e+00 -4.503582e+00 -1.994630e+00 1.378557e+00 9.284432e+00 2.320966e+00 8.797525e-01 3.231844e-01 1.019482e+00 -1.553760e-03 -4.367564e-01 -1.292293e+00 -8.124227e-01 5.844328e-01 -9.601568e-04 -3.823370e-02 2.215160e-02 9.339756e-01 1.411330e-01 -8.717646e-01 2.417708e-01 1.800118e-01 -2.035999e-01 2.824045e-03 5.926935e-01 -3.297564e-01 1.418531e-01 7.709292e-01 5.847901e-01 5.194853e-02 1.522724e-01 
-7.195389e+00 5.259117e+00 -5.278966e-01 -5.632192e-01 -3.493759e+00 -4.218614e-01 -3.616779e+00 -3.139564e+00 -3.604515e+00 -4.164762e+00 -2.679193e+00 -5.837746e-01 1.036588e+01 1.917401e+00 -8.833163e-01 1.443999e-01 7.221467e-01 -6.350347e-01 -9.952037e-01 -1.375186e-01 -1.229718e+00 3.866405e-01 9.763339e-01 5.804233e-01 1.189802e-01 9.971011e-01 -3.297964e-01 -1.094866e+00 1.296972e-01 -1.199623e-01 -6.496334e-02 -3.779278e-02 5.699677e-01 6.469751e-02 -2.413484e-02 4.951478e-01 1.217916e-01 -2.843422e-02 3.145854e-03 
-6.116999e+00 3.293663e+00 2.823405e-01 4.858018e+00 -7.360436e-01 -1.062758e+00 -1.151536e+00 -1.525178e+00 -4.073720e+00 -1.696084e+00 -1.654395e+00 -1.038588e+00 1.103383e+01 1.234673e+00 -1.801551e+00 1.242662e+00 6.126942e-01 -5.499768e-01 -1.309839e+00 2.136804e-01 4.843591e-02 5.132486e-01 7.070324e-01 -5.700364e-02 1.883064e-01 8.160090e-01 -6.463745e-01 -5.892404e-01 1.028268e-01 -8.922126e-01 -1.797460e-01 8.606455e-02 9.893692e-02 1.741299e-01 8.941452e-02 5.894193e-03 6.539029e-02 -1.567119e-01 -6.479430e-02 
-5.895833e+00 -4.531737e-01 2.191178e-01 4.436275e+00 -3.791135e+00 -2.287138e+00 3.259889e-02 -5.340304e-01 -1.619252e+00 -3.191919e+00 -5.094819e+00 6.874602e-02 1.187965e+01 3.033856e-01 -2.309450e+00 4.402948e-01 -7.029210e-01 -1.152241e-01 -6.079857e-01 -1.479492e-01 3.763616e-01 6.796515e-01 3.717571e-01 -1.280044e-02 4.913393e-01 7.246462e-01 -3.740428e-01 3.832770e-01 1.083539e-01 -1.065471e+00 -2.003492e-01 1.681708e-01 -2.738804e-01 -1.382995e-01 -8.397374e-02 -2.824422e-01 1.328943e-02 -4.298065e-01 6.863618e-02 
-5.245851e+00 -1.125981e+00 4.177039e+00 2.301765e+00 -2.880792e+00 -5.060796e+00 -5.087454e+00 -3.442479e+00 -3.800418e+00 -1.454636e+00 -1.071779e+00 1.993790e+00 1.260755e+01 -1.038295e-01 -1.353551e+00 6.894059e-01 -2.728995e+00 -1.160189e+00 -2.000927e-01 -7.923530e-01 -7.448959e-01 8.849299e-01 3.308112e-01 5.853973e-01 -9.475284e-01 7.461742e-01 2.702350e-01 1.072406e+00 -3.370490e-01 -8.610915e-01 -7.042572e-01 -8.412477e-02 -1.884312e-01 -4.138204e-01 -3.203807e-01 -4.801669e-01 -2.526026e-02 -9.049163e-01 2.685113e-01 
-6.114132e+00 -4.078671e+00 -2.741090e-01 -2.799684e+00 -2.997710e+00 -1.462873e+00 -2.388539e+00 -2.992036e-01 -3.432609e-01 -2.426598e+00 -3.034986e+00 3.570691e-01 1.320248e+01 7.164062e-01 8.090754e-01 9.627641e-01 -2.934464e+00 -1.331752e+00 -7.091617e-01 -1.003990e+00 -1.524523e+00 -2.192131e-01 -2.477364e-01 3.256215e-01 -1.462089e+00 1.375213e+00 8.625113e-01 1.260586e+00 -5.132800e-01 5.080029e-03 -1.142510e+00 -5.980956e-01 1.857496e-01 -1.827191e-01 -3.611406e-01 -5.105143e-01 3.612223e-02 -1.291472e+00 3.518199e-01 
-6.526976e+00 -1.661297e+00 3.976161e+00 -5.169223e+00 -6.933491e+00 -2.475401e+00 -3.902735e+00 -5.366744e+00 -2.872887e-01 -4.249554e-01 2.424849e-01 -5.920570e+00 1.410340e+01 2.379354e+00 2.001169e+00 -7.038457e-01 -2.576941e+00 -3.463099e+00 -1.679791e+00 -3.004449e-01 -1.070252e+00 -6.392261e-01 -1.384008e+00 -3.524424e-01 -3.359498e+00 1.833252e+00 8.510890e-01 5.635272e-01 -1.050179e+00 8.097265e-01 -1.015686e+00 -5.333094e-01 6.897328e-01 4.863106e-01 -9.143192e-02 -4.803104e-01 1.288723e-02 -1.137943e+00 2.136037e-01 
-1.673198e+00 3.860158e+00 5.133002e+00 -6.500374e+00 -8.423759e+00 -7.125462e+00 -5.579334e+00 -7.194680e+00 -4.471646e+00 -4.945504e+00 -4.123655e+00 -3.284907e+00 1.800773e+01 3.374335e+00 2.316209e+00 -1.429548e+00 -7.536056e-01 -4.676398e+00 -2.858711e+00 5.349435e-01 -3.747125e-01 -3.640769e-01 -1.323340e+00 6.367331e-01 -4.760090e+00 1.940250e+00 1.533668e-01 -5.198548e-01 -1.099880e+00 9.480382e-01 -5.238649e-01 2.508441e-01 8.388143e-01 9.991007e-01 4.277500e-01 -8.909398e-02 8.890374e-02 -7.803797e-01 -1.686559e-01 
4.430168e+00 4.910504e+00 -2.045690e+00 -8.732745e+00 -1.748313e+01 -1.062858e+01 -4.994569e+00 -5.346241e+00 -4.932542e+00 -7.115014e+00 -2.289827e+00 -1.298253e+01 1.937105e+01 2.822646e+00 7.106040e-01 -3.365290e+00 2.292826e-01 -4.566402e+00 -1.791964e+00 1.886752e+00 1.111732e+00 5.001150e-01 -1.532975e+00 4.942693e-01 -4.988474e+00 1.531743e+00 -7.490249e-01 -1.162219e+00 -3.753139e-01 6.173015e-01 7.573784e-01 1.216879e+00 5.542490e-01 9.301085e-01 3.778554e-01 1.171322e-01 -3.479375e-03 4.095114e-01 -4.173995e-01 
5.278790e+00 4.217036e+00 -4.410937e+00 -4.786379e+00 -2.110501e+01 -1.168028e+01 8.317583e-01 -2.182848e+00 1.591769e-01 -5.698047e+00 1.414677e+00 -1.991226e+01 2.026997e+01 1.261627e+00 -1.144923e+00 -3.205924e+00 4.026371e-01 -3.399416e+00 6.010668e-01 2.096616e+00 2.379892e+00 1.349991e+00 -6.187517e-01 3.468315e-01 -4.549450e+00 6.826986e-01 -1.107354e+00 -1.319035e+00 9.589660e-02 -1.496091e-01 1.578988e+00 1.801875e+00 -3.116848e-02 3.803104e-01 -2.811819e-01 -2.184472e-01 -2.934683e-01 1.475801e+00 -4.577505e-01 
4.110296e+00 1.713635e+00 -8.078302e+00 -4.879736e+00 -2.342514e+01 -9.158083e+00 2.325509e+00 -2.313995e+00 -1.023182e-01 -7.713789e+00 -5.557865e-02 -2.254922e+01 2.063105e+01 -3.094275e-01 -2.079267e+00 -1.692241e+00 -6.859873e-02 -3.147316e-01 2.674734e+00 1.690031e+00 2.202867e+00 3.929447e-01 -1.150747e+00 -2.249007e-01 -1.417223e+00 3.750054e-01 -8.784575e-01 -8.936732e-01 5.611973e-01 -4.635699e-01 1.857955e+00 1.559701e+00 -5.114790e-01 -3.371182e-01 -8.652327e-01 -3.070502e-01 -2.551212e-03 1.934372e+00 -3.176969e-01 
4.794682e+00 -2.660948e-01 -7.880115e+00 -6.413569e+00 -2.244956e+01 -4.855175e+00 1.243606e+00 3.188769e+00 -1.368635e-01 -7.739784e+00 -3.506647e+00 -2.124852e+01 2.079123e+01 -5.963857e-01 -2.883828e+00 -1.786614e+00 -1.352755e+00 1.092620e+00 3.917328e+00 4.774708e-01 9.812469e-01 -1.716445e+00 -2.606677e+00 -4.709745e-01 8.334079e-01 2.298516e-01 -4.394505e-01 -3.915040e-01 4.395151e-01 -2.991180e-01 1.483022e+00 7.523376e-01 -7.583951e-01 -9.983882e-01 -9.651955e-01 -1.479594e-01 4.477314e-01 1.552000e+00 -1.365232e-01 
3.125288e+00 -3.244330e+00 -8.772408e+00 -8.261867e+00 -1.838415e+01 -6.675385e-01 3.249683e+00 2.982570e+00 -2.819593e+00 -1.184793e+01 -9.534543e-01 -1.940065e+01 2.098548e+01 -6.405905e-01 -2.888139e+00 -1.268873e+00 -1.210969e+00 2.477261e+00 4.348316e+00 1.388928e-01 1.253850e-01 -2.293011e+00 -2.074281e+00 8.905026e-01 1.991929e+00 1.696432e-01 -5.361724e-02 -2.836035e-02 2.546107e-01 1.386498e-01 6.223589e-01 -2.706052e-02 -9.336871e-01 -1.046887e+00 -4.213842e-01 5.592864e-01 6.685413e-01 4.926507e-01 -7.526307e-02 
2.789443e+00 -7.723328e+00 -1.299667e+01 -9.858757e+00 -1.816218e+01 3.661184e+00 2.756926e+00 7.450772e-02 -7.064295e+00 -1.666456e+01 -4.912100e-01 -1.731952e+01 2.124191e+01 -7.700534e-01 -2.697890e+00 -1.220077e+00 -5.215924e-01 2.619654e+00 3.526042e+00 -9.199196e-01 -1.573205e+00 -2.132912e+00 -8.967630e-01 2.027867e+00 1.506012e+00 1.027838e-01 3.944444e-02 3.258877e-01 4.323723e-01 5.823550e-01 1.156579e-01 -5.646772e-01 -8.557754e-01 -5.878676e-01 2.803787e-01 1.187543e+00 4.996157e-01 -2.058866e-01 -5.123476e-02 
1.910102e+00 -8.998694e+00 -1.186449e+01 -9.211812e+00 -1.318219e+01 8.325487e+00 2.263001e+00 -1.301437e-01 -8.103279e+00 -1.362311e+01 2.889028e+00 -1.455379e+01 2.125408e+01 -4.906424e-01 -2.313874e+00 -7.025378e-01 2.090743e-01 2.033490e+00 2.735110e+00 -2.279760e+00 -1.754085e+00 -1.505651e+00 7.907261e-01 1.868416e+00 7.097106e-01 6.217806e-02 7.301999e-02 4.420896e-01 4.661304e-01 4.960048e-01 -3.147655e-01 -9.338498e-01 -6.472659e-01 -2.051050e-02 5.681257e-01 9.610490e-01 -2.621273e-01 -4.321693e-01 -4.075175e-02 
1.552141e+00 -1.087850e+01 -1.243439e+01 -8.546850e+00 -1.195245e+01 8.278755e+00 -2.862601e+00 -3.121382e+00 -8.159688e+00 -1.133640e+01 4.711391e+00 -1.614195e+01 2.117111e+01 -4.741382e-01 -1.541532e+00 9.198187e-02 8.490767e-01 1.892877e+00 1.900518e+00 -2.592157e+00 -1.018429e+00 -7.080463e-01 1.898466e+00 1.538159e+00 4.450796e-01 2.734816e-02 4.392318e-02 4.825011e-01 5.123034e-01 1.959510e-01 -3.772160e-01 -9.717181e-01 -1.257079e-01 5.998715e-01 6.108513e-01 4.210011e-01 -9.212775e-01 -2.264623e-01 -3.360165e-02 
1.290428e+00 -1.323652e+01 -1.256622e+01 -7.872471e+00 -1.132169e+01 1.069903e+01 -5.338944e+00 -4.190289e+00 -9.799935e+00 -1.055830e+01 5.787368e+00 -1.644111e+01 2.133195e+01 -4.233814e-01 -1.255874e+00 4.056848e-01 5.836380e-01 1.266855e+00 4.918628e-01 -2.261402e+00 -2.545063e-01 -1.648400e-01 1.333333e+00 -1.753481e-01 3.615586e-01 3.603158e-03 -4.724480e-02 4.636932e-01 3.819052e-01 -3.795559e-02 -2.236994e-01 -9.457163e-01 2.925610e-01 7.347718e-01 6.209689e-01 -8.184790e-02 -1.053881e+00 -5.732869e-02 -3.555297e-02 
7.285019e-01 -1.331240e+01 -1.218554e+01 -6.283361e+00 -9.628088e+00 1.197682e+01 -6.402737e+00 -2.987526e+00 -9.756207e+00 -8.704256e+00 5.750520e+00 -1.415057e+01 2.133970e+01 -5.840282e-01 -8.144544e-01 7.872998e-01 2.709008e-01 1.116891e+00 -2.110901e-01 -1.557648e+00 6.763059e-01 2.509703e-01 9.369898e-01 -1.556628e+00 5.477382e-01 -3.589406e-02 -1.004186e-01 2.875096e-01 1.233623e-01 -1.757493e-01 -1.329538e-01 -7.619154e-01 3.134309e-01 4.348276e-01 5.059164e-01 -2.903699e-01 -8.191177e-01 -1.308693e-01 -2.450024e-02 
2.050754e-01 -1.406109e+01 -9.960636e+00 -7.425752e+00 -8.010313e+00 8.935674e+00 -7.273751e+00 -1.469469e+00 -8.129516e+00 -8.272028e+00 1.492469e+00 -1.374128e+01 2.118793e+01 -6.719402e-01 -3.590810e-01 8.593367e-01 3.083681e-01 1.303150e+00 -9.377973e-01 -1.334224e+00 1.072329e+00 1.119496e+00 8.623062e-01 -1.853568e+00 3.718245e-01 -8.390915e-02 -1.798938e-01 1.588538e-01 -1.385394e-01 -1.123514e-01 -7.343353e-02 -4.694393e-01 1.762048e-01 7.892168e-03 2.543617e-01 -2.821912e-01 -2.132751e-01 -1.771891e-01 -2.936001e-03 
-8.249853e-01 -1.453893e+01 -9.800561e+00 -7.415515e+00 -8.023869e+00 8.104733e+00 -9.683496e+00 -1.099627e+00 -7.740335e+00 -7.794418e+00 -9.243849e-01 -1.475323e+01 2.106380e+01 -8.518282e-01 -5.525069e-01 4.819475e-01 1.078143e-01 1.210076e+00 -1.194256e+00 -1.488597e+00 4.921421e-01 1.179386e+00 6.822046e-01 -1.718424e+00 -2.143434e-01 -5.135457e-02 -1.579810e-01 6.079895e-02 -2.014214e-01 -5.807872e-02 -1.310309e-01 -2.907863e-01 1.829468e-01 -1.703334e-01 3.795885e-02 -3.742378e-01 2.132466e-01 -1.858943e-02 1.221878e-02 
-1.292301e+00 -1.441872e+01 -9.462029e+00 -5.764577e+00 -5.608432e+00 7.945845e+00 -1.036962e+01 2.277061e-01 -5.210217e+00 -6.701292e+00 -1.427868e-01 -1.428107e+01 2.105031e+01 -1.188879e+00 -5.925535e-01 -1.344919e-01 1.033357e-01 8.530332e-01 -1.363616e+00 -1.414853e+00 -1.228792e-01 6.428774e-01 4.979666e-02 -1.160863e+00 -1.432428e-01 -3.339485e-03 -1.009597e-01 6.491634e-02 -1.100534e-01 -5.150384e-02 -3.195729e-01 -1.503943e-01 3.171807e-01 -2.727541e-02 -1.835896e-01 -5.220291e-01 2.395136e-01 2.358985e-01 1.234697e-02 
-2.781896e+00 -1.589582e+01 -1.002520e+01 -6.574487e+00 -4.778999e+00 6.500267e+00 -1.229741e+01 -1.375461e+00 -5.318663e+00 -6.078725e+00 -2.023699e+00 -1.495224e+01 2.115142e+01 -1.115398e+00 -3.936821e-01 2.771049e-01 8.312740e-02 6.867027e-01 -1.452145e+00 -6.026201e-01 4.223312e-01 6.791261e-01 -5.280502e-01 -8.368005e-01 7.122454e-01 -1.500779e-02 -2.848126e-03 1.848798e-01 4.168805e-02 2.938718e-02 -4.431920e-01 -1.331180e-01 4.244466e-01 3.126116e-01 -1.981591e-01 -5.598378e-01 9.871133e-02 3.945474e-01 -4.773377e-03 
-4.760514e+00 -1.634511e+01 -1.052067e+01 -7.329120e+00 -5.367396e+00 2.919702e+00 -1.304108e+01 -1.946473e+00 -6.125887e+00 -8.880936e+00 -3.762130e+00 -1.435781e+01 2.112708e+01 -1.044903e+00 -1.138101e-01 4.115202e-01 6.313756e-02 -3.306081e-02 -1.560799e+00 -1.912363e-01 9.708252e-01 4.516519e-01 -1.142638e+00 -1.096764e+00 1.088027e+00 -4.038636e-02 1.359629e-01 2.543163e-01 1.723413e-01 1.671410e-01 -3.835801e-01 8.408314e-03 4.646713e-01 5.558499e-01 -1.007980e-01 -2.582648e-01 4.008239e-02 3.300640e-01 -1.380358e-02 
-4.667952e+00 -1.554420e+01 -7.885944e+00 -6.217848e+00 -4.710797e+00 3.357648e+00 -1.136097e+01 2.098971e+00 -3.886562e+00 -9.344887e+00 -3.298658e+00 -1.115331e+01 2.095031e+01 -9.380814e-01 1.327086e-01 4.174562e-01 2.749424e-01 -5.627800e-01 -1.761282e+00 2.186127e-02 1.508326e+00 2.840670e-01 -1.520761e+00 -1.256872e+00 1.142904e+00 -5.678033e-02 1.164548e-01 1.817282e-01 3.156912e-02 1.348643e-01 -3.165053e-01 -2.501004e-02 3.018786e-01 2.958485e-01 -2.459146e-01 -8.166854e-02 6.876262e-02 -1.317479e-02 -3.505730e-03 
-5.573914e+00 -1.516366e+01 -8.474230e+00 -5.626998e+00 -5.807529e+00 1.713125e+00 -1.179414e+01 3.344675e+00 -3.668358e+00 -1.078168e+01 -4.989186e+00 -1.074055e+01 2.094920e+01 -5.977126e-01 4.159840e-01 6.572106e-01 8.431781e-01 -4.400918e-01 -1.166983e+00 5.962756e-01 2.113354e+00 3.363388e-01 -7.449930e-01 -7.504588e-01 1.291696e+00 -5.152959e-02 1.073470e-01 8.352084e-02 1.056596e-02 6.275463e-03 -1.710468e-01 -2.121449e-02 2.291938e-01 -3.876581e-02 -3.618922e-01 6.343234e-02 2.162476e-01 -1.925962e-01 1.977910e-03 
-7.065966e+00 -1.582294e+01 -8.960731e+00 -6.050788e+00 -7.372777e+00 -1.703210e+00 -1.281178e+01 3.520699e+00 -5.127133e+00 -1.273221e+01 -7.694686e+00 -1.104665e+01 2.095672e+01 -7.567007e-01 2.500121e-01 3.121172e-01 3.674637e-01 -6.924822e-01 -1.774039e+00 5.130392e-01 1.330301e+00 -4.927863e-01 -1.135130e+00 -6.660880e-01 5.445697e-01 -2.702615e-02 1.201821e-01 5.576658e-02 6.277624e-02 -1.576982e-01 -5.054111e-02 5.212267e-02 2.136266e-01 -3.124462e-01 -3.514276e-01 1.142625e-01 3.756750e-01 -2.803133e-01 -5.499781e-03 
-6.550321e+00 -1.412571e+01 -6.697268e+00 -3.197269e+00 -6.236649e+00 -3.853659e-01 -9.334157e+00 7.909292e+00 -3.823594e+00 -1.091210e+01 -5.316319e+00 -7.952705e+00 2.086623e+01 -5.988737e-01 2.450205e-01 5.170605e-01 4.828173e-02 -8.234090e-01 -1.660655e+00 7.091349e-01 8.658947e-01 -9.695365e-01 -1.018399e+00 -3.108670e-01 4.240409e-01 -4.534539e-02 9.965198e-02 6.039229e-02 5.321002e-02 -3.837149e-01 -6.354401e-02 -7.951848e-03 4.405403e-02 -5.610566e-01 -2.892761e-01 -1.753000e-02 2.778467e-01 -4.418171e-01 -2.111035e-02 
-7.963327e+00 -1.481279e+01 -7.213810e+00 -5.595470e+00 -7.958632e+00 -4.463516e+00 -1.002583e+01 6.468221e+00 -6.272814e+00 -1.495548e+01 -6.465174e+00 -9.824421e+00 2.085650e+01 -3.366305e-01 4.968712e-01 8.014858e-01 -1.161156e-01 -6.237901e-01 -1.253862e+00 1.033423e+00 5.698050e-01 -8.200760e-01 -8.127689e-01 4.017335e-01 1.751256e-01 -8.735129e-02 2.099373e-01 2.262062e-01 1.544844e-01 -2.559629e-01 7.458889e-02 2.063881e-01 8.117289e-02 -3.889494e-01 1.072654e-03 1.715495e-01 3.081667e-01 -3.967280e-01 -3.509719e-02 
-8.119372e+00 -1.444389e+01 -6.762732e+00 -5.613486e+00 -9.631901e+00 -5.209893e+00 -9.641436e+00 6.200510e+00 -7.943233e+00 -1.476161e+01 -7.158336e+00 -9.231299e+00 2.077265e+01 -3.094275e-01 5.944350e-01 6.786406e-01 -8.335650e-01 -7.921246e-01 -1.466882e+00 5.562220e-01 -3.116114e-01 -9.464214e-01 -9.937716e-01 1.047932e-01 -7.324523e-01 -1.269069e-01 2.368398e-01 3.068257e-01 1.046125e-01 -7.724551e-02 1.418926e-01 1.822623e-01 1.363929e-02 -2.388778e-01 1.392514e-01 1.245218e-01 2.578293e-01 -4.542216e-01 -3.479809e-02 
-7.964556e+00 -1.317942e+01 -4.920754e+00 -5.423088e+00 -8.793996e+00 -5.560161e+00 -7.491066e+00 7.223767e+00 -7.167932e+00 -1.487132e+01 -4.765229e+00 -9.531762e+00 2.056689e+01 1.482955e-01 1.206251e+00 1.003713e+00 -4.714540e-01 -3.353281e-01 -8.389308e-01 9.952469e-01 -2.580065e-02 -4.989591e-01 -2.896834e-01 6.668589e-01 -8.608389e-01 -1.616784e-01 2.553259e-01 2.764790e-01 9.738468e-02 1.862281e-01 7.481781e-02 9.649143e-02 -1.965368e-01 -1.268589e-01 -1.552035e-02 6.249968e-02 2.359866e-01 -4.681520e-01 -2.494178e-02 
-8.096846e+00 -1.197017e+01 -4.450395e+00 -7.451548e+00 -9.779741e+00 -7.171304e+00 -7.820544e+00 5.973034e+00 -8.108089e+00 -1.592347e+01 -5.642633e+00 -1.176161e+01 2.037661e+01 3.428631e-01 1.424522e+00 9.390201e-01 -1.602461e-01 -2.582861e-01 -9.568228e-01 7.965435e-01 -3.079734e-02 -4.338164e-01 -6.572949e-01 8.456424e-01 -1.329013e+00 -1.821563e-01 3.844880e-01 1.769500e-01 3.484447e-01 7.528637e-01 -3.785871e-02 1.189848e-02 -3.013408e-01 -3.124959e-01 -2.248120e-01 2.142009e-01 3.013292e-01 -2.927177e-01 -3.477243e-03 
-7.233479e+00 -1.001824e+01 -3.351396e+00 -7.034309e+00 -9.561157e+00 -7.677345e+00 -5.959928e+00 6.453133e+00 -8.684865e+00 -1.582346e+01 -3.888644e+00 -1.286330e+01 2.024608e+01 6.138146e-01 1.464228e+00 1.158149e+00 4.782270e-01 -5.165771e-01 -1.026436e+00 -6.940667e-02 -2.049677e-01 -1.153932e+00 -6.686075e-01 1.211281e+00 -1.867527e+00 -1.844316e-01 4.108495e-01 3.639960e-02 5.561379e-01 1.200713e+00 -2.745664e-01 -2.354672e-01 -3.854263e-01 -1.085636e+00 -4.238702e-01 3.918733e-01 5.063250e-02 6.194099e-02 2.989462e-02 
-6.771078e+00 -8.901774e+00 -2.852340e+00 -5.609392e+00 -1.053928e+01 -8.935550e+00 -6.424060e+00 6.432242e+00 -9.353470e+00 -1.757220e+01 -3.367851e+00 -1.421083e+01 2.002196e+01 1.380225e+00 1.350101e+00 2.343540e+00 2.455801e+00 -8.907651e-01 -1.313688e+00 -4.182067e-01 -1.784493e+00 -1.742975e+00 2.667395e-01 1.339292e+00 -1.692627e+00 -1.329160e-01 3.686471e-01 6.764550e-03 5.749727e-01 1.250164e+00 -2.117954e-01 -2.289231e-01 -1.906659e-01 -1.508840e+00 -3.092224e-01 6.837252e-01 -2.200816e-01 5.256308e-01 6.198459e-02 
-5.558760e+00 -7.392371e+00 7.070135e-02 -3.952721e+00 -1.099720e+01 -9.810552e+00 -8.536165e+00 5.969552e+00 -1.231475e+01 -1.739023e+01 1.540485e-01 -1.764470e+01 1.982217e+01 1.683853e+00 1.425543e+00 3.082221e+00 4.224082e+00 -1.391872e+00 -1.837933e+00 -3.244354e-01 -4.577073e+00 -1.963620e+00 1.207593e+00 6.732406e-01 -3.693451e-01 -3.682753e-02 1.338888e-01 -7.060172e-02 1.786762e-01 6.963197e-01 -9.243174e-03 -6.545237e-02 9.386148e-02 -1.195516e+00 1.373435e-01 5.443996e-01 -5.065745e-01 8.479986e-01 6.842253e-02 
-2.033208e+00 -6.532485e+00 5.556281e+00 3.287333e+00 -1.351558e+01 -1.267322e+01 -8.623501e+00 -2.707436e+00 -1.500797e+01 -1.380639e+01 -9.673748e-01 -1.783373e+01 1.992394e+01 1.651093e+00 1.477728e+00 2.851823e+00 4.217637e+00 -8.795205e-01 -1.695737e+00 -2.924878e-02 -5.388821e+00 -1.575128e+00 1.823282e+00 1.432211e-02 5.500195e-01 5.395190e-02 -2.253425e-01 -2.090172e-01 -4.703808e-01 -4.435264e-01 2.849245e-01 2.526764e-01 1.696521e-01 8.225643e-02 4.280969e-01 1.132940e-01 -5.880052e-01 6.979147e-01 3.641802e-02 
-1.183356e+00 -4.075291e+00 7.855614e+00 9.638041e+00 -1.503253e+01 -1.499825e+01 -6.482478e+00 -1.186298e+01 -1.567527e+01 -1.166817e+01 -1.722769e+00 -1.289842e+01 2.011112e+01 1.147756e+00 1.047313e+00 1.797327e+00 3.078981e+00 -5.684580e-01 -1.162584e+00 2.054402e-01 -4.380346e+00 -5.512309e-01 1.275068e+00 -6.591431e-01 1.251013e+00 6.422001e-02 -3.842627e-01 -3.389946e-01 -7.567720e-01 -1.347314e+00 4.115654e-01 5.606402e-01 -1.890028e-03 1.429518e+00 4.583344e-01 -2.880382e-01 -4.473886e-01 1.608812e-01 -9.530612e-03 
-7.033440e-01 -3.171828e+00 7.514840e+00 8.683184e+00 -1.291956e+01 -1.482023e+01 -7.596803e+00 -1.159565e+01 -1.554845e+01 -1.131657e+01 -2.357792e+00 -1.383363e+01 2.014718e+01 5.215899e-01 4.941485e-01 6.340702e-01 8.107356e-01 1.222478e-01 -3.880380e-01 1.651780e-01 -1.471558e+00 -3.085217e-01 7.994359e-01 -9.344980e-01 9.867620e-01 -1.414214e-03 -3.546249e-01 -3.041747e-01 -5.842401e-01 -1.361221e+00 2.786520e-01 5.350747e-01 -1.622208e-01 1.750951e+00 2.459785e-01 -4.304487e-01 -2.726775e-01 -2.233119e-01 -3.307465e-02 
-4.846352e-01 -3.836370e+00 8.078014e+00 8.744193e+00 -1.413744e+01 -1.455007e+01 -8.022086e+00 -1.148810e+01 -1.480070e+01 -1.225989e+01 -2.446229e+00 -1.338966e+01 2.003169e+01 3.273541e-01 2.222178e-01 4.070934e-01 -8.090965e-01 1.649994e-01 3.115057e-01 -4.310363e-01 6.117772e-01 -3.052383e-01 2.793536e-01 -1.089350e+00 2.166959e-01 -5.683867e-02 -2.054437e-01 -8.180052e-03 -2.799494e-01 -9.425802e-01 2.787893e-01 2.034214e-01 -1.904008e-01 1.253780e+00 3.425867e-02 -4.806691e-01 -7.077116e-02 -5.458766e-01 -2.150916e-02 
2.255538e-01 -4.181227e+00 8.615184e+00 7.788106e+00 -1.335206e+01 -1.483758e+01 -7.027811e+00 -1.025285e+01 -1.698843e+01 -9.513637e+00 -5.278242e+00 -1.265476e+01 1.995669e+01 2.882913e-01 3.693576e-01 6.257196e-01 -6.443716e-01 1.468522e-01 2.426620e-01 -5.220957e-01 8.698920e-01 -4.682265e-01 1.688299e-01 -1.133835e+00 -4.932919e-02 -5.088783e-02 -1.404568e-01 2.329160e-01 -1.243547e-02 -3.721590e-01 9.386431e-02 -1.259195e-01 -1.388510e-01 2.485439e-01 1.246819e-01 -6.667712e-01 -1.221914e-01 -6.893153e-01 3.672853e-03 
-1.117590e-02 -2.459575e+00 9.340675e+00 6.040126e+00 -1.399087e+01 -1.343206e+01 -8.922017e+00 -9.475635e+00 -1.648162e+01 -1.117293e+01 -5.709779e+00 -1.240459e+01 1.992240e+01 2.372857e-01 1.068981e+00 4.016604e-01 -9.062057e-01 8.130649e-01 -4.608407e-01 -4.028736e-01 7.178499e-01 -2.999848e-01 -8.129691e-01 -9.132880e-01 -9.603291e-01 -1.856663e-02 -1.760763e-01 2.938636e-01 2.098834e-01 -6.979007e-04 -5.924023e-02 -1.311111e-01 1.559409e-01 -3.671126e-01 -1.482657e-02 -4.920045e-01 -2.983566e-01 -6.542678e-01 1.657721e-02 
5.011923e-01 -2.013291e+00 1.001191e+01 6.813184e+00 -1.225872e+01 -1.416598e+01 -9.757688e+00 -8.252368e+00 -1.704921e+01 -1.101608e+01 -6.395571e+00 -1.457286e+01 1.994740e+01 -1.355940e-01 1.235520e+00 5.747101e-01 -1.001458e+00 2.674251e-01 -6.315202e-01 -5.431655e-01 -2.819168e-01 3.120416e-01 -1.988285e+00 -1.633490e+00 -1.871456e+00 -2.172654e-03 -1.792926e-01 1.391310e-01 2.604780e-01 2.952517e-01 -1.999371e-01 6.368385e-02 3.482014e-01 -5.352903e-01 -2.145786e-01 -2.057128e-01 -4.253911e-01 -2.847927e-01 7.205172e-03 
5.638561e-01 4.247445e-01 9.388205e+00 4.700376e+00 -1.061849e+01 -1.719021e+01 -8.671404e+00 -8.898819e+00 -1.626997e+01 -1.557320e+01 -6.454119e+00 -1.723237e+01 1.994341e+01 -3.411090e-01 1.258436e+00 1.482115e+00 -6.339943e-01 -1.913754e-01 9.309760e-02 3.591876e-01 -6.478174e-01 -7.693803e-01 -1.102093e+00 -2.331357e+00 -2.143564e+00 1.677887e-03 -1.299964e-01 -1.814663e-01 2.078426e-01 8.739612e-01 -2.770388e-01 3.367459e-01 2.558967e-01 -5.149458e-01 -3.505026e-01 1.889114e-01 -3.359782e-01 3.799278e-01 -2.135248e-02 
-7.397954e-01 5.539717e-01 1.146514e+01 3.450298e+00 -1.370112e+01 -1.611582e+01 -9.868682e+00 -1.195079e+01 -1.553402e+01 -1.725496e+01 -1.307375e+01 -1.959792e+01 1.993523e+01 -3.189652e-01 9.702826e-01 1.387943e+00 6.957121e-01 -3.504693e-01 2.840122e-01 8.379531e-01 -1.123788e+00 -1.306282e+00 -7.152598e-01 -2.551903e+00 -8.816241e-01 -2.498419e-02 -4.012089e-02 -4.285097e-01 -9.691578e-02 1.153733e+00 6.382945e-02 2.179493e-01 8.071838e-02 -3.370187e-01 -1.883883e-01 3.394648e-01 2.179493e-01 9.267570e-01 -6.752900e-02 
-1.096119e+00 2.549104e+00 1.602480e+01 4.551333e+00 -1.422682e+01 -1.199183e+01 -7.070456e+00 -1.086564e+01 -2.108664e+01 -1.356362e+01 -1.402731e+01 -2.060987e+01 1.993678e+01 -3.210386e-01 2.941427e-01 1.034197e+00 2.615064e+00 -2.630734e-01 7.650378e-01 1.860393e-01 -1.436010e+00 -1.243372e+00 -5.048242e-01 -2.133991e+00 4.445726e-01 -1.139550e-01 -1.190249e-01 -5.544205e-01 -3.757816e-01 9.289511e-01 4.501162e-01 4.352813e-02 -4.459907e-01 -1.378518e-01 5.162653e-01 -2.283901e-02 6.001666e-01 9.244434e-01 -1.309683e-01 
-2.638787e-01 1.775619e+00 1.363309e+01 1.036647e+01 -1.220704e+01 -1.534496e+01 -6.368270e+00 -1.288778e+01 -2.117235e+01 -1.559699e+01 -1.536819e+01 -1.729221e+01 1.982549e+01 -3.463340e-01 -4.248798e-01 3.140288e-01 3.142555e+00 6.224639e-01 1.222407e-01 -5.292629e-02 -1.573062e+00 -3.928395e-01 -5.896191e-01 -6.424379e-01 1.468370e+00 -2.819787e-01 -2.874437e-01 -4.550948e-01 -2.735294e-01 1.866664e-01 5.638000e-01 1.983171e-01 -4.370897e-01 2.368048e-01 6.160547e-01 -6.201087e-02 6.156051e-01 3.573340e-01 -1.948776e-01 
-1.279605e+00 1.284255e+00 1.347526e+01 1.431734e+01 -1.268064e+01 -1.375073e+01 -9.491302e+00 -1.561015e+01 -1.966766e+01 -1.892616e+01 -1.597701e+01 -1.616232e+01 1.942857e+01 -9.225724e-01 -8.161561e-01 1.402748e-01 2.787326e+00 1.572797e+00 3.916766e-01 -1.425283e+00 -1.112367e+00 1.355113e+00 -1.279091e+00 -2.852460e-01 1.303609e+00 -5.246211e-01 -3.408881e-01 -2.601542e-01 -4.534167e-01 -7.149298e-01 5.288204e-01 3.517536e-01 4.727352e-02 6.677693e-01 1.706451e-01 1.860776e-01 4.722349e-01 -1.219031e-02 -2.454838e-01 
-2.379701e+00 -9.377755e-01 1.431016e+01 1.428008e+01 -1.136193e+01 -1.462529e+01 -8.922894e+00 -1.744350e+01 -1.820757e+01 -1.752153e+01 -1.531087e+01 -1.447965e+01 1.877944e+01 -1.455518e+00 -7.502438e-01 4.672583e-01 1.543041e+00 1.550530e+00 1.462162e+00 -5.418095e-01 -1.014648e-01 4.748984e-01 -6.381735e-01 -3.982410e-01 4.754969e-01 -7.940423e-01 -3.977290e-01 -1.383608e-01 -6.684653e-01 -1.089061e+00 2.086927e-01 6.549183e-01 7.516986e-01 1.081424e+00 -1.587868e-01 5.190025e-01 3.004011e-01 7.729887e-02 -3.025991e-01 
-4.650750e+00 -1.748094e-01 1.638799e+01 1.653128e+01 -6.785650e+00 -1.039314e+01 -1.291986e+01 -1.415012e+01 -1.579377e+01 -1.899710e+01 -1.548242e+01 -1.549810e+01 1.783671e+01 -1.470861e+00 -8.438370e-01 -1.309419e+00 -1.599184e-01 1.917036e+00 1.853889e+00 6.668909e-01 1.167267e+00 -8.238848e-01 4.498445e-01 1.050747e-01 8.800478e-01 -1.085342e+00 -2.672142e-01 -1.537120e-01 -9.122124e-01 -1.048775e+00 -1.602416e-01 4.018375e-01 1.453889e+00 1.218662e+00 1.835379e-01 1.048827e+00 6.337042e-01 5.618597e-01 -3.437620e-01 
-5.855696e+00 -1.245817e+00 1.451328e+01 1.697473e+01 -7.401582e+00 -9.712637e+00 -7.363131e+00 -1.412536e+01 -2.073506e+01 -1.875256e+01 -1.760694e+01 -1.524663e+01 1.665105e+01 -2.060784e+00 -1.102948e+00 -2.303550e+00 -8.290864e-01 1.493751e+00 2.665716e+00 2.659557e+00 2.694256e+00 -9.720183e-02 1.140918e+00 6.643249e-01 2.066578e+00 -1.514677e+00 -9.530863e-02 -1.017109e-01 -6.873001e-01 -5.583678e-01 -1.607452e-01 -8.944727e-02 9.376338e-01 1.055259e+00 1.407605e+00 1.181014e+00 9.736592e-01 8.113760e-01 -2.626469e-01 
-6.895996e+00 -2.780765e+00 6.827012e+00 1.217055e+01 -5.075528e+00 -6.937644e+00 -6.936971e+00 -1.143278e+01 -2.252355e+01 -1.606182e+01 -1.430326e+01 -1.137833e+01 1.506604e+01 -1.955953e+00 -1.408459e+00 -3.035389e+00 -1.270611e+00 7.999277e-01 1.799232e+00 4.243447e+00 3.582953e+00 2.558809e+00 3.075584e+00 2.351930e+00 3.317239e+00 -1.883104e+00 1.161843e-01 1.193066e-01 9.053952e-02 1.780593e-01 -4.683737e-01 -7.221711e-01 1.131784e-01 5.565960e-01 1.853881e+00 7.236862e-01 5.624213e-01 3.857855e-01 -3.542478e-02 
-1.156096e+01 -5.149303e+00 7.572681e+00 1.231468e+01 -4.748075e+00 -3.025059e+00 1.383225e+00 -5.330766e+00 -1.532850e+01 -1.328473e+01 -1.257875e+01 -6.206725e+00 1.259162e+01 -1.689480e+00 -9.765692e-01 -2.106253e+00 -6.935269e-01 1.305488e+00 1.042172e+00 2.358112e+00 3.966984e+00 5.821462e+00 3.954067e+00 3.346642e+00 3.313690e+00 -1.708429e+00 4.844332e-01 4.351765e-01 4.978902e-01 4.603411e-01 -4.948831e-01 -1.057184e+00 -6.934372e-01 -1.211883e-01 8.955919e-01 6.640969e-02 -2.303702e-03 -3.719191e-01 2.686965e-01 
-1.157775e+01 -5.265007e+00 4.681027e+00 1.250835e+01 -4.112657e+00 -4.740792e+00 3.924119e+00 -6.322941e-01 -5.703034e+00 -6.353218e+00 -6.237123e+00 -3.431886e+00 1.045106e+01 -1.075672e+00 -3.104126e-01 -9.554721e-01 6.625050e-01 -3.305408e-01 -9.451656e-01 1.383370e+00 3.313845e+00 5.486161e+00 2.661620e+00 1.576074e+00 2.185333e+00 -1.165561e+00 5.526664e-01 6.215265e-01 6.655753e-01 4.026415e-01 -3.951637e-01 -5.063478e-01 -1.028302e+00 -8.433921e-01 -8.221602e-01 -8.741453e-01 -7.210728e-01 -8.636666e-01 4.756647e-01 
-1.196234e+01 -4.886341e+00 5.054534e+00 1.333791e+01 -1.355788e+00 -5.600217e+00 -1.003154e+00 3.093346e-01 -3.803761e-02 -3.836515e+00 -4.906891e+00 -2.651463e+00 1.041633e+01 -7.878288e-02 5.240983e-01 -8.541575e-01 5.060818e-01 -4.153760e-01 -1.248034e+00 6.224565e-01 2.222996e+00 2.917094e+00 1.679821e+00 1.040756e+00 7.728266e-01 -5.299302e-01 4.505571e-01 4.955141e-01 3.269313e-01 -2.532384e-02 -1.223318e-01 3.698152e-01 -4.945861e-01 -1.057979e+00 -1.934990e+00 -1.163271e+00 -7.755250e-01 -8.583996e-01 4.464091e-01 
-1.207333e+01 -4.464475e+00 3.308511e+00 1.497165e+01 -8.424182e+00 -1.037623e+01 1.173504e+00 2.316389e+00 -2.737821e+00 -7.477627e+00 -1.025852e+01 -2.229167e+00 1.032584e+01 1.996657e-03 9.489547e-01 -3.337004e-01 1.428784e-01 -3.153996e-01 4.126816e-01 -3.018753e-02 2.378819e-01 -9.969722e-02 -1.580360e-01 -1.004560e-01 2.692926e-01 -9.406057e-02 2.469095e-01 4.090997e-01 8.760588e-02 -4.334449e-01 6.632905e-01 9.906288e-01 -5.498099e-01 -8.989042e-01 -1.492529e+00 -6.741967e-01 -8.268258e-02 -3.631572e-01 2.894773e-01 
-1.170677e+01 -2.929151e+00 3.988268e+00 1.361348e+01 -4.669283e+00 -6.447625e+00 5.870902e+00 4.309515e+00 -2.225763e+00 -4.323378e+00 -5.364222e+00 -2.943688e+00 1.000437e+01 2.447228e-02 8.714709e-01 -7.824224e-01 -5.604798e-01 6.861460e-01 2.212184e+00 5.919991e-01 2.150399e-01 -1.060552e+00 -4.524656e-01 3.073208e-01 -2.030596e-02 -1.220740e-02 -4.831999e-03 8.143673e-02 -4.304736e-02 -3.689314e-01 6.988196e-01 5.947565e-01 -7.663113e-01 -5.884147e-01 -4.974114e-01 -2.827651e-01 8.447950e-02 -2.740052e-02 1.182453e-01 
-1.169530e+01 -1.499012e+00 3.545709e+00 1.308487e+01 -4.033018e+00 -2.253757e+00 3.357888e-01 -1.442776e+00 -5.107893e+00 -6.900002e+00 -6.510621e+00 -1.939543e+00 1.018668e+01 1.072423e-01 1.561451e+00 -5.532321e-01 -9.715276e-01 2.435066e+00 2.277838e+00 -1.350496e+00 -1.767007e-01 1.246385e-02 3.568404e-01 1.529525e+00 7.661095e-01 2.303089e-02 -9.939662e-02 -1.617943e-01 -6.908326e-03 -2.208968e-01 4.802427e-01 -1.122642e-01 -3.153929e-01 1.051875e-01 3.244918e-01 3.938462e-01 3.558433e-01 -7.858602e-03 8.316142e-03 
-1.202910e+01 -2.011788e+00 1.023974e+00 1.147897e+01 -1.209587e-01 1.399798e+00 2.375164e+00 3.264207e+00 -4.155929e+00 -6.387585e+00 -5.244260e+00 -2.897730e+00 1.042496e+01 -1.555815e-01 6.250655e-01 -9.595971e-01 -7.814603e-01 1.703501e+00 7.931911e-01 -2.548974e+00 -5.117646e-01 3.739009e-01 8.550489e-03 6.480889e-01 3.874134e-01 2.786376e-03 -1.407574e-01 -2.040357e-01 3.335639e-01 -9.708972e-02 -2.377096e-01 -6.025019e-01 3.602048e-03 -9.984896e-02 1.429515e-01 4.734813e-01 2.030368e-01 6.499287e-02 -1.639584e-02 
-1.137625e+01 2.883817e+00 2.024776e+00 1.118129e+01 1.476907e+00 -2.910676e+00 -3.831173e+00 1.955444e+00 -1.710644e+00 -4.661317e+00 -2.671005e+00 1.578432e+00 1.023070e+01 -4.049697e-01 2.632853e-01 -2.795720e-01 -8.510424e-01 1.577139e+00 5.608164e-01 -3.675883e-02 1.127150e+00 8.053402e-01 1.580710e+00 1.508315e+00 2.608051e-02 -5.993078e-02 -1.344450e-01 -2.113046e-01 4.253996e-01 -6.851885e-02 -8.829097e-01 -4.634188e-01 5.240237e-01 -2.441505e-01 -4.088382e-01 2.153488e-01 -1.783143e-01 -1.354964e-01 -4.955406e-02 
-1.264427e+01 -1.995635e+00 -4.901825e-02 1.065800e+01 1.093114e+00 -2.153172e+00 -4.790690e+00 5.168271e-02 -2.054785e+00 -5.400202e+00 -4.043407e+00 -2.765058e+00 9.996403e+00 -4.231326e-01 5.003881e-01 7.485648e-01 -1.106213e+00 -7.347444e-02 5.812591e-02 -4.698084e-02 -9.360551e-01 -7.423250e-01 1.303100e+00 1.333004e+00 6.747307e-01 -5.269642e-02 6.854124e-02 3.307168e-01 3.507406e-01 -1.802919e-01 -8.155144e-01 -1.414071e-01 4.758070e-01 -3.096109e-01 -3.861168e-01 -4.224558e-02 -2.237633e-01 3.240661e-02 -6.829814e-02 
-1.341261e+01 -1.905871e-01 2.684803e+00 9.240458e+00 3.245488e+00 2.326873e+00 3.734845e+00 5.799332e+00 -2.131310e+00 5.095556e-01 4.308218e-01 -1.874942e+00 1.010127e+01 -4.311774e-01 5.672079e-01 7.196896e-01 -1.151655e+00 -1.091052e+00 3.282217e-01 1.862778e-02 -1.185176e+00 -1.473736e+00 7.863212e-01 2.954957e-01 -5.515919e-02 -1.970334e-01 2.532218e-01 3.618768e-01 -1.487009e-01 -3.819467e-02 -5.308700e-01 -1.957665e-01 -1.165040e-01 -3.060792e-01 5.252833e-02 -4.333902e-01 -5.439175e-01 -6.520453e-02 -4.005383e-02 
-1.312633e+01 2.027687e+00 4.436656e+00 6.918415e+00 -1.373156e+00 -9.279027e-01 -1.642540e+00 -3.338413e+00 -7.656814e+00 -2.457880e+00 -1.300945e-01 2.202770e+00 1.022606e+01 2.002134e-01 2.126641e+00 2.945104e-01 -1.532663e+00 -1.039950e+00 2.026315e-01 -1.977033e-01 -9.035052e-01 -4.172680e-01 1.945587e-01 1.357636e-01 5.900690e-01 -2.701353e-01 3.101830e-01 1.476200e-01 -4.962309e-01 2.298216e-01 2.164761e-01 -2.732228e-02 1.741594e-01 6.654314e-01 8.956497e-01 -2.198462e-01 -3.474564e-01 -1.331336e-01 2.382701e-02 
-1.329097e+01 3.708391e+00 3.380253e+00 7.292661e+00 -2.745237e+00 -1.882127e+00 -5.312072e+00 -2.275695e+00 -6.278499e+00 -2.201011e+00 -3.150445e+00 -1.181666e+00 9.130666e+00 5.494564e-01 1.259571e+00 -7.960048e-01 -8.288679e-01 -5.938417e-01 -4.902037e-01 -5.440000e-01 -4.195400e-01 9.054183e-01 -3.199490e-02 -6.124998e-01 -2.574346e-01 -1.514686e-01 1.235787e-01 -2.514111e-01 -3.174489e-01 2.862461e-01 5.846779e-01 -9.939425e-02 2.866902e-01 7.721778e-01 9.298186e-01 1.671373e-01 1.396433e-01 -3.350429e-02 1.125623e-01 
-1.170431e+01 6.688129e+00 1.075091e+00 3.968673e+00 -1.111364e+00 9.640775e-01 -1.255520e+00 -4.284164e-01 -2.067466e+00 -3.072076e+00 -1.574147e+00 -1.614789e-01 9.130887e+00 6.373684e-01 8.922315e-01 -9.746886e-01 -1.185187e-01 7.601820e-01 3.307511e-01 1.105186e+00 2.008281e+00 2.546332e+00 6.130272e-01 4.970343e-02 1.103619e-01 4.362545e-02 -3.149174e-01 -1.224488e+00 3.046527e-01 5.820363e-01 4.390821e-01 -1.331180e-01 2.278303e-01 2.777424e-01 1.911105e-02 3.513742e-01 -4.864995e-02 -2.243456e-01 9.521402e-02 
-1.137666e+01 3.777137e+00 3.854698e-01 6.571194e+00 1.450698e-01 -1.070324e+00 8.212430e-01 2.246753e+00 -3.992331e-01 6.571563e-01 -1.909878e+00 -1.979865e+00 9.891532e+00 -3.184118e-02 -7.262914e-02 -2.327882e-01 -4.274327e-01 9.321905e-01 -2.327549e-01 8.007158e-01 1.219660e+00 1.693567e+00 1.412722e+00 1.036627e+00 1.720878e-02 2.088487e-01 -5.641640e-01 -1.438135e+00 7.453364e-01 5.596019e-01 -3.071627e-02 -2.692964e-02 1.776062e-01 -2.377337e-01 -5.696806e-01 4.838841e-01 -9.901825e-02 -1.273178e-02 5.168391e-03 
-1.089705e+01 6.454844e+00 1.060742e+00 6.686662e+00 9.829748e-01 3.196203e-01 8.168617e-01 4.441823e+00 2.134820e+00 -8.214947e-01 -5.018552e-01 3.154020e+00 1.006388e+01 -1.083717e+00 -3.329672e+00 1.536142e+00 1.176888e+00 3.924513e-01 -5.917096e-01 2.689627e-01 -3.343107e-01 -7.156638e-01 1.229117e+00 -9.321518e-01 -6.690828e-01 2.571460e-02 -4.177782e-01 -8.799486e-01 3.898983e-01 2.590300e-01 -4.955241e-01 -1.131114e-02 -2.979698e-01 -7.533094e-01 -8.955858e-01 2.093224e-01 -2.210716e-01 -4.128168e-02 -7.295567e-02 
-1.385413e+01 3.461958e+00 2.223412e+00 3.796291e+00 8.685995e-01 -2.723748e+00 -2.344725e+00 1.387913e+00 8.833708e-02 3.737386e+00 1.496563e+00 -2.752918e+00 9.708340e+00 -1.410816e+00 -3.820100e+00 1.675186e+00 1.321514e+00 -5.634480e-01 -1.635814e-01 7.620182e-01 -4.369570e-01 -3.121991e-01 2.079469e+00 -6.166292e-01 6.853807e-02 -1.166387e-01 4.506541e-02 4.286192e-01 -3.856879e-01 -1.213969e-01 -4.036797e-01 4.935853e-01 -1.754396e-01 -4.047176e-01 -2.989312e-01 -2.414051e-01 4.463039e-02 3.068303e-01 -6.556344e-02 
-1.588435e+01 -9.802608e+00 7.836782e+00 1.124066e+01 4.890430e-01 -1.167349e+00 1.672395e+00 -1.670639e+00 -5.889754e+00 1.533068e+00 -7.938296e+00 -3.120584e+00 9.351027e+00 -7.620915e-01 -1.633537e+00 2.074977e-02 3.021417e-01 -9.694770e-01 2.395828e-01 -3.653234e-01 -9.299163e-01 -9.289537e-01 1.326226e+00 -2.290301e-01 -1.218239e-01 -1.583529e-01 4.829904e-01 1.893089e+00 -1.020374e+00 -7.321839e-01 1.436324e-01 6.700132e-01 2.386592e-02 1.516962e-01 4.780494e-01 -5.532016e-01 7.026048e-01 4.170920e-01 2.330001e-02 
-1.593719e+01 -7.194774e+00 5.373338e+00 1.090204e+01 -2.424986e+00 -1.144650e+00 4.203358e+00 3.118359e+00 2.052174e+00 9.877136e+00 -1.274855e+00 1.499956e+00 9.664534e+00 3.259999e-02 1.222474e+00 -1.403590e+00 -5.969639e-01 -4.053561e-01 1.819467e+00 2.406957e-01 -5.060541e-01 3.054748e-01 1.571168e-01 9.082402e-01 1.277755e+00 -2.690946e-02 5.099831e-01 1.736069e+00 -7.786680e-01 -6.056671e-01 6.975834e-01 3.873969e-01 -1.518427e-01 2.478972e-01 3.153570e-01 -8.409282e-01 4.989660e-01 2.542098e-01 7.728181e-02 
-1.366573e+01 3.615228e+00 -4.104190e-01 4.644280e+00 -2.217416e+00 7.281919e-01 -4.283913e+00 -1.073320e+00 -3.491696e+00 2.739869e+00 -2.611115e-01 4.186358e-01 9.293946e+00 6.095019e-01 3.614489e+00 -2.026368e+00 -1.524798e+00 1.031388e+00 1.766790e+00 6.490545e-01 4.585929e-01 1.365620e+00 -5.758036e-01 1.818488e+00 8.118622e-01 9.729967e-02 2.173017e-01 4.372098e-01 5.081330e-03 -9.265176e-03 6.821997e-01 -1.850342e-01 1.237460e-01 5.583370e-01 4.415101e-01 -4.968113e-01 1.389317e-01 1.486736e-01 5.568909e-02 
-1.480023e+01 2.865410e+00 -6.704841e-01 4.109117e+00 1.950561e-01 5.425875e+00 1.837134e+00 -1.440841e+00 4.162991e-01 3.919794e+00 2.199141e+00 1.866321e+00 9.602364e+00 4.532507e-01 2.236116e+00 -1.194522e+00 -7.932576e-01 1.924050e+00 1.009730e+00 -5.044679e-01 1.081107e-01 1.174014e-01 -1.174073e+00 8.544644e-01 8.726969e-01 1.419309e-01 -5.881739e-02 -6.121148e-01 4.206377e-01 1.947555e-01 -2.453532e-02 -8.680165e-01 -1.421842e-01 4.482082e-01 1.465926e-02 -1.351532e-01 -2.831966e-01 -2.535847e-01 -4.666268e-02 
-1.340483e+01 3.239567e+00 7.271414e-01 7.012591e+00 4.335866e+00 4.381748e+00 6.100777e+00 2.902102e+00 1.756570e+00 1.633084e+00 -5.829219e-01 7.559521e-01 9.868744e+00 1.141260e-01 4.558189e-02 -5.822932e-02 3.540279e-01 1.276875e+00 -2.807035e-01 6.260028e-01 1.554582e+00 1.372581e+00 -4.922101e-01 4.924861e-01 8.240291e-01 3.569100e-02 -2.220661e-01 -9.469451e-01 3.822453e-01 -6.325894e-02 -8.151481e-01 -8.301045e-01 -2.749788e-01 1.878566e-02 -1.304573e-01 2.590047e-01 -4.532669e-01 -3.636003e-01 -1.463510e-01 
-1.380129e+01 4.173459e+00 -1.168195e+00 5.751457e+00 3.918608e+00 2.077190e+00 -3.511042e+00 1.671485e+00 1.487359e-02 4.559984e+00 3.158431e+00 5.695165e+00 1.008689e+01 -1.376116e-02 -5.368361e-02 -2.844013e-01 -5.626644e-01 -6.507326e-01 -1.496794e+00 -4.587818e-01 1.187111e+00 3.753456e-01 -5.603864e-01 1.552843e-01 3.774446e-03 -2.294129e-01 -1.601152e-01 -4.317630e-01 1.260833e-01 -4.680727e-01 -9.791037e-01 -3.929174e-01 5.458367e-02 -2.185831e-01 6.530552e-02 4.435644e-01 -4.151504e-01 -5.782168e-01 -1.680577e-01 
-1.359487e+01 3.189229e+00 -4.530159e-01 5.593406e+00 2.305069e+00 9.987927e-01 1.520507e+00 5.143209e+00 3.571731e+00 -4.163405e-02 1.721339e+00 2.624633e+00 9.230227e+00 -2.672961e-01 2.459433e-02 -5.702352e-01 -1.956382e+00 -1.756819e+00 -1.130471e+00 -7.486488e-01 1.303078e-02 5.844328e-01 4.124026e-01 -9.829749e-02 -5.716206e-01 -4.487771e-01 -5.313630e-02 7.330362e-02 -5.996893e-02 -5.299962e-01 -4.751498e-01 1.173016e-01 -1.501003e-01 -5.972688e-01 -1.591915e-01 4.760641e-01 -3.363185e-01 -4.050469e-01 -7.764169e-02 
-1.477402e+01 2.622357e+00 -1.502244e+00 2.005317e+00 -2.043311e+00 -3.666731e-01 1.833336e+00 3.374077e+00 1.385317e+00 1.955162e+00 1.822877e+00 9.510580e-01 8.774681e+00 -1.567426e-01 8.778391e-02 -3.081453e-01 -1.978557e+00 -1.454552e+00 -5.299043e-01 4.557751e-01 -2.139618e-01 8.380429e-01 5.914029e-01 -9.258639e-01 -1.320521e+00 -4.561282e-01 5.448070e-03 1.106651e-01 1.005576e-02 -1.682180e-01 9.670297e-02 3.590829e-01 -7.912374e-03 -4.581405e-01 -2.991638e-02 4.644776e-01 -2.158120e-01 -1.053221e-01 1.899856e-02 
-1.425468e+01 4.138147e+00 -1.956909e+00 -8.961094e-01 -1.467622e+00 -4.889522e-02 -3.146966e-01 2.115606e+00 3.994146e+00 4.997499e+00 -4.064584e-01 2.699218e-01 8.280859e+00 -8.010986e-02 3.413364e-01 -3.461760e-01 -1.588045e+00 -6.970468e-01 -1.776580e-01 -5.818631e-01 -7.313335e-01 3.452697e-01 1.312110e+00 -6.485381e-01 -5.390486e-01 -2.392143e-01 4.509547e-02 8.870570e-02 4.100778e-02 1.127089e-01 2.877174e-01 2.257585e-01 -7.040842e-02 -2.006262e-01 -9.709783e-02 2.520097e-01 -8.234225e-02 8.463324e-02 6.360832e-02 
