-1.483591e+01 2.446117e+00 1.103365e-01 2.327341e+00 -1.864974e+00 6.567716e-01 1.962452e+00 2.131300e+00 1.999804e+00 3.124826e+00 1.687289e+00 2.416695e+00 7.575174e+00 6.032112e-02 -2.880000e-01 -1.726573e-01 -3.961803e-02 1.168829e+00 5.646871e-01 -5.094573e-01 -7.540973e-01 -4.851397e-01 -5.103136e-01 -1.089525e+00 -1.439523e-01 1.041631e-02 2.298965e-03 8.062937e-02 9.591794e-03 -1.433197e-01 -2.682511e-01 -1.162706e-01 -1.242245e-01 -1.241708e-01 -3.753251e-01 -6.913973e-02 3.791256e-01 -3.186534e-02 -4.182879e-02 
-1.557270e+01 4.976213e-01 -3.190097e+00 3.286129e+00 1.259353e+00 1.809256e+00 2.006207e+00 6.976264e-01 2.715520e+00 4.191325e+00 2.597360e+00 2.934380e+00 7.663879e+00 1.935451e-02 -5.743504e-03 -2.206360e-01 -7.115104e-01 5.266683e-01 6.066475e-01 -6.449463e-01 -1.254359e+00 -1.628663e+00 -1.257046e+00 -3.009644e-01 -9.469257e-02 -1.007822e-01 4.460498e-02 1.377540e-01 7.656526e-02 -5.562935e-02 -4.152121e-01 -3.365973e-01 -2.204403e-01 -8.033361e-02 -2.098971e-01 1.031014e-01 5.160053e-01 -1.326738e-02 -4.471104e-02 
-1.416531e+01 1.980452e+00 8.974730e-01 1.649844e+00 2.416633e+00 2.903681e+00 -6.066295e-01 -9.222893e-01 -7.839243e-01 3.983509e-02 -4.215266e+00 1.437637e+00 7.582784e+00 9.229507e-02 -2.579857e-02 -1.006465e-01 -4.200685e-01 1.487524e-01 -3.768424e-02 -1.062841e+00 -1.124895e+00 -1.790073e+00 -4.826143e-01 4.119666e-01 -3.280513e-01 -1.431323e-01 -2.366434e-02 1.157582e-02 1.320385e-02 1.366319e-01 -3.997708e-01 -5.414488e-01 -2.585721e-01 9.046409e-04 3.255162e-01 2.696632e-01 4.277406e-01 -7.571614e-02 -1.818627e-02 
-1.507426e+01 2.649979e+00 -1.386377e+00 -8.916498e-01 -1.372666e+00 2.566388e+00 2.243027e-02 -2.613426e+00 -4.751720e+00 -1.618155e+00 3.133702e+00 2.432784e+00 7.067292e+00 2.674856e-01 2.698280e-01 1.742259e-01 -1.275167e-01 -3.970077e-01 -8.170497e-01 -1.334880e+00 -9.703099e-01 -8.823438e-01 -8.856297e-03 7.397987e-01 -1.182196e-01 -1.363894e-01 -5.881657e-02 -8.245575e-02 2.118046e-02 2.749638e-01 -4.096556e-02 -4.106359e-01 3.236098e-03 3.927836e-01 7.966661e-01 3.457569e-01 -6.723168e-02 -5.462260e-02 2.349550e-02 
-1.462349e+01 1.240539e+00 -1.294506e+00 2.315708e+00 1.949620e-01 8.961355e-02 -2.360188e+00 -1.837476e+00 -3.216762e+00 3.616813e+00 3.478826e+00 1.027351e+00 7.157737e+00 -1.819814e-01 -3.679726e-01 -3.041069e-01 3.515978e-01 -3.681465e-01 -1.430826e+00 -1.457173e+00 -8.916529e-01 7.693799e-01 2.137425e-01 5.288864e-01 -5.108269e-01 -6.269079e-02 -1.258525e-01 -7.433511e-02 -5.534989e-02 -3.766927e-02 4.744489e-02 -2.361345e-02 5.976471e-01 6.701188e-01 6.311239e-01 2.957099e-02 -3.202314e-01 2.480548e-01 4.284488e-02 
-1.400657e+01 2.216503e+00 -1.222948e+00 2.315708e+00 3.851100e-01 -8.689467e-01 -3.791644e+00 -3.696337e+00 -4.798195e-01 2.358810e+00 2.449050e+00 2.548630e+00 7.194480e+00 -1.373511e-01 -2.471471e-01 -1.298499e-02 2.775720e-01 5.803689e-01 -7.500256e-01 -4.314629e-01 5.929502e-01 1.074910e+00 1.234687e-01 -6.956077e-01 -2.764389e-01 -2.353472e-02 -1.261608e-01 -9.201858e-03 4.334190e-02 -2.222263e-01 -1.709718e-02 3.903937e-01 8.869529e-01 8.398865e-01 1.729980e-01 -9.643093e-02 -3.518264e-01 1.611851e-01 4.181694e-02 
-1.560879e+01 3.572781e-01 -7.049614e-01 1.804237e+00 -3.033567e-01 -2.532505e+00 -5.985781e+00 -4.839074e+00 9.267271e-01 -8.801736e-01 -1.228543e+00 -1.174523e+00 7.205568e+00 -3.343572e-01 -1.390726e-01 -2.837523e-01 -8.110623e-01 -1.027183e-01 -1.891923e-01 1.473630e+00 1.444064e+00 3.869947e-01 -4.008082e-01 -4.714163e-01 9.910800e-01 1.473412e-02 -8.061690e-03 1.343377e-01 1.669418e-01 -2.267409e-01 -2.342508e-01 4.647709e-01 5.185983e-01 4.053856e-01 -1.646557e-01 -2.707208e-02 -1.701671e-01 1.026232e-02 2.156057e-02 
-1.526817e+01 1.855989e+00 -1.746013e+00 7.516850e-01 1.777889e+00 1.271345e-01 -3.222231e-01 1.852115e+00 -1.448873e+00 1.247297e+00 2.009405e+00 2.151617e+00 6.925538e+00 -2.872290e-01 1.093874e-01 3.807651e-01 -6.573505e-01 -6.153591e-01 5.139967e-01 1.634567e+00 2.061370e+00 1.738644e-01 -1.838066e-01 -5.191386e-01 -6.351925e-02 3.395727e-02 3.060576e-02 2.160062e-02 2.093834e-01 1.406557e-01 -3.537876e-01 1.572517e-01 -3.567123e-01 -4.261250e-01 -6.469058e-02 2.785090e-01 2.392254e-01 -3.004366e-01 -5.871201e-03 
-1.566433e+01 7.255180e-01 -2.451896e+00 -9.575665e-01 -1.015319e+00 -1.354349e+00 3.273077e+00 2.608479e+00 -7.973626e-01 2.168885e+00 1.341233e+00 6.181278e+00 7.365803e+00 -1.471764e-01 1.253572e-01 3.337272e-01 -3.146344e-01 -9.417033e-01 2.611077e-01 1.027171e-01 4.012004e-01 3.965834e-01 2.319695e-01 -4.102071e-01 -5.659685e-01 1.639027e-02 6.174939e-02 -4.006034e-02 2.449396e-01 5.634538e-01 2.854502e-02 -1.154485e-01 -1.127907e+00 -8.986121e-01 1.412376e-01 4.130551e-01 3.074495e-01 -4.350788e-01 -4.571882e-02 
-1.541442e+01 2.579593e+00 1.554420e+00 4.097642e-01 -2.335426e+00 1.112552e+00 -2.481765e-01 2.886596e+00 1.251736e+00 -8.414891e-02 -1.431576e+00 -1.446840e+00 7.284055e+00 -7.789957e-02 -2.715350e-01 7.252536e-01 7.327141e-01 -7.692459e-01 -1.889107e-01 -1.529630e+00 -1.016130e+00 7.467157e-01 1.199578e+00 4.700634e-01 -1.000189e+00 -5.375942e-02 2.801559e-02 -1.464129e-01 -4.432561e-02 4.141299e-01 3.450204e-01 -3.518789e-01 -6.682489e-01 -6.088548e-01 9.056956e-02 3.560602e-01 4.562193e-01 2.089575e-01 -5.210814e-02 
-1.627199e+01 6.225138e-01 -6.864948e-01 4.016568e-01 -2.955046e+00 -1.720079e+00 -5.509190e+00 -3.350204e+00 1.559822e+00 9.460239e-01 -1.559365e+00 -2.205067e+00 7.108166e+00 -1.303568e-01 -1.488525e-01 7.686995e-01 1.311159e+00 1.169341e-01 -4.150464e-01 -2.583735e+00 -1.510277e+00 8.065724e-01 9.726739e-01 5.713179e-01 -7.159533e-01 -1.699855e-01 3.375096e-02 -7.254296e-02 -2.580387e-01 1.180829e-01 5.008956e-01 -2.448393e-02 3.926062e-01 2.667630e-01 -8.257005e-02 -1.616182e-01 2.361091e-01 5.863239e-01 -1.935530e-02 
-1.535379e+01 5.499817e-01 9.971923e-01 3.735208e+00 -1.098372e+00 -6.347373e-01 -3.578928e+00 -2.492533e-01 1.106403e+00 7.856750e+00 5.810124e+00 1.343915e+00 6.785522e+00 -1.555030e-01 -4.854557e-01 -5.831243e-02 6.005331e-01 5.806055e-01 -9.073068e-01 -3.634827e-01 -2.727311e-02 4.215721e-01 1.226273e+00 1.271177e+00 1.056221e+00 -1.333728e-01 5.382493e-03 -6.772657e-02 -4.851464e-01 -4.175300e-01 1.211446e-01 2.145579e-01 1.062521e+00 8.146374e-01 -3.560747e-01 -7.108600e-01 -1.465787e-01 5.612494e-01 4.383250e-02 
-1.634697e+01 9.959039e-01 1.670298e+00 3.935073e+00 -1.048649e+00 -2.555807e+00 -7.980328e+00 -3.375131e+00 3.307803e+00 3.061649e+00 5.769847e-01 1.205946e+00 6.765085e+00 6.015459e-02 -1.302830e-01 -5.646968e-01 3.418313e-01 8.879061e-01 4.979447e-01 1.482702e+00 1.240647e+00 1.462606e-01 -5.893929e-01 3.696389e-01 1.337368e+00 -4.056938e-02 4.312488e-02 -1.549256e-01 -2.043470e-01 -5.837343e-01 -5.761046e-01 1.905715e-01 1.217024e+00 1.027882e+00 -5.185323e-01 -7.290038e-01 -3.999957e-02 2.605327e-01 8.384137e-02 
-1.615490e+01 -3.413773e-02 8.494503e-02 1.645614e+00 -3.853170e-01 -3.006453e+00 -8.304523e-01 2.762316e+00 2.485575e+00 4.989324e+00 3.856597e+00 2.128689e+00 6.789001e+00 -1.461773e-01 -6.194037e-01 -1.033708e+00 -8.703274e-01 -5.488837e-01 4.274005e-01 1.749792e+00 1.681446e+00 -7.033550e-01 -1.573506e+00 -1.619470e-01 7.794837e-01 1.006764e-01 -1.626388e-02 -9.313867e-03 8.322497e-02 -3.596259e-01 -5.674340e-01 8.258439e-02 2.278240e-01 3.010136e-01 -3.060350e-01 -4.230709e-01 -3.222450e-01 -2.796402e-01 4.641242e-02 
-1.557038e+01 2.632868e-01 -3.053906e+00 3.155705e+00 1.128217e+00 1.955390e+00 5.299863e-01 1.347160e+00 1.601631e+00 -5.670547e-01 1.265678e+00 4.089217e+00 6.903796e+00 8.063789e-02 -8.563506e-01 2.346910e-01 -8.722141e-01 -2.198820e+00 -1.294902e-01 2.444673e+00 2.774646e+00 -1.223468e+00 -1.272546e+00 1.087965e+00 7.250775e-01 1.322023e-01 -1.150601e-01 1.333296e-01 1.867328e-01 -1.550968e-01 -1.597230e-01 -2.904138e-01 -4.876164e-01 -3.996607e-01 1.600311e-01 2.324708e-01 -3.723463e-01 -5.284845e-01 -1.685600e-02 
-1.647239e+01 -2.180487e+00 -1.809261e+00 -2.264905e-01 -4.931382e+00 -7.532244e-01 9.153653e-01 5.797031e+00 -1.557376e+00 1.803251e+00 4.655979e+00 3.800005e+00 7.219700e+00 -2.470950e-01 -1.689076e-01 -4.189193e-02 -5.905387e-01 -7.132978e-01 -1.807439e-01 2.946402e-01 7.107475e-01 -4.236850e-01 -5.474852e-01 -6.991351e-01 -3.587499e-02 1.230905e-02 -3.353164e-02 5.315217e-01 1.433130e-01 4.490686e-01 7.215564e-01 4.338439e-03 -5.397248e-01 -9.216108e-01 5.740581e-01 5.741888e-01 -4.532276e-01 -4.423278e-01 -3.694397e-03 
-1.578466e+01 -2.213105e+00 3.790257e+00 5.102254e-01 -9.769773e+00 -4.329559e+00 3.370011e+00 8.980598e+00 -7.879061e-01 -1.707787e+00 5.617041e+00 3.995495e+00 7.210786e+00 -4.644179e-01 3.110523e-01 -1.270733e-01 -5.735582e-01 1.713445e-01 -6.500528e-01 -2.276403e-01 -2.722764e-01 8.067176e-01 5.988957e-02 -1.223459e+00 -8.974056e-01 -8.067182e-02 2.776891e-02 1.362419e-01 -2.641585e-02 9.143133e-01 1.401318e+00 4.217308e-01 -8.389559e-01 -1.027738e+00 6.726522e-01 7.648252e-01 -2.117824e-01 -2.638943e-01 1.356614e-01 
-1.728321e+01 3.594240e-01 -3.546501e+00 1.567401e-02 1.497038e+00 -7.674428e-01 -7.772733e-01 2.499511e+00 1.561813e+00 2.822368e+00 -1.814943e+00 1.995950e+00 6.697034e+00 -4.126276e-02 1.454686e+00 -1.362243e-01 1.225702e+00 1.873799e+00 7.092956e-01 3.872439e-01 -1.403017e+00 1.151765e+00 6.312409e-01 -1.272322e+00 -6.206688e-01 1.886296e-01 1.586955e-01 -9.084663e-01 3.890830e-01 1.071734e+00 1.069109e+00 4.741527e-01 -8.335881e-01 -2.672491e-01 1.458074e-01 5.473499e-01 5.019098e-01 -7.384951e-03 2.715102e-01 
-1.748777e+01 5.482650e-01 -2.820304e+00 1.668946e-01 -1.229508e+00 -1.287601e+00 2.381752e-01 1.634535e+00 4.075281e+00 -7.767220e-01 -1.615953e+00 5.040337e-01 6.761607e+00 1.166086e-01 -9.870799e-01 1.497662e-01 2.791120e+00 3.514273e+00 1.534142e+00 -1.796367e+00 -1.307048e+00 1.351965e+00 1.962241e+00 3.155881e-01 -3.018775e-01 7.223233e-01 2.260398e-01 -1.114507e+00 2.896763e-01 5.792547e-01 5.992917e-01 2.584685e-01 -8.049766e-01 1.576652e-01 -3.032359e-01 2.108590e-01 3.503593e-01 1.489696e-02 2.450660e-01 
-1.582724e+01 3.712209e+00 8.152968e-01 6.073665e+00 1.670955e-01 1.272114e+00 4.417434e+00 2.455354e+00 1.769859e+00 4.494178e+00 1.910532e+00 2.442438e+00 8.387437e+00 2.558285e-01 -4.062190e+00 1.765133e+00 3.085669e+00 2.960825e+00 1.097922e+00 -3.089049e+00 -1.080000e-01 3.264926e-02 1.238185e+00 1.040968e+00 -3.706941e-01 9.683796e-01 1.554887e-01 -3.573819e-01 -7.897872e-02 -7.080809e-01 -5.768352e-01 -5.378218e-01 -5.659056e-01 -1.417236e-01 -7.936363e-01 -5.066031e-01 -1.290313e-01 -3.548986e-02 -7.498474e-02 
-1.592905e+01 -8.824684e+00 2.358177e+00 1.143653e+01 8.466944e+00 2.321120e+00 -8.209536e+00 2.467462e+00 5.868056e+00 7.267234e+00 5.332236e+00 2.263038e+00 9.977394e+00 5.172821e-01 -2.502970e+00 3.705878e-01 1.392731e+00 2.624190e+00 4.480991e-01 -2.514458e+00 -1.313336e-01 -1.499716e-01 8.107839e-01 -6.282777e-01 -9.479886e-01 7.547365e-01 2.174676e-01 1.448428e+00 -4.322449e-01 -1.624241e+00 -1.643606e+00 -9.783301e-01 5.739983e-01 -3.949349e-01 -9.288463e-01 -1.062328e+00 -4.870760e-01 7.841525e-02 -3.824181e-01 
-1.678292e+01 -1.526545e+01 2.689651e+00 9.809061e+00 1.145303e+01 2.917505e+00 -1.199837e+01 1.543373e+00 8.286770e-01 4.990903e+00 -8.403687e-02 -7.372854e-01 9.931086e+00 5.357670e-01 4.258118e-01 -6.414114e-01 -1.615469e+00 -5.654435e-01 -1.436881e+00 -2.083132e+00 -2.699446e+00 -2.065384e+00 -1.326079e+00 -1.445472e+00 -4.750953e-01 -2.024578e-01 2.214762e-01 2.273990e+00 -5.056524e-01 -1.344094e+00 -1.790908e+00 -7.380792e-01 1.371627e+00 -1.745790e-01 -4.038294e-01 -9.061202e-01 -2.465754e-02 3.835883e-01 -4.307512e-01 
-1.442309e+01 -2.477911e+00 -1.904825e+00 5.263277e+00 6.249097e+00 1.302941e-01 -4.126200e+00 1.433693e+00 3.796062e+00 3.028481e+00 -3.759765e+00 -2.645522e+00 9.763458e+00 1.064003e+00 4.011088e+00 -8.081822e-01 -2.979563e+00 -2.940576e+00 -2.090225e+00 5.705664e-01 -1.985888e+00 -2.243065e+00 -2.067357e+00 -8.765378e-01 1.421952e-01 -6.043103e-01 -2.384936e-02 1.068605e+00 1.911350e-01 -9.385587e-02 -1.182849e+00 -1.647753e-01 1.177778e+00 4.139370e-01 -1.139488e-02 -5.606830e-01 6.190845e-01 3.804391e-01 -2.240354e-01 
-1.390198e+01 2.667576e+00 -2.603793e-01 1.083031e+00 -1.551339e+00 -4.816936e+00 -8.039902e+00 -1.052534e+01 -7.521512e+00 -1.623411e-02 -7.708650e-01 2.520875e+00 7.482121e+00 1.089982e+00 4.050703e+00 -1.736836e-01 -1.448661e+00 -3.211327e+00 -1.323250e+00 2.226477e+00 -5.352346e-02 -9.400212e-01 -1.853513e+00 1.041695e+00 1.002108e+00 -5.058286e-01 -2.182350e-01 -3.174507e-01 4.440163e-01 9.151475e-01 1.577753e-01 7.457889e-01 8.525684e-01 1.213807e+00 8.123178e-01 4.434744e-02 4.274530e-01 -1.409923e-02 9.371761e-02 
-1.204984e+01 2.264572e+00 -2.077497e-01 9.022006e-01 2.659943e-01 -4.262811e+00 -7.335785e+00 -1.427956e+00 -1.172143e+00 -5.658702e-01 1.292729e+00 1.345122e+00 8.180241e+00 1.211049e-01 1.027464e+00 1.092491e+00 8.399239e-01 -1.967103e+00 -4.326472e-01 1.219617e+00 6.152489e-01 -7.697493e-01 -1.728795e+00 1.223558e+00 2.155702e-01 -2.138143e-01 -4.707143e-01 -1.213859e+00 2.777490e-01 7.400613e-01 8.716837e-01 1.037398e+00 -1.260476e-01 5.812293e-01 7.495397e-01 4.243134e-01 -1.439418e-01 -2.633595e-01 1.463036e-01 
-1.252005e+01 2.616932e+00 9.727241e-01 4.746518e+00 -1.611990e+00 -1.502457e+00 7.386631e-01 2.706407e+00 -1.387157e+00 -2.479330e+00 2.598293e+00 2.277921e+00 8.193720e+00 -8.406121e-02 3.302407e-01 6.281844e-01 1.050570e+00 -2.634656e-01 1.463175e+00 1.855237e+00 2.068897e+00 1.259565e+00 -1.273551e+00 -3.584387e-01 -5.822904e-01 7.092486e-02 -4.247080e-01 -1.040693e+00 -2.088245e-01 -1.149074e-01 8.786493e-01 7.324417e-01 -6.183180e-01 -8.334910e-02 5.692598e-01 7.678407e-01 -3.085331e-01 -1.783318e-01 4.683569e-02 
-1.450917e+01 2.684743e+00 2.941258e+00 7.631343e+00 -3.556088e+00 -3.690124e+00 -2.417406e+00 -2.105978e+00 -3.119708e+00 -4.384104e+00 6.736817e-01 -1.446438e+00 8.338737e+00 -7.025572e-01 -1.979998e-01 1.795283e-01 -5.288320e-01 -5.599635e-02 1.703532e+00 1.260448e-01 -1.411187e-01 4.047193e-01 -2.359042e-01 -8.961455e-01 -3.823106e-01 -1.611133e-01 -1.869680e-01 -3.366042e-01 -3.975165e-01 -5.248488e-01 5.053282e-01 -2.254954e-02 -3.490656e-01 -1.817802e-01 4.251386e-01 1.016226e+00 1.453514e-01 2.614240e-01 -5.158410e-02 
-1.309253e+01 4.108776e+00 1.306507e+00 2.971350e+00 -9.579464e-01 2.212902e+00 -1.222899e+00 1.581293e-01 -2.498745e-01 -4.474920e+00 -2.253344e+00 1.005630e+00 7.757586e+00 -6.217897e-01 -5.399263e-01 -7.614008e-01 -1.338787e+00 2.263464e-01 1.270692e+00 -3.182412e-01 -9.219334e-02 1.318986e+00 1.239333e+00 5.588686e-01 4.092271e-01 -2.979821e-01 -8.033960e-02 -1.002092e-01 -2.082225e-01 -1.492083e-01 1.056058e-01 -7.351777e-01 -1.040192e-01 -2.239520e-01 -3.013120e-02 7.407506e-01 6.033110e-01 4.403923e-01 -5.922307e-02 
-1.527604e+01 5.285225e-01 5.235255e-01 -8.542853e-01 -3.416048e-01 2.397346e+00 -5.724935e+00 -8.592589e-01 2.826820e-01 -7.475029e-01 -7.618483e-01 7.001448e-02 7.592785e+00 -5.450189e-01 -2.204070e-01 -2.002814e-01 -5.895398e-01 3.144676e-01 -4.491216e-01 5.609055e-01 7.870523e-01 1.326250e+00 2.096001e+00 1.491737e+00 1.026812e+00 -2.872763e-01 6.588132e-02 1.097517e-01 -6.963444e-03 2.032216e-01 1.987412e-01 -8.088778e-01 3.558923e-01 7.912740e-02 -1.288396e-01 2.221172e-01 3.384213e-01 3.110384e-01 3.290817e-02 
-1.524503e+01 9.954747e-01 -1.625057e+00 2.295264e+00 -2.087359e+00 1.807281e+00 8.012662e-01 1.622072e+00 3.505894e+00 1.899200e+00 6.110164e+00 3.565900e+00 7.076641e+00 -5.645030e-01 -1.593752e-01 -2.230306e-01 3.349503e-01 7.931998e-02 -1.136399e+00 1.117706e+00 4.850321e-01 6.480685e-01 1.264449e+00 1.464245e+00 9.153523e-01 -1.621188e-01 3.492270e-02 1.813255e-01 1.479409e-01 2.705573e-02 2.324980e-01 -4.161489e-01 1.751079e-01 -2.077944e-01 -4.842014e-01 -2.285143e-01 -4.335706e-01 -1.444633e-01 9.135941e-02 
-1.615768e+01 3.139249e+00 3.405230e+00 5.021465e+00 -1.419110e+00 -5.732841e+00 -6.248046e-01 1.097531e+00 1.633484e+00 2.908841e+00 3.950495e+00 2.407443e+00 7.242746e+00 -4.014692e-01 1.606393e-01 -1.245076e-01 -3.494831e-01 1.011276e+00 -1.137385e+00 1.187571e+00 -3.423557e-02 9.584741e-02 8.621638e-01 3.431841e-01 9.199107e-01 -6.446523e-02 8.709600e-02 8.023734e-02 -5.971445e-02 -6.289190e-02 1.020012e-01 3.231738e-01 -9.247330e-02 -2.783659e-01 -3.936616e-01 -4.516186e-01 -5.450881e-01 -3.797602e-01 1.037148e-01 
-1.547458e+01 2.006632e+00 -1.249725e+00 1.708006e+00 -2.195960e-02 5.959482e-01 1.815368e+00 1.605335e+00 2.315356e+00 1.890785e-02 2.711780e+00 4.413424e+00 7.122081e+00 -5.188735e-01 1.759900e-01 -5.959528e-02 -1.323694e+00 1.040610e+00 -4.658776e-01 2.439791e-01 -7.206023e-01 -4.867378e-01 7.136211e-01 -1.034748e+00 -2.596759e-01 4.738390e-02 1.379125e-01 3.688985e-02 5.997239e-02 3.141717e-01 -1.866602e-01 4.202800e-01 -3.100223e-01 -1.016671e-01 -1.394074e-01 -1.573461e-01 -3.727299e-01 -4.240269e-01 8.494993e-02 
-1.716890e+01 8.263762e-01 -2.866942e-01 -2.307977e+00 3.682647e+00 -2.683774e+00 -2.942874e-01 -1.021998e+00 1.357750e+00 4.503259e+00 2.653326e+00 4.246092e+00 7.247747e+00 -1.325217e-01 1.282600e-02 -5.806043e-01 -7.468872e-02 3.440385e-01 8.313751e-01 5.353392e-01 -2.057723e-03 -7.456967e-02 1.134224e-01 1.576706e-02 -2.846734e-01 1.265241e-01 2.141990e-01 -4.202050e-02 8.710041e-02 5.889218e-01 -6.377727e-01 5.075692e-01 -1.826123e-01 1.214343e-01 -5.223777e-02 -2.713861e-01 -5.572515e-02 -1.575947e-01 5.985620e-02 
-1.733366e+01 3.031953e+00 -7.709889e-02 -6.582977e-01 5.648763e-01 -2.046708e+00 1.856094e+00 -9.215770e-01 1.209928e+00 4.670282e+00 1.585307e+00 1.348742e+00 7.311232e+00 -9.455347e-03 9.886470e-02 3.049057e-01 1.768409e+00 -5.202591e-01 -1.937936e-02 -1.062893e-01 -3.941037e-02 3.628133e-02 8.521175e-01 -2.355017e-01 -6.025824e-01 1.672180e-01 2.316518e-01 -7.747135e-02 1.397762e-01 4.721321e-01 -4.107794e-01 4.402042e-01 9.110325e-03 3.592531e-01 1.886496e-01 -3.143585e-01 5.612785e-02 1.101447e-01 2.835300e-02 
-1.589110e+01 2.690752e+00 -8.402385e-02 5.830795e+00 7.546111e-03 -2.547888e-01 2.031113e+00 2.350660e+00 1.813160e+00 1.150163e+00 4.592551e+00 2.516048e+00 7.780632e+00 4.146990e-01 -1.106676e-02 1.288984e-01 1.049016e+00 -1.397095e+00 1.177337e+00 4.496867e-01 2.322196e-01 -4.267359e-01 -5.639899e-01 -3.349925e-01 3.033554e-01 1.749073e-01 3.991801e-02 -8.856025e-02 6.870152e-02 -2.546624e-01 1.157377e-01 1.372792e-01 -1.458478e-01 2.855311e-01 2.192104e-01 -2.484173e-01 -1.182919e-01 6.712575e-02 -7.161160e-03 
-1.616092e+01 1.568865e+00 1.735844e-01 6.480444e+00 -7.858297e-01 -7.157035e-01 1.210469e-01 -2.777416e-01 2.268571e+00 5.955925e+00 5.645478e-01 2.265049e+00 7.691709e+00 3.659054e-01 -1.993615e-01 2.845511e-01 4.751221e-01 -1.428165e-01 1.562303e+00 3.322236e-01 9.585733e-01 6.323779e-01 -5.194988e-01 -5.785841e-01 -3.084189e-03 1.649704e-01 -6.775880e-02 -3.665666e-01 -8.484831e-02 -9.071140e-01 3.057593e-01 -1.360300e-02 -2.532043e-01 2.231959e-01 9.565350e-02 -2.863134e-01 -3.913658e-02 1.358134e-01 2.329525e-01 
-1.568192e+01 1.502770e+00 2.322157e-01 -6.325655e-01 -2.627751e+00 2.537161e+00 2.821393e+00 -1.823058e-01 -1.305531e+00 1.040789e+00 1.488921e+00 5.304793e+00 7.931952e+00 -1.205315e-01 -2.808198e-01 -2.269647e-01 -7.012999e-01 7.340192e-01 7.270373e-01 -4.133191e-01 9.266778e-01 7.234704e-01 -4.428594e-01 -4.041899e-01 -2.487946e-01 9.180415e-02 -2.816323e-01 -4.846241e-01 -1.155131e-01 -7.632371e-01 5.665127e-02 -5.443020e-01 -5.570437e-01 -1.451442e-01 -4.275537e-02 1.542661e-01 -5.888944e-02 1.368236e-01 5.263172e-01 
-1.560879e+01 2.628949e+00 1.187398e+00 4.948851e+00 1.168104e+00 4.368576e+00 3.122291e+00 5.137883e+00 5.931764e+00 2.127426e+00 2.436756e-01 -6.071420e-02 8.060445e+00 -8.056407e-02 -1.599131e+00 5.859815e-02 -1.891817e+00 -5.706091e-02 1.377610e-01 -9.409013e-01 7.292827e-01 -6.062250e-02 -6.401988e-01 -3.966166e-01 3.526151e-01 1.373485e+00 -6.115699e-01 4.209827e-02 -8.552557e-02 -5.868749e-01 -4.238827e-01 -6.040263e-01 -5.270142e-01 -5.581766e-01 -7.979206e-01 1.922627e-01 -1.617147e-02 2.553039e-01 6.742795e-01 
-1.676997e+01 7.564192e-01 -1.725700e+00 3.090141e+00 2.700762e+00 8.380568e-01 -1.536251e+00 4.275756e+00 3.599464e+00 8.504694e-01 2.731679e+00 2.434796e+00 8.055227e+00 -7.701687e-01 -1.734193e+00 -3.356650e-01 -1.583727e+00 -1.156861e+00 -8.319752e-01 -1.699050e+00 -3.788773e-01 -2.940924e-01 2.678494e-01 -7.202989e-01 8.096278e-01 2.202269e+00 -9.275699e-01 7.392984e-01 7.427010e-02 -1.872385e-01 -5.639268e-01 -9.300958e-02 3.377195e-02 -6.442756e-01 -9.396996e-01 3.099215e-01 5.416215e-02 -9.265039e-02 5.052949e-01 
-1.601976e+01 -6.053443e+00 1.445468e+00 -4.839954e+00 -3.735308e+00 8.226535e-01 -2.404280e+00 1.139551e+00 -4.867876e-01 2.850402e+00 -2.040051e+00 5.463276e+00 1.449746e+01 -2.367367e+00 7.379033e-01 -8.867326e-02 -2.018116e+00 -1.316662e+00 -6.783550e-01 -1.659935e+00 -1.179560e+00 -2.848315e+00 8.658420e-02 -5.015021e-01 7.441932e-01 2.481152e+00 -9.547666e-01 1.337875e+00 2.030623e-01 3.119635e-01 -1.262098e-01 3.414537e-01 4.968231e-01 -6.150658e-01 -5.761122e-01 3.630464e-01 4.901156e-01 -5.742961e-01 -1.364392e-01 
-1.932695e+01 -2.827267e+00 -1.575197e+00 -3.656978e+00 -5.959711e+00 1.500420e-01 -2.910489e+00 -7.761130e-02 4.334901e-01 2.018446e+00 -9.707883e-01 6.590761e+00 1.572476e+01 -3.615184e+00 2.247233e+00 2.180994e-01 -1.574516e+00 -1.455763e+00 6.700106e-01 1.152057e-01 -1.340261e+00 -2.581139e+00 7.434732e-01 -8.102639e-02 -9.079927e-01 2.064394e+00 -2.965566e-01 7.209849e-01 7.032562e-01 2.725593e-01 8.095805e-02 4.981874e-01 7.306275e-01 -2.659889e-01 8.999833e-02 3.945594e-01 5.753598e-01 -7.629496e-01 -5.288082e-01 
-2.616672e+01 8.110487e+00 6.689495e-01 -1.767954e+00 -1.084712e+00 1.320694e+00 -4.490375e+00 1.416956e+00 -6.727156e+00 1.976592e+00 -4.123712e-01 1.582042e+00 1.663160e+01 -3.431833e+00 3.099449e+00 7.970933e-01 -3.366091e-01 -5.385931e-01 1.093980e+00 6.361902e-01 -1.865362e+00 -1.797627e+00 9.373681e-01 1.734396e+00 -1.659976e+00 7.602373e-01 8.180772e-01 -7.667748e-01 7.832858e-01 1.887456e-01 -1.844682e-01 4.075327e-02 5.451336e-01 -6.764154e-02 1.006993e+00 2.988140e-01 2.795462e-01 -4.276515e-01 -6.465975e-01 
-2.977242e+01 4.910491e+00 -2.469911e-01 -6.318321e+00 -5.903432e+00 3.939653e+00 8.267730e-02 -2.564283e+00 -6.186139e+00 5.005118e+00 1.512862e+00 -1.640904e-01 1.731016e+01 -1.720727e+00 6.899940e-01 2.737792e+00 -1.061773e+00 -1.141129e+00 7.726587e-01 8.060815e-01 -1.365947e+00 -3.693491e-01 1.815134e+00 1.038582e+00 -1.803049e+00 4.187159e-01 1.672276e+00 -1.396209e+00 6.689417e-01 1.409501e-01 -1.933336e-01 -6.105548e-01 -1.165203e-02 2.679332e-01 9.233077e-01 -4.234730e-01 -4.113247e-01 1.519753e-01 -5.131876e-01 
-2.795638e+01 5.574868e+00 4.766675e+00 -5.192802e+00 -6.456937e+00 4.397803e+00 -7.197189e-01 -6.944359e+00 -6.164737e+00 6.043583e+00 5.389757e+00 5.406377e-01 1.750605e+01 7.757381e-01 -2.317399e+00 2.567857e+00 -1.330686e+00 -2.396354e+00 -5.258613e-01 7.201933e-01 -1.504820e+00 1.080722e+00 1.045008e+00 3.365445e-01 -9.465182e-01 7.098401e-02 2.012204e+00 -1.220467e+00 2.485892e-01 2.601933e-01 -2.722454e-01 -1.134774e+00 -6.635900e-01 1.710774e-01 1.195309e-01 -1.149278e+00 -1.295649e+00 8.061373e-02 -1.637298e-01 
-2.703540e+01 1.890323e+00 1.006473e+01 -7.253491e+00 -8.979675e+00 2.474758e+00 -7.654932e-01 -2.727023e+00 -1.694745e+00 9.060658e+00 1.321023e+00 -1.903787e+00 1.738103e+01 2.642384e+00 -2.025487e+00 2.677412e+00 -3.726786e-01 -1.493614e+00 -1.572900e+00 1.494383e-02 -1.810117e-01 5.962024e-01 -1.427691e+00 -1.438728e+00 -5.049452e-01 -1.569138e-01 1.756457e+00 -2.394364e-01 -5.074960e-01 5.439725e-01 -2.162764e-01 -1.241165e+00 -1.073267e+00 -2.459606e-01 -1.224629e+00 -1.756168e+00 -1.361668e+00 -5.249195e-01 6.249659e-02 
-2.365694e+01 -1.966324e+00 8.352417e+00 -7.953900e+00 -1.152864e+01 -5.762837e-01 -4.649312e-01 -6.025967e+00 -3.569145e+00 5.173721e+00 1.366106e+00 -2.280286e+00 1.695120e+01 4.447746e+00 -1.645059e+00 2.070281e+00 6.196222e-01 -1.723676e+00 -3.407190e+00 -2.286130e+00 -1.602576e+00 -1.682854e+00 -3.187671e+00 -3.505315e+00 -1.905833e+00 2.294419e-01 9.656549e-01 4.729410e-01 -8.849931e-01 4.950484e-01 -3.328906e-01 -8.463566e-01 -1.029970e+00 -2.429451e-01 -1.838186e+00 -1.377861e+00 -8.311690e-01 -1.121896e+00 2.422644e-01 
-1.871050e+01 -1.446153e+00 1.134723e+01 -6.800887e+00 -1.083580e+01 -1.437685e+00 3.017150e-02 -3.928160e+00 -4.502861e+00 -1.698310e+00 -3.668664e+00 -1.278301e+00 1.680314e+01 5.225612e+00 -8.434758e-01 4.491838e-01 6.828827e-01 -2.558876e+00 -3.992524e+00 -3.057239e+00 -2.547024e+00 -5.110808e+00 -4.849340e+00 -3.848813e+00 -3.948127e+00 6.519961e-01 3.590943e-02 3.593078e-01 -1.177945e+00 2.911573e-01 -5.482906e-01 -8.967277e-02 -2.307708e-01 -4.315754e-02 -1.032467e+00 -2.310776e-01 4.643218e-01 -9.181505e-01 2.402488e-01 
-9.880681e+00 -9.822052e-01 1.447685e+01 -2.321020e+00 -1.414700e+01 -1.068204e+01 -1.254799e+01 -1.435630e+01 -1.317457e+01 -4.515590e+00 -9.642111e+00 -9.301421e+00 1.894229e+01 4.312190e+00 -5.436401e-01 -7.430133e-01 6.167367e-01 -3.528209e+00 -3.547856e+00 -2.893592e+00 -1.536433e+00 -5.256673e+00 -4.133608e+00 -2.614255e+00 -4.834361e+00 8.778829e-01 -8.998798e-01 1.493469e-01 -9.707417e-01 4.575189e-02 -4.963612e-02 8.791165e-01 1.001298e+00 8.204433e-01 6.582001e-01 6.991856e-01 1.631802e+00 1.915479e-01 2.755395e-03 
-7.795291e+00 -2.818684e+00 9.248506e+00 -6.655659e+00 -2.046450e+01 -1.243486e+01 -1.000988e+01 -1.129701e+01 -2.244604e+01 -1.034126e+01 -1.241896e+01 -1.813345e+01 1.964563e+01 2.889682e+00 -7.797205e-01 -1.805728e+00 1.084642e+00 -3.332923e+00 -1.950966e+00 -8.353378e-01 -4.298726e-01 -2.779305e+00 -2.110126e+00 4.373840e-01 -3.631394e+00 7.201348e-01 -1.271938e+00 2.395281e-02 -2.097275e-01 9.796371e-02 6.708969e-01 1.217731e+00 1.215910e+00 9.573106e-01 1.905308e+00 1.394734e+00 1.780285e+00 1.263575e+00 -1.919880e-01 
-7.553245e+00 -3.998510e+00 5.686771e+00 -4.942883e+00 -2.435488e+01 -1.281679e+01 -9.912608e+00 -1.002394e+01 -2.088122e+01 -1.117282e+01 -7.330090e+00 -1.802485e+01 1.991936e+01 1.116294e+00 -9.301335e-01 -1.656062e+00 6.475900e-01 -1.584811e+00 -3.261519e-02 1.609354e+00 1.441147e+00 4.424929e-01 -1.061285e+00 2.510507e+00 -1.106502e+00 2.092132e-01 -1.073791e+00 4.495450e-02 4.566961e-01 -6.043834e-02 1.078998e+00 9.482225e-01 7.272853e-01 5.895557e-01 1.506304e+00 1.212139e+00 1.008245e+00 1.408259e+00 -2.537850e-01 
-5.425740e+00 -3.836708e+00 6.713511e+00 -6.680997e-02 -2.239603e+01 -1.012476e+01 -5.463752e+00 -8.243781e+00 -1.454578e+01 -8.920576e+00 -2.637645e+00 -1.507360e+01 1.991523e+01 4.639921e-01 -5.305177e-01 -1.428951e-01 1.157447e+00 -1.761724e-01 3.385514e-01 7.709723e-01 7.508287e-01 1.566112e+00 5.881850e-01 2.490173e+00 5.058349e-01 2.638631e-02 -6.982170e-01 1.384260e-01 7.332438e-01 -3.108000e-01 8.906322e-01 3.712916e-01 -1.101973e-01 1.778735e-01 3.383117e-01 6.485736e-01 4.970337e-02 7.923276e-01 -1.761457e-01 
-5.483590e+00 -5.124260e+00 7.464176e+00 -2.377419e+00 -2.110543e+01 -1.199962e+01 -6.774041e+00 -8.677159e+00 -1.491260e+01 -1.053276e+01 -1.980043e+00 -1.636399e+01 1.985348e+01 1.560764e-01 -4.434886e-01 7.090041e-01 2.781269e-01 2.884452e-01 4.863031e-02 -6.034091e-02 8.210177e-01 1.020946e-01 5.779951e-01 1.400546e+00 1.380780e-01 -4.417742e-02 -2.546206e-01 1.803734e-01 4.945098e-01 -1.428781e-01 3.268024e-01 -4.266716e-02 -4.773365e-01 -9.784146e-02 -4.645511e-01 1.738676e-01 -2.906021e-01 1.107983e-01 -5.047554e-02 
-6.510087e+00 -4.908381e+00 7.645148e+00 -2.151117e+00 -2.297030e+01 -1.115086e+01 -7.724194e+00 -8.216005e+00 -1.759977e+01 -7.720616e+00 -2.642930e+00 -1.643438e+01 1.981065e+01 -1.213641e-01 -3.308336e-01 6.779591e-01 -2.846690e-01 1.837643e-01 -1.351225e-01 -5.514000e-01 7.696461e-01 -9.175022e-01 3.129145e-01 1.240884e+00 -2.921726e-01 -3.394479e-02 1.315298e-02 1.674924e-01 4.036948e-02 7.431137e-02 3.497487e-02 -1.425782e-01 -3.479446e-02 5.027770e-02 -3.761819e-01 -2.840014e-01 -1.426474e-01 -6.311943e-02 3.239129e-03 
-6.230554e+00 -5.680053e+00 8.766068e+00 -2.509958e+00 -2.262552e+01 -1.206084e+01 -9.083959e+00 -5.932668e+00 -1.884356e+01 -8.882670e+00 -3.246910e-01 -1.665360e+01 1.975064e+01 1.357596e-01 -1.283022e-01 4.060800e-01 6.542490e-01 -1.307515e-01 -9.100462e-03 -1.161859e-01 9.425786e-01 -6.384134e-01 -5.420848e-02 1.682108e+00 -1.535102e-01 -1.306550e-02 1.255168e-01 2.580517e-01 -3.077044e-01 5.218904e-01 -1.418460e-01 -2.009000e-01 3.314839e-01 -7.965850e-02 3.407498e-02 -2.668125e-01 -9.590210e-02 5.981728e-02 2.534982e-02 
-5.659455e+00 -5.212672e+00 9.452100e+00 -1.423918e+00 -2.071694e+01 -1.077012e+01 -7.065515e+00 -5.767792e+00 -1.716775e+01 -8.181015e+00 2.739141e+00 -1.638933e+01 1.979695e+01 5.397637e-01 1.492500e-01 2.104878e-01 1.341013e+00 2.082490e-01 -3.454878e-01 6.249976e-01 9.413554e-01 5.545871e-02 -5.156238e-01 1.636253e+00 3.359992e-01 2.703694e-02 1.420445e-01 3.187605e-01 -3.638417e-01 5.713052e-01 -1.075048e-01 -2.704412e-01 2.926937e-01 7.115654e-03 8.971272e-02 -1.440272e-01 -2.816845e-01 9.249742e-02 2.355597e-02 
-5.229511e+00 -5.613530e+00 8.591097e+00 5.299652e-01 -2.288561e+01 -1.223581e+01 -7.684141e+00 -5.188055e+00 -1.832047e+01 -1.057383e+01 3.739379e+00 -1.715399e+01 1.979499e+01 4.530011e-01 6.068026e-01 -5.957419e-01 2.074723e+00 -4.330842e-01 -8.507025e-01 1.008844e+00 3.368447e-01 -2.138962e-01 -3.418216e-01 7.234070e-01 1.232266e-01 5.205660e-02 5.977593e-02 2.831417e-01 -2.778297e-01 1.590084e-01 9.216158e-02 -2.631873e-01 -1.132357e-01 1.093723e-01 8.084046e-03 -1.011554e-01 -4.295433e-01 9.549299e-03 9.830010e-03 
-4.311310e+00 -4.195077e+00 8.784996e+00 3.034094e+00 -2.179881e+01 -1.279032e+01 -5.299166e+00 -3.881155e+00 -1.758385e+01 -9.453234e+00 3.506498e+00 -1.450402e+01 1.992370e+01 4.301864e-01 8.954965e-01 -6.402996e-01 1.861524e+00 -2.025496e-01 -1.066559e+00 3.496605e-01 1.108266e+00 -6.809813e-01 -2.633165e-01 3.117496e-01 3.176523e-02 5.134682e-02 6.369222e-03 1.554514e-01 -1.640877e-01 -2.204107e-01 3.238798e-01 -1.286507e-01 -6.310285e-01 3.521869e-01 3.196143e-02 -1.888089e-01 -3.827022e-01 5.952019e-02 -1.437686e-02 
-4.639437e+00 -3.154735e+00 6.120735e+00 5.634808e+00 -2.424998e+01 -1.530383e+01 -4.922875e+00 -5.191617e+00 -1.970511e+01 -9.955487e+00 2.908905e+00 -1.697982e+01 1.994762e+01 4.894714e-01 9.141898e-01 -5.576839e-01 1.189077e+00 5.356578e-01 -9.644743e-01 -5.445667e-01 1.406147e+00 -2.295868e-01 -6.862686e-01 1.965934e-01 4.646963e-02 2.396123e-02 5.718577e-02 5.027493e-02 2.539452e-02 -5.131208e-01 7.017797e-01 -2.138891e-02 -9.559848e-01 4.967505e-01 4.788342e-01 -3.914071e-01 -3.415664e-01 3.276756e-01 -3.566118e-02 
-3.803615e+00 -1.964607e+00 7.485874e+00 5.331309e+00 -2.104697e+01 -1.456882e+01 -6.697638e+00 -2.246821e-01 -1.988081e+01 -9.806232e+00 4.713189e+00 -1.631733e+01 1.997741e+01 5.534193e-01 7.728139e-01 -6.290105e-01 6.817728e-01 1.343298e+00 -9.319480e-01 -1.753246e+00 2.167689e+00 2.231154e-01 -1.287328e+00 -1.390382e-02 6.719946e-01 -3.080994e-02 1.383136e-02 -1.177807e-02 8.232196e-02 -5.238183e-01 5.799535e-01 1.163394e-01 -7.960133e-01 -1.020271e-01 8.661848e-01 -1.708661e-01 -7.291924e-01 3.720017e-01 -5.410355e-02 
-3.035825e+00 -2.157311e+00 6.452671e+00 5.326374e+00 -2.058362e+01 -1.616879e+01 -9.707296e+00 1.426345e-02 -1.831997e+01 -1.382861e+01 4.119016e+00 -1.601524e+01 1.988805e+01 6.773183e-01 9.196368e-01 -4.744696e-01 9.922197e-02 2.302814e+00 -1.025021e+00 -2.719577e+00 2.290755e+00 1.728248e+00 -1.786776e+00 -8.216571e-01 1.441623e+00 -8.522623e-02 -2.549906e-01 4.433845e-02 1.657754e-01 -4.195910e-01 6.042603e-01 1.831241e-01 -2.968559e-01 -8.554500e-01 8.697835e-01 4.351695e-01 -1.007554e+00 5.336198e-01 -7.814918e-02 
-2.345786e+00 -8.298449e-01 5.473944e+00 6.596768e+00 -1.691562e+01 -1.701755e+01 -1.167323e+01 4.354099e+00 -1.716079e+01 -1.395338e+01 2.832107e+00 -1.162678e+01 1.979956e+01 4.053732e-01 8.338457e-01 -2.704106e-01 -2.126409e-01 1.813593e+00 -4.544722e-01 -2.542734e+00 1.557266e-01 2.670845e+00 -5.672908e-01 -2.825064e+00 1.194148e+00 -1.645439e-01 -7.730234e-01 -6.649447e-02 3.145092e-01 -1.041118e-01 6.460056e-01 3.702761e-01 3.599435e-01 -1.527365e+00 7.477689e-01 1.153034e+00 -9.294059e-01 3.320131e-01 -1.246683e-01 
-1.981560e+00 8.753032e-01 4.754673e+00 5.498039e+00 -1.480104e+01 -1.920442e+01 -1.603290e+01 3.972712e+00 -1.242402e+01 -1.681567e+01 -2.587754e-01 -1.211671e+01 1.961041e+01 -7.115499e-01 1.105579e+00 9.195230e-02 -4.617982e-01 3.321708e+00 -2.874754e-01 -1.634016e+00 -1.864986e+00 2.895453e+00 1.129684e+00 -3.435495e+00 2.453579e+00 -2.998748e-01 -1.276255e+00 -4.220671e-01 1.550521e-01 4.314521e-01 6.091314e-01 8.056098e-01 1.196768e+00 -1.176442e+00 3.377976e-01 1.537573e+00 -2.380077e-01 1.541143e-01 -2.169608e-01 
-2.303671e+00 6.877497e-01 6.983123e+00 4.182525e+00 -1.487044e+01 -1.532358e+01 -1.624898e+01 -1.425464e+00 -9.474551e+00 -1.114913e+01 -7.223443e+00 -1.229571e+01 1.929342e+01 -2.617164e+00 3.473247e-01 6.602557e-01 4.417161e-01 4.063937e+00 5.506064e-01 -4.963797e-01 -3.391270e+00 3.378229e+00 3.019550e+00 -3.354056e+00 1.826143e+00 -5.468774e-01 -1.319055e+00 -6.522456e-01 -2.038203e-01 7.419260e-01 4.538894e-01 1.114241e+00 1.704433e+00 3.091149e-01 3.355127e-01 1.322460e+00 1.027278e+00 1.342092e-01 -2.686599e-01 
-6.614681e+00 2.611782e+00 6.157668e+00 4.224472e+00 -4.997497e+00 -1.845282e+01 -1.558996e+01 -6.420886e+00 -7.685758e+00 -9.582351e+00 -8.030910e+00 -3.413000e+00 1.864161e+01 -4.192546e+00 -9.475888e-01 -1.645326e-01 1.929335e+00 4.223383e+00 2.500499e+00 2.241204e+00 -1.817942e+00 3.063545e+00 4.107715e+00 -1.747160e+00 1.896430e+00 -9.788363e-01 -5.584098e-01 -5.945610e-01 -4.838672e-01 5.832295e-01 -3.039075e-01 1.421712e+00 1.699824e+00 1.422146e+00 1.533477e-01 6.601837e-01 1.646665e+00 -1.560498e-01 -2.027914e-01 
-1.311521e+01 3.882355e-02 8.073572e+00 9.442113e+00 -1.497792e+00 -1.464030e+01 -1.437627e+01 -7.405513e+00 -2.638416e+00 -2.472223e+00 -1.005222e+01 -6.847744e+00 1.754953e+01 -4.449337e+00 -1.400685e+00 -1.161309e+00 2.301351e+00 3.632320e+00 3.722701e+00 4.041793e+00 1.677682e+00 4.264310e+00 4.556070e+00 1.467254e+00 2.143905e+00 -1.168347e+00 6.164145e-01 -1.431086e-01 -6.104395e-01 -1.457242e-01 -1.015185e+00 6.524064e-01 9.736990e-01 1.396087e+00 -2.936393e-01 -3.053619e-01 1.557394e+00 5.025092e-02 -3.031994e-02 
-1.753868e+01 -3.538425e+00 3.386763e+00 1.251517e+01 -3.705641e-01 -7.043702e+00 -5.763304e+00 -2.126632e+00 -5.241163e-01 -6.156217e-01 -7.580071e+00 -5.358644e+00 1.558801e+01 -2.587521e+00 -9.931460e-01 -1.416596e+00 1.524468e+00 2.018105e+00 5.235106e+00 4.595884e+00 2.711231e+00 3.219144e+00 3.662230e+00 2.387259e+00 1.514409e+00 -1.003146e+00 1.343017e+00 3.482749e-01 -2.472025e-01 -9.813588e-01 -1.330881e+00 -5.039217e-01 -4.041112e-01 1.779185e-01 -8.577854e-01 -1.143599e+00 5.727708e-01 -1.344810e-01 1.734733e-01 
-1.908815e+01 -3.241001e+00 2.562232e+00 1.154404e+01 9.779562e-01 -2.414413e+00 -9.533024e-01 4.815966e+00 8.266551e+00 7.147593e+00 -1.126418e-01 -6.033387e-01 1.497838e+01 -3.376878e-01 -3.454416e-01 -1.765788e+00 -8.456622e-02 9.067520e-02 2.445161e+00 3.194811e+00 1.324479e+00 1.832416e+00 1.715531e+00 2.365783e+00 2.268598e+00 -6.862896e-01 1.149742e+00 2.800054e-01 1.289024e-01 -1.194132e+00 -1.152502e+00 -1.237296e+00 -1.456307e+00 -1.072115e+00 -1.437412e+00 -1.557239e+00 -6.386265e-01 -6.217715e-01 2.274097e-01 
-1.656587e+01 -7.143944e-01 1.830495e+00 1.079605e+01 3.854763e+00 1.609802e+00 6.780795e-01 1.024530e+00 2.957410e+00 3.918876e+00 -1.064687e+00 1.036602e+00 1.491163e+01 4.666567e-01 2.659903e-01 -1.098192e+00 -1.784274e+00 -6.603068e-01 6.196017e-01 6.440839e-01 -7.516510e-01 -9.337561e-03 -1.899780e-01 6.675926e-01 1.161651e+00 -3.525167e-01 2.580468e-01 -1.441727e-01 3.433680e-01 -6.944391e-01 -6.025059e-01 -1.260557e+00 -1.614202e+00 -9.431244e-01 -1.104614e+00 -1.266837e+00 -9.503095e-01 -7.421532e-01 1.534185e-01 
-1.528946e+01 -3.100228e+00 2.262045e-02 9.878856e+00 -3.157215e+00 -6.741165e+00 -1.622751e+00 -2.358455e+00 4.782537e+00 3.837931e+00 -1.481323e+00 1.297255e+00 1.445636e+01 -2.277774e-01 -6.302978e-01 -6.759629e-01 -2.014786e+00 -7.908918e-01 -1.559619e-01 -1.263954e+00 -1.951358e+00 -1.308459e+00 -1.303977e+00 -8.660597e-01 -7.885930e-01 -3.565979e-01 -4.041717e-01 -2.734311e-01 3.675988e-01 -1.573441e-02 8.904408e-02 -2.062679e-01 -9.211951e-01 -4.586255e-03 -6.273515e-01 -6.923140e-01 -6.702694e-01 -6.515995e-01 6.620522e-02 
-1.710411e+01 -2.278341e+00 -8.346888e-01 4.426100e+00 -1.604340e+00 -1.782877e+00 -2.208056e+00 -2.297918e+00 1.170608e+00 8.958664e-02 -3.557976e+00 -5.003648e-01 1.408654e+01 -1.352194e+00 -1.571524e+00 -2.445825e-01 -9.825314e-01 -5.537333e-01 2.328056e-01 -1.245693e+00 -3.664577e-01 -7.335739e-01 -1.162323e+00 -7.485173e-01 -6.678699e-01 -4.008998e-01 -3.792568e-01 -1.539735e-01 2.546977e-02 4.733098e-01 1.225572e-01 7.639435e-02 1.680759e-02 7.595484e-01 -1.642558e-01 -1.263859e-01 -1.329148e-01 -6.139630e-02 2.645838e-02 
-1.995822e+01 -5.610096e+00 5.147539e-01 4.654870e+00 -2.470773e-01 -1.498113e+00 -5.830283e+00 -3.280052e+00 2.617470e+00 2.542417e+00 -3.196062e+00 -3.777833e+00 1.360801e+01 -1.449115e+00 -7.939571e-01 -3.546512e-01 -5.640137e-01 4.826668e-01 1.607220e+00 -4.663365e-01 1.108925e+00 -9.423457e-01 -1.259916e+00 -2.777256e-01 -7.469460e-02 -3.310459e-01 1.746992e-02 3.165764e-01 -3.707272e-01 3.656475e-01 6.668574e-02 -1.476363e-02 6.798863e-01 9.731982e-01 4.824147e-02 3.334050e-02 1.356188e-01 2.799625e-01 7.158677e-02 
-2.099212e+01 -7.316961e+00 3.614815e-01 8.495310e+00 -3.689249e-01 1.528067e-01 -3.446991e+00 -3.471818e-01 3.722710e-01 -1.244623e+00 -3.949738e+00 2.345315e-01 1.333124e+01 -8.189623e-01 -4.220718e-01 -1.131461e+00 -1.430544e-01 -6.842001e-01 1.200193e-01 3.292782e-01 1.515852e+00 -1.013680e+00 -8.441401e-01 -2.913161e-01 4.976005e-01 -2.329191e-01 2.677908e-01 4.509312e-01 -2.777545e-01 3.716442e-02 -1.323474e-01 -3.630984e-01 6.234735e-01 2.796801e-01 -1.162337e-02 1.041066e-01 2.330886e-01 -1.421807e-02 1.168562e-01 
-2.059133e+01 -4.550870e+00 -2.348945e+00 5.024285e+00 -1.361737e+00 3.269826e-01 -3.334911e+00 2.210711e+00 4.698234e-01 -1.795049e+00 -2.673712e+00 5.563251e-01 1.317862e+01 -4.071313e-01 3.779025e-01 -2.086159e+00 -6.064093e-01 -3.922764e-01 -1.732811e-01 1.347920e+00 1.973493e+00 -9.272362e-01 -1.296514e+00 -4.165355e-01 2.838322e-02 -8.256456e-02 3.119469e-01 -1.139303e-01 1.650981e-01 -3.688413e-02 -2.563169e-01 -6.035426e-01 1.152515e-01 -6.400449e-01 5.989455e-02 1.928659e-01 3.192917e-01 -1.151700e-01 1.413856e-01 
-2.088243e+01 -4.918252e+00 -5.060296e+00 3.526178e+00 -4.468033e+00 -2.094893e+00 -1.809214e+00 2.536190e+00 -2.824064e+00 -1.962072e+00 -5.275513e+00 -1.789734e-01 1.313665e+01 -5.341944e-01 9.725535e-02 -7.676440e-01 -7.755477e-01 -7.781172e-01 -6.924357e-01 9.645447e-01 5.996304e-01 -7.990965e-01 -6.235505e-01 4.863513e-01 -7.903575e-01 5.909523e-02 4.845628e-01 -3.170027e-01 6.695061e-01 -4.782702e-02 7.939930e-02 -2.846106e-01 -2.625221e-01 -1.129905e+00 2.731345e-01 1.912073e-01 2.881281e-01 -1.962515e-02 2.004415e-01 
-2.204916e+01 -4.920398e+00 -7.205185e+00 4.107444e+00 -1.585601e-01 -1.240996e+00 9.075511e-02 5.146074e+00 -4.205913e-01 -3.581367e+00 -4.616045e+00 -3.429089e+00 1.329254e+01 -3.177049e-02 -1.623271e+00 2.889984e-01 -4.321656e-01 -7.519765e-01 -1.004323e+00 -2.076115e-01 -1.633249e+00 -7.501361e-01 -4.058314e-01 9.299620e-01 -6.466201e-03 2.298559e-01 1.331115e+00 -2.230831e-01 4.762237e-01 -4.358335e-01 -1.816429e-01 -3.427389e-01 -6.658688e-01 -1.050602e+00 1.426086e-01 1.914586e-01 4.380628e-02 -2.184392e-01 3.604366e-01 
-2.293450e+01 -6.645718e+00 -1.048901e+00 5.076102e+00 -4.860897e+00 -2.525396e+00 -3.370325e-01 1.182996e+00 -3.178438e+00 -3.468833e+00 -5.466898e-01 -1.724790e+00 1.356996e+01 1.416050e+00 -1.006516e+00 1.028520e+00 -4.692340e-01 -1.074497e-01 -8.873122e-01 -2.054908e-01 -2.330342e+00 2.636494e-01 -3.333540e-01 4.760806e-01 4.168734e-01 6.130767e-01 1.930183e+00 -1.390624e-02 -4.654306e-01 -9.330236e-01 -2.783342e-01 -1.773489e-01 -6.131527e-01 -6.908178e-02 2.979076e-02 -2.300101e-02 -2.775134e-01 -9.870759e-01 4.857238e-01 
-1.972450e+01 -1.180322e+01 -2.909867e+00 2.088349e+00 -4.925372e+00 -4.479642e+00 -5.109001e+00 -5.279218e+00 -3.103781e+00 -3.070821e+00 -3.887411e-01 1.296450e+00 1.411111e+01 5.273406e+00 -1.857439e-01 -6.030969e-01 -2.938610e+00 -1.635909e+00 -1.789602e+00 -1.396498e+00 -1.814555e+00 -7.454870e-01 -4.843366e-01 -1.924478e-01 -1.667475e+00 1.442629e+00 1.502682e+00 7.189267e-02 -9.567826e-01 -1.041029e+00 -3.313318e-01 1.915387e-01 -1.876763e-01 8.887194e-01 -1.230702e-01 -4.907398e-03 -2.845132e-01 -1.738600e+00 4.341658e-01 
-1.496457e+01 -6.509237e+00 -2.065022e+00 2.189515e+00 -2.622287e+00 -4.912515e+00 -2.370695e-01 -3.902877e+00 -1.642673e-01 -3.884614e+00 -5.009052e+00 -4.569226e-01 1.579282e+01 6.464102e+00 -6.909583e-01 -2.648818e+00 -4.187504e+00 -1.727934e+00 -1.186667e+00 -1.506774e+00 3.448421e-01 -6.523606e-01 -6.993288e-01 -3.399722e-01 -4.895236e+00 1.881331e+00 1.398243e-01 -4.296277e-01 -9.462851e-01 -3.921601e-01 -2.018093e-01 6.646898e-01 8.370288e-02 9.775189e-01 -3.746967e-01 2.574500e-01 -2.676707e-02 -1.389160e+00 1.369312e-01 
3.329180e-01 -5.917392e+00 -9.712018e+00 -9.142516e+00 -9.457777e+00 -8.995184e+00 -6.941655e+00 -1.384156e+00 -5.655075e+00 -5.794915e+00 -3.347170e+00 -1.240029e+01 1.939430e+01 4.957497e+00 -1.421483e+00 -2.656259e+00 -3.778309e+00 -1.598413e+00 1.028409e-01 -4.954372e-01 1.472666e+00 -9.076230e-01 -2.473858e-01 -8.455370e-02 -6.043356e+00 1.766525e+00 -1.660216e+00 -4.778476e-01 -1.952040e-01 9.473383e-01 5.730852e-01 1.045280e+00 7.111818e-01 4.228485e-01 -8.274142e-02 4.583394e-01 5.981953e-02 1.823381e-01 -2.936327e-01 
-6.426707e-01 -1.304356e+01 -1.089157e+01 -1.024583e+01 -1.123413e+01 -6.200864e+00 -6.954445e+00 9.597187e-01 -5.164824e+00 -5.603017e+00 -7.674449e-01 -1.935305e+01 2.033484e+01 2.273185e+00 -2.536767e+00 -2.676271e+00 -2.010347e+00 -1.135333e+00 1.489788e+00 -2.374191e-01 9.136937e-01 -1.528854e+00 8.353257e-01 2.881996e-01 -4.340881e+00 1.135828e+00 -2.029315e+00 5.066696e-02 4.184309e-01 1.591595e+00 8.276976e-01 9.179977e-01 6.331964e-01 -3.369655e-01 3.333238e-02 3.892821e-01 4.697058e-02 1.646170e+00 -4.918831e-01 
-2.097723e+00 -1.564313e+01 -1.177796e+01 -1.058528e+01 -8.611401e+00 -3.320839e+00 -4.227846e+00 -3.471818e-01 -5.141930e+00 -3.448301e+00 -2.932399e+00 -1.947251e+01 2.067270e+01 -9.320368e-01 -1.651992e+00 -1.565321e+00 7.095186e-01 9.333270e-01 2.098636e+00 1.524644e+00 1.506616e-02 -7.209342e-01 1.040272e+00 -2.074907e-01 -1.032980e+00 3.472058e-01 -1.387941e+00 4.123441e-01 6.729677e-01 1.330879e+00 7.595022e-01 5.431135e-01 3.093612e-02 -5.053380e-01 8.257235e-02 1.000858e-01 3.992283e-02 2.019437e+00 -4.447795e-01 
-2.383273e+00 -1.433069e+01 -1.441360e+01 -7.140693e+00 -8.722321e+00 -3.006038e-01 -2.781244e+00 1.470901e-01 -8.065018e+00 -8.817530e-01 -3.775311e+00 -1.862499e+01 2.083250e+01 -7.376952e-01 -3.222917e-01 -1.102126e+00 1.526577e+00 1.144700e+00 2.405313e+00 6.491500e-01 -6.111788e-01 -5.789926e-01 6.032546e-01 -4.357469e-02 8.303609e-01 1.314926e-01 -4.464778e-01 3.646283e-01 9.356316e-01 4.334149e-01 5.058153e-01 1.000906e-01 -4.363182e-01 -2.662589e-01 4.846996e-02 -1.016580e-01 -1.644488e-03 1.504517e+00 -2.554580e-01 
-3.457438e+00 -1.353369e+01 -1.577782e+01 -7.147743e+00 -6.047135e+00 -1.452298e+00 -1.405323e+00 -9.019913e-01 -7.809690e+00 -2.954734e+00 -2.880786e+00 -1.792871e+01 2.088164e+01 -4.767412e-01 -4.668862e-01 -7.841045e-02 1.107615e+00 1.059181e+00 2.360537e+00 -7.839698e-01 -2.914702e-01 -9.698042e-01 3.688872e-01 2.808338e-01 1.468238e+00 4.472223e-02 2.181460e-01 -3.713416e-03 8.677927e-01 -3.768989e-01 8.709564e-02 -2.604308e-01 -6.391309e-01 -3.042047e-02 -1.688828e-01 1.308570e-02 4.567609e-02 6.440787e-01 -8.115236e-02 
-3.650890e+00 -1.570923e+01 -1.440206e+01 -4.331655e+00 -6.792428e+00 4.891894e+00 -5.120108e+00 -1.818958e+00 -6.725663e+00 -2.833514e+00 -1.011519e+00 -1.597261e+01 2.088794e+01 -1.869773e-01 -1.306228e+00 1.258407e+00 -4.217064e-02 1.330760e+00 1.859264e+00 -1.264661e+00 -2.644671e-01 -1.162159e+00 6.626717e-01 3.578971e-02 1.931279e+00 9.765681e-03 1.642459e-01 -1.227230e-01 6.467051e-01 -6.764300e-01 1.239211e-01 -7.090151e-01 -8.715611e-02 3.722557e-02 -9.045301e-02 9.727127e-02 -4.335564e-02 2.678064e-02 -2.838500e-02 
-3.847581e+00 -1.728776e+01 -1.217546e+01 -6.451917e+00 -4.280618e+00 5.886000e+00 -6.978005e+00 -8.215119e-01 -1.066061e+01 -6.278622e-01 -2.910324e+00 -1.345779e+01 2.086859e+01 -1.167013e-01 -1.178470e+00 1.593402e+00 -3.905469e-01 1.275758e+00 1.069479e+00 -7.141046e-01 -3.102877e-01 -1.273882e+00 1.076008e+00 -1.888354e-02 1.637191e+00 2.313016e-03 1.197197e-01 1.151282e-01 1.464735e-01 -4.602220e-01 5.280310e-02 -8.517728e-01 3.552846e-01 -5.976525e-02 1.892209e-01 1.077374e-02 -7.442325e-02 -3.457729e-01 -4.944044e-03 
-3.122832e+00 -1.898433e+01 -9.922998e+00 -7.699399e+00 -2.951768e+00 5.326742e+00 -6.317981e+00 -1.215363e+00 -1.245090e+01 1.267830e+00 -3.581917e+00 -1.120443e+01 2.088794e+01 -9.638450e-02 -5.801602e-01 1.295439e+00 -1.106500e+00 1.656039e+00 -4.941798e-01 1.784731e-01 -4.156654e-01 -8.791475e-01 7.360101e-01 -1.105935e-01 8.799148e-01 1.083035e-02 7.186337e-02 3.814296e-01 -2.684610e-01 -4.277268e-02 -1.136911e-01 -6.059606e-01 4.206607e-01 -2.871019e-02 4.687805e-01 -1.955940e-01 1.134687e-01 -5.597981e-01 -1.255569e-03 
-4.304831e+00 -1.778819e+01 -1.005042e+01 -7.416697e+00 -1.589041e+00 3.677402e+00 -4.377286e+00 -2.755511e+00 -1.131660e+01 3.750657e-01 -1.689952e+00 -1.212717e+01 2.089316e+01 7.680769e-02 -2.543273e-01 6.354539e-01 -6.612350e-01 1.160550e+00 -7.215827e-01 2.709590e-01 -5.147393e-01 -1.653716e-01 3.861095e-01 -1.815733e-02 2.649769e-01 1.952512e-02 9.776501e-02 2.449466e-01 -3.527422e-01 1.422260e-01 -3.140394e-01 -1.959673e-01 1.057819e-01 5.851404e-02 4.398192e-01 -2.914399e-01 1.122222e-01 -5.321090e-01 -1.006357e-02 
-3.904506e+00 -1.835987e+01 -8.987668e+00 -9.381508e+00 1.414146e-01 3.525343e+00 -5.528374e+00 -2.930002e+00 -1.079400e+01 3.454517e-01 -2.174681e+00 -1.223819e+01 2.092969e+01 7.580850e-02 1.388510e-01 3.950475e-01 -1.206358e-01 8.197747e-01 -2.750844e-01 3.460082e-01 -3.058655e-01 6.274383e-01 2.946342e-02 6.026487e-01 -1.817426e-01 -5.139650e-03 9.535985e-02 4.937886e-02 -2.827587e-01 2.692224e-01 -4.882299e-01 1.627647e-01 -1.575456e-01 1.252149e-01 2.284072e-01 -2.734468e-01 1.085305e-01 -4.269979e-01 -2.124992e-02 
-3.072849e+00 -1.887188e+01 -9.466413e+00 -8.917272e+00 -2.469161e-02 3.178966e+00 -6.017755e+00 -2.538288e+00 -1.231601e+01 1.764555e+00 -3.704731e+00 -1.161632e+01 2.094512e+01 2.861371e-01 -3.131307e-01 2.799329e-01 -1.723539e-01 1.235580e-01 -1.994258e-02 -2.691117e-01 -7.262318e-02 1.718305e-01 -2.794440e-02 1.855965e-01 -4.924465e-01 -4.009620e-02 7.846212e-02 -3.081960e-02 -1.342883e-01 1.316266e-01 -3.635785e-01 1.644573e-01 -1.623563e-01 1.272853e-01 6.697779e-02 -2.325351e-01 4.797740e-02 -2.937818e-01 -2.116930e-02 
-3.360250e+00 -1.774871e+01 -8.239773e+00 -7.552408e+00 3.648931e-01 4.200325e+00 -3.767411e+00 -2.853440e+00 -8.814081e+00 7.205626e-01 4.389350e-01 -1.236892e+01 2.083620e+01 2.758122e-01 -3.037222e-01 5.936786e-02 -4.880281e-03 -2.666593e-01 -3.106632e-02 -3.392125e-01 -1.052558e-02 9.410401e-02 -4.243454e-01 3.301123e-01 -8.765253e-01 -6.564819e-02 8.900778e-02 -9.147248e-02 -7.051298e-02 -2.289882e-02 -1.796458e-01 2.010369e-02 -1.609891e-01 8.992916e-02 -1.018205e-01 -1.183946e-01 -1.552086e-01 -7.737985e-02 -2.303660e-03 
-3.146898e+00 -1.965986e+01 -9.024601e+00 -9.192923e+00 -1.083072e+00 3.239789e+00 -6.603397e+00 -3.156840e+00 -1.144750e+01 4.773216e-02 -2.068967e+00 -1.452413e+01 2.073966e+01 3.689030e-01 -1.872295e-01 1.317207e-01 -6.103778e-02 -1.140736e-01 -2.135065e-02 -1.983040e-01 -2.595589e-02 4.361005e-01 -5.494944e-01 3.580196e-01 -8.565273e-01 -5.612534e-02 -1.367371e-02 9.031816e-02 -7.596868e-02 7.151430e-02 -2.435169e-03 1.671851e-02 -3.448368e-03 6.562520e-02 1.762358e-02 -2.697156e-02 -7.044391e-02 1.389626e-01 1.692478e-02 
-2.488792e+00 -1.948433e+01 -8.911032e+00 -9.268004e+00 -6.623428e-01 3.339714e+00 -6.931894e+00 -2.673607e+00 -1.075766e+01 -9.180796e-01 -1.341719e+00 -1.516691e+01 2.070423e+01 4.793130e-01 -3.814665e-01 1.165831e-01 -2.907730e-01 4.040471e-02 -1.737036e-01 -4.943768e-01 1.205380e-01 -1.369605e-02 -3.017797e-01 -2.595704e-01 -3.867219e-01 -8.629390e-03 -1.223989e-01 1.861979e-01 -2.027291e-01 2.521947e-01 -8.295444e-02 8.031148e-02 3.508859e-02 -1.138236e-02 7.606034e-02 -6.855538e-04 -3.630789e-02 2.272584e-01 1.728758e-02 
-1.663614e+00 -1.894012e+01 -8.471528e+00 -8.364558e+00 -8.097102e-02 3.502831e+00 -5.427065e+00 -2.758004e+00 -9.162981e+00 -1.639093e-01 -1.024267e+00 -1.450000e+01 2.073053e+01 1.157759e-01 1.773518e-01 -1.286127e-01 3.282913e-01 -4.239375e-02 1.350857e-01 -2.089075e-01 1.899744e-01 3.137721e-01 -2.241356e-01 1.281222e-01 -4.249197e-02 1.609453e-02 -2.507970e-01 2.651642e-01 -4.234405e-01 4.461244e-01 -2.376606e-01 3.388620e-02 1.017307e-01 -1.498699e-01 9.571063e-02 -1.399561e-01 8.005183e-02 1.029551e-01 -1.376503e-03 
-1.704804e+00 -2.001566e+01 -7.933228e+00 -9.420635e+00 6.601114e-02 3.200294e+00 -6.827893e+00 -2.450330e+00 -1.002503e+01 -6.819571e-01 -1.381206e+00 -1.431497e+01 2.079750e+01 -2.097921e-01 4.450003e-01 -8.240895e-01 1.061335e+00 -7.173195e-01 2.923668e-01 -1.585999e-01 -1.753665e-01 5.356194e-01 -5.902540e-01 2.636122e-01 -1.471873e-01 -1.525398e-02 -2.697916e-01 3.376901e-01 -4.839048e-01 4.798363e-01 -1.927490e-01 -8.338600e-02 2.969475e-01 -3.042001e-01 2.666796e-01 -2.783723e-01 2.210547e-01 -4.107520e-02 -2.399108e-02 
-2.959462e+00 -1.850751e+01 -1.015660e+01 -7.474859e+00 -1.658980e+00 3.985073e+00 -7.699960e+00 -2.318572e+00 -1.024502e+01 -1.190923e+00 -1.408567e+00 -1.516209e+01 2.077336e+01 -5.403560e-01 7.252760e-01 -1.515119e+00 1.493504e+00 -9.233693e-01 -8.513612e-02 1.424213e-01 -6.275499e-01 6.400779e-01 -1.104915e+00 4.966220e-01 -4.615673e-01 -5.973338e-02 -1.193771e-01 1.907903e-01 -1.938871e-01 1.059133e-01 1.597724e-01 -2.767763e-01 3.744265e-01 -2.545120e-01 2.160687e-01 -1.516165e-01 1.291463e-01 -2.274967e-03 -2.491824e-02 
-2.889579e+00 -1.747618e+01 -1.218931e+01 -4.405679e+00 -3.460468e+00 4.560920e+00 -6.588251e+00 -3.770050e+00 -7.538434e+00 -3.355905e+00 1.684323e-01 -1.557117e+01 2.060639e+01 -5.415217e-01 1.033035e+00 -1.609708e+00 1.525800e+00 -4.827633e-01 -4.806623e-01 8.145643e-01 -9.916677e-01 1.156559e+00 -1.253027e+00 6.615754e-01 -3.826046e-01 -9.066786e-02 -1.540049e-02 5.695341e-03 2.682674e-01 -4.617923e-01 5.557928e-01 -3.987394e-01 3.007961e-01 -5.665975e-02 1.059746e-02 6.852252e-02 -3.578051e-02 1.077680e-01 -5.810734e-03 
-3.773070e+00 -1.658347e+01 -1.391962e+01 -3.404592e+00 -2.934829e+00 2.397346e+00 -4.834355e+00 -5.235773e+00 -7.206457e+00 -4.351726e+00 6.842530e-01 -1.617936e+01 2.052747e+01 -3.150396e-01 8.373120e-01 -7.051264e-01 6.257263e-01 6.392741e-01 -8.621078e-01 1.176497e+00 -6.744054e-01 1.083773e+00 -6.509628e-01 5.748452e-01 6.396785e-02 -7.085323e-02 5.767914e-02 -1.436687e-01 6.204801e-01 -7.320277e-01 5.968075e-01 -1.652589e-01 -4.258607e-03 2.794551e-01 -1.973300e-01 2.582542e-01 -1.658522e-01 2.129386e-01 8.923008e-03 
-4.005397e+00 -1.581266e+01 -1.410059e+01 -3.827234e+00 -1.709796e+00 1.590845e+00 -4.187457e+00 -5.950117e+00 -5.761586e+00 -5.366894e+00 8.801343e-01 -1.571919e+01 2.046703e+01 -3.993043e-01 4.173936e-01 1.123924e-01 -8.137259e-01 1.280134e+00 -1.312689e+00 8.283489e-01 -4.352355e-01 3.668004e-01 -4.747207e-01 4.564542e-02 1.291083e-01 -3.873579e-02 5.083370e-02 -2.103700e-01 6.261615e-01 -6.013510e-01 2.518362e-01 1.839946e-01 -3.893243e-01 5.691673e-01 -4.289064e-01 2.630289e-01 -2.092414e-01 1.747919e-01 5.053133e-03 
-3.977166e+00 -1.515257e+01 -1.272622e+01 -4.635506e+00 6.621358e-01 1.159552e+00 -3.017520e+00 -4.600840e+00 -5.714303e+00 -3.440009e+00 1.109595e+00 -1.476870e+01 2.048877e+01 -3.230331e-01 3.148899e-01 7.262799e-01 -9.969591e-01 1.179120e+00 -4.953062e-01 1.141453e-01 4.915241e-01 4.833983e-02 -2.028947e-01 -2.469322e-02 3.473216e-01 -4.104257e-02 3.162353e-03 -1.829278e-01 3.247809e-01 -1.363025e-01 -3.689367e-01 4.557276e-01 -5.693492e-01 5.428380e-01 -4.326194e-01 9.869055e-03 -2.048305e-01 4.615105e-02 -1.429624e-02 
-4.784295e+00 -1.610493e+01 -1.222393e+01 -7.858727e+00 1.142423e+00 -1.383970e+00 -3.355106e+00 -6.263488e+00 -6.449928e+00 -6.185426e+00 1.836675e-01 -1.563151e+01 2.043224e+01 -2.833988e-01 2.424689e-01 8.053035e-01 -6.696697e-01 5.063235e-01 2.558978e-01 -6.008829e-01 1.271037e+00 -4.701756e-01 -1.619917e-01 -8.496867e-02 3.498213e-01 -8.031693e-02 2.968070e-02 -1.284355e-01 8.841730e-02 3.584831e-01 -7.544842e-01 5.174829e-01 -3.728158e-01 3.754107e-01 -1.967588e-01 -9.713458e-02 -1.089908e-01 -6.112511e-04 -2.640976e-02 
-4.999035e+00 -1.486330e+01 -1.122627e+01 -6.373662e+00 1.534740e+00 1.407585e+00 -4.679531e+00 -2.621260e+00 -6.620147e+00 -4.957036e+00 9.090501e-01 -1.448672e+01 2.033962e+01 -3.571720e-01 1.022627e-02 5.722521e-01 -1.278497e-01 -8.184519e-01 6.321335e-01 -9.556284e-01 1.186641e+00 -6.609323e-01 -7.578848e-01 -3.841673e-01 1.842498e-01 -1.215432e-01 3.893128e-02 -1.350440e-01 -1.892837e-02 4.037759e-01 -7.730918e-01 1.019766e-01 4.126666e-02 -2.974536e-02 6.509273e-02 -2.099684e-01 -9.897050e-02 -8.082613e-02 -2.026230e-02 
-4.911103e+00 -1.474485e+01 -1.082417e+01 -6.306688e+00 3.856564e-01 2.746093e+00 -6.361062e+00 -5.843468e-01 -7.659877e+00 -5.418225e+00 5.555310e-01 -1.411063e+01 2.014003e+01 -2.337725e-01 -7.246993e-02 6.315199e-01 5.440426e-01 -1.493378e+00 7.108445e-01 -5.008568e-01 1.094341e+00 -2.622755e-01 -6.828241e-01 -3.196383e-01 2.074828e-01 -1.304746e-01 4.762683e-02 -7.819942e-02 -3.991026e-03 2.138700e-01 -4.973389e-01 -3.207836e-01 3.950369e-01 -2.885826e-01 3.333991e-01 -1.822751e-01 -1.122989e-01 -1.017414e-01 -2.464905e-03 
-5.699719e+00 -1.578176e+01 -1.056517e+01 -6.051129e+00 -3.052306e+00 2.254767e+00 -6.292737e+00 -1.507012e+00 -8.414415e+00 -7.613216e+00 -9.969058e-01 -1.460780e+01 2.002719e+01 -1.531716e-01 -2.029516e-01 7.184972e-01 4.150802e-01 -1.686416e+00 -2.129887e-01 2.703700e-01 4.312142e-01 2.697513e-01 -9.922522e-01 -4.023225e-01 1.426700e-02 -1.172254e-01 7.574861e-02 4.456247e-02 4.672820e-02 -5.116387e-02 -9.644739e-02 -5.016488e-01 4.954052e-01 -1.933921e-01 4.025179e-01 2.851553e-02 -1.147920e-01 -6.412955e-02 4.851577e-03 
-5.602993e+00 -1.600837e+01 -9.397163e+00 -5.299961e+00 -4.030912e+00 1.747247e+00 -5.052456e+00 -1.348902e+00 -6.864028e+00 -8.271832e+00 -4.614970e-01 -1.453338e+01 1.993610e+01 -1.473430e-01 -4.189214e-02 7.122540e-01 1.281886e-01 -1.546250e+00 -9.254709e-01 7.611935e-01 2.058752e-01 7.314610e-01 -9.562289e-01 -6.374072e-01 -7.381234e-02 -9.480823e-02 7.766040e-02 1.685005e-01 3.694556e-02 -2.430816e-01 1.099898e-01 -4.494204e-01 3.735150e-01 5.693878e-02 2.414884e-01 1.687913e-01 -1.751533e-01 4.261060e-03 1.868548e-03 
-5.418797e+00 -1.524656e+01 -8.347341e+00 -4.801884e+00 -4.688780e+00 8.420064e-01 -3.982146e+00 -8.330896e-02 -5.669011e+00 -8.490975e+00 -5.942609e-01 -1.420395e+01 1.985544e+01 -2.177864e-02 2.177095e-01 7.656206e-01 -1.757944e-01 -1.274317e+00 -1.057970e+00 8.904381e-01 6.637979e-01 8.548064e-01 -4.785958e-01 -7.992483e-01 4.120965e-03 -1.151552e-01 8.148398e-02 2.361539e-01 -6.700065e-03 -2.907789e-01 1.495918e-01 -2.055425e-01 9.499558e-02 3.872927e-01 -1.203854e-01 3.506321e-01 -2.392542e-01 1.117490e-01 3.568786e-04 
-5.788115e+00 -1.522167e+01 -8.371809e+00 -6.290121e+00 -6.527423e+00 -1.175038e+00 -3.710530e+00 -2.667024e-01 -5.374861e+00 -9.760429e+00 -2.833215e+00 -1.468181e+01 1.975173e+01 8.879791e-02 5.596360e-01 7.928171e-01 -3.758971e-01 -1.149409e+00 -1.113729e+00 1.056677e+00 1.262569e+00 6.527175e-01 -9.582914e-02 -9.970887e-01 2.338036e-01 -1.221938e-01 6.575798e-02 2.593397e-01 -1.007639e-01 -2.546133e-01 1.852483e-01 -1.615352e-01 -4.917619e-02 4.279343e-01 -4.215947e-01 3.685750e-01 -1.477294e-01 1.243457e-01 9.346276e-03 
-5.716380e+00 -1.508648e+01 -7.249966e+00 -6.434997e+00 -8.175371e+00 -1.573945e+00 -2.511984e+00 1.270953e+00 -4.884610e+00 -9.261729e+00 -3.807025e+00 -1.451287e+01 1.954366e+01 1.362592e-01 6.771191e-01 6.447760e-01 -7.866460e-01 -1.136753e+00 -1.146678e+00 5.975463e-01 1.839230e+00 -2.929302e-01 3.308545e-01 -1.418809e+00 4.190790e-01 -1.017877e-01 4.195314e-02 2.674044e-01 -2.173655e-01 -1.113743e-01 2.436041e-01 -2.736813e-01 5.620543e-02 8.915948e-03 -3.410513e-01 2.579526e-01 3.584760e-02 5.559858e-02 2.663978e-02 
-5.010605e+00 -1.329034e+01 -5.981776e+00 -6.363088e+00 -8.034400e+00 -2.613471e+00 -5.043105e-01 4.287151e+00 -3.992702e+00 -8.365807e+00 -3.840605e+00 -1.321041e+01 1.948083e+01 1.022869e-01 1.024988e+00 2.688148e-01 -8.392521e-01 -6.886948e-01 -1.688644e+00 6.617563e-01 1.757845e+00 -8.024380e-01 4.819806e-01 -1.066390e+00 3.405575e-01 -5.476494e-02 9.637763e-03 1.668203e-01 -2.759484e-01 3.691906e-02 2.478419e-01 -3.377095e-01 1.252276e-01 -4.882351e-01 -1.416923e-01 1.177271e-01 2.982922e-01 -1.594367e-01 3.097323e-02 
-5.126306e+00 -1.282640e+01 -6.318329e+00 -8.698724e+00 -9.619513e+00 -4.171971e+00 -2.597137e+00 6.836142e+00 -7.824621e+00 -7.534245e+00 -7.184577e+00 -1.284477e+01 1.948192e+01 1.812226e-01 1.321976e+00 -5.916766e-02 -5.010862e-01 -2.866492e-01 -2.138662e+00 1.368891e+00 4.607576e-01 -1.229490e-01 5.221660e-01 -5.854313e-01 2.288041e-01 -1.566802e-02 2.339030e-02 3.063129e-03 -1.813955e-01 2.311431e-01 9.255127e-02 -2.463097e-01 1.412298e-01 -7.947351e-01 9.828116e-02 -1.087634e-03 4.849856e-01 -3.382862e-01 1.708603e-02 
-5.571985e+00 -1.122640e+01 -7.493725e+00 -9.354718e+00 -9.249052e+00 -8.319018e+00 -3.589099e-01 5.740055e+00 -7.917196e+00 -8.214183e+00 -6.475985e+00 -1.381297e+01 1.950866e+01 1.144437e-01 1.071164e+00 -2.349184e-01 -3.342784e-01 -3.351454e-01 -2.306081e+00 1.297258e+00 -4.894298e-01 -1.408188e-01 3.971605e-01 7.780616e-02 -4.681842e-01 -1.040383e-02 8.222402e-02 -2.111541e-01 6.501421e-02 2.699094e-01 -1.787690e-01 4.742691e-02 -1.728894e-01 -7.903694e-01 1.089060e-01 -1.105540e-01 3.475785e-01 -3.388803e-01 -1.155508e-02 
-4.529753e+00 -9.508804e+00 -6.789688e+00 -7.444192e+00 -9.001532e+00 -9.414628e+00 4.259917e+00 2.848493e+00 -3.537292e+00 -6.726770e+00 -5.416360e+00 -1.306721e+01 1.945148e+01 2.470023e-01 6.693199e-01 -1.024824e-02 1.164244e-01 -8.508615e-01 -2.069526e+00 9.859873e-01 -1.010673e+00 -1.322471e-01 3.677390e-01 4.340641e-01 -8.678497e-01 -3.855835e-02 1.327322e-01 -3.083220e-01 3.400193e-01 2.365901e-01 -3.923667e-01 2.235045e-01 -6.922522e-01 -4.370168e-01 -1.611712e-01 -2.806842e-01 6.576457e-02 -2.136263e-01 -4.017603e-02 
-4.736163e+00 -9.593782e+00 -6.920339e+00 -8.661360e+00 -1.001948e+01 -1.152291e+01 2.553142e+00 3.833832e+00 -6.840636e+00 -6.784023e+00 -4.335904e+00 -1.544004e+01 1.944409e+01 4.806452e-01 2.955777e-01 5.695153e-01 2.014375e-01 -1.300457e+00 -1.486163e+00 -1.121144e-02 -1.458246e+00 -2.534132e-01 6.500295e-03 1.617353e-01 -8.055031e-01 -1.010779e-01 1.959445e-01 -1.049136e-01 5.550869e-01 3.983780e-01 -2.180300e-01 2.698814e-01 -8.078631e-01 -2.148606e-01 2.367861e-02 -3.622563e-01 -1.386201e-01 1.788918e-01 -5.581677e-02 
-4.308996e+00 -1.029679e+01 -6.656267e+00 -8.463257e+00 -1.348804e+01 -1.291790e+01 8.766591e-01 2.735964e+00 -9.024117e+00 -6.410887e+00 -6.084222e+00 -1.637042e+01 1.932125e+01 6.616644e-01 1.681909e-01 1.238651e+00 4.139704e-01 -1.765903e+00 -1.431108e+00 -1.438205e+00 -1.239964e+00 -8.724645e-01 -6.861250e-01 -2.984745e-01 -6.705167e-01 -1.711685e-01 1.684395e-01 2.054074e-01 5.211110e-01 5.051571e-01 1.244570e-01 1.873314e-01 -7.420818e-01 -1.263311e-01 4.378588e-02 -2.950586e-01 -1.556401e-01 4.552469e-01 -5.525242e-02 
-3.279259e+00 -9.354727e+00 -4.713125e+00 -7.837929e+00 -1.350771e+01 -1.399810e+01 1.276511e+00 -1.494548e+00 -6.440969e+00 -8.339746e+00 -5.333655e+00 -1.618901e+01 1.906839e+01 8.869808e-01 7.970781e-01 1.915997e+00 1.508931e+00 -9.678439e-01 -1.275798e+00 -1.530102e+00 -1.449120e+00 3.477683e-01 -8.873395e-01 -2.489884e-01 3.276177e-01 -2.231005e-01 9.147461e-02 4.599479e-01 1.868457e-01 5.697840e-01 5.239846e-01 1.187091e-01 -5.616013e-01 -1.026122e-01 9.970924e-02 5.173567e-02 -1.610578e-01 5.569713e-01 -4.241330e-02 
-1.949626e+00 -8.786917e+00 -1.699847e+00 -5.786052e+00 -1.608618e+01 -1.533266e+01 -2.292873e+00 -6.876169e-01 -8.099360e+00 -9.379395e+00 -6.409759e+00 -1.604501e+01 1.878358e+01 8.858151e-01 1.445525e+00 1.921983e+00 1.988489e+00 -3.947603e-01 -1.237921e+00 -1.965080e+00 -1.646986e+00 -2.140415e-01 -6.607221e-01 -1.388120e-01 8.416833e-01 -2.538576e-01 -3.251386e-03 4.980310e-01 -2.456599e-01 2.403685e-01 7.593561e-01 2.970595e-01 -4.399642e-01 -2.086495e-01 2.795894e-01 3.355541e-01 -3.657780e-01 3.394404e-01 -3.882561e-02 
-1.480807e+00 -6.363314e+00 1.814327e-01 -2.455321e+00 -1.355962e+01 -1.669487e+01 -3.512286e+00 -1.700020e+00 -5.563993e+00 -9.736343e+00 -5.418226e+00 -1.396421e+01 1.859725e+01 8.258639e-01 1.956682e+00 1.162022e+00 2.263062e+00 6.339514e-01 -9.891155e-01 -2.555812e+00 -1.767794e+00 -8.415836e-02 2.526363e-01 -7.235150e-01 1.223262e+00 -2.718386e-01 -1.919017e-01 3.171924e-01 -3.176375e-01 -1.779150e-01 5.605178e-01 5.530273e-01 -2.595343e-01 -1.398333e-01 8.725643e-02 5.524262e-01 -5.115753e-01 5.369719e-02 -5.658269e-02 
-7.787347e-01 -4.564604e+00 5.069056e-01 -1.212068e+00 -1.543596e+01 -1.775967e+01 -6.554256e+00 -5.396376e+00 -1.053270e+01 -9.016130e+00 -6.735605e+00 -1.327477e+01 1.828744e+01 6.758195e-01 2.078498e+00 3.873504e-01 1.238798e+00 1.230100e+00 -8.907870e-02 -3.125101e+00 -2.123820e+00 7.414855e-01 4.217024e-01 -1.890224e+00 5.790628e-01 -3.409236e-01 -4.757713e-01 -2.757134e-02 -5.294186e-02 -3.569269e-01 4.557405e-01 8.703635e-01 2.525363e-01 -3.496621e-02 1.083919e-01 2.765991e-01 -2.411720e-01 7.455306e-02 -8.973864e-02 
2.644232e-01 -1.682634e+00 -6.002698e-03 1.190542e+00 -1.066369e+01 -1.773044e+01 -9.371731e+00 -7.979196e+00 -5.644623e+00 -7.257848e+00 -8.788006e+00 -1.145824e+01 1.795718e+01 3.234392e-02 2.066489e+00 1.095143e+00 9.941906e-01 1.022394e+00 9.148735e-01 -2.247604e+00 -1.909865e+00 3.062173e-01 1.333482e+00 -1.931203e+00 7.275772e-01 -4.624730e-01 -7.680898e-01 -5.167707e-01 1.772512e-01 -2.928889e-01 2.723435e-01 9.388891e-01 9.387068e-01 3.960241e-01 -1.996721e-01 -2.831973e-01 2.370679e-01 1.235733e-01 -1.432518e-01 
5.569147e-01 -7.345660e-01 3.305501e-01 -1.414753e+00 -1.138384e+01 -1.526078e+01 -1.498884e+01 -8.166862e+00 -4.351556e+00 -8.509929e+00 -1.417567e+01 -1.440265e+01 1.739908e+01 -1.096236e+00 1.252774e+00 1.690814e+00 8.384811e-01 1.689632e+00 2.161717e+00 -8.564269e-01 -1.750670e+00 1.327493e-01 1.820247e-01 -7.408403e-01 1.462356e+00 -6.072085e-01 -9.978126e-01 -8.136506e-01 3.630593e-02 4.393625e-02 4.350870e-01 1.025888e+00 1.513014e+00 1.003353e+00 -3.390520e-01 -5.092167e-01 8.067847e-01 2.919056e-01 -2.112567e-01 
-1.987113e+00 2.053843e+00 5.745402e+00 2.617092e+00 -1.047408e+01 -1.337012e+01 -1.053325e+01 -9.864053e+00 -7.123339e+00 -3.322737e+00 -1.135405e+01 -9.762391e+00 1.672901e+01 -2.128562e+00 -2.143409e-01 1.396527e+00 9.987409e-01 1.765925e+00 2.579773e+00 1.003542e+00 2.569802e-02 -7.780305e-01 -1.043632e+00 -1.127722e-01 1.399274e+00 -8.549209e-01 -9.619820e-01 -1.023668e+00 -6.400884e-01 -1.146621e-01 6.290542e-01 1.067042e+00 1.492707e+00 1.270382e+00 1.367820e-01 -2.132353e-01 9.641844e-01 1.919044e-01 -2.458841e-01 
-5.134174e+00 -1.693307e-01 6.085187e+00 2.266711e+00 -7.082567e+00 -9.131049e+00 -1.025524e+01 -1.320715e+01 -9.129634e+00 -1.007394e+01 -9.157071e+00 -6.811141e+00 1.586522e+01 -3.232828e+00 -8.492942e-01 4.181388e-01 1.456103e+00 3.033687e+00 4.207921e+00 2.814264e+00 1.925226e+00 -4.116265e-01 -9.358491e-01 1.234659e+00 1.702626e+00 -1.200938e+00 -5.906019e-01 -7.913609e-01 -1.082264e+00 -2.598640e-01 3.410748e-01 7.261549e-01 1.198489e+00 1.161869e+00 6.775649e-01 9.180177e-01 8.968712e-01 2.917868e-01 -1.751379e-01 
-7.532419e+00 -3.037138e+00 4.099110e+00 4.342911e+00 -3.985014e+00 -7.896414e+00 -6.720861e+00 -5.330497e+00 -7.145736e+00 -1.169403e+01 -1.186148e+01 -8.258005e+00 1.444941e+01 -3.709274e+00 -2.000975e+00 -1.469022e+00 1.119850e-01 3.495584e+00 5.227081e+00 3.380490e+00 2.604160e+00 1.262180e+00 8.261405e-01 1.902046e+00 1.567051e+00 -1.395062e+00 -4.833257e-02 -2.729271e-01 -9.781163e-01 -3.498116e-01 -8.134356e-03 1.023635e-01 4.319028e-01 3.413852e-01 8.954317e-01 1.307734e+00 7.626764e-01 5.522178e-01 1.384097e-02 
-1.283429e+01 -2.435422e+00 3.244571e+00 5.002430e+00 5.397418e-01 3.041916e+00 -2.823653e+00 -8.079799e-01 -6.398664e+00 -9.003495e+00 -7.748902e+00 -6.642199e+00 1.253398e+01 -3.258974e+00 -1.810823e+00 -2.287653e+00 -1.753237e-02 2.530036e+00 4.468977e+00 3.947540e+00 2.769471e+00 2.500428e+00 3.837181e+00 2.736047e+00 2.837511e+00 -1.212826e+00 5.869976e-01 3.134541e-02 -5.305604e-01 -3.350412e-01 -6.486352e-01 -1.142801e+00 -3.952999e-01 -3.775171e-01 3.744705e-01 7.338147e-01 1.517758e-01 4.877488e-01 2.315819e-01 
-1.668342e+01 -6.817820e+00 -1.791265e-01 1.809172e+00 3.193070e+00 6.678679e+00 2.653442e+00 -3.043243e+00 -2.178028e+00 2.727987e-01 -2.547788e+00 -2.011991e+00 1.141929e+01 -2.357042e+00 -1.098249e+00 -2.141151e+00 -1.342599e-02 1.977061e+00 2.961077e+00 2.596539e+00 1.310460e+00 2.243132e+00 3.108675e+00 2.949968e+00 3.593023e+00 -7.798028e-01 9.509773e-01 3.364580e-01 2.268548e-02 -1.345850e-01 -8.372929e-01 -1.747491e+00 -9.524906e-01 -5.015123e-01 -4.879715e-01 -4.092997e-01 -1.787491e-01 1.039058e-01 3.203673e-01 
-1.685373e+01 -7.333270e+00 -3.214103e+00 3.446162e+00 1.978965e+00 5.926681e+00 4.795072e+00 -5.035113e-01 8.884029e-01 3.128379e+00 -1.337845e-01 4.253734e+00 1.131624e+01 -9.738361e-01 -1.143807e+00 -1.898606e+00 -1.563724e-01 5.498518e-01 -3.732268e-01 1.229867e+00 6.844971e-01 9.703064e-01 1.592104e+00 1.469640e+00 3.128511e+00 -3.507422e-01 9.680601e-01 3.589718e-01 4.353624e-01 -2.528468e-01 -8.563876e-01 -1.480158e+00 -1.084458e+00 -6.338789e-01 -1.003049e+00 -1.219240e+00 -4.486250e-01 -1.003891e+00 2.432520e-01 
-1.730774e+01 -6.079624e+00 -3.377532e+00 5.053895e+00 5.180881e+00 5.466951e+00 2.452169e+00 1.069399e+00 4.265221e-01 -2.216753e+00 -9.191751e-01 4.259366e+00 1.115948e+01 -9.688410e-02 -6.520861e-01 -1.550013e+00 -4.915417e-01 2.992090e-01 -1.089370e+00 -2.322872e-02 1.139033e+00 -4.124982e-01 -9.783842e-02 1.641544e+00 1.941131e+00 -2.242243e-01 7.427158e-01 4.016472e-01 6.737579e-01 -3.192402e-01 -1.002667e+00 -9.347580e-01 -7.609705e-01 -5.972429e-01 -8.374496e-01 -1.019959e+00 -6.040590e-01 -1.874490e+00 1.051660e-01 
-1.739151e+01 -8.523827e+00 -4.649415e+00 2.598762e+00 2.295332e+00 1.782004e+00 3.426219e+00 5.580338e-01 -2.848950e+00 2.017250e-01 -1.214863e+00 5.864714e+00 1.091032e+01 4.513358e-01 -2.392241e-01 -4.065640e-01 -1.042684e+00 -9.130787e-01 -9.066027e-01 -1.648441e-01 -3.140511e-01 -1.186857e+00 -6.556989e-01 1.147203e+00 -1.355889e+00 -2.742637e-01 2.874020e-01 4.652123e-01 8.971783e-01 1.581841e-02 -5.781504e-01 -7.414931e-02 -3.207579e-01 -3.295843e-01 1.279280e-01 -6.731147e-01 -6.503727e-01 -1.870152e+00 3.964731e-03 
-1.689909e+01 -9.483053e+00 -7.211648e+00 -2.247280e-01 4.530663e+00 3.304562e+00 3.221918e+00 2.120973e+00 -2.371640e+00 1.246902e+00 6.200332e+00 6.888018e+00 1.050115e+01 6.440121e-01 4.576275e-01 4.816827e-01 -1.166320e+00 -2.304921e+00 -1.445893e+00 -5.109890e-01 -1.176549e+00 -8.656362e-01 -8.673902e-01 9.098169e-02 -3.537286e+00 -2.921264e-01 1.038704e-01 2.406343e-01 9.906401e-01 4.326788e-01 -2.596292e-01 3.253213e-02 3.979810e-02 -4.329257e-02 7.509678e-01 -1.355332e-01 -9.036601e-01 -8.230811e-01 6.044072e-02 
-1.480074e+01 -6.827262e+00 -3.329981e+00 8.722385e-01 -2.261662e+00 2.474758e+00 3.586092e+00 -2.599538e+00 -3.646291e+00 -1.882312e+00 2.042363e+00 -3.840181e+00 1.027395e+01 9.279466e-02 6.272290e-01 1.571423e+00 2.601476e-01 -1.038932e+00 -5.655688e-01 -1.299705e-01 1.942083e-01 1.836484e+00 -1.388797e+00 -1.006944e+00 -3.483027e+00 -2.969766e-01 2.590335e-01 1.031992e-01 6.781224e-01 6.123288e-01 1.590905e-01 7.097807e-02 -5.707601e-02 2.920121e-01 5.257892e-01 3.569649e-01 -4.977674e-01 5.260142e-01 1.695027e-01 
-1.538341e+01 -4.639711e+00 -1.629212e+00 8.546815e-02 -4.065335e+00 -2.109506e+00 -1.828808e-01 -3.234470e+00 -3.502949e+00 -5.511411e+00 -2.092597e+00 -8.574570e+00 1.001696e+01 6.017132e-01 1.178056e-01 2.414171e+00 1.020383e+00 -9.360257e-01 -1.097255e+00 1.584443e-01 6.685023e-01 1.830818e+00 -4.091323e-01 -1.799759e+00 -1.110619e+00 8.931993e-02 5.796588e-01 1.813815e-01 1.108045e-01 3.659419e-01 3.227594e-01 1.606853e-01 -2.507230e-01 -6.629132e-02 -3.828653e-01 4.292389e-01 -7.974502e-02 1.098035e+00 2.239429e-01 
-1.768539e+01 -7.809235e+00 4.159578e-01 3.744373e+00 1.398686e+00 1.661147e+00 4.479028e+00 4.207028e+00 6.898827e+00 -3.363013e+00 -2.103169e+00 -3.819666e+00 9.667578e+00 1.767930e+00 4.467334e-01 2.017855e+00 9.254919e-01 -8.018922e-01 -7.262293e-01 -7.850301e-01 2.234695e-01 9.410401e-02 8.997660e-01 -3.963054e-01 6.073289e-02 3.825172e-01 5.745401e-01 3.983430e-01 -7.356573e-01 -3.012311e-01 2.229019e-01 1.810930e-01 -5.457003e-01 -5.230258e-01 -1.293691e+00 1.176768e-01 1.365297e-01 7.516260e-01 8.430494e-02 
-1.244831e+01 -8.403226e+00 2.986039e+00 3.441227e+00 -1.979172e+00 -1.774583e+00 3.567581e+00 2.060079e+00 1.509553e+00 -5.808858e-02 -7.257813e-01 1.325010e+00 1.125080e+01 2.704666e+00 1.454686e+00 8.125730e-01 3.307329e-01 -8.096989e-01 -5.623302e-01 -1.437027e+00 -1.522602e+00 -1.908624e+00 1.343762e-01 -6.130273e-01 1.810149e-01 4.878009e-01 -1.413318e-01 3.740370e-01 -1.388611e+00 -7.035173e-01 4.013303e-01 4.828574e-01 -3.898307e-01 -2.047339e-01 -7.507941e-01 -5.204247e-01 1.066127e-01 3.006402e-01 -1.899724e-01 
-7.428751e+00 -2.712246e+00 4.451821e+00 3.821570e+00 -7.313695e+00 -1.323542e+00 -2.213778e+00 -4.129359e+00 -5.682449e+00 -1.098144e-01 -6.225549e-01 -8.486479e+00 1.156974e+01 1.913977e+00 1.950616e+00 -1.306100e+00 -9.010697e-01 1.248980e-02 7.228585e-02 -2.060629e+00 -1.325301e+00 -2.762307e+00 -1.072193e+00 -9.176206e-01 -3.706941e-01 -7.469786e-02 -8.727447e-01 -5.904587e-02 -1.311554e+00 -5.156725e-01 6.076213e-01 5.232377e-01 3.053031e-01 6.874917e-01 5.642329e-01 -4.059825e-01 8.901733e-02 5.308865e-01 -3.243498e-01 
-6.988163e+00 8.517542e-02 4.159578e-01 1.700251e+00 -3.757711e+00 -3.428267e+00 -4.021525e+00 -6.679061e+00 -6.755526e+00 -6.466166e+00 -5.898291e+00 -5.336119e+00 1.150495e+01 -1.781512e-01 1.236061e+00 -2.866903e+00 -1.583838e+00 6.634040e-01 9.178305e-01 -1.152971e+00 4.191710e-01 -4.948737e-01 -2.025162e+00 -1.006011e+00 6.083246e-01 -6.319916e-01 -1.030745e+00 -4.412206e-01 -5.456859e-01 -3.786556e-02 3.129198e-01 2.902408e-01 8.857881e-01 1.212187e+00 1.232743e+00 3.920464e-01 3.799886e-01 3.856679e-01 -2.512253e-01 
-1.084563e+01 -2.299800e+00 -4.829464e+00 1.090854e-01 2.349972e+00 2.849572e+00 -2.029671e+00 1.950043e+00 -2.780265e+00 -5.520097e+00 -4.104889e+00 -2.342633e+00 9.166871e+00 -1.154356e+00 2.607908e-01 -2.700218e+00 -6.955288e-01 1.499668e+00 1.150021e+00 5.994314e-01 2.690156e+00 2.208409e+00 -5.018993e-02 2.452495e-01 2.501369e+00 -6.793693e-01 -4.761413e-01 -3.806798e-01 4.854044e-01 3.392962e-01 -2.905607e-01 -2.222266e-01 9.412388e-01 5.463936e-01 9.531830e-01 9.849641e-01 3.410582e-01 4.211060e-02 -1.971810e-02 
-1.163146e+01 -2.428555e+00 -6.707973e+00 -2.621346e+00 -3.494345e+00 7.278638e-01 -2.289507e+00 1.116048e+00 -2.415936e+00 -7.478966e+00 -4.014410e+00 1.294842e+00 9.292319e+00 -9.148842e-01 9.354145e-02 -1.218866e+00 3.873612e-02 1.142525e-02 3.499568e-01 1.661665e+00 2.530584e+00 1.769799e+00 1.583493e+00 7.055630e-01 6.733180e-01 -4.659628e-01 2.351364e-02 -6.263016e-02 1.077141e+00 4.053462e-01 -3.520340e-01 -4.382009e-01 3.682484e-01 -3.887689e-01 5.627760e-03 8.777092e-01 2.193287e-01 -4.703139e-01 7.852029e-02 
-1.087895e+01 -1.513050e-01 -5.487335e+00 2.504998e+00 5.289749e-02 2.347977e+00 -8.258132e-02 5.423834e+00 3.189844e+00 1.456558e-01 -3.380607e-01 7.051547e-01 9.279491e+00 -9.838288e-02 6.185632e-01 2.967810e-01 -1.586762e-02 -1.114279e+00 -7.548131e-01 1.238350e+00 3.508637e-01 8.713686e-01 2.048209e+00 -6.795461e-02 -1.926239e-01 -2.562826e-01 3.405931e-02 1.652522e-01 1.035527e+00 1.126851e-01 -2.094082e-01 -2.664757e-01 -2.865254e-01 -1.021347e+00 -6.949850e-01 -1.666825e-02 -1.454760e-01 -6.535009e-01 2.855456e-02 
-1.154538e+01 -5.212616e-01 -5.349297e+00 6.959906e-01 -2.552348e+00 -1.427811e+00 3.313466e+00 4.236941e+00 -8.914310e-01 -1.381243e+00 -4.254132e+00 -3.493448e+00 9.118822e+00 -5.886500e-01 7.439693e-01 1.020310e+00 1.029954e-01 2.101415e-01 -3.208466e-01 3.689824e-01 -3.550732e-01 2.017588e-01 1.314107e+00 2.473244e-01 -3.961327e-01 -4.508800e-01 -1.838228e-01 9.619863e-02 5.915837e-01 2.150968e-01 4.663107e-01 1.191443e-01 -5.703113e-01 -6.543573e-01 -1.988723e-01 -4.510658e-01 -1.209625e-02 8.465419e-02 -1.006357e-02 
-1.138016e+01 -1.607470e-01 -4.024785e+00 -1.628718e+00 -3.692689e+00 1.535966e-01 1.360991e+00 2.144120e+00 8.137455e-01 1.671765e+00 -4.325022e+00 -9.114562e-01 7.972174e+00 -1.147361e+00 7.616723e-01 1.357871e+00 -1.642522e-01 3.532646e-01 1.529681e-01 -1.868758e-01 -9.736970e-01 -4.825246e-01 1.190072e-03 -2.530345e-01 -2.312964e-01 -5.440975e-01 -2.876760e-01 -1.825358e-01 1.305334e-02 5.421078e-01 7.897518e-01 1.736940e-01 -4.808306e-01 1.774234e-01 4.606119e-01 -5.107245e-01 2.084934e-01 5.449687e-01 4.090994e-02 
-1.432359e+01 1.295904e+00 -2.337404e+00 -3.966781e-02 -5.705473e-01 2.211342e-01 -1.166018e+00 9.810849e-01 -2.195138e-01 -1.671855e+00 -7.839238e-01 1.227082e-01 7.691709e+00 -1.309562e+00 5.029371e-01 1.208547e+00 1.188411e+00 1.609199e+00 4.918900e-01 -4.772935e-01 -7.892703e-02 1.452501e+00 3.516648e-01 7.375163e-01 1.115920e+00 -3.723904e-01 2.160185e-02 -2.574698e-01 -3.580097e-01 3.380204e-01 1.781365e-01 -2.545112e-02 -1.511143e-01 3.432755e-01 5.629191e-01 -1.734796e-01 1.933431e-01 4.707551e-01 1.276798e-01 
-1.522652e+01 2.748262e+00 -2.040564e-01 2.051689e+00 8.287885e-01 2.288733e+00 1.222995e+00 2.183647e+00 4.414536e-01 2.964899e-01 -3.338153e+00 -2.258967e+00 7.272315e+00 -1.176171e+00 -1.734880e-01 2.678741e-01 2.152078e+00 2.134851e+00 -2.926853e-01 -7.426162e-01 1.099892e+00 2.549098e+00 -2.435641e-02 7.293205e-01 1.776148e+00 -9.096359e-02 3.166955e-01 -2.093620e-01 -3.973284e-01 -4.606046e-02 -2.930450e-01 5.982668e-03 2.003772e-01 2.962878e-01 3.807358e-02 3.816546e-02 2.669370e-01 1.070549e-01 1.652901e-01 
-1.617017e+01 5.383937e-01 -1.216946e+00 4.797630e+00 3.232958e+00 -3.598273e-02 9.961435e-01 3.822792e+00 6.557393e+00 1.064875e+00 -1.059712e+00 2.760209e+00 7.606917e+00 -4.662498e-01 -7.581244e-02 -2.248266e-01 6.349379e-01 2.099050e-01 -2.253796e-01 -1.087635e-01 3.246133e-01 1.500590e+00 4.594480e-01 7.227846e-01 9.538779e-01 -3.897239e-02 4.253591e-01 -2.353901e-02 -1.205550e-01 -5.222971e-01 -6.310506e-01 2.392697e-01 5.852910e-01 -4.549793e-02 -9.292462e-01 -5.567004e-02 -1.319896e-02 -4.996666e-01 1.270953e-01 
-1.633817e+01 -6.491584e-01 -3.245496e+00 6.712739e+00 5.079797e+00 -1.181753e+00 -3.433528e+00 6.222931e+00 1.017131e+01 1.815875e-01 -5.404713e-01 6.650292e+00 7.559520e+00 1.452511e-02 4.160232e-03 8.793270e-02 -1.176392e-01 -4.122663e-01 5.415948e-01 6.308884e-01 3.059840e-01 -3.163208e-01 1.381077e-01 1.089106e+00 3.849648e-01 1.155817e-01 3.414871e-01 9.547057e-02 2.275565e-01 -5.083609e-01 -4.170631e-01 4.456204e-01 8.091193e-01 -2.207565e-01 -1.148827e+00 -3.109288e-02 -1.341613e-01 -6.597399e-01 8.045523e-02 
-1.609890e+01 2.615644e+00 -1.940835e+00 8.049118e-01 -1.646959e+00 8.297627e-01 6.181691e-01 5.847415e-01 2.418383e+00 6.830515e-01 1.431089e+00 4.376637e-01 7.352976e+00 2.220227e-01 2.965680e-01 6.958335e-01 -2.882204e-01 -2.724552e-01 1.270974e+00 1.762398e+00 9.052416e-02 -1.761016e+00 -7.851660e-03 4.916422e-01 -6.866915e-01 1.597654e-01 1.202131e-01 -6.285418e-02 2.168333e-01 8.957253e-02 2.984526e-01 1.919256e-01 4.278516e-01 6.900075e-02 -3.978315e-01 -1.195003e-01 -2.686917e-01 -1.992470e-01 5.558322e-02 
-1.518996e+01 1.730667e+00 5.973916e-01 3.459909e+00 1.207445e+00 4.564080e+00 4.566201e+00 5.332316e+00 9.292157e-01 1.177803e+00 8.617899e-01 8.274363e-01 7.977175e+00 1.872177e-01 1.176818e-01 9.453910e-01 7.192010e-02 2.906926e-01 1.187194e+00 2.367268e+00 1.131992e-01 -1.564157e+00 5.371823e-02 1.741846e-01 -7.022782e-01 2.118749e-01 -1.059018e-02 -1.645024e-01 4.202501e-02 3.487670e-01 5.148756e-01 -1.119666e-01 4.622937e-02 1.595555e-01 2.799321e-01 -5.561978e-02 -3.159644e-01 1.420524e-01 1.813412e-02 
-1.563425e+01 8.310972e-01 3.407067e-01 4.983043e+00 3.806680e+00 3.446352e+00 5.808165e+00 4.720530e+00 2.373091e+00 5.278741e-01 6.973118e-01 2.238502e+00 8.196981e+00 4.849742e-02 -4.468311e-01 4.306252e-01 9.879755e-01 1.350631e+00 4.114893e-01 1.162123e+00 7.659767e-01 1.352191e-01 -9.597266e-02 -1.631919e-01 5.012766e-01 1.907590e-01 -4.857925e-02 -2.051056e-01 -1.045265e-01 3.468532e-01 4.306056e-01 -2.494531e-01 -2.405443e-01 2.003772e-01 5.492096e-01 -3.260068e-02 -1.647015e-01 3.579195e-01 4.085664e-03 
