-1.579567e+01 2.598113e+00 2.198686e+00 2.339514e+00 -1.603278e+00 1.506739e+00 -3.408972e-01 5.232091e+00 7.195142e+00 3.728757e+00 1.755886e+00 9.999815e-01 7.596500e+00 1.246994e-03 -8.733687e-02 -2.953455e-01 6.370381e-01 7.469351e-01 -2.766290e-01 -2.275048e-01 -1.205299e+00 -1.040409e+00 2.943420e-01 1.964455e-01 1.114294e-01 -3.215164e-02 9.587613e-02 1.373142e-01 4.736211e-02 -5.349767e-02 -3.211820e-02 -7.020578e-02 -2.147277e-02 7.567241e-02 -1.951864e-01 -6.490517e-01 -6.313991e-01 -1.810782e-01 4.107586e-02 
-1.591924e+01 9.205541e-01 -4.678657e-01 5.072302e+00 1.964500e-01 2.488499e+00 -2.514846e+00 -2.852761e-01 1.453395e+00 3.443280e+00 4.548392e+00 3.559584e+00 7.628984e+00 8.438203e-02 1.153338e-01 -4.052147e-01 2.684226e-01 8.726025e-01 -4.742949e-01 -3.792913e-01 -1.339645e+00 -8.773956e-01 -5.344135e-01 -7.235942e-01 9.752838e-03 5.524326e-02 1.461513e-01 2.365762e-01 4.620268e-02 -2.567939e-01 -3.957143e-01 -6.267092e-02 1.009257e-01 3.064809e-01 -2.169358e-01 -7.554433e-01 -6.917920e-01 -2.508500e-01 4.711288e-02 
-1.572771e+01 2.999889e+00 2.055543e+00 4.158333e+00 1.231491e+00 -3.671821e-01 -3.909961e-01 1.963606e+00 4.863601e+00 5.343756e+00 1.341684e+00 2.772424e-01 7.419440e+00 4.389995e-01 4.980637e-01 -3.623863e-03 5.538259e-01 5.236111e-01 -5.288432e-01 -2.588610e-01 -7.598690e-01 -2.098026e+00 -2.536491e+00 -2.500657e+00 -7.432338e-01 1.295324e-01 1.061291e-02 5.980446e-03 -1.330127e-01 -4.891158e-01 -6.260073e-01 1.495123e-01 4.651122e-02 3.022219e-01 -2.600642e-01 -3.675324e-01 -1.847867e-01 -4.365181e-02 -9.111168e-04 
-1.540748e+01 2.973580e+00 2.441161e-01 2.772110e+00 1.342690e+00 7.189213e-02 -2.212112e+00 1.675329e-01 3.974325e+00 2.494329e-01 -1.654842e+00 1.409929e+00 7.960915e+00 5.131657e-01 8.026516e-01 -2.101633e-01 -6.053055e-01 -1.119997e+00 -4.638158e-01 2.927872e-01 1.044956e-01 -1.596496e+00 -2.067472e+00 -1.914032e+00 -7.155464e-01 1.225941e-01 -1.566635e-01 -2.243748e-01 -1.020806e-01 -5.041292e-01 -5.436973e-01 2.933024e-01 1.853024e-01 3.249786e-01 1.585412e-01 6.197442e-01 6.400912e-01 1.274946e-01 -9.963124e-02 
-1.385675e+01 4.061630e+00 1.824744e+00 6.258865e+00 4.415081e-01 7.061823e-02 -1.786057e+00 1.205961e+00 -4.556045e+00 -7.356212e+00 -7.645721e+00 -1.641373e+00 8.078040e+00 -1.599637e-01 -4.012353e-01 -1.057830e+00 -1.371612e+00 -1.386865e+00 4.658023e-01 -3.310082e-01 -4.162115e-01 -1.981463e+00 -7.768175e-01 -1.322902e-01 2.557597e-01 -7.034748e-02 -3.249029e-01 -3.481717e-01 -3.578585e-02 -4.759118e-01 -5.849039e-02 2.643222e-01 1.910398e-01 1.383486e-01 9.057004e-01 1.315872e+00 1.298632e+00 4.517154e-01 -1.192268e-01 
-1.428871e+01 4.402761e+00 -1.403187e+00 9.952280e-01 -5.008795e+00 -4.955393e-02 -3.528867e-01 6.161589e-01 -1.819625e+00 -5.440425e-01 -5.282004e-01 9.411355e-01 7.912876e+00 -3.994800e-01 -5.570207e-01 -3.884716e-01 -1.289495e+00 -8.905615e-01 4.950862e-01 5.831794e-01 1.133793e-01 -1.431767e-01 1.684527e+00 1.292740e+00 1.477224e-01 -3.429747e-01 -1.525307e-01 -2.440187e-01 1.872809e-01 1.178470e-01 6.057589e-01 1.038202e-01 1.344396e-01 1.503037e-02 1.040639e+00 8.546425e-01 8.770298e-01 2.929340e-01 -4.376406e-02 
-1.708743e+01 2.788721e-01 -2.410312e+00 -1.811407e+00 -2.527121e+00 2.022248e+00 -2.975585e+00 -3.417465e-01 -2.146806e+00 1.856329e+00 1.164750e-01 1.790255e+00 7.091856e+00 -7.291455e-01 -5.630060e-01 -9.332797e-02 -1.483657e+00 1.164333e-01 3.133542e-01 5.511295e-01 -7.255416e-02 1.704093e+00 2.167013e+00 2.389226e+00 1.083764e+00 -2.338537e-01 1.726331e-01 1.501429e-01 3.100153e-01 5.523873e-01 6.002990e-01 -1.754038e-01 -1.287081e-01 8.806779e-02 1.006673e+00 1.573194e-01 2.143068e-01 9.110525e-02 8.269171e-02 
-1.578949e+01 2.079506e+00 4.189642e-01 3.593248e-01 -1.625939e+00 1.571284e+00 1.298236e+00 1.508182e+00 2.053125e+00 4.065968e+00 9.274831e-01 4.328485e-01 6.739336e+00 3.505294e-02 -3.367265e-01 2.439790e-01 3.995404e-02 1.156914e+00 1.316221e-01 5.240743e-01 7.866350e-03 1.764127e+00 7.339507e-01 1.210246e+00 3.350805e-01 -1.442036e-02 2.302510e-01 1.838984e-01 4.003283e-02 6.129797e-01 3.587773e-01 -1.978635e-01 -4.467256e-01 -1.827826e-02 1.727939e-01 -4.867414e-01 -3.503035e-01 -1.766383e-02 1.366290e-01 
-1.675226e+01 2.408150e+00 4.469399e-01 -8.413697e-01 -6.673140e-01 8.273206e-01 1.442484e-01 3.965518e-01 2.027631e+00 1.173804e+00 3.572500e+00 4.031536e+00 7.495617e+00 4.857989e-01 2.393636e-01 1.759066e-01 7.256031e-01 5.909648e-01 -2.295452e-01 -9.448139e-01 7.690953e-02 2.098480e+00 4.852003e-01 9.805225e-01 6.176609e-01 1.788716e-01 1.874789e-01 1.031578e-01 -1.937173e-01 4.290468e-01 5.946326e-03 -6.083551e-02 -2.747849e-01 -6.035900e-02 -6.818164e-01 -5.708851e-01 -5.157793e-01 -1.657677e-01 4.223873e-02 
-1.428099e+01 1.654542e+00 -1.612072e+00 7.098693e-01 -1.540095e-01 1.206097e+00 7.073256e-01 2.862253e-01 4.914590e+00 3.466966e+00 3.795365e+00 1.496420e+00 7.638592e+00 1.444048e-01 -3.845650e-02 -3.229656e-01 6.707366e-01 6.660852e-01 -2.229419e-01 -9.024968e-01 -5.276074e-02 5.237771e-01 9.202903e-02 2.455219e-01 2.924268e-01 1.338776e-01 -1.179038e-01 -7.660427e-02 -2.457262e-01 2.314741e-02 -2.867230e-01 -7.445620e-02 -6.641597e-02 -9.551105e-02 -1.070158e+00 -3.845338e-01 -2.728136e-01 -6.868865e-02 -5.954938e-02 
-1.541263e+01 1.687986e+00 -5.154244e-01 1.641160e+00 -3.084224e-01 1.057474e+00 -7.403984e+00 6.538059e-01 6.914701e+00 4.582070e+00 3.585546e+00 4.346698e+00 7.536336e+00 1.536037e-01 -1.962370e-01 -7.785745e-01 3.462820e-01 3.917049e-01 1.866011e-01 -1.094332e-01 -3.442071e-01 -1.085106e+00 -3.661548e-01 2.925932e-01 2.762446e-01 -9.683928e-02 -2.045313e-01 -1.989579e-01 -1.548763e-01 -1.166307e-01 -1.574376e-01 -8.778708e-02 4.070131e-01 -6.264739e-02 -9.950069e-01 -3.100199e-01 -9.749781e-02 -2.011138e-01 -8.953655e-02 
-1.573750e+01 2.246727e+00 -7.145182e-01 2.472164e+00 1.525034e+00 3.411117e-01 5.595981e-01 1.116027e+00 2.228552e+00 2.821839e+00 2.148706e+00 1.737333e+00 7.388329e+00 -3.884413e-01 -5.019887e-01 -5.073845e-01 3.453088e-01 -1.770454e-01 -4.488868e-01 -2.258398e-01 -2.591110e-01 -1.994828e+00 -7.630410e-01 1.900483e-01 1.623145e-01 -1.743523e-01 -1.235613e-01 -1.377811e-01 8.926736e-02 -2.138326e-01 -3.101078e-01 -1.867061e-01 2.591604e-01 1.896464e-01 -1.061529e-01 -1.017092e-02 -1.434948e-03 5.210793e-02 -5.074127e-02 
-1.525560e+01 1.131029e+00 -3.894424e+00 8.780350e-03 4.515212e-01 2.192103e+00 -3.293359e-01 -1.739389e+00 -2.054539e+00 -3.346098e-01 5.859123e+00 5.292182e+00 7.136464e+00 -2.705804e-01 -5.237687e-01 -5.062846e-01 3.050409e-01 2.252942e-01 -5.553996e-01 7.517540e-01 -1.331812e-01 -1.617530e+00 -6.373500e-01 5.207891e-01 -3.229644e-01 -1.147808e-01 -5.767791e-02 -2.440752e-02 2.406977e-01 -2.872825e-01 -3.829918e-01 -1.893626e-01 2.287885e-01 3.624826e-01 7.367035e-01 2.073275e-01 -3.410375e-01 -8.636170e-02 1.007428e-02 
-1.630126e+01 -5.772985e-01 -2.459270e+00 3.252570e+00 -1.418826e+00 -1.605422e+00 -3.959150e+00 1.879250e-01 -5.752461e-01 2.110017e+00 3.608738e+00 1.835278e+00 6.966952e+00 -2.613815e-01 -5.636711e-01 -1.291203e-02 -3.778102e-01 -8.010536e-01 -7.856509e-01 -3.742477e-02 7.900960e-01 2.593181e-01 1.765454e-01 1.241675e-01 8.525366e-01 -1.108561e-01 7.388825e-02 2.351330e-01 2.590830e-01 -2.999091e-01 -2.600418e-01 6.730521e-02 5.057333e-01 3.882268e-01 9.762239e-01 1.006702e-01 -5.678902e-01 2.105735e-02 3.320794e-02 
-1.648351e+01 4.817667e-01 -2.174384e+00 2.776213e+00 2.289721e+00 -7.463826e-01 -1.385695e+00 4.519764e-01 2.284406e-01 1.750990e+00 5.459417e+00 2.683213e+00 7.173294e+00 -1.982541e-01 -2.873473e-01 1.778620e-01 -7.286639e-01 -1.211287e+00 -5.920044e-01 9.403078e-01 9.437678e-01 1.471404e+00 2.005381e-01 -1.379538e+00 -5.007815e-01 -7.819691e-02 8.187290e-02 3.104214e-01 2.345279e-01 -1.259852e-01 -8.949830e-02 3.901928e-01 2.494614e-01 1.141935e-01 5.860314e-01 -8.282534e-02 -4.728113e-01 6.425816e-02 3.894806e-02 
-1.643048e+01 -2.473161e-01 -1.639115e+00 -8.007996e-01 -3.399317e+00 -2.117534e+00 9.008700e-01 3.970396e+00 2.383948e+00 2.661648e+00 2.969136e+00 7.304794e+00 6.815742e+00 -5.521124e-02 5.552571e-01 4.459966e-01 -6.373008e-01 -7.590372e-01 -9.417921e-02 2.208571e+00 1.143572e+00 1.341694e+00 -6.786795e-01 -1.699299e+00 3.565008e-01 -2.654491e-02 9.455204e-02 3.118646e-01 1.180876e-01 2.620907e-01 5.532206e-01 5.991882e-01 -6.331959e-02 -3.327397e-01 -7.792508e-02 3.904017e-02 2.389067e-01 -2.556671e-01 7.007335e-02 
-1.618284e+01 -4.702772e-01 -3.415107e+00 -1.608100e+00 -4.614594e+00 -5.115585e-01 1.942242e+00 1.087791e+00 3.823178e+00 3.921712e-01 -7.188127e-01 5.331180e-02 6.821003e+00 3.562787e-02 4.688020e-01 4.369529e-01 -1.950839e-01 -2.432531e-01 1.049900e+00 8.759304e-01 2.611286e-01 7.715842e-01 -6.240379e-01 -9.314529e-01 2.464058e-01 3.779231e-02 -1.293793e-01 2.518103e-01 -2.294927e-02 2.645929e-01 8.311586e-01 2.738373e-01 -8.022641e-01 -4.499555e-01 -7.679808e-01 4.455463e-01 9.676808e-01 1.004020e-01 7.507121e-02 
-1.672755e+01 2.674812e+00 3.914548e-01 2.258373e+00 -1.761907e+00 -2.193544e+00 5.420046e+00 5.587646e+00 4.336105e+00 -6.032570e-01 -1.798345e+00 4.932393e+00 7.010417e+00 9.427085e-02 6.174383e-01 4.479520e-01 6.657487e-01 1.480950e+00 1.389392e+00 -3.219898e-01 -5.323226e-01 2.196602e-01 7.842581e-01 1.094716e+00 -7.993571e-01 1.815348e-01 -2.447354e-01 -1.981561e-01 -3.163688e-01 -1.126272e-01 4.461351e-01 -1.771427e-01 -1.186945e+00 -5.709218e-01 -8.277683e-01 4.222358e-01 7.849030e-01 -3.231070e-01 3.592812e-01 
-1.615658e+01 1.365139e+00 -1.004533e+00 2.708910e-01 2.549477e-01 4.540768e+00 7.347301e-01 9.487068e-01 3.109937e+00 2.637690e-01 3.185840e+00 5.101427e+00 7.264798e+00 -9.199076e-01 9.408135e-01 6.200435e-02 -5.724851e-02 1.824467e+00 3.544482e-02 -1.805862e+00 -4.681108e-01 -1.807494e+00 1.696911e+00 2.061827e+00 5.791230e-01 1.931688e-01 -4.481634e-01 -1.967129e-01 -5.219613e-01 -3.540342e-01 -6.966766e-02 -8.066889e-01 -5.688054e-01 -3.104915e-01 -4.962528e-01 -1.038779e-01 -1.200478e-01 -3.757273e-01 6.818412e-01 
-1.597227e+01 1.922541e+00 -6.049467e-01 1.588738e+00 1.570883e+00 2.302508e+00 -1.049614e-01 1.378509e+00 3.838961e+00 6.647100e+00 6.490753e+00 7.839497e-01 7.501565e+00 -8.011268e-01 -6.717399e-01 -9.484501e-01 -1.269422e+00 4.377957e-01 -4.725723e-01 -2.385121e+00 -1.346502e+00 -1.507540e+00 2.722067e-01 7.285523e-01 -1.425505e+00 1.692198e+00 -6.320511e-01 1.046010e-01 -5.616719e-01 -4.936968e-01 -6.285312e-01 -7.024086e-01 2.170859e-01 -9.964284e-02 -1.785274e-01 -6.861758e-01 -1.082398e+00 -3.584532e-01 8.078269e-01 
-2.115989e+01 4.609668e+00 -2.607075e+00 -1.559325e+00 2.841496e+00 -2.582511e+00 -4.324401e+00 8.514522e-01 -4.965172e+00 5.251506e+00 5.446009e+00 5.023229e+00 7.541141e+00 -1.757467e+00 1.299646e-01 -1.474698e+00 -9.977654e-01 -6.983970e-02 -2.052608e+00 -9.364892e-01 -8.843961e-01 -8.460636e-01 -8.873388e-01 -1.348698e+00 -1.319152e+00 2.691668e+00 -3.353752e-01 3.776116e-01 -1.916469e-01 -2.530597e-01 -6.856538e-01 6.290988e-02 8.844036e-01 1.110787e-01 3.574319e-01 -2.759506e-01 -1.132090e+00 -5.511999e-01 5.570679e-01 
-1.823194e+01 -2.306585e+00 -3.549390e+00 -3.173926e+00 -8.659955e-01 -9.943703e-01 -3.975850e+00 -1.096254e+00 8.360618e-01 -1.735814e+00 7.144033e-01 -2.155979e+00 1.533317e+01 -2.647116e+00 1.545833e+00 -1.592022e+00 -1.332317e+00 -7.146016e-01 -1.078633e+00 3.288607e-01 -8.223663e-01 -1.153467e+00 -1.354655e+00 -2.611986e+00 -1.642421e+00 2.971443e+00 -2.700134e-01 6.863021e-01 5.971822e-01 1.730884e-01 -1.205577e-01 5.135035e-01 8.171027e-01 1.441331e-01 1.865839e-01 4.349204e-01 -3.215215e-01 1.360153e-02 -2.457816e-01 
-2.381445e+01 4.129410e+00 -6.906009e+00 -2.336540e+00 1.123982e+00 -4.073411e+00 -2.012573e+00 -2.235596e+00 3.814082e-01 1.880769e-02 -6.695289e-01 -2.409632e-02 1.680707e+01 -1.673757e+00 1.719907e+00 -5.743571e-01 -1.291198e+00 -1.027688e+00 6.531327e-01 1.259281e+00 -1.747942e-01 -1.970764e-01 1.130527e+00 -1.928258e+00 -2.068397e+00 2.338864e+00 3.206099e-01 -1.390403e-02 1.305472e+00 7.072818e-02 2.129576e-02 6.732326e-01 3.739545e-01 4.261805e-02 1.968570e-01 4.941597e-01 4.179125e-01 1.646816e-01 -7.231514e-01 
-2.788022e+01 9.892062e+00 -6.415502e+00 -4.684595e+00 -1.143201e+00 -2.344715e+00 3.836097e-01 -1.189848e+00 -4.602178e+00 2.490237e+00 -3.511319e+00 -4.904757e+00 1.772577e+01 -2.193150e+00 1.964807e+00 1.587341e+00 -2.573714e-01 3.140381e-01 7.421327e-01 6.024649e-01 -9.807137e-01 -8.988678e-01 1.437789e+00 -5.891593e-01 -9.828800e-01 6.397448e-01 8.177847e-01 -9.358861e-01 1.363154e+00 5.617678e-02 -1.350315e-01 -4.610392e-02 1.311611e-01 -5.571868e-02 4.547950e-01 5.756904e-02 6.303742e-01 5.370431e-01 -8.136078e-01 
-2.470411e+01 7.109954e+00 -4.045959e+00 -7.259661e+00 -2.158216e+00 1.358541e+00 -2.081566e-01 2.426539e-02 -3.231540e+00 8.791291e+00 -2.082452e+00 -3.944265e+00 1.803917e+01 -3.815421e-01 -1.491855e-01 3.462939e+00 -1.181708e+00 -4.776541e-01 4.030718e-01 7.964298e-01 -5.920146e-01 1.085369e-02 1.872260e-01 -2.705444e-01 -8.254544e-01 2.417371e-01 8.760847e-01 -1.118134e+00 9.222378e-01 1.969173e-01 -2.998576e-01 -6.254662e-01 -1.961912e-01 -9.214205e-02 1.867690e-01 -6.350388e-01 5.867093e-01 6.231686e-01 -5.902381e-01 
-2.875237e+01 6.027701e+00 2.957294e+00 -1.999215e+00 2.345056e+00 1.285521e-04 -1.865702e+00 -7.129698e+00 -1.852404e+00 1.066594e+00 -1.525110e+00 -5.110520e+00 1.791610e+01 7.958018e-01 -2.199002e+00 3.205070e+00 -1.106282e+00 -1.664810e+00 -1.184284e+00 1.215993e+00 -8.923446e-01 1.016543e+00 -5.950919e-01 -2.889719e-01 4.214167e-01 -4.806073e-02 1.285870e+00 -8.523393e-01 2.437205e-01 1.591915e-01 -7.996414e-01 -6.794176e-01 -4.629817e-01 -2.774961e-02 -3.671450e-01 -5.767957e-01 1.852378e-01 2.601345e-01 -1.678199e-01 
-2.528589e+01 5.316009e+00 5.722226e+00 -9.587660e+00 -3.008805e+00 -3.230082e+00 3.094516e+00 -2.225662e+00 -9.394546e-01 1.666843e+00 -3.015582e+00 -4.048529e+00 1.792090e+01 1.212282e+00 -1.788673e+00 3.227924e+00 1.178134e-01 -1.537488e+00 -1.511000e+00 -2.840638e-02 -6.796043e-01 -2.211779e-01 -1.028199e+00 8.552535e-01 3.453697e-01 -2.684753e-01 1.276441e+00 -9.103654e-02 -3.066793e-01 4.318955e-01 -5.086202e-01 -4.874721e-01 -1.108488e+00 -3.276544e-01 -1.382053e+00 -4.056527e-01 -3.385775e-01 -2.414612e-01 5.829621e-02 
-2.361109e+01 -2.053994e-01 4.725358e+00 -9.051586e+00 -9.041977e+00 -5.971961e+00 4.812008e+00 -4.526831e+00 -6.650842e-01 3.076773e+00 -4.489747e+00 -2.745624e+00 1.754482e+01 3.439335e+00 -1.477102e+00 2.923492e+00 -1.112635e-01 -3.154358e+00 -1.697900e+00 -1.300000e+00 -1.075629e+00 -2.619056e+00 -8.385794e-01 -2.258600e-01 -2.677765e-01 5.580393e-02 1.142668e+00 3.733622e-01 -5.476758e-01 1.657358e-01 -2.199170e-01 -1.211626e-01 -1.306293e+00 -6.404584e-02 -1.847951e+00 -4.435738e-01 -7.968749e-01 -8.269733e-01 2.486355e-01 
-2.121395e+01 1.283535e+00 1.120920e+01 -3.144296e+00 -4.151882e+00 -3.210973e+00 -3.688959e+00 -4.675327e+00 -4.930573e+00 2.644818e+00 3.676141e+00 -3.399643e+00 1.688233e+01 4.678886e+00 -9.651884e-01 2.070325e+00 4.803461e-01 -2.275959e+00 -1.777282e+00 -3.487862e+00 -2.138707e+00 -5.081571e+00 -1.719345e+00 -1.995094e+00 -1.688255e+00 4.812846e-01 5.924491e-01 1.144631e-01 -1.099442e+00 -2.765422e-01 -2.258919e-01 -2.183428e-01 -6.028657e-01 3.160793e-01 -1.071361e+00 -4.506134e-01 -1.050992e+00 -8.738253e-01 2.949276e-01 
-1.359160e+01 6.579059e-01 1.483065e+01 -5.777255e+00 -1.285487e+01 -8.498973e+00 -4.974402e+00 -1.128289e+01 -1.295166e+01 -3.615721e+00 -6.000150e+00 -6.773610e+00 1.871424e+01 4.775705e+00 -7.440629e-01 1.045450e+00 -4.587109e-01 -2.395261e+00 -1.656989e+00 -3.585677e+00 -4.829169e-01 -5.792784e+00 -2.467454e+00 -2.848298e+00 -2.696696e+00 8.202815e-01 -5.523651e-01 -7.732588e-02 -1.350501e+00 -1.108949e-01 3.349290e-01 -1.875755e-01 2.299724e-01 8.832795e-01 3.844567e-01 -1.441898e-01 -7.572684e-02 -3.900867e-01 9.451833e-02 
-6.901135e+00 5.814059e-02 1.102129e+01 -8.823208e+00 -1.248228e+01 -1.085358e+01 -9.451614e+00 -9.541194e+00 -2.020426e+01 -3.583308e+00 -1.223600e+01 -1.047577e+01 1.974252e+01 3.506372e+00 -1.582677e+00 -1.330365e+00 -1.091197e+00 -3.046643e+00 -2.623068e+00 -1.899931e+00 6.044743e-01 -3.991088e+00 -2.466835e+00 -3.088524e+00 -2.809223e+00 8.239960e-01 -1.304407e+00 -1.699330e-01 -9.487985e-01 8.874421e-02 3.471879e-01 -1.018908e-01 9.840346e-01 8.441228e-01 1.653878e+00 1.872711e-01 1.020817e+00 2.623130e-01 -1.255855e-01 
-6.888779e+00 -3.313031e+00 1.004680e+01 -8.505940e+00 -1.685274e+01 -1.043574e+01 -1.023478e+01 -4.508530e+00 -2.199192e+01 -6.146365e+00 -1.077524e+01 -1.269059e+01 2.021628e+01 1.263681e+00 -1.554745e+00 -2.128780e+00 1.198816e-01 -1.094405e+00 -2.212807e+00 -9.441202e-01 1.969285e+00 -1.241985e+00 -1.185623e+00 -5.762528e-02 -1.657762e+00 3.570255e-01 -1.343608e+00 2.971353e-02 -1.831168e-01 3.733434e-01 5.694971e-01 1.410598e-01 1.063721e+00 1.440695e-01 1.940229e+00 5.190641e-01 1.422903e+00 6.842265e-01 -2.456578e-01 
-7.033452e+00 -4.644555e+00 6.949427e+00 -7.235501e+00 -1.738607e+01 -1.535813e+01 -1.055850e+01 -5.040293e+00 -2.036573e+01 -8.423944e+00 -9.378988e+00 -1.448717e+01 2.025128e+01 -8.729240e-02 -1.409434e+00 -1.086550e+00 6.347266e-01 -1.190534e+00 -2.008825e+00 1.114481e-01 8.558663e-01 9.122492e-01 -1.424002e+00 1.713614e+00 -8.961696e-01 8.502901e-02 -8.791338e-01 3.056908e-01 6.734978e-01 3.041666e-01 5.862888e-01 6.073510e-01 7.706568e-01 -2.515658e-01 1.234069e+00 6.438517e-01 1.181085e+00 6.896573e-01 -2.104996e-01 
-7.207471e+00 -4.764508e+00 6.222991e+00 -5.971445e+00 -1.587462e+01 -1.731103e+01 -9.141602e+00 -3.687095e+00 -1.908007e+01 -7.123094e+00 -7.716748e+00 -1.305670e+01 2.024487e+01 -1.454754e-01 -6.818818e-01 8.108554e-03 5.450667e-01 -4.757443e-01 -1.258929e+00 7.273350e-01 1.118208e-01 1.456724e+00 -3.935529e-01 1.865139e+00 -2.320447e-01 -3.852929e-02 -3.052422e-01 2.741803e-01 8.034372e-01 1.512786e-03 2.515887e-02 7.345740e-01 3.835624e-01 -4.264996e-01 2.434099e-01 4.194465e-01 3.452606e-01 2.678972e-01 -8.330160e-02 
-7.178124e+00 -6.263698e+00 7.500549e+00 -6.916866e+00 -1.892441e+01 -1.746008e+01 -9.441339e+00 -5.672448e+00 -1.709938e+01 -1.021534e+01 -5.197477e+00 -1.477350e+01 2.015314e+01 -1.846857e-01 -4.906830e-01 9.687002e-01 2.170841e-01 -4.243059e-01 -6.331635e-02 1.117762e+00 2.753113e-01 8.296469e-01 3.564135e-01 1.855400e+00 -7.387077e-02 -3.074996e-02 2.321180e-02 1.002713e-01 4.077804e-01 -6.162028e-02 -6.266255e-02 5.870165e-01 -7.247215e-02 5.660259e-02 -6.101823e-01 3.410143e-01 -1.475177e-01 -1.066824e-02 -1.702857e-03 
-7.543667e+00 -5.913203e+00 9.811809e+00 -5.939991e+00 -1.846275e+01 -1.567915e+01 -7.156915e+00 -3.633239e+00 -1.634122e+01 -7.218460e+00 -3.540672e+00 -1.370756e+01 2.007285e+01 -2.138922e-01 -6.433095e-01 8.607864e-01 3.363063e-01 -1.351851e+00 4.871910e-01 4.705189e-01 1.269386e-01 1.611220e-02 2.144396e-02 1.597797e+00 -7.294836e-01 -1.665045e-03 1.078330e-01 -1.242308e-01 -5.706974e-02 -1.892847e-02 -7.368530e-02 6.237858e-02 -5.356558e-01 4.483604e-01 -8.710819e-01 -2.336464e-01 -2.612926e-01 -1.502118e-01 3.620171e-02 
-7.788221e+00 -6.523671e+00 9.998313e+00 -6.166090e+00 -1.821400e+01 -1.649063e+01 -5.962249e+00 -3.690232e+00 -1.758682e+01 -6.594525e+00 -2.189716e+00 -1.453101e+01 2.018334e+01 6.299459e-02 -9.276137e-01 5.260459e-01 4.310757e-01 -1.065757e+00 5.324480e-02 -1.224752e-01 1.131104e+00 -1.418364e+00 7.345401e-02 1.109706e+00 -7.008607e-01 5.811671e-02 2.286460e-01 -3.042097e-02 -3.958729e-01 1.421378e-01 4.430446e-01 -3.370650e-01 -8.319986e-01 7.613598e-01 -3.509487e-01 -5.641775e-01 -3.119275e-01 6.146606e-02 3.036262e-02 
-7.971507e+00 -7.850735e+00 9.277939e+00 -4.664994e+00 -2.298921e+01 -1.535983e+01 -8.528425e+00 -4.043172e+00 -1.875532e+01 -8.826603e+00 -1.231581e+00 -1.682561e+01 2.022131e+01 2.697398e-01 -1.084563e+00 -5.593089e-02 3.433623e-01 -5.234903e-01 -1.005280e+00 -1.330940e+00 1.925646e+00 -1.774628e+00 -1.420287e+00 9.314461e-01 -6.696188e-01 9.806466e-02 3.214926e-01 2.548571e-01 -5.366198e-01 1.505299e-01 1.265372e+00 -2.875572e-01 -8.215255e-01 7.462946e-01 5.692798e-01 -3.041092e-01 -4.197984e-01 3.563852e-01 1.037118e-02 
-6.649374e+00 -9.933192e+00 1.039790e+01 -5.398904e+00 -2.199000e+01 -1.735349e+01 -9.368116e+00 1.879250e-01 -2.298439e+01 -9.043516e+00 -8.032474e-01 -1.671897e+01 2.036932e+01 7.166913e-01 -4.220178e-01 -5.523588e-01 9.241445e-01 1.376800e+00 -1.002409e+00 -2.141624e+00 3.182606e+00 -2.946152e-02 -1.743647e+00 6.290627e-01 2.034715e-01 7.115236e-02 2.839367e-01 4.905843e-01 -7.188580e-01 3.388773e-02 1.432413e+00 1.850614e-01 -7.496710e-01 -1.865966e-02 1.329304e+00 2.165587e-01 -5.607152e-01 2.614539e-01 -2.421797e-02 
-6.764700e+00 -9.631748e+00 9.332491e+00 -4.606646e+00 -1.919160e+01 -2.027415e+01 -1.210814e+01 4.055625e+00 -2.251577e+01 -1.309504e+01 4.230491e-01 -1.596187e+01 2.047020e+01 1.066709e+00 3.783567e-01 -1.283191e+00 8.425139e-01 3.753787e+00 -4.227611e-01 -2.627507e+00 2.832715e+00 2.168156e+00 -5.906029e-01 -2.609965e-01 6.002628e-01 4.360930e-02 2.276429e-01 4.285255e-01 -7.452765e-01 -2.317716e-01 8.936380e-01 7.384380e-01 -3.541071e-01 -9.388422e-01 1.050357e+00 1.060120e+00 -5.675212e-01 5.563640e-02 -5.267114e-02 
-4.808788e+00 -7.743714e+00 7.209601e+00 -1.574368e+00 -1.322852e+01 -1.904567e+01 -1.488028e+01 8.173259e+00 -1.585440e+01 -1.317856e+01 1.284336e-01 -1.394531e+01 2.041484e+01 1.084302e+00 7.938399e-01 -2.454477e+00 3.510266e-01 3.957630e+00 6.872972e-01 -3.222444e+00 5.842133e-01 3.256666e+00 7.412260e-01 -1.097683e+00 -2.850449e-02 -3.579601e-02 8.696863e-02 1.072469e-01 -4.922715e-01 -6.305493e-01 -1.518747e-01 7.949494e-01 1.338477e-01 -1.570880e+00 -3.859116e-02 1.370529e+00 -9.056883e-02 -1.127792e-01 -6.546269e-02 
-3.558733e+00 -7.053873e+00 4.455859e+00 -2.364802e+00 -8.601399e+00 -1.662737e+01 -1.890960e+01 6.127775e+00 -1.147965e+01 -9.712329e+00 -3.002174e+00 -1.521109e+01 2.041690e+01 1.224125e+00 4.501809e-01 -2.831259e+00 -5.287843e-01 2.654483e+00 1.842143e+00 -2.560910e+00 -1.469315e+00 1.833802e+00 2.638045e+00 -1.042877e+00 -2.754467e-01 -1.118373e-01 1.092374e-01 -3.154348e-02 1.647294e-03 -4.991632e-01 -9.344897e-01 4.557363e-01 6.400164e-01 -1.441523e+00 -6.758006e-01 1.205164e+00 7.261090e-01 2.908476e-01 -6.885234e-02 
-2.831251e+00 -7.253200e+00 5.635054e-01 -4.764824e+00 -7.496794e+00 -1.573988e+01 -2.207996e+01 2.072886e+00 -1.221838e+01 -7.028974e+00 -4.578893e+00 -1.723674e+01 2.021696e+01 1.072804e+00 7.809159e-02 -2.239749e+00 -1.542903e+00 1.166972e+00 1.839989e+00 -1.505619e+00 -2.520704e+00 -5.509673e-02 3.494818e+00 5.672876e-01 7.747487e-02 -1.784172e-01 1.606762e-01 7.301037e-02 5.930827e-01 -2.039131e-02 -9.918183e-01 -8.643468e-02 9.074900e-01 -5.186704e-01 -2.278567e-01 9.151436e-01 9.878527e-01 8.134301e-01 -6.063803e-02 
-1.632682e+00 -7.625545e+00 -1.500636e+00 -5.655088e+00 -8.785325e+00 -1.271604e+01 -2.131306e+01 -2.408318e-01 -1.516422e+01 -2.979943e+00 -2.437947e+00 -1.569371e+01 2.001017e+01 1.618643e+00 5.783672e-01 -1.382305e+00 -7.062793e-01 4.766291e-01 1.279721e+00 -2.857774e-01 -2.822592e+00 4.448995e-01 4.058569e+00 2.537123e+00 2.001566e+00 -2.293684e-01 1.466542e-02 4.123293e-01 6.880735e-01 4.164587e-01 -7.662641e-01 -8.488068e-01 6.297711e-01 4.191200e-01 1.065813e+00 6.085871e-01 6.026992e-01 6.992303e-01 -8.107483e-02 
-4.078552e-01 -7.066804e+00 -1.010594e+00 -7.643482e+00 -7.301274e+00 -1.180180e+01 -2.120644e+01 -1.245796e+00 -1.428770e+01 9.294655e-01 2.682493e+00 -1.331657e+01 1.972605e+01 1.690395e+00 1.094936e+00 -2.134630e-01 3.376445e-01 8.740376e-02 5.362845e-01 1.773517e-01 -1.332475e+00 2.812104e+00 4.606688e+00 2.051611e+00 2.900192e+00 -2.801794e-01 -4.300274e-01 8.974143e-01 3.821486e-01 3.370034e-01 -8.005170e-01 -1.193478e+00 5.235831e-01 1.233529e+00 2.090253e+00 1.553271e-01 -8.810883e-02 4.795750e-01 -1.835805e-01 
3.322743e+00 -4.254819e+00 -1.668490e+00 -4.456673e+00 -6.315772e+00 -1.219798e+01 -2.077525e+01 -6.325518e+00 -8.220590e+00 6.600976e+00 6.052634e+00 -7.163415e+00 1.951559e+01 9.886336e-01 2.003712e+00 -4.039926e-01 6.131937e-01 -6.370621e-01 -1.750151e+00 -2.534500e-01 3.217953e-02 5.729259e+00 5.124930e+00 1.228292e+00 1.809344e+00 -4.662527e-01 -1.120960e+00 8.160322e-01 2.765319e-03 -2.788519e-01 -9.804350e-01 -6.739597e-01 9.326254e-01 1.667876e+00 1.718108e+00 -5.883514e-01 -4.318933e-01 -1.379785e-02 -3.481882e-01 
3.143061e+00 -3.463753e+00 -4.198408e-01 -3.675811e+00 -8.295209e+00 -1.331732e+01 -2.146207e+01 -1.546971e+00 -1.629630e+00 1.121410e+01 1.433729e+00 -7.001095e+00 1.906333e+01 -7.622615e-01 3.852521e+00 -8.180491e-01 -5.175921e-01 -2.278760e+00 -2.612445e+00 1.096118e+00 2.219586e+00 7.754004e+00 3.738150e+00 7.810659e-01 2.571404e+00 -9.778668e-01 -1.237199e+00 -5.406823e-01 4.380099e-02 -4.833030e-01 -4.903863e-01 3.624201e-01 1.472627e+00 1.165386e+00 -4.464607e-01 -1.727976e+00 -5.033153e-01 -2.504205e-01 -1.895680e-01 
1.535186e+00 5.910176e-01 -3.816092e+00 -4.573369e+00 -1.147359e+01 -2.070940e+01 -2.245249e+01 7.132407e-02 7.152651e+00 1.750207e+01 4.328064e+00 -9.804770e+00 1.801012e+01 -2.759802e+00 3.279589e+00 -1.066141e+00 -1.672830e+00 -3.242593e+00 -5.156367e-01 3.917904e+00 3.740718e+00 6.564705e+00 1.550942e+00 1.012985e+00 2.096976e+00 -1.621449e+00 -7.216075e-01 -2.346241e+00 5.257942e-01 -2.265747e-01 3.457457e-01 1.391313e+00 1.587922e+00 5.640506e-01 -2.798444e+00 -2.499017e+00 -8.844507e-01 -4.068393e-01 2.012053e-01 
-3.324992e+00 9.772555e+00 -4.026842e+00 -1.017342e+01 -1.611599e+01 -2.060834e+01 -1.488713e+01 6.653786e+00 1.679568e+01 1.416922e+01 7.449975e+00 8.613577e-01 1.558961e+01 -2.621474e+00 -2.246386e+00 3.364940e-01 -9.359645e-01 -1.061810e+00 1.731323e+00 5.454777e+00 2.640235e+00 1.620357e-01 -2.246101e+00 -3.572397e-01 1.504314e+00 -6.504338e-01 2.882299e-01 -3.174894e+00 8.059631e-01 3.946701e-01 9.849105e-01 1.373008e+00 7.475250e-01 -2.745767e-01 -3.974944e+00 -2.305825e+00 -1.263987e+00 -9.740340e-01 6.444067e-01 
-7.241966e+00 5.525146e+00 -5.195761e+00 -9.572161e+00 -1.861822e+01 -1.113087e+01 -4.473413e+00 8.277833e+00 1.539044e+01 1.287834e+01 8.109508e+00 -6.093965e-01 1.314508e+01 -1.689855e+00 -6.677874e+00 1.647714e+00 -3.106564e-01 4.831225e-01 3.034598e+00 5.506806e+00 2.642106e+00 -4.467202e+00 -4.378049e+00 -2.624780e+00 3.086090e-01 3.760183e-01 1.078911e+00 -1.718196e+00 5.272435e-01 4.341668e-01 1.143041e+00 4.709026e-01 -5.713553e-01 -5.041139e-01 -2.966330e+00 -1.305930e+00 -1.145374e+00 -9.505619e-01 7.962477e-01 
-5.575913e+00 -1.716204e+01 1.952499e+00 -5.856116e+00 -1.003170e+01 -9.450583e+00 -3.177693e+00 7.551038e+00 -4.937857e+00 2.295141e+00 -2.242986e+00 -4.076964e+00 1.824368e+01 1.438299e-01 -7.043146e+00 1.854742e+00 7.745085e-01 7.828400e-01 2.477487e+00 4.039305e+00 1.396055e+00 -6.604785e+00 -4.826636e+00 -3.720025e+00 -1.404552e+00 1.245482e+00 9.034492e-01 9.897808e-01 -3.681293e-01 1.733455e-02 2.444291e-01 -2.197435e-01 -1.255111e+00 -4.683897e-01 -1.738073e-01 1.023970e-01 -1.107818e-01 -6.793296e-01 3.520566e-01 
-5.788546e+00 -1.933100e+01 1.432617e+00 -8.285312e+00 -1.210020e+01 -1.111516e+01 -7.729466e-01 1.283311e+01 -4.316274e+00 1.549037e+00 -3.949437e+00 -5.792581e+00 1.856303e+01 1.252067e+00 -2.912755e+00 8.110459e-01 -3.572504e-01 1.550214e+00 1.465903e+00 1.768890e+00 1.842264e+00 -4.883281e+00 -3.688452e+00 -3.032669e+00 -1.201293e+00 1.411862e+00 2.357078e-01 2.079578e+00 -8.096665e-01 -2.529828e-01 -2.931101e-01 -5.619029e-01 -1.396179e+00 -8.349753e-01 1.367897e+00 8.166550e-01 7.183191e-01 -3.124602e-01 -5.067754e-03 
-3.332715e+00 -1.301496e+01 1.932450e+00 -6.943761e+00 -1.546092e+01 -8.228479e+00 3.459339e+00 1.135652e+01 -6.375266e+00 -4.298870e+00 -5.120652e+00 -3.569862e+00 1.910817e+01 4.247412e-01 8.199427e-01 -1.085939e+00 -8.258665e-01 -3.731222e-01 1.416953e+00 1.048251e+00 6.984541e-01 -4.990022e-01 -2.078926e+00 -7.072673e-01 -1.137406e+00 5.919474e-01 -5.211487e-01 1.360530e+00 -6.537226e-01 -3.618103e-01 -4.779214e-01 -6.809149e-01 -1.072424e+00 -9.213616e-01 1.665909e+00 1.081372e+00 9.598087e-01 -5.371564e-02 -1.955803e-01 
-2.103254e+00 -1.111221e+01 -1.130890e+00 -1.081434e+01 -8.152390e+00 -4.412695e+00 1.052451e+00 1.558605e+01 -8.308000e+00 -2.266252e+00 -5.614577e+00 -6.869581e+00 1.977225e+01 -6.518747e-01 -2.115329e-01 -9.303626e-01 -7.752579e-01 -4.044436e-01 7.553391e-01 2.140290e-02 -1.183791e+00 -6.806398e-01 -1.668728e+00 -5.397009e-01 -1.387341e+00 6.773800e-01 -6.458135e-01 1.161468e-01 -9.189417e-02 1.304736e-01 -7.554988e-01 -6.290404e-01 -4.967232e-01 -9.637601e-01 9.501246e-01 9.090337e-01 6.667821e-01 9.217913e-02 -1.814032e-01 
-5.294806e+00 -1.717229e+01 -2.195366e+00 -8.721099e+00 -1.387094e+01 -5.716754e+00 1.150508e+00 9.666587e+00 -5.437429e+00 -6.191866e+00 -4.946709e+00 -9.225789e+00 2.059877e+01 -1.510017e+00 -1.590990e+00 -5.431929e-01 -8.255015e-01 -6.294227e-01 -5.717641e-01 -4.490798e-01 -1.697641e+00 -3.765229e-01 -4.296194e-01 -1.675221e-01 -1.580125e+00 6.347688e-01 -7.886332e-02 -1.644006e-01 3.004499e-01 3.613328e-01 -4.045737e-01 -4.096121e-01 -2.408156e-01 -2.734325e-01 1.666142e-02 8.227649e-01 1.601458e-01 3.310108e-01 -8.246037e-02 
-8.066754e+00 -1.831029e+01 -1.155136e+00 -1.127292e+01 -1.491705e+01 -8.594091e+00 4.885176e-01 7.759142e+00 -8.188417e+00 -5.848422e+00 -6.734696e+00 -9.901530e+00 2.120475e+01 -1.009482e+00 -1.126460e+00 8.009183e-02 2.949435e-01 -2.099108e+00 -6.848801e-01 3.388990e-02 -1.778529e+00 -1.940089e-01 3.227939e-02 3.145702e-02 -5.189280e-01 4.834572e-01 4.890499e-01 3.564443e-01 2.024778e-01 3.917829e-01 -3.369950e-01 9.393137e-03 -2.520666e-02 3.231987e-01 1.048619e-01 6.691546e-01 1.466978e-01 3.809925e-01 -1.512181e-01 
-7.900973e+00 -1.737073e+01 -7.714022e-01 -1.084169e+01 -1.522587e+01 -8.996222e+00 1.495634e+00 6.782413e+00 -8.318318e+00 -4.656027e+00 -5.398598e+00 -9.954847e+00 2.156573e+01 2.093720e-01 4.555012e-01 -8.880610e-02 4.456744e-01 -1.548565e+00 8.898830e-02 -1.620173e-01 -3.714815e-01 -6.589485e-01 1.184395e+00 -1.920603e-01 8.336780e-02 2.765689e-01 6.602584e-01 5.859978e-01 1.283568e-01 1.951465e-01 -1.055688e-01 2.074727e-01 4.928886e-02 3.521849e-01 1.897306e-01 2.652385e-01 9.011792e-02 2.204008e-01 -1.659395e-01 
-5.847754e+00 -1.664477e+01 -1.442353e+00 -8.279386e+00 -1.797052e+01 -6.197443e+00 1.049454e+00 8.135612e+00 -7.838170e+00 -2.873357e+00 -5.231540e+00 -9.099803e+00 2.170619e+01 9.337853e-01 5.476092e-01 -1.450239e-01 5.481081e-01 -1.629797e+00 4.718314e-01 -2.481777e-01 -2.307457e-01 -1.521973e-02 8.701676e-01 2.059934e-01 -3.141717e-01 1.003774e-01 3.528695e-01 4.047123e-01 1.630156e-01 -1.469269e-01 2.878505e-01 -5.272106e-02 4.027290e-02 1.307206e-01 3.079175e-01 -5.522096e-03 1.639178e-01 -5.012580e-02 -1.409254e-01 
-5.357617e+00 -1.572706e+01 -2.495638e+00 -7.989469e+00 -2.008751e+01 -6.470484e+00 5.946566e-02 7.621103e+00 -8.907123e+00 -1.757006e+00 -6.658234e+00 -9.209597e+00 2.173090e+01 8.197189e-01 5.017214e-01 2.112260e-01 2.365224e-02 -1.392085e+00 -1.126969e-01 -6.156632e-02 -7.104633e-01 4.828046e-01 4.777702e-01 1.957771e-01 -5.805700e-01 -3.417148e-03 5.236311e-03 1.996135e-01 3.291873e-01 -5.996496e-02 2.890867e-01 -3.116590e-01 1.191853e-01 -2.373905e-01 3.812174e-01 -1.589332e-01 2.601037e-01 1.384699e-02 -1.108393e-01 
-4.669778e+00 -1.639416e+01 -1.018055e+00 -9.958261e+00 -2.063507e+01 -7.497680e+00 -3.473737e-02 6.186337e+00 -7.969893e+00 -2.946908e+00 -5.074630e+00 -1.184503e+01 2.162430e+01 4.495783e-01 8.741433e-01 7.452955e-01 -2.286608e-01 -7.381563e-01 -8.478073e-01 1.849827e-01 -9.553095e-01 7.748708e-01 3.579614e-01 6.570382e-01 -4.375493e-01 -8.114044e-02 -1.168606e-01 3.236510e-01 2.697249e-01 2.384928e-01 2.742008e-01 -3.198701e-01 -4.624764e-03 -2.287455e-01 -5.506513e-02 1.040572e-01 9.278292e-02 3.442656e-01 -9.297567e-02 
-4.391245e+00 -1.498727e+01 7.299798e-02 -9.883959e+00 -2.085378e+01 -8.909596e+00 1.729857e+00 4.204644e+00 -5.838058e+00 -2.230100e+00 -4.498082e+00 -1.148524e+01 2.158953e+01 4.776349e-01 1.290458e+00 1.111933e+00 5.341178e-01 -5.489548e-01 -8.096235e-01 2.171714e-01 -1.196259e+00 8.522146e-01 6.458742e-01 8.829425e-01 2.144155e-01 -1.868974e-01 -5.815940e-02 3.586893e-01 3.055177e-03 5.673621e-01 1.789622e-02 -1.050659e-02 -3.852532e-01 -2.015393e-01 -5.401217e-01 1.994245e-01 -4.706788e-02 4.544154e-01 -7.632438e-02 
-4.083365e+00 -1.264440e+01 9.999264e-01 -8.475399e+00 -2.127802e+01 -9.216609e+00 1.139375e+00 5.067386e+00 -5.498738e+00 -8.469718e-01 -3.026453e+00 -1.014955e+01 2.137106e+01 5.205247e-01 1.771613e+00 7.533615e-01 1.485219e+00 -6.802245e-01 -7.790477e-01 -4.107863e-01 -1.131580e+00 -4.755581e-01 1.306216e+00 3.262975e-01 1.009588e+00 -2.727504e-01 -8.165060e-03 2.174935e-01 -1.758703e-01 4.832489e-01 -2.087397e-01 2.825797e-01 -7.936580e-01 -2.480061e-01 -8.872783e-01 1.399196e-01 -2.455486e-01 3.651604e-01 -3.354566e-02 
-3.262695e+00 -1.115011e+01 2.055077e+00 -6.060334e+00 -2.251069e+01 -9.658655e+00 5.587417e-01 2.199422e+00 -5.882370e+00 4.227134e-01 -3.267799e+00 -8.984876e+00 2.092292e+01 4.935030e-01 1.846597e+00 2.224696e-01 2.003592e+00 -1.331607e+00 -1.996872e-01 -1.689872e+00 -1.630000e+00 -1.592552e+00 1.000812e+00 1.257907e-01 9.678699e-01 -2.892202e-01 -9.178320e-02 8.800390e-02 -1.489135e-01 1.045660e-01 -1.694905e-01 2.747068e-01 -8.556314e-01 -3.244761e-01 -7.859356e-01 -1.375715e-02 -2.595296e-01 2.416637e-01 3.130282e-02 
-2.631490e+00 -9.454718e+00 1.757136e+00 -4.444365e+00 -2.320844e+01 -1.101834e+01 -1.503020e+00 1.530666e+00 -1.032511e+01 2.257742e+00 -4.058514e+00 -8.046895e+00 2.059373e+01 4.009391e-01 1.683828e+00 3.107072e-01 1.452737e+00 -1.390558e+00 2.602413e-01 -2.829797e+00 -1.978333e+00 -2.439391e+00 8.802290e-01 -1.921558e-01 1.011459e+00 -1.977604e-01 -2.750690e-01 -9.833287e-02 3.571794e-01 -4.140106e-01 1.159678e-01 1.808592e-01 -6.430277e-01 -3.099830e-01 -1.877824e-01 -1.864940e-01 -1.090594e-02 1.105886e-01 7.831240e-02 
-2.649509e+00 -7.349073e+00 8.064278e-01 -1.882063e+00 -2.654703e+01 -9.006838e+00 -5.397887e+00 -2.177035e+00 -1.138738e+01 1.221175e+00 -3.352958e+00 -7.697373e+00 2.053220e+01 7.863272e-02 1.774440e+00 5.887410e-01 1.073172e+00 -1.041057e+00 4.448836e-02 -2.851580e+00 -2.395242e+00 -2.095397e+00 7.902949e-01 -1.553962e-01 1.421813e+00 -6.782445e-02 -5.709825e-01 -1.445963e-01 8.706843e-01 -7.381834e-01 5.629556e-01 4.369905e-03 -1.677772e-01 -6.264739e-02 3.728879e-01 -2.270716e-01 2.262787e-01 8.033573e-02 7.324031e-02 
-2.384877e+00 -6.125908e+00 3.177369e+00 -3.300651e+00 -2.621238e+01 -8.241643e+00 -1.003096e+01 -2.636118e+00 -1.494327e+01 3.154687e+00 -3.944726e+00 -5.736104e+00 2.057772e+01 -6.473902e-01 1.315895e+00 2.356059e+00 -1.195360e-01 -2.457996e-01 3.290021e-03 -3.044990e+00 -2.298768e+00 -1.162670e+00 4.790086e-01 4.123244e-01 1.335571e+00 8.076647e-03 -7.392219e-01 -1.677682e-01 9.227346e-01 -6.320891e-01 7.429766e-01 6.406908e-02 3.348399e-01 1.781409e-01 7.605814e-01 -3.759003e-01 4.166825e-01 -8.461280e-02 8.812444e-03 
-2.992914e+00 -3.942673e+00 4.288471e+00 -1.265761e+00 -2.621396e+01 -1.082513e+01 -9.434916e+00 -7.693357e+00 -1.405035e+01 3.925723e+00 -4.102000e+00 -3.031560e+00 2.059167e+01 -1.837153e+00 1.307416e+00 3.553132e+00 -9.011711e-01 9.106719e-01 -4.939217e-02 -2.421194e+00 -1.782893e+00 -3.664441e-01 6.586921e-02 9.550295e-01 1.207422e+00 -2.591415e-02 -4.396571e-01 -1.101994e-01 4.319629e-01 -2.423194e-01 6.525283e-01 4.303303e-01 6.282684e-01 2.843598e-01 7.537327e-01 -5.212755e-01 4.453004e-01 -2.703640e-01 -8.436549e-02 
-5.696903e+00 -4.579004e+00 1.179669e+01 -5.350128e+00 -2.460396e+01 -1.009306e+01 -1.470986e+01 -7.204992e+00 -1.480730e+01 3.301165e+00 -1.622590e+00 -3.702167e+00 2.060448e+01 -2.337228e+00 1.078477e+00 3.442163e+00 -7.203914e-01 1.348407e+00 6.274377e-01 -1.370621e+00 -1.393882e+00 4.990183e-01 -6.370404e-01 1.335992e+00 6.956722e-01 -1.745626e-01 2.272015e-01 2.091549e-01 -3.976120e-01 4.640780e-01 2.406690e-01 7.019713e-01 7.330448e-01 4.328502e-01 3.836237e-01 -3.857292e-01 3.735505e-01 -4.386876e-01 -1.725208e-01 
-1.017970e+01 -1.585975e+00 1.426274e+01 -5.363348e+00 -2.279790e+01 -8.328269e+00 -1.516460e+01 -8.806556e+00 -1.328734e+01 1.477980e+00 2.614273e-01 -2.677299e+00 2.038922e+01 -1.274870e+00 1.342165e+00 2.205370e+00 1.620959e-01 1.424546e+00 1.883915e+00 -5.473109e-01 -1.425988e+00 8.423549e-01 -1.258065e+00 1.609159e+00 3.898006e-01 -3.982711e-01 9.252365e-01 1.321025e-01 -1.038572e+00 1.118391e+00 -1.232877e-01 5.946480e-01 6.743044e-01 4.116827e-01 7.987334e-02 -2.359708e-01 3.382500e-02 -5.100855e-01 -2.203964e-01 
-1.047779e+01 -1.911498e+00 1.540089e+01 -4.854169e+00 -2.117841e+01 -6.352859e+00 -1.401961e+01 -9.049170e+00 -1.282965e+01 1.193126e+00 5.538686e-01 -2.434806e+00 1.980611e+01 2.073023e-01 2.344212e+00 1.041783e+00 1.669161e+00 7.007169e-01 2.546534e+00 -3.168562e-01 -3.130364e-01 1.508614e-01 -7.874981e-01 1.953076e+00 -4.491481e-01 -6.683052e-01 1.123529e+00 9.842721e-02 -1.201514e+00 1.203928e+00 -2.241406e-01 -2.355860e-01 8.095438e-01 6.632773e-01 -1.290129e-01 -3.029367e-02 -5.481692e-01 -4.006414e-01 -1.980792e-01 
-6.976819e+00 1.434256e+00 1.351346e+01 -7.032489e-01 -2.080424e+01 -3.275094e+00 -1.251664e+01 -1.390144e+01 -1.082771e+01 -1.310715e+00 2.855711e+00 -1.716017e+00 1.899950e+01 1.516650e+00 1.335015e+00 -4.395565e-01 3.495937e+00 6.180845e-01 1.964302e+00 4.233457e-01 -2.648776e-01 2.069521e-01 -1.038570e+00 8.156295e-01 -7.706407e-01 -8.810806e-01 7.031910e-01 -1.482044e-01 -1.102796e+00 7.850557e-01 4.676140e-01 -1.106586e+00 7.575883e-01 6.953146e-01 -3.951667e-02 1.089717e-01 -1.124505e+00 -2.907985e-01 -1.569582e-01 
-6.261693e+00 5.632168e+00 1.738017e+01 6.656524e-01 -2.209699e+01 1.135065e-01 -1.761773e+01 -6.223034e+00 -1.528259e+01 7.574316e-01 6.845886e+00 -6.428433e+00 1.795796e+01 1.884491e+00 1.574097e+00 -1.243105e+00 3.632191e+00 6.309441e-01 -5.907125e-01 2.191783e+00 1.341818e+00 1.718954e-01 -8.981743e-01 -1.007932e+00 -7.273322e-01 -9.235516e-01 1.770868e-01 -7.341550e-01 -9.585710e-01 1.338228e-01 1.198051e+00 -1.312297e+00 5.200313e-01 -7.230943e-02 3.778856e-01 5.325228e-02 -9.050327e-01 8.438580e-02 -2.201594e-02 
-4.704788e+00 1.316979e+00 1.107584e+01 9.356785e+00 -1.924852e+01 -1.739608e+00 -1.124875e+01 -1.154380e+01 -1.102621e+01 -3.497292e+00 1.193471e+00 -4.533909e+00 1.690795e+01 1.402469e+00 9.862024e-01 -2.166055e+00 3.105788e+00 3.797585e+00 -2.080312e+00 1.986441e+00 1.223058e+00 6.342057e-01 -6.577826e-01 -2.532929e+00 -9.250731e-01 -1.055450e+00 -1.047031e-01 -3.878604e-01 -3.868873e-01 -6.384409e-01 1.104461e+00 -9.378242e-01 -2.876258e-01 -4.885401e-01 1.948209e-01 3.449990e-01 1.950778e-01 4.864082e-02 1.650575e-01 
-2.191808e+00 6.017445e+00 1.040443e+01 8.276889e+00 -1.880109e+01 -1.007437e+01 -3.694525e+00 -3.518730e+00 -1.187057e+01 -2.203921e+00 -3.654822e+00 -4.662659e+00 1.623402e+01 1.149844e+00 -1.152064e+00 -2.887843e+00 2.533279e+00 5.101369e+00 -1.992604e+00 1.501807e+00 -1.418663e+00 1.826572e+00 -7.116501e-01 -8.978442e-01 5.006802e-02 -6.912227e-01 -9.543447e-02 -1.659240e-01 1.119591e-01 -6.704694e-01 8.011808e-02 -8.430947e-02 -7.463470e-01 -1.200671e+00 -7.681447e-02 7.331091e-01 1.086171e+00 -1.673632e-01 3.594792e-01 
-1.999769e+00 6.173071e+00 6.170770e+00 1.102016e+01 -3.464665e+00 -8.582626e+00 -9.546247e+00 -9.138058e+00 -9.362383e+00 -3.118942e+00 -4.558599e+00 -7.224236e+00 1.458421e+01 1.360499e+00 7.587590e-01 -1.551447e+00 8.532195e-01 3.905301e+00 -2.023754e+00 -6.696835e-01 -1.327176e+00 3.537521e-01 5.929354e-01 1.735956e+00 -9.161869e-01 -1.719695e-01 6.048688e-02 3.404321e-02 6.277002e-01 -6.119173e-01 -1.562014e+00 2.818552e-01 -2.086223e-01 -7.836775e-01 -4.694132e-01 7.699676e-01 1.237624e+00 -4.825020e-01 5.076336e-01 
-1.865394e+00 -2.556301e+00 5.393512e+00 1.249983e+01 -4.482316e+00 -6.427596e+00 -1.096015e+01 -1.451896e+01 -6.981066e+00 -2.989916e+00 5.232929e+00 -4.832878e+00 1.566372e+01 1.428226e+00 8.583486e-01 -9.906135e-01 1.406021e+00 9.776437e-01 -1.040593e+00 -2.119654e-01 -3.386471e+00 -7.196777e-02 2.141937e+00 2.288591e+00 -1.568619e+00 4.321557e-01 -2.509733e-02 2.313882e-02 7.641820e-01 -5.214908e-01 -1.943123e+00 3.904826e-01 3.304229e-01 8.857632e-02 -5.644625e-01 4.240953e-01 3.384136e-01 -8.171856e-01 4.188102e-01 
1.934709e+00 9.397535e+00 5.823871e+00 1.151111e+01 -6.881250e+00 -1.368166e+01 -1.096443e+01 -1.268001e+01 -1.170242e+01 -1.395134e-01 5.429339e+00 -9.029504e+00 1.633308e+01 1.565634e+00 1.512459e-01 2.375178e-02 6.096656e-01 -1.950777e+00 -1.147105e+00 1.800108e+00 -1.711356e+00 -7.632422e-01 1.765329e+00 2.062113e+00 -2.528140e+00 9.209924e-01 -3.552766e-01 -1.047496e+00 5.284857e-01 -3.054140e-01 -1.246578e+00 5.561526e-01 6.552708e-01 3.512314e-01 -8.977153e-02 -3.118130e-01 -4.531723e-01 -4.778690e-01 2.243637e-01 
2.982428e+00 8.697437e+00 5.624777e+00 1.506122e+01 -1.220454e+01 -1.272750e+01 -4.045218e+00 -1.867999e+01 -1.106081e+01 7.016100e+00 2.793744e+00 -1.160332e+01 1.752011e+01 9.218267e-01 -7.327573e-01 1.454756e-01 4.761833e-02 -1.686201e+00 -4.786013e-01 1.919150e+00 -7.837146e-01 -4.372148e-01 8.228012e-01 6.311633e-01 -3.229774e+00 8.563048e-01 -5.676924e-01 -1.149243e+00 3.998714e-01 -4.262907e-01 -7.368530e-02 3.066332e-01 8.243845e-02 8.879834e-01 -5.284392e-02 -7.752339e-01 -7.386959e-01 8.438580e-02 -1.282245e-03 
3.404604e+00 1.302263e+00 6.174034e+00 1.278793e+01 -9.357127e+00 -1.116824e+01 -4.002826e+00 -1.561385e+01 -1.113911e+01 7.038268e-01 6.971270e+00 -1.647964e+01 1.826107e+01 -1.627233e-01 -3.683203e+00 5.229906e-01 5.282292e-03 -9.956027e-01 4.761378e-01 1.541210e+00 -8.723953e-01 8.732113e-02 -3.064051e-01 2.987994e-01 -2.474823e+00 7.377925e-01 -5.787265e-01 -4.884053e-01 1.508002e-01 -1.411910e-01 6.233231e-01 -3.827927e-02 -4.357972e-01 6.833006e-01 -1.534462e-01 -4.051214e-01 -9.645646e-01 7.417253e-01 -1.494861e-01 
2.009362e+00 -2.172808e+00 5.945566e+00 1.209960e+01 -1.167543e+01 -1.007777e+01 -4.845515e+00 -1.697071e+01 -9.448579e+00 7.019569e-01 7.617757e+00 -1.725649e+01 1.898143e+01 -5.460874e-01 -2.970447e+00 7.592277e-01 -4.233092e-01 1.315847e-01 -3.189757e-01 3.298320e-01 6.340865e-01 -7.614893e-01 -6.983380e-01 -5.232784e-01 -1.173325e+00 5.173079e-01 -3.013903e-01 3.203636e-01 -1.657238e-02 7.677202e-02 6.697320e-01 -4.778121e-01 -3.959084e-01 7.946048e-01 -3.750118e-01 -5.904994e-02 -8.448448e-01 1.036706e+00 -1.734115e-01 
1.607780e+00 -3.583706e+00 8.278274e+00 1.301858e+01 -1.212391e+01 -1.262644e+01 -2.858259e+00 -1.789620e+01 -1.207149e+01 1.485459e+00 4.511429e+00 -1.857716e+01 1.929140e+01 -5.940366e-01 -1.172016e+00 4.708058e-01 1.392247e-01 2.569975e-01 -1.418411e+00 4.157148e-01 9.962905e-01 -1.368628e+00 5.003698e-01 -2.183475e+00 1.523058e-01 3.430787e-01 -5.446800e-02 8.887549e-01 -3.189776e-01 -1.819966e-01 3.385345e-01 -2.138026e-01 -4.612969e-01 1.280885e+00 -4.904936e-02 -2.552302e-01 -6.229121e-01 9.337357e-01 -1.539397e-01 
1.150594e+00 -3.712132e+00 8.368262e+00 1.282941e+01 -1.016345e+01 -1.359376e+01 -2.968305e+00 -1.436889e+01 -1.440181e+01 3.133494e+00 1.407275e+00 -1.642119e+01 1.959131e+01 -3.694686e-01 -3.864382e-01 8.864671e-02 3.645303e-01 1.036085e+00 -1.920400e+00 5.022914e-01 2.254809e+00 -1.584445e+00 1.242257e-01 -2.351996e+00 6.402038e-01 1.865809e-01 -7.322459e-03 2.958287e-01 -8.217577e-01 -7.238246e-01 -1.445605e-01 7.728761e-01 -5.788231e-01 1.586765e+00 7.087532e-01 -9.540807e-01 -1.505927e-01 5.696278e-01 -9.225816e-02 
8.638227e-01 -3.788384e+00 7.316375e+00 1.311887e+01 -8.828012e+00 -1.650252e+01 -2.862541e+00 -1.193334e+01 -1.550537e+01 1.990341e+00 -8.409350e-01 -1.613604e+01 1.967160e+01 -5.234351e-01 -5.315830e-01 -7.366555e-01 -1.298497e+00 2.447746e-01 2.077027e-01 -8.514388e-01 4.721662e+00 2.534023e-01 -1.993791e+00 -1.901524e+00 1.287024e+00 1.334571e-01 -8.528313e-02 -4.532066e-01 -1.197166e+00 -1.264729e+00 -3.188126e-01 1.693287e+00 -7.039537e-01 1.611238e+00 1.203620e+00 -1.538504e+00 3.466956e-01 2.360795e-01 -2.335201e-02 
5.338043e-01 -4.002873e+00 6.869230e+00 1.387193e+01 -8.143431e+00 -1.774161e+01 -2.331578e+00 -8.677929e+00 -1.565408e+01 1.070334e+00 -1.466042e+00 -1.527626e+01 1.972445e+01 -6.180688e-01 -1.811617e+00 -2.745954e+00 -3.323449e+00 -5.851144e-01 2.732429e+00 -1.930594e+00 6.705367e+00 1.971400e+00 -4.221710e+00 -1.417252e+00 1.107523e+00 1.608600e-01 -1.401325e-01 -7.224488e-01 -1.244992e+00 -1.090882e+00 -1.451786e-01 1.695750e+00 -3.187718e-01 5.843282e-01 1.111255e+00 -1.109152e+00 3.492786e-01 1.851468e-01 2.821008e-02 
-7.013193e-01 -6.096032e+00 5.344088e+00 6.004504e+00 -1.190995e+01 -9.513854e+00 -7.434385e+00 2.866609e+00 -1.017821e+01 -7.451579e+00 -3.559515e+00 -1.271429e+01 1.989235e+01 -8.961055e-01 -2.725547e+00 -4.097626e+00 -4.340365e+00 -5.262914e-01 4.721576e+00 -1.887583e+00 6.827245e+00 2.871481e+00 -5.019197e+00 -9.174175e-01 1.099011e+00 2.392141e-01 -5.041549e-02 -3.908271e-01 -7.622125e-01 -1.038241e-02 6.151849e-01 4.170960e-01 5.755387e-01 -1.191390e+00 2.225860e-01 2.746690e-01 1.844178e-01 1.811274e-01 2.942243e-02 
-1.157476e+00 -1.161610e+01 -4.375140e+00 -2.309939e-01 -1.154842e+01 -3.426264e+00 -1.033584e+01 1.175808e+01 -7.208697e+00 -1.325398e+01 -4.319790e+00 -1.259462e+01 2.028536e+01 -8.838019e-01 -2.901616e+00 -4.455954e+00 -3.568949e+00 6.956241e-01 4.301411e+00 -5.735336e-01 4.123806e+00 2.663113e+00 -3.908875e+00 -1.097683e+00 1.659963e+00 2.747467e-01 4.949294e-02 3.580479e-01 2.257079e-01 9.888908e-01 1.092717e+00 -9.155095e-01 1.085669e+00 -2.497864e+00 -5.069887e-01 1.459188e+00 4.944598e-02 2.474934e-01 -6.799685e-03 
-2.771014e+00 -1.360893e+01 -7.549450e+00 -1.531518e+00 -9.757125e+00 -5.210175e-02 -8.298484e+00 1.198501e+01 -5.370658e+00 -1.594357e+01 -4.001258e+00 -1.198168e+01 2.058710e+01 -6.425608e-01 -1.940468e+00 -3.692614e+00 -1.227694e+00 2.680329e+00 1.508680e+00 1.347662e+00 5.555758e-02 1.020487e+00 -7.768175e-01 -1.139216e+00 1.916352e+00 2.236554e-01 2.343436e-01 8.016801e-01 8.533756e-01 1.258053e+00 8.831819e-01 -1.469562e+00 7.832245e-01 -2.485786e+00 -8.198090e-01 1.853209e+00 -6.600986e-02 1.100056e-01 -4.940521e-02 
-2.850301e+00 -1.475450e+01 -8.963622e+00 -2.045549e-01 -5.741334e+00 -9.654950e-01 -4.767155e+00 7.382150e+00 -4.743005e+00 -1.422822e+01 -6.733246e+00 -7.343113e+00 2.075089e+01 -4.974482e-01 -4.138710e-01 -1.819949e+00 6.465006e-02 3.275181e+00 -2.388758e-01 1.880024e+00 -2.398203e+00 3.620780e-01 9.531360e-01 -1.059109e+00 1.936276e+00 1.346486e-01 3.610146e-01 8.351149e-01 9.789672e-01 8.739040e-01 1.558866e-01 -9.502375e-01 4.828709e-02 -1.368740e+00 -5.641848e-01 1.309629e+00 1.300519e-01 -2.694742e-01 -7.120281e-02 
-3.067567e+00 -1.422921e+01 -1.082494e+01 -1.471185e-01 -1.411447e+00 -3.200357e+00 -3.479999e+00 5.331961e+00 -6.309102e+00 -1.084863e+01 -8.048689e+00 -5.758221e+00 2.077789e+01 8.242726e-02 3.885429e-02 -1.148757e+00 1.330203e-01 2.599861e+00 -3.561547e-01 8.018408e-01 -2.340537e+00 -7.700717e-02 1.815946e+00 -1.266777e+00 1.510862e+00 6.218159e-02 3.832433e-01 4.699782e-01 7.567285e-01 2.525437e-01 -6.352273e-01 9.248236e-03 -4.825163e-01 -2.811240e-01 -1.110370e-02 2.949245e-01 3.181596e-01 -5.295075e-01 -6.744204e-02 
-3.496437e+00 -1.337571e+01 -1.183719e+01 -5.993163e-01 6.544188e-01 -3.046214e+00 -3.345118e+00 3.093536e+00 -4.928144e+00 -1.103624e+01 -7.591726e+00 -6.024805e+00 2.086321e+01 5.587002e-01 2.842537e-01 -8.329591e-01 1.201249e-01 1.515327e+00 4.827410e-01 -5.906892e-02 -1.521838e+00 3.907807e-01 1.342902e+00 -3.835920e-01 5.154231e-01 -6.137836e-04 2.643964e-01 6.563387e-02 3.872418e-01 -1.388552e-02 -9.206340e-01 5.529648e-01 -4.864778e-01 1.344710e-01 2.530351e-01 -2.896979e-01 4.692444e-01 -6.017645e-01 -5.348762e-02 
-2.035809e+00 -1.410390e+01 -1.185678e+01 -6.686047e-01 4.414504e-02 -7.926680e-01 -5.000093e+00 2.426349e+00 -5.662632e+00 -8.460096e+00 -9.905890e+00 -5.086429e+00 2.084194e+01 7.456678e-01 6.046806e-02 -4.025261e-01 7.228776e-03 3.841929e-01 1.194166e+00 -9.528124e-02 -1.788347e+00 9.508116e-01 5.030013e-01 1.137603e-01 -2.074078e-02 -4.595821e-02 -2.108495e-02 -4.765953e-02 2.310081e-01 -1.942891e-02 -7.342775e-01 5.655229e-01 -1.299831e-01 -3.652173e-02 3.081951e-01 -5.081924e-01 5.980662e-01 -5.537159e-01 -3.468379e-02 
-5.720922e-01 -1.339622e+01 -1.261212e+01 6.565355e-01 1.107118e+00 2.438700e-01 -4.302563e+00 1.225830e+00 -3.111958e+00 -8.708174e+00 -7.722908e+00 -5.101832e+00 2.071589e+01 4.929281e-01 -9.648115e-02 -2.567263e-01 5.808068e-02 -2.202078e-01 1.750846e+00 -1.037446e-01 -2.001867e+00 1.113606e+00 1.609114e-01 5.967907e-01 -3.067822e-01 -7.868750e-02 -2.169295e-01 -7.492050e-02 1.418974e-01 -2.439487e-02 -3.753171e-01 3.431000e-01 7.269394e-02 -1.679128e-01 6.895239e-02 -3.022497e-01 4.015945e-01 -3.837661e-01 -1.224290e-02 
-8.017150e-01 -1.391661e+01 -1.244986e+01 -7.388048e-01 2.828791e-01 1.125416e+00 -3.477858e+00 -2.676379e+00 -2.463667e+00 -9.497910e+00 -7.414522e+00 -6.323380e+00 2.062164e+01 9.870960e-03 -9.028521e-03 -2.819021e-01 6.696151e-02 -2.037831e-01 1.837405e+00 1.741606e-01 -2.283183e+00 1.102651e+00 -1.341218e-01 1.233352e+00 -8.465941e-01 -7.209959e-02 -1.432220e-01 -5.324840e-03 8.529216e-02 2.391732e-02 4.648325e-02 9.441437e-03 1.556135e-01 4.694054e-02 -9.291824e-02 -4.636531e-02 2.826127e-01 -2.413998e-01 5.645483e-03 
-1.649157e+00 -1.395140e+01 -1.282427e+01 -2.738433e-01 -5.661287e-01 4.749264e+00 -4.624566e+00 -4.364217e+00 -9.600930e-01 -9.712952e+00 -5.853386e+00 -6.940275e+00 2.057978e+01 -1.580089e-01 -5.574751e-02 -1.837654e-01 -3.170091e-02 -6.742057e-02 1.876594e+00 1.694433e-01 -2.113926e+00 6.598409e-01 1.500760e-01 1.064640e+00 -9.905502e-01 -4.876158e-02 1.207529e-01 -1.767246e-02 1.081496e-01 5.477851e-03 2.565335e-01 -3.962812e-01 2.250090e-01 2.319814e-01 -1.186472e-01 -1.641362e-02 1.064769e-01 -1.233033e-01 1.524533e-02 
-1.448366e+00 -1.387158e+01 -1.316045e+01 1.314025e-01 -1.381993e-01 6.142072e+00 -3.968142e+00 -6.194799e+00 -1.225965e+00 -8.627767e+00 -4.673836e+00 -8.400366e+00 2.054935e+01 3.549446e-01 1.341655e-02 -1.254539e-02 1.717067e-01 5.401631e-01 1.178519e+00 5.461347e-01 -1.497836e+00 7.128642e-01 2.766957e-01 1.292931e+00 -8.857868e-01 -3.278239e-02 3.106993e-01 -5.463513e-02 1.176735e-01 -3.915118e-03 2.375785e-01 -6.677772e-01 1.645384e-01 4.247138e-01 -8.208985e-02 -9.026345e-02 -8.806783e-02 4.787376e-02 1.445359e-02 
-1.039061e+00 -1.369767e+01 -1.317583e+01 6.257001e-02 9.806359e-01 7.118736e+00 -3.209808e+00 -7.584599e+00 -4.319907e-01 -8.392156e+00 -3.769696e+00 -9.016471e+00 2.050818e+01 9.241264e-01 -1.962370e-01 1.492642e-01 3.301969e-02 6.905311e-01 9.889313e-02 8.354170e-01 -1.234755e+00 7.150552e-01 -1.265370e-01 1.099490e+00 -9.037462e-01 -2.219969e-02 2.473437e-01 -2.897774e-02 5.680322e-02 3.242489e-02 3.278208e-02 -7.008146e-01 -3.235568e-02 5.506382e-01 -8.995663e-02 -1.878223e-01 -1.765047e-01 1.340299e-01 7.699059e-03 
6.686948e-01 -1.397592e+01 -1.233703e+01 -4.820022e-02 2.210670e+00 5.833362e+00 -1.454634e+00 -8.555053e+00 8.366688e-01 -8.774869e+00 -1.991856e+00 -9.714329e+00 2.049354e+01 1.022440e+00 -2.121979e-01 1.398538e-01 1.501471e-02 6.052250e-01 -6.126754e-01 6.637900e-01 -5.993397e-01 6.646612e-01 -4.469561e-01 7.757191e-01 -6.507240e-01 -1.308876e-02 -9.368776e-03 1.431910e-02 2.434052e-03 2.641955e-02 -1.972534e-01 -4.150217e-01 -2.956855e-01 6.019996e-01 -2.234143e-01 -1.117809e-01 -3.297215e-01 1.849934e-01 -3.915372e-04 
1.913086e+00 -1.488025e+01 -1.248996e+01 -1.857032e-02 1.712121e+00 5.398109e+00 -1.703844e+00 -9.358710e+00 1.583296e+00 -1.027206e+01 -1.697241e+00 -1.080199e+01 2.049674e+01 7.450929e-01 -8.800191e-02 2.399620e-02 2.086899e-01 6.410372e-02 -7.319639e-01 -5.116048e-02 1.900593e-01 2.341211e-01 -4.272975e-01 4.407773e-01 -4.379234e-01 -2.016725e-02 -2.228277e-01 5.312590e-02 -2.574905e-04 5.702369e-02 -2.866715e-01 -3.750646e-02 -4.328374e-01 6.320028e-01 -3.524295e-01 1.172732e-01 -3.996674e-01 2.440263e-01 -5.364656e-03 
2.187500e+00 -1.434113e+01 -1.280422e+01 2.476429e-01 2.522130e+00 3.938633e+00 -1.401966e+00 -8.304596e+00 1.089187e+00 -9.923008e+00 -1.831684e+00 -1.076092e+01 2.048965e+01 3.977195e-01 3.087382e-02 6.224877e-02 2.159892e-01 -1.327371e-01 -4.810416e-01 -4.888994e-01 7.999148e-01 -1.635534e-01 -1.318000e-01 -2.630803e-02 -1.936939e-01 -3.579601e-02 -2.741863e-01 -5.565377e-03 5.961898e-02 -6.186368e-03 -2.591147e-01 1.829845e-01 -3.616659e-01 4.458813e-01 -2.919941e-01 1.600423e-01 -3.471055e-01 1.979107e-01 -4.102820e-03 
1.926472e+00 -1.395496e+01 -1.282194e+01 9.583046e-01 1.145589e+00 4.406582e+00 -3.492417e+00 -6.759503e+00 6.120736e-01 -9.954797e+00 -1.645783e+00 -1.068272e+01 2.040912e+01 1.224425e-01 -5.192354e-02 1.867835e-01 2.175707e-01 -3.738862e-01 -1.546130e-01 -7.522365e-01 1.225707e+00 -6.330941e-01 3.023911e-01 -4.978809e-01 8.785766e-02 -3.768829e-02 -2.322970e-01 -8.863117e-02 9.460904e-02 -9.607399e-02 -1.154584e-01 1.257003e-01 -9.401028e-02 1.794758e-01 -1.376201e-01 5.212328e-02 -2.406696e-01 9.414280e-02 3.344487e-03 
2.650350e+00 -1.428450e+01 -1.185911e+01 5.434860e-01 1.830171e+00 3.923771e+00 -3.005130e+00 -5.855454e+00 5.052391e-01 -9.593276e+00 -2.148767e+00 -1.074236e+01 2.035811e+01 -3.727339e-02 -2.582519e-01 3.565369e-01 -2.026531e-02 -4.714153e-01 1.362549e-02 -7.939986e-01 1.112246e+00 -3.616238e-01 -1.152670e-02 -4.905290e-01 7.597825e-02 -2.486289e-02 -1.856329e-01 -9.713017e-02 6.276602e-02 -5.611539e-02 -1.328167e-01 3.774542e-02 4.851476e-02 3.619787e-02 -1.369511e-02 -8.262610e-02 -1.338648e-01 7.732885e-02 1.131137e-02 
2.294074e+00 -1.516832e+01 -1.202836e+01 9.213812e-01 1.885449e-01 4.632489e+00 -4.663532e+00 -4.454674e+00 -1.289702e+00 -8.925087e+00 -4.028074e+00 -1.037190e+01 2.037412e+01 -1.989440e-01 -3.864382e-01 3.499374e-01 -1.534778e-01 -3.438380e-01 -3.506999e-01 -3.687467e-01 9.311436e-01 -3.550507e-01 -2.266873e-01 -5.304394e-01 -1.021195e-01 -8.953794e-03 -1.175427e-01 -1.903551e-02 6.636854e-02 -6.731766e-02 -6.518645e-02 -1.095222e-01 1.509689e-01 -5.628609e-03 7.145125e-02 -1.645118e-01 -9.249582e-02 1.471006e-01 1.032170e-02 
1.817839e+00 -1.502518e+01 -1.141802e+01 1.642233e-01 6.438786e-01 3.893621e+00 -4.786424e+00 -3.895722e+00 2.320827e-01 -1.049458e+01 -3.093132e+00 -1.053659e+01 2.038305e+01 -3.696986e-01 -2.875136e-01 2.944529e-01 1.209764e-01 -8.118761e-01 -1.943759e-01 -4.381189e-01 1.127987e+00 -3.710453e-01 -2.805549e-01 -6.793873e-01 2.878434e-01 6.394628e-03 -7.043730e-02 1.119775e-01 -4.116894e-02 9.598141e-02 -1.455907e-01 -1.287457e-01 1.183202e-01 1.030694e-01 -3.979432e-02 -4.350960e-02 -2.104117e-01 2.854782e-01 -2.430859e-04 
1.347781e+00 -1.551658e+01 -1.129307e+01 3.802937e-01 1.990274e-02 2.667696e+00 -4.445580e+00 -3.083698e+00 -1.026258e+00 -1.063732e+01 -3.825866e+00 -1.129606e+01 2.035216e+01 -2.990970e-01 -1.323933e-01 5.496330e-01 -1.896095e-01 -5.297291e-01 -5.983205e-01 -1.753368e-01 1.189705e+00 -2.713528e-01 -3.856585e-01 -8.659540e-01 7.173732e-01 -1.665045e-03 -7.844069e-03 1.779651e-01 -8.232884e-02 2.093900e-01 -2.571059e-01 -6.127022e-02 7.205644e-02 1.002725e-01 -2.757767e-02 4.707599e-02 -2.660896e-01 3.473953e-01 -1.345525e-02 
1.274673e+00 -1.554824e+01 -1.075453e+01 1.418708e+00 -2.145041e+00 3.934386e+00 -5.304541e+00 -9.006989e-01 -1.482125e+00 -1.013992e+01 -5.646829e+00 -8.841118e+00 2.040135e+01 -3.394572e-01 1.745223e-01 5.088299e-02 4.776697e-01 -1.106246e+00 -5.064496e-01 -2.990969e-01 1.498451e+00 -6.022004e-01 -1.492914e-01 -1.374764e+00 1.093586e+00 -2.969869e-02 2.092474e-02 1.443700e-01 -6.820859e-02 1.963014e-01 -2.095638e-01 -1.131931e-01 1.045685e-01 2.844281e-02 -6.661278e-03 3.386005e-02 -1.859347e-01 1.515496e-01 -2.520765e-02 
1.069762e+00 -1.556920e+01 -9.611726e+00 -6.535618e-01 -1.065204e+00 1.620966e+00 -5.281418e+00 -3.969810e-03 -1.789274e+00 -1.103126e+01 -7.080770e+00 -7.632603e+00 2.035697e+01 -2.533325e-01 2.722830e-01 6.004895e-02 7.151408e-01 -1.481975e+00 -5.009949e-01 -7.793817e-02 1.247371e+00 -3.771802e-01 -5.703549e-02 -1.513209e+00 1.232023e+00 -5.815285e-02 1.209749e-02 1.122181e-01 -6.237001e-02 3.296892e-01 -3.234999e-01 5.252532e-02 1.219630e-01 -3.505971e-02 7.774468e-02 -3.746613e-02 5.932697e-02 -8.473554e-02 -2.325304e-02 
2.593895e-01 -1.412620e+01 -1.200412e+01 3.069321e+00 -4.345294e+00 1.885090e+00 -5.863764e+00 2.056154e+00 -2.397502e+00 -1.104434e+01 -8.339318e+00 -6.899991e+00 2.023206e+01 -2.880583e-01 2.320481e-01 1.981493e-01 6.500552e-01 -1.383555e+00 -8.089057e-01 3.610982e-02 1.241292e+00 -3.515450e-01 -2.754468e-01 -1.285300e+00 7.883691e-01 -9.144280e-02 1.306047e-02 8.191027e-02 1.069073e-01 1.372489e-01 -2.410353e-01 1.073945e-01 1.730990e-01 -1.366383e-01 1.479904e-01 -1.666369e-01 3.105746e-01 -2.582752e-01 -9.397583e-03 
5.888932e-01 -1.486598e+01 -1.036847e+01 3.130860e+00 -6.290475e+00 1.187837e+00 -4.555626e+00 1.674456e+00 -2.454562e+00 -1.047027e+01 -1.004541e+01 -6.106163e+00 2.014605e+01 -2.642562e-01 3.996380e-01 1.641741e-01 1.372687e+00 -2.008454e+00 -1.844710e-01 2.669807e-01 1.142949e+00 -7.770183e-03 -5.099564e-01 -6.140794e-01 4.462980e-01 -8.702751e-02 -1.651082e-02 1.720318e-01 8.740398e-02 1.956730e-02 -1.700571e-01 5.213891e-02 3.415790e-01 -2.809333e-01 1.273517e-01 -2.370998e-01 5.165583e-01 -3.645589e-01 3.839325e-03 
7.507349e-02 -1.473979e+01 -9.385590e+00 2.777124e+00 -6.450158e+00 1.067123e-01 -5.486524e+00 4.466604e+00 -2.907394e+00 -1.179731e+01 -1.059079e+01 -5.662251e+00 2.004951e+01 -2.686257e-01 5.205088e-01 5.333787e-01 8.350928e-01 -2.048179e+00 -1.277695e-01 3.940707e-01 8.673995e-01 -4.698987e-02 -7.559206e-01 -2.714992e-01 1.950530e-01 -6.228781e-02 -3.047393e-02 2.719353e-01 1.131186e-01 -1.948926e-01 -1.336923e-01 3.634471e-02 5.584174e-01 -5.730194e-01 -4.810270e-03 1.772201e-02 4.796174e-01 -2.895098e-01 5.348580e-03 
-1.591830e-01 -1.326423e+01 -1.010037e+01 6.355960e+00 -1.005488e+01 1.587845e+00 -4.135139e+00 4.505297e+00 -1.573177e+00 -1.320474e+01 -9.025305e+00 -6.019671e+00 2.001291e+01 -3.455514e-01 9.880313e-01 3.294057e-01 7.203720e-01 -1.999924e+00 -5.808076e-01 1.451026e+00 2.953001e-02 1.070405e-01 -1.002194e+00 5.626090e-01 -2.940609e-01 -5.345721e-02 -3.211901e-02 2.922207e-01 1.980471e-01 -5.400072e-01 1.129803e-01 -1.111161e-01 6.329585e-01 -6.929687e-01 -3.470616e-01 4.505936e-01 3.465726e-01 -3.098522e-01 -8.407908e-03 
-7.095569e-01 -1.232512e+01 -9.471381e+00 5.632535e+00 -1.270362e+01 1.046008e+00 -4.103452e+00 4.977975e+00 -3.073716e+00 -1.345718e+01 -1.020703e+01 -5.967934e+00 1.998729e+01 -3.997099e-01 1.297441e+00 6.812560e-01 1.632634e-03 -2.056200e+00 -4.289337e-01 2.236320e+00 -1.067212e+00 -4.330518e-01 5.905837e-02 5.244173e-01 -2.889163e-01 -8.149086e-02 -5.356389e-03 2.651201e-01 2.198693e-01 -5.166788e-01 2.240319e-01 9.430508e-02 3.955837e-01 -6.148459e-01 -4.024068e-01 7.666470e-01 2.716657e-01 -3.485121e-01 -2.139740e-02 
-7.471409e-01 -1.113272e+01 -8.678737e+00 5.305238e+00 -1.316317e+01 -2.186325e+00 2.008184e+00 1.566744e+00 -1.836014e+00 -1.465145e+01 -7.424669e+00 -7.424076e+00 1.990974e+01 -3.593498e-01 1.472346e+00 1.080403e+00 -9.107819e-01 -1.439449e+00 -5.894206e-01 2.510618e+00 -1.354763e+00 -1.550265e+00 1.335472e+00 7.209139e-01 -8.609990e-01 -1.194765e-01 4.283237e-02 8.142920e-02 3.455437e-01 -5.367736e-01 3.334352e-01 5.030706e-01 -4.373454e-01 -1.726167e-01 -2.982876e-01 7.761438e-01 7.847394e-02 -3.268503e-01 -1.912114e-02 
-1.630108e+00 -9.318265e+00 -6.690130e+00 3.310918e+00 -1.517686e+01 -1.506174e-01 2.623501e+00 6.004727e-01 -4.940892e+00 -1.077881e+01 -8.769464e+00 -6.405132e+00 1.969333e+01 -2.884033e-01 1.603857e+00 1.257122e+00 -9.328015e-01 -1.208359e+00 3.479493e-01 1.842147e+00 -1.514668e+00 -1.230373e+00 1.908511e+00 1.007639e+00 -1.263964e+00 -1.362266e-01 8.267538e-02 -1.049076e-01 2.686069e-01 -3.361336e-01 4.462896e-01 5.540274e-01 -1.075748e+00 2.220651e-01 1.160605e-01 3.207587e-01 2.332902e-02 -3.724750e-01 1.983684e-03 
-1.495732e+00 -7.405259e+00 -6.088652e+00 2.963109e+00 -1.601586e+01 -7.603956e-01 5.054795e+00 -7.926368e-02 -8.390553e+00 -7.866704e+00 -6.139304e+00 -1.010650e+01 1.956248e+01 -1.871004e-01 1.242242e+00 1.769193e+00 -1.496309e+00 -7.567453e-01 1.546146e+00 -5.385700e-01 -6.099377e-01 -9.854140e-01 1.954020e+00 7.132756e-01 -1.440752e+00 -1.217191e-01 4.740649e-02 -1.925436e-01 1.181704e-01 -1.225591e-01 4.182177e-01 4.076775e-01 -1.279336e+00 2.656714e-01 5.187473e-01 -7.366052e-02 -2.696566e-01 -1.680075e-01 1.883291e-02 
-1.776840e+00 -6.169609e+00 -4.480515e+00 2.139854e+00 -1.731914e+01 2.073205e+00 3.583944e+00 -1.771807e+00 -5.947928e+00 -7.306970e+00 -5.811350e+00 -1.094693e+01 1.947990e+01 -7.245917e-02 8.881091e-01 1.679856e+00 -1.386211e+00 -1.660956e-01 1.273548e+00 -1.617864e+00 -3.290893e-01 -1.352890e-01 1.353737e+00 6.449123e-01 -1.861396e+00 -7.041757e-02 3.051435e-02 -1.671267e-01 -7.061028e-02 6.318301e-02 3.995717e-01 -8.976740e-02 -8.117355e-01 6.321346e-02 5.328149e-01 -2.252785e-01 -4.905233e-01 6.769458e-02 2.548847e-02 
-1.608999e+00 -6.495578e+00 -9.373914e-01 -1.590778e+00 -1.587567e+01 4.432485e+00 -1.165174e+00 -2.967793e-01 -6.259933e+00 -6.616965e+00 -5.337356e+00 -1.235687e+01 1.940807e+01 -2.302203e-01 8.676592e-01 1.459873e+00 -1.296672e+00 1.305661e-01 9.861646e-01 -2.156192e+00 -6.191331e-01 4.959508e-01 1.244454e+00 -4.460356e-01 -1.402308e+00 -5.815285e-02 7.561357e-02 -3.715603e-02 -3.381082e-01 3.701098e-01 2.530825e-01 -4.389786e-01 -1.679138e-01 -2.727968e-01 5.311490e-01 -4.597118e-01 -4.020044e-01 2.131905e-01 2.007000e-02 
-1.935413e+00 -5.333059e+00 -8.665196e-01 -1.343255e+00 -1.607752e+01 3.620580e+00 -2.355986e+00 -9.367772e-01 -6.682415e+00 -4.634835e+00 -5.945793e+00 -1.458709e+01 1.941836e+01 -1.141992e-01 9.556106e-01 1.058649e+00 -7.166201e-01 3.459961e-01 1.792801e-01 -1.407943e+00 -1.194077e+00 6.929257e-01 1.137029e+00 -8.651902e-01 -9.446226e-01 -4.049165e-02 2.463406e-01 6.301164e-03 -4.255626e-01 7.118753e-01 1.032452e-01 -5.895790e-01 1.022007e-01 -9.404903e-02 5.904950e-02 -6.018993e-01 -1.768737e-01 3.951677e-01 1.608656e-02 
-2.567648e+00 -3.485157e+00 -5.960878e-01 -1.779042e+00 -1.598424e+01 3.396797e+00 -2.756349e+00 -3.592978e+00 -5.543657e+00 -2.979943e+00 -8.302355e+00 -1.529798e+01 1.930238e+01 2.117868e-01 1.022613e+00 3.892899e-01 1.939430e-02 2.526686e-01 -1.016437e-01 -1.483004e+00 -1.541475e+00 1.256243e+00 -2.362844e-01 -5.417060e-01 -8.332180e-01 -3.635668e-02 4.898925e-01 -1.178164e-01 -2.296598e-01 1.110384e+00 2.086825e-01 -1.069587e+00 1.633544e-01 1.745177e-01 -5.473406e-01 -8.089711e-01 1.991778e-01 5.109631e-01 2.677505e-02 
-1.868998e+00 -2.896986e+00 6.423036e-01 -1.349636e+00 -1.553470e+01 3.487244e+00 -2.660005e+00 -6.094408e+00 -2.841230e+00 -3.440570e+00 -8.654590e+00 -1.419966e+01 1.933006e+01 9.382697e-01 8.420552e-01 8.730237e-02 1.515024e+00 2.889555e-01 -1.130454e+00 -1.443323e+00 -3.382847e-01 -2.203015e-01 -9.153562e-01 -1.915829e-01 -1.701221e-01 -8.240360e-04 5.385226e-01 -2.434575e-01 4.454634e-02 1.136599e+00 3.301902e-01 -1.333549e+00 1.323450e-01 3.279026e-01 -9.682598e-01 -7.942941e-01 3.284096e-01 5.197076e-01 3.459349e-02 
-5.834188e-01 -2.600447e+00 2.548401e-01 -1.490948e+00 -1.488385e+01 3.991288e+00 -8.428227e+00 -5.425128e+00 -1.899144e+00 -8.395895e+00 -6.691573e+00 -1.671660e+01 1.927058e+01 1.693039e+00 3.351292e-01 7.973580e-01 3.139244e+00 1.202495e+00 -3.707000e+00 -1.321783e+00 -1.744825e-01 -1.784269e+00 -1.774141e+00 2.129634e-01 7.652650e-01 5.587402e-02 2.418468e-01 -2.060939e-01 3.945711e-01 5.084636e-01 4.133244e-01 -1.158267e+00 4.630213e-01 1.982914e-01 -1.124022e+00 -1.967878e-01 1.467388e-01 4.649395e-01 3.419762e-02 
1.763779e+00 -1.565016e+00 -8.557956e-01 6.087924e+00 -1.518266e+01 -2.328578e+00 -6.736855e+00 -1.712722e+00 -9.606402e+00 -6.503522e+00 -7.709138e+00 -1.472848e+01 1.943003e+01 1.837807e+00 8.208182e-02 1.077469e+00 3.406520e+00 1.521948e+00 -4.685712e+00 -8.268811e-01 -2.379149e-01 -2.628259e+00 -2.065614e+00 3.994347e-01 8.546880e-01 8.629052e-02 -2.080220e-01 -1.027427e-01 5.031024e-01 -4.450767e-01 1.069023e-01 -1.365704e-01 5.949367e-01 -3.618529e-01 -3.220730e-01 1.253754e-01 2.414902e-02 2.954738e-03 1.249899e-02 
4.081116e+00 -2.475143e+00 4.139733e+00 1.019873e+01 -1.014816e+01 -1.223025e+01 -7.326908e+00 -6.655974e+00 -1.108205e+01 -1.031881e+01 -7.710225e+00 -1.120759e+01 1.953183e+01 9.712707e-01 3.722051e-01 1.866963e+00 1.615998e+00 1.702873e+00 -4.115252e+00 5.237968e-01 -6.002747e-01 -3.160025e+00 -6.450896e-01 -1.035509e-01 9.790945e-01 9.112633e-02 -5.686955e-01 1.170288e-01 2.590416e-01 -9.641922e-01 -4.893562e-01 1.135273e+00 4.169853e-01 -5.723202e-01 2.900553e-01 4.292090e-01 1.816303e-02 -5.250279e-01 -1.152539e-02 
4.987766e+00 -2.549166e+00 4.087046e+00 9.838157e+00 -1.029309e+01 -1.183067e+01 -7.344893e+00 -6.668523e+00 -1.139102e+01 -1.280645e+01 -6.148001e+00 -1.268072e+01 1.963111e+01 2.591611e-01 3.100240e-01 2.068003e+00 5.138964e-02 5.732670e-01 -1.609043e+00 6.085697e-01 -1.934694e+00 -1.142512e+00 -8.531299e-01 8.740796e-02 -2.622577e-01 4.395972e-02 -6.552828e-01 2.205403e-01 2.373022e-01 -5.443187e-01 -7.426733e-01 1.323934e+00 4.068272e-02 -7.059997e-01 3.224479e-01 2.816422e-01 -1.888047e-01 -5.467510e-01 -2.246130e-02 
2.661162e+00 -2.473161e-01 7.118214e+00 4.714008e+00 -8.814310e+00 -1.183449e+01 -5.505364e+00 -5.948525e+00 -1.680680e+01 -8.469446e+00 -7.989621e+00 -1.284501e+01 1.962562e+01 -3.611896e-01 8.064756e-01 1.597362e+00 -4.085164e-03 -7.699869e-01 4.310637e-01 4.554445e-02 -2.187645e+00 -1.077000e+00 -2.344269e-01 4.597777e-01 -1.301379e+00 1.943027e-02 -4.880064e-01 1.680229e-01 1.115451e-01 3.551349e-01 -4.283705e-01 8.785572e-01 -5.661188e-01 -3.129706e-01 2.085184e-01 -4.736583e-01 -3.965924e-01 -2.338826e-01 -2.481178e-02 
3.769633e+00 -1.128904e+00 7.994786e+00 9.086925e+00 -1.298293e+01 -1.057162e+01 -4.604441e+00 -1.173988e+01 -1.245694e+01 -1.169384e+01 -7.132227e+00 -1.522097e+01 1.960297e+01 -7.722653e-01 9.675813e-01 2.398833e+00 1.494951e+00 -9.551141e-01 -3.393596e-01 -3.844248e-01 -2.974238e+00 -2.057492e+00 -8.627269e-01 -8.261392e-01 -7.388375e-01 9.758666e-03 -3.102175e-01 9.137143e-02 -4.336358e-02 6.921269e-01 3.051057e-01 2.780878e-01 -5.908899e-01 6.617517e-01 -1.675139e-01 -7.658035e-01 -7.105290e-01 3.745798e-01 -3.505492e-02 
2.884092e+00 8.474228e-01 1.017270e+01 1.055429e+01 -1.265303e+01 -1.070411e+01 -8.469335e+00 -1.505856e+01 -1.593331e+01 -1.204725e+01 -4.918806e+00 -1.644449e+01 1.964278e+01 -9.530236e-01 8.836201e-01 2.259144e+00 2.669898e+00 3.253698e-01 -3.574466e-01 -1.810441e+00 -1.645274e+00 -1.660037e+00 -3.008606e+00 -1.629789e+00 4.791663e-02 -1.589212e-02 -1.225983e-01 -2.523574e-01 -2.618755e-01 4.374004e-01 7.235066e-01 2.385781e-01 -1.996063e-01 1.176383e+00 3.473440e-01 -6.563569e-01 -7.398030e-01 5.613742e-01 -7.209352e-02 
1.014674e+00 1.741051e+00 1.455416e+01 1.439296e+01 -1.314894e+01 -1.409229e+01 -7.785078e+00 -1.698483e+01 -2.211514e+01 -1.533148e+01 -1.181419e+01 -1.457564e+01 1.967137e+01 -9.960285e-01 7.283335e-01 1.520246e+00 2.175004e+00 1.551232e+00 1.756914e-01 -1.417933e+00 1.102894e+00 -1.688301e+00 -3.295126e+00 -2.420455e+00 9.359732e-01 -1.136595e-01 4.897133e-02 -6.132445e-01 -6.265174e-01 -1.576287e-01 5.541992e-01 5.130205e-01 2.079334e-01 1.240139e+00 9.707634e-01 3.351036e-01 3.308700e-02 2.511446e-01 -1.233340e-01 
-7.265470e-01 2.735457e+00 1.513465e+01 1.541086e+01 -7.104701e+00 -1.186125e+01 -1.296710e+01 -1.155269e+01 -2.027771e+01 -2.169424e+01 -1.379750e+01 -1.292835e+01 1.951216e+01 -8.624145e-01 -3.357289e-01 7.273301e-01 1.843007e+00 1.594522e+00 1.366424e+00 -4.357603e-01 1.655552e+00 4.749168e-01 -2.300124e+00 -2.442033e+00 6.680783e-01 -2.793383e-01 7.007648e-02 -6.956689e-01 -5.538457e-01 -6.004071e-01 -9.712151e-02 1.217880e-01 6.594145e-01 6.256462e-01 9.937159e-01 1.455270e+00 6.964251e-01 -2.174459e-02 -1.663601e-01 
5.950714e-01 1.568479e+00 1.311527e+01 1.753327e+01 -8.001139e+00 -9.114271e+00 -9.445192e+00 -7.978846e+00 -1.872679e+01 -2.334602e+01 -1.479513e+01 -1.229881e+01 1.909993e+01 -5.726492e-01 -1.488907e+00 3.230666e-02 1.120253e+00 1.181233e+00 1.363696e+00 -3.201374e-02 1.575910e+00 1.728632e+00 4.585761e-01 -2.545038e-01 2.067454e-01 -4.751534e-01 -1.984324e-01 -4.331618e-01 -2.591839e-01 -8.149825e-01 -2.481434e-01 -4.977601e-01 5.410686e-01 -1.406430e-01 6.355458e-01 1.664600e+00 9.122078e-01 -1.712906e-01 -1.934030e-01 
-1.217713e+00 -7.454112e-01 1.452945e+01 1.819880e+01 -7.254371e+00 -6.361352e+00 -9.817722e+00 -1.128341e+01 -1.525285e+01 -1.954008e+01 -1.563875e+01 -1.424231e+01 1.853169e+01 -8.143502e-01 -1.486246e+00 2.339576e-01 1.953078e-01 2.463370e-02 -3.425176e-01 7.936549e-01 1.246280e+00 1.600018e+00 2.390688e+00 7.693220e-01 3.037450e-01 -6.669736e-01 -4.099655e-01 -1.324091e-01 -3.048987e-01 -7.946953e-01 -9.382498e-02 -5.870191e-01 5.188929e-01 -2.740046e-01 -1.856537e-01 8.777538e-01 5.765412e-01 1.083112e-03 -2.164377e-01 
-1.602821e+00 -3.962740e+00 1.501855e+01 1.860040e+01 -7.167942e+00 -1.002342e+01 -9.520126e+00 -9.240018e+00 -1.598491e+01 -1.411540e+01 -1.216606e+01 -1.288451e+01 1.778593e+01 -2.012277e+00 -8.622736e-01 4.709280e-01 -1.075990e+00 1.095290e+00 -1.458605e+00 6.726696e-01 6.043184e-01 9.269292e-01 2.682470e+00 5.349200e-01 2.617461e-01 -8.868976e-01 -5.333062e-01 -4.693791e-02 -6.004301e-01 -5.258793e-01 1.164313e-01 1.113551e-01 6.659715e-01 -1.309174e-01 -1.688096e-01 -6.569111e-02 4.067199e-02 2.975977e-01 -2.627297e-01 
-3.699802e+00 -1.930226e+00 1.535286e+01 1.585394e+01 -7.398243e+00 -1.311944e+01 -8.961759e+00 -4.690491e+00 -1.364912e+01 -1.435537e+01 -1.126554e+01 -1.111676e+01 1.683406e+01 -2.192345e+00 -1.311341e+00 -1.016523e+00 -1.032315e+00 1.168246e+00 -1.574840e-01 1.806351e+00 7.712377e-01 -5.224838e-02 9.766643e-01 4.596989e-02 6.460032e-01 -1.155600e+00 -2.899951e-01 -2.987010e-01 -9.451960e-01 -4.441267e-02 2.073947e-01 8.381782e-01 4.554625e-01 -7.866604e-02 -7.031480e-03 -5.828392e-01 -1.558817e-01 2.798020e-01 -2.480578e-01 
-8.225842e+00 -2.150512e+00 1.505819e+01 1.332582e+01 -2.452286e+00 -1.302815e+01 -6.509911e+00 -8.253355e+00 -1.489410e+01 -1.252658e+01 -1.430737e+01 -1.255315e+01 1.551412e+01 -2.550297e+00 -1.811118e+00 -2.344608e+00 -8.952100e-01 1.191546e+00 1.827931e+00 2.791437e+00 1.158846e+00 1.710885e+00 8.370421e-01 3.104479e-01 1.523677e+00 -1.544497e+00 2.390381e-01 -1.893364e-01 -8.658162e-01 9.509601e-02 -1.741262e-01 9.143478e-01 2.979607e-03 1.293269e-02 1.318867e-01 -4.642279e-01 8.560793e-02 2.168110e-01 -1.053219e-01 
-8.867860e+00 -8.207919e+00 9.427142e+00 1.567433e+01 -3.771383e+00 -5.646264e+00 -2.291328e+00 -7.920807e+00 -1.605957e+01 -1.545178e+01 -1.433817e+01 -1.117837e+01 1.388923e+01 -1.995374e+00 -2.505419e+00 -3.084361e+00 -1.171029e-01 1.013549e+00 2.205032e+00 2.011554e+00 5.757972e-01 1.172545e+00 3.994456e-01 1.020163e-01 1.071885e+00 -1.578558e+00 5.953380e-01 4.642855e-01 -9.408736e-03 -6.978139e-02 -1.811313e-01 7.807618e-02 -5.436244e-01 -4.478532e-02 1.156903e-01 3.436043e-01 4.880224e-01 -1.022552e-01 1.288353e-01 
-1.177007e+01 -9.879235e+00 6.258427e+00 1.421426e+01 -3.023561e+00 -4.620767e+00 1.101694e+00 -1.830892e+00 -6.225334e+00 -9.382597e+00 -9.077488e+00 -5.235716e+00 1.153575e+01 -9.155381e-01 -1.211752e+00 -2.824170e+00 -1.058228e+00 3.019424e-01 1.931860e+00 5.848444e-01 7.667180e-01 9.738176e-01 6.498988e-01 9.349788e-01 1.132872e+00 -1.202066e+00 8.369238e-01 8.667056e-01 6.340770e-01 -1.279485e-01 -1.289535e-01 -6.137292e-01 -6.744925e-01 6.670959e-02 -2.080509e-01 5.352021e-01 5.605103e-01 -3.253775e-01 3.620028e-01 
-1.190393e+01 -1.059316e+01 4.330901e+00 1.482464e+01 -2.044909e+00 -6.298506e+00 -2.710104e+00 -5.022516e+00 -1.212066e+01 -1.393028e+01 -1.337025e+01 -9.416150e+00 1.093091e+01 -3.301890e-02 7.103775e-01 -8.236709e-01 -1.299714e+00 7.073377e-01 1.808591e-01 1.913649e-01 7.434958e-01 8.945017e-01 2.788348e+00 2.173824e+00 3.300294e-01 -6.826724e-01 6.957681e-01 9.488092e-01 8.028989e-01 -8.410181e-02 -1.182399e-02 -6.549293e-01 -2.465531e-01 4.097757e-01 1.765885e-01 6.575989e-01 4.937624e-01 5.836714e-02 4.049548e-01 
-1.128559e+01 -7.016861e+00 3.485102e+00 8.459682e+00 -1.806175e+00 -3.042817e+00 -3.375947e+00 -5.869049e+00 -1.199440e+01 -1.003770e+01 -1.011643e+01 -7.769648e+00 1.098306e+01 6.532189e-01 9.147107e-01 -3.045115e-01 -9.435071e-01 6.999530e-01 -2.286839e-01 3.288607e-01 1.408524e+00 8.092701e-01 2.318709e+00 2.077008e+00 2.676391e-01 -1.824821e-01 3.273908e-01 5.639484e-01 7.470804e-01 1.790553e-01 -9.191918e-02 -1.090392e-01 -3.153604e-02 4.923481e-01 3.748314e-01 1.818689e-02 -5.584187e-02 2.261691e-01 3.087831e-01 
-9.275105e+00 -6.087559e+00 6.695314e+00 1.205311e+01 -8.433342e-01 -5.531188e+00 9.042956e-01 -2.184878e+00 -8.701951e+00 -1.182937e+00 -2.949266e+00 -8.260952e+00 1.075202e+01 6.992133e-01 1.175406e+00 -3.296873e-01 -5.948431e-01 7.554657e-01 1.046743e-02 9.065929e-01 2.303747e+00 2.137919e+00 2.852896e+00 1.999861e+00 1.796342e+00 -6.354932e-02 8.927708e-03 2.490040e-01 3.400777e-01 2.116227e-01 -2.765760e-01 5.771633e-01 -2.501048e-01 1.249361e-01 2.737664e-01 -7.187840e-01 -5.716212e-01 1.899946e-01 1.852963e-01 
-9.818272e+00 -7.558210e+00 3.554109e+00 1.088204e+01 -1.250241e-01 -6.147760e+00 9.389794e-01 3.793142e+00 -3.888329e+00 -4.163611e+00 -3.902690e+00 -4.474668e+00 1.071267e+01 3.552895e-01 1.375250e+00 6.642684e-01 -5.154023e-01 -1.817563e-01 1.471788e+00 6.954724e-02 2.448379e+00 2.226218e+00 7.085649e-01 7.428742e-01 1.530599e+00 3.232575e-02 -1.191878e-01 3.436156e-01 2.745283e-01 2.948121e-01 -2.451560e-01 5.792402e-01 -3.023336e-01 -2.960621e-01 5.830910e-02 -4.832216e-01 -5.438642e-01 -2.870552e-01 1.033017e-01 
-9.141760e+00 -4.445228e+00 2.648162e+00 1.063908e+01 8.915718e-01 -4.693380e+00 -3.344743e-01 1.665044e+00 -5.484169e+00 -2.603463e+00 -6.478130e+00 -2.081730e+00 1.074836e+01 1.605029e-01 1.725393e+00 3.923452e-01 -4.556695e-01 -2.347225e-01 2.216516e+00 -9.294133e-01 8.480736e-01 1.554882e+00 -3.816888e-04 -1.714201e-02 6.485287e-01 1.364707e-01 -1.020148e-01 2.056270e-01 6.086123e-02 3.890882e-01 -9.995446e-02 -4.581412e-02 -6.791864e-02 -5.063387e-01 -2.247100e-01 -2.444051e-01 -1.642047e-01 -6.884729e-01 6.804451e-02 
-9.575778e+00 -9.616835e-01 8.829861e+00 6.589808e+00 -3.582188e+00 3.897443e+00 -2.409510e+00 4.448303e+00 -2.472165e+00 -5.784844e+00 -4.637599e+00 -3.206518e+00 1.114663e+01 3.266580e-01 2.358012e+00 7.071651e-01 4.608813e-01 -3.075165e-02 1.564520e+00 -2.646883e-01 6.559060e-01 1.392307e+00 1.329125e+00 3.662079e-01 -5.935718e-01 2.340979e-01 -7.168114e-02 -8.678704e-02 -4.036990e-01 3.074002e-01 1.342532e-01 -7.479074e-01 5.461685e-01 -6.563546e-01 -2.709852e-01 2.509600e-01 1.603508e-01 -3.433574e-01 -1.282245e-03 
-8.593960e+00 -7.587889e-01 6.018769e+00 1.192091e+01 -2.878692e-01 5.288011e-01 -2.068666e+00 1.728312e+00 -1.635700e+00 -3.738784e-01 -2.667334e+00 -5.652378e+00 1.121731e+01 2.035078e-01 1.712425e+00 -4.688715e-02 8.623437e-01 1.800946e-01 -2.648580e-01 7.339947e-01 6.683743e-01 1.431308e+00 1.320612e+00 1.367119e+00 -5.838438e-01 1.758580e-01 -1.370429e-01 -3.123315e-01 -2.492459e-01 -1.066218e-01 4.988279e-02 -6.197184e-01 5.291839e-01 -6.209483e-01 -2.166581e-01 -1.350249e-01 1.441149e-01 2.751075e-01 -6.625444e-02 
-8.459069e+00 2.388084e+00 5.404235e+00 1.254542e+01 3.108104e-01 -9.361951e-01 4.829511e-01 7.041236e+00 1.149888e+00 1.367653e+00 -3.977341e+00 -5.657512e+00 1.164876e+01 -2.450992e-02 9.479626e-01 -1.134702e+00 3.627055e-01 2.822074e-01 -1.027243e+00 1.968682e+00 -7.433485e-01 9.332833e-01 1.302811e+00 8.524846e-01 4.300223e-01 6.254460e-03 -1.972688e-01 -4.400572e-01 -1.359527e-01 -4.619763e-01 3.767535e-02 -5.962801e-02 -1.423268e-02 -7.733797e-01 -5.181873e-01 -7.059665e-01 -2.281236e-01 5.328703e-01 -1.049755e-01 
-8.682514e+00 2.442041e+00 4.126678e+00 1.197288e+01 -1.540095e-01 -3.601214e+00 1.889574e+00 3.710005e+00 -1.388029e-01 4.233367e-01 2.732931e-02 -3.775230e+00 1.137653e+01 -3.490010e-01 8.684905e-01 6.701507e-02 -9.396142e-01 -1.417770e-01 4.136944e-01 5.998288e-01 -1.557061e+00 7.012517e-01 -6.622715e-01 4.603506e-01 1.512265e+00 -8.093019e-02 -2.174110e-01 -2.578095e-01 6.901868e-02 -3.049906e-01 2.760036e-01 4.285432e-01 -5.508190e-01 -4.179818e-01 -6.223990e-01 -4.564577e-01 -3.525585e-01 2.701984e-01 -9.851785e-02 
-9.653521e+00 2.177163e+00 4.102899e+00 8.377175e+00 -2.237794e+00 8.264714e-01 5.455158e+00 -2.596552e-01 1.446111e+00 3.304633e-01 -1.722607e+00 -1.994844e+00 1.109836e+01 -3.832669e-01 5.795310e-01 -2.965516e-02 -9.478867e-01 3.184943e-01 9.271663e-01 -2.688506e-01 -2.098341e+00 -8.337938e-01 -1.209306e+00 -3.210530e-01 1.022684e+00 -1.624380e-01 -2.021639e-01 -1.348145e-01 1.237206e-02 -8.914476e-02 3.423461e-01 8.314771e-02 -8.902380e-01 2.133565e-01 -5.496544e-01 -2.477256e-01 -1.828187e-01 -2.660685e-01 -6.382973e-02 
-9.742074e+00 3.689285e+00 7.004912e+00 9.307553e+00 2.781360e-01 1.716085e+00 -1.555260e+00 -2.406576e+00 1.721695e+00 -3.167560e+00 -1.492858e+00 7.740311e-02 1.108784e+01 -7.041935e-01 6.076289e-01 -2.542821e-01 -7.248200e-03 1.542065e+00 9.007534e-01 -9.013869e-01 -7.441278e-01 -7.969843e-01 2.944967e-01 1.911941e-01 4.707116e-01 -2.324520e-01 -1.116044e-01 -9.993645e-02 -2.143387e-01 -4.984057e-02 3.378134e-01 -3.654173e-01 -3.312940e-01 4.843388e-01 -2.435903e-01 2.586637e-01 -2.652691e-02 -5.715730e-01 -4.566919e-02 
-9.846074e+00 4.662287e+00 3.817080e+00 9.138891e+00 1.687879e+00 1.040913e+00 8.610478e-01 -3.919424e-01 -3.949031e+00 -2.883953e+00 -4.822412e+00 -2.470746e+00 1.098101e+01 -8.577000e-01 4.041270e-01 -9.122751e-01 -5.493441e-01 1.152076e+00 -8.549847e-01 -1.731912e+00 -8.299635e-02 -1.065825e+00 -4.142950e-01 7.308605e-02 -3.795553e-01 -2.370776e-01 -1.322067e-02 -2.136071e-02 8.214512e-02 -1.477353e-01 1.622221e-01 -2.470815e-01 9.687310e-02 3.465275e-01 1.968570e-01 1.615698e-01 7.010996e-02 -1.983217e-01 -4.251271e-03 
-1.210729e+01 4.237769e+00 2.998325e+00 1.155624e+01 5.592999e+00 7.950482e-01 -3.203438e-01 5.563784e-02 -1.426280e+00 3.503118e+00 2.533555e+00 -1.183638e+00 1.027276e+01 -6.698126e-01 4.564988e-01 -5.633579e-01 -1.388036e+00 1.130558e+00 -5.222400e-01 -3.250422e-01 -1.430000e-01 -4.008435e-01 2.336635e-01 1.306601e-01 -6.445504e-01 -2.719795e-01 1.106016e-01 -1.673673e-01 3.643430e-01 4.301123e-02 -4.804968e-01 -1.041126e-01 5.746735e-01 1.776960e-01 2.031505e-01 -2.139221e-01 -1.289448e-01 3.186765e-01 2.130710e-02 
-1.275909e+01 3.923840e+00 1.544986e+00 4.506143e+00 8.646944e-01 -2.988039e+00 -3.822127e+00 -1.905663e+00 -2.308878e+00 -5.076139e+00 -3.370353e+00 -3.261809e+00 1.032035e+01 -4.666319e-01 5.482742e-01 5.357007e-01 -9.961839e-01 1.335293e+00 4.032153e-01 -7.252713e-02 -6.662009e-01 -4.764719e-02 -3.711081e-01 5.981441e-02 5.887575e-01 -1.639098e-01 5.121826e-02 -3.155387e-01 3.066612e-01 5.374509e-01 -6.302310e-01 8.652873e-02 9.492002e-01 4.318332e-01 4.489643e-01 1.354036e-01 2.237367e-01 6.197321e-01 2.775424e-03 
-1.163415e+01 6.340738e+00 5.324039e+00 4.683922e+00 6.341875e+00 1.119471e+00 -8.393169e-01 -2.364746e+00 -1.102134e+00 -9.030697e-01 -1.565334e+00 -2.749573e+00 1.005819e+01 -3.465863e-01 -3.013132e-01 8.435544e-01 4.311974e-01 -9.519310e-01 -2.487806e-01 1.142320e+00 4.359964e-01 -2.901958e-01 -7.967856e-01 -4.469904e-01 1.579987e+00 -1.625081e-01 -3.235975e-02 -3.827290e-01 -2.690805e-01 5.346407e-01 -7.575077e-01 -1.252681e-01 5.086930e-01 6.164291e-01 4.264745e-01 2.371463e-01 4.804784e-01 5.478433e-01 -1.375216e-02 
-1.241569e+01 6.351886e+00 5.332898e+00 7.594490e+00 7.989825e+00 2.894452e+00 7.574245e-01 -2.512720e+00 -4.349660e+00 -2.536145e+00 -2.474185e+00 1.255902e+00 1.026865e+01 -7.631814e-01 -7.946059e-01 -8.245104e-02 1.228283e+00 -9.577878e-01 -5.589883e-01 2.280302e+00 1.786780e+00 1.123685e+00 7.777568e-01 1.480548e+00 1.606833e+00 -2.780067e-01 4.166878e-02 -1.009788e-01 -5.099943e-01 -5.384414e-02 -4.475830e-01 -4.682842e-02 1.409511e-01 4.989589e-01 5.417923e-01 4.971482e-01 5.086043e-01 3.077468e-03 1.950094e-02 
-1.401223e+01 1.517198e+00 5.322174e+00 1.216752e+01 -2.729491e+00 -3.390595e+00 3.101367e+00 2.539290e+00 -1.857260e+00 -1.750773e+00 -1.495125e-01 4.456886e+00 9.486058e+00 -6.832660e-01 -7.857941e-01 -1.599721e+00 1.730449e-01 -1.510495e+00 -6.675107e-01 1.041869e+00 1.712750e+00 1.145815e+00 8.449364e-01 1.822747e+00 1.585600e+00 -2.837536e-01 2.191366e-01 3.526759e-01 -3.020001e-01 -6.701999e-01 4.721467e-01 5.927643e-01 -3.479143e-01 -6.620709e-02 5.551196e-01 4.327953e-01 1.021719e-01 -5.243835e-01 1.212396e-01 
-1.538637e+01 2.362666e+00 1.133744e+00 6.905709e+00 6.112042e-01 -3.527752e+00 5.608881e+00 4.576407e+00 3.686600e+00 -7.640713e-01 3.324270e+00 1.168621e+00 9.216579e+00 -8.993708e-02 2.855838e-01 -7.927511e-01 -1.136331e+00 -6.233112e-01 3.783815e-01 6.825205e-01 1.190172e+00 1.943355e+00 1.293833e+00 1.467849e+00 6.012917e-01 -5.800008e-03 3.228970e-01 3.624578e-01 2.767230e-01 -4.762582e-01 7.391650e-01 8.805858e-01 -5.723571e-01 -5.873854e-01 5.479218e-02 -5.227595e-02 -6.309891e-01 -6.211558e-01 1.575607e-01 
-1.356535e+01 4.406774e+00 -5.746397e-01 5.893278e+00 2.478916e+00 9.929289e-01 1.944811e+00 2.654322e+00 6.096455e-01 2.435386e+00 4.649496e+00 5.221883e+00 9.165565e+00 4.125527e-01 9.221924e-01 -3.113554e-01 -1.737551e+00 1.241456e+00 2.246231e+00 2.017708e-01 4.031113e-01 2.075694e+00 1.109321e+00 7.012618e-02 -5.392259e-01 3.076162e-01 8.612603e-02 4.056143e-03 5.407840e-01 6.699409e-02 5.824257e-01 5.303603e-01 -3.366216e-01 -7.272308e-01 -1.904664e-01 -3.349242e-01 -6.917510e-01 -4.272738e-01 5.597048e-02 
-1.308911e+01 6.335387e+00 4.317845e+00 5.049965e+00 2.269167e+00 2.594658e+00 4.748208e+00 3.381117e+00 4.133970e+00 1.840123e+00 2.465790e+00 3.880274e+00 1.039973e+01 3.033158e-01 1.638816e-01 6.571801e-01 -1.977603e-01 1.361903e+00 2.387195e+00 -1.613236e-01 -4.953852e-01 9.326259e-01 3.841212e-01 -7.980682e-01 -4.367074e-01 2.141240e-01 -1.842687e-01 -3.890631e-01 8.765244e-02 2.954665e-01 1.667033e-01 -2.008098e-01 -2.111722e-01 -4.036159e-01 -7.601140e-01 -6.703698e-01 -4.211104e-01 -2.343212e-02 -1.477542e-01 
-1.309786e+01 4.141450e+00 2.173507e+00 4.408136e+00 2.649139e+00 4.779413e+00 4.540533e+00 5.152615e+00 8.297480e+00 2.493977e+00 6.306933e-01 4.052028e-01 1.043267e+01 -4.491540e-01 -7.044931e-01 3.792685e-01 3.885914e-02 4.088934e-01 9.798485e-01 -2.193188e-01 -1.080616e+00 6.988415e-01 -3.748231e-01 -5.029413e-01 -3.177835e-02 -1.138697e-01 -2.581769e-01 -3.388709e-01 -1.656839e-01 1.156912e-01 -2.306307e-01 -8.253811e-01 3.594706e-02 1.134307e-01 -1.018422e+00 -7.513257e-01 -4.075389e-02 2.553481e-01 -2.389775e-01 
-1.410336e+01 3.315156e+00 3.045417e+00 6.659553e+00 7.335282e+00 6.514903e+00 3.504299e+00 8.498836e-01 4.506069e+00 1.127679e+00 1.343496e+00 1.393736e+00 9.653969e+00 -5.803533e-01 -8.464789e-01 -6.997473e-01 -5.470326e-01 6.264879e-01 7.452919e-03 -1.627111e-01 -8.580172e-02 -1.168585e+00 -1.316112e+00 -3.510335e-01 2.304107e-01 -5.338138e-01 -8.247446e-02 9.027261e-03 -3.208824e-01 -3.221982e-01 -2.570029e-01 -8.004582e-01 2.510096e-01 6.555222e-01 -6.827419e-01 -5.196816e-01 4.719099e-02 7.395379e-02 -1.405791e-01 
-1.530399e+01 2.394773e+00 1.957628e+00 5.282446e+00 1.990381e+00 3.932263e+00 1.470370e+00 -1.483181e+00 3.917266e+00 9.182459e-01 2.695901e+00 6.306387e+00 8.969290e+00 -4.365056e-01 -2.668974e-01 -4.613104e-01 -9.845049e-01 4.560028e-01 -6.909091e-01 3.822774e-01 7.654712e-01 -1.965687e+00 -1.797205e+00 -3.571442e-01 4.041120e-01 -5.132090e-01 1.132498e-01 2.227052e-01 -1.639447e-01 -3.421775e-01 -1.284900e-01 -4.306227e-01 2.980019e-01 7.824637e-01 -3.675152e-01 -2.443386e-01 -5.481688e-02 -1.021631e-01 -1.056045e-02 
-1.488799e+01 2.976701e+00 9.262571e-01 1.877287e+00 5.731074e+00 3.054964e+00 5.469289e+00 6.269474e+00 4.809585e-01 -3.952309e+00 -3.223681e-01 2.081720e+00 8.462358e+00 -1.154640e-01 -9.527301e-03 -5.269386e-01 -1.297037e+00 5.315397e-02 -7.797655e-01 7.928224e-01 1.859252e+00 -1.148647e+00 -1.503101e+00 -6.349893e-01 -2.848941e-01 -2.890099e-01 1.250863e-01 1.931190e-01 2.802441e-02 -1.812651e-01 -1.549137e-01 -1.663234e-01 2.322036e-01 4.983869e-01 8.570401e-02 -7.979330e-03 -8.458284e-02 -1.719349e-01 7.138467e-02 
