-1.368312e+01 3.546276e+00 -8.560833e-01 2.076984e-01 3.179846e-01 -1.966251e+00 7.642628e-01 2.382469e+00 1.960317e+00 -2.575410e-01 -1.116965e+00 1.141441e+00 7.789541e+00 -4.334219e-01 -1.760134e+00 -5.310152e-01 1.283229e+00 9.775615e-01 -1.978886e+00 -1.355685e+00 4.402243e-01 -9.871229e-01 4.500778e-01 -3.487468e-01 4.951413e-01 -4.012433e-02 -5.283109e-02 3.814863e-01 2.107734e-01 -1.614527e-01 -3.282604e-01 5.788019e-01 1.777520e-01 -1.255752e-01 5.321457e-01 2.754253e-01 1.796100e-01 -3.523010e-02 3.622719e-03 
-1.420640e+01 4.963849e-01 -2.339535e+00 3.467776e+00 1.402405e+00 -4.655928e+00 -3.447034e+00 -2.746999e-03 -4.091180e+00 1.530653e+00 3.118527e+00 1.532657e+00 7.496036e+00 -6.455606e-01 -8.050296e-01 1.387777e-01 1.345829e+00 2.250896e-01 -1.477186e+00 -1.201800e+00 2.732246e-01 4.159671e-02 1.018454e+00 -2.885198e-01 2.304697e-01 -3.203347e-02 -1.434078e-02 6.225067e-01 3.769813e-01 -3.966795e-01 -4.429618e-01 9.908561e-01 4.327497e-01 -9.969524e-02 9.185326e-01 2.909448e-01 3.462536e-01 -9.572557e-02 3.730233e-03 
-1.558824e+01 -3.729541e+00 -2.769480e+00 4.993713e+00 4.662755e+00 -1.051561e+01 -3.908625e+00 5.776284e+00 5.015456e-02 1.098969e+00 -4.978756e+00 3.421411e+00 7.735491e+00 -5.913532e-01 -3.302276e-01 1.880792e-01 4.445921e-01 -2.877114e-01 6.643950e-01 -5.440391e-01 -1.040268e-01 1.159114e+00 1.543136e+00 5.191183e-01 4.511907e-01 -2.599960e-02 4.003729e-02 6.060334e-01 2.631642e-01 -6.153997e-01 -3.400310e-01 1.072857e+00 4.297347e-01 -1.916846e-01 6.053420e-01 4.736111e-02 5.850778e-01 -1.800421e-01 -1.941102e-03 
-1.595824e+01 3.158791e+00 7.944824e-01 4.543617e+00 -7.292256e-01 -5.077495e+00 -2.908144e+00 2.051619e+00 3.123578e+00 4.156605e+00 -6.284329e-01 1.153723e+00 7.656247e+00 -4.259945e-01 6.375473e-01 9.943114e-01 -2.808598e-01 -6.046399e-01 1.653887e+00 4.021321e-01 2.138392e-01 2.532356e+00 1.358316e+00 9.484882e-01 3.850053e-02 -2.860513e-02 1.150994e-01 1.461246e-01 -1.676130e-01 -5.723838e-01 6.971674e-02 5.576254e-01 3.110048e-01 -7.005622e-02 -1.990047e-01 -4.058009e-01 3.956142e-01 -4.160962e-02 -5.704073e-03 
-1.576421e+01 5.637107e-01 -1.482762e+00 1.893006e+00 -5.471120e-02 1.566560e+00 -2.225696e+00 8.349366e-01 4.148809e+00 6.145275e+00 3.352172e+00 3.586541e+00 7.579156e+00 -3.431196e-01 5.486570e-01 3.570388e-01 -9.803867e-01 -3.076720e-01 1.819898e+00 -8.937138e-03 -4.884867e-01 7.940887e-01 5.169322e-01 1.958132e+00 -3.090382e-01 -5.150638e-02 1.775113e-01 5.286017e-02 -2.779031e-01 -2.185363e-01 1.128481e-01 -2.704860e-02 1.237375e-01 -5.595961e-02 -7.804632e-01 -6.029121e-01 -5.842877e-02 -2.061259e-01 -5.247141e-03 
-1.624859e+01 1.537191e+00 1.988913e+00 3.613897e+00 7.379318e-01 -2.427644e+00 -2.278260e+00 3.537205e+00 6.521642e+00 5.799196e+00 3.695671e+00 1.642288e+00 7.431220e+00 -1.940492e-01 -5.138033e-01 -7.838813e-01 -8.036080e-01 5.838062e-01 7.331765e-01 8.574243e-02 1.151497e-01 -7.708784e-01 -4.975204e-01 9.701968e-01 4.025934e-01 -4.787235e-02 2.134835e-01 -1.569324e-01 -3.827639e-01 5.595968e-02 1.654337e-02 -1.594407e-01 -8.629061e-02 -2.342636e-01 -9.974632e-01 -4.197299e-01 -2.883647e-01 -6.587067e-02 5.450448e-03 
-1.715901e+01 -1.757180e-01 -1.581596e+00 5.563434e-01 2.390551e+00 -2.740905e+00 -4.267738e+00 2.591115e+00 2.321736e+00 2.862652e+00 2.649576e+00 1.631825e+00 7.590354e+00 1.800603e-01 5.097613e-01 -3.122329e-01 -3.867283e-01 -3.177241e-01 9.894632e-01 2.327581e-01 -3.345311e-01 -1.091436e+00 -5.436112e-01 2.161580e-01 -7.614195e-01 -4.266129e-02 2.770345e-01 -2.204478e-02 1.242613e-01 3.880695e-01 -1.519487e-01 -2.264097e-01 9.868359e-02 -1.260812e-01 -4.984393e-01 -3.726553e-01 -6.010644e-01 -1.389995e-01 4.738070e-02 
-1.623146e+01 9.592863e-01 -3.075336e+00 1.193823e+00 9.671013e-01 7.423670e-01 -1.457998e+00 1.748927e+00 1.822813e-01 3.310432e+00 4.573834e+00 4.144251e+00 7.411624e+00 3.798200e-01 -1.276952e-01 -5.847988e-01 -2.979325e-01 -5.170430e-01 1.271922e+00 -1.503320e-01 -1.034368e+00 -1.512149e+00 -2.100237e-01 3.777240e-01 -6.459940e-02 -5.703885e-03 2.926225e-01 2.450477e-01 5.078393e-01 4.025612e-01 -5.186924e-03 -3.336450e-01 9.168988e-03 -1.596601e-01 -8.413430e-02 -5.016696e-01 -6.703925e-01 -3.808557e-01 1.039328e-01 
-1.487185e+01 3.401799e+00 -5.121895e-01 1.169217e+00 -1.758126e+00 4.928413e+00 -1.471691e+00 5.666518e-02 1.860882e+00 4.671698e+00 3.994034e+00 -1.471519e+00 7.375878e+00 7.551022e-01 2.454477e-01 8.789269e-01 7.070954e-01 -5.171866e-01 4.186024e-01 6.024830e-01 -5.441819e-01 -1.327490e+00 -1.489954e+00 -7.509329e-01 -7.704225e-01 1.644099e-01 1.399203e-01 1.634781e-01 3.733750e-01 2.498671e-01 2.891597e-01 -5.874546e-01 -2.126498e-03 -9.156258e-02 5.637003e-02 -3.363284e-01 -5.495955e-01 -1.361083e-01 1.143347e-01 
-1.549284e+01 -8.897189e-01 -1.469667e+00 1.818053e+00 2.276162e-01 9.738857e-02 -4.428080e+00 -3.673857e-01 -8.088965e-01 3.844549e+00 4.912354e+00 2.870980e+00 7.509818e+00 9.814443e-01 8.435175e-01 1.159831e+00 6.622910e-01 6.574738e-01 -6.496596e-01 -5.327915e-02 -5.784229e-01 -1.073704e+00 -2.532815e+00 -1.898225e+00 -1.497253e+00 3.682584e-01 -1.025927e-01 1.667056e-01 4.805298e-02 -1.469671e-02 1.907150e-01 -3.540100e-01 1.361795e-01 -1.250330e-01 3.552971e-01 1.995042e-01 -2.582275e-01 -5.257737e-02 4.590340e-03 
-1.375305e+01 1.976109e+00 2.010114e+00 3.780080e+00 1.750490e-01 -3.251500e-01 2.297894e-01 9.287008e-01 -3.820116e+00 -4.853871e+00 -1.274277e+00 -1.583879e+00 8.363200e+00 5.787978e-01 8.414549e-01 6.822417e-01 3.825344e-01 5.408694e-01 -9.871186e-01 1.735521e-01 -1.020209e+00 -1.028820e+00 -1.063957e+00 -1.393835e+00 -7.256975e-01 3.419974e-01 -3.771810e-01 -2.627718e-01 -5.364883e-01 -2.952015e-01 -6.988393e-02 6.140604e-02 4.505127e-02 -7.139359e-02 6.249862e-01 1.083129e+00 5.637047e-01 4.735919e-01 -1.598784e-01 
-1.188359e+01 5.889967e+00 1.462628e+00 3.200141e+00 3.288329e+00 1.207010e-01 -2.575092e+00 -1.579282e+00 -2.345381e+00 -4.590471e+00 -2.283534e+00 -3.285669e+00 8.759421e+00 -4.497872e-02 4.079058e-01 -2.462542e-01 -2.091366e-01 -9.241332e-02 2.047983e-01 7.451269e-01 -1.421574e+00 1.150173e-01 5.745456e-01 -5.919604e-01 -3.497941e-01 -7.166497e-02 -4.964890e-01 -6.534345e-01 -5.335557e-01 -2.490045e-01 -3.993777e-01 2.999515e-01 2.986052e-01 3.592759e-01 6.673710e-01 1.118683e+00 7.872329e-01 6.404023e-01 -2.374762e-01 
-1.378222e+01 4.219534e+00 1.433009e+00 2.390800e+00 -5.845181e-01 -1.868811e-02 -1.530439e+00 -4.438387e+00 -2.515193e+00 3.569808e+00 6.224343e-01 -2.021496e+00 8.461179e+00 -6.175448e-01 -8.507025e-01 -1.100537e+00 -3.330714e-01 -4.914819e-01 2.983613e-01 4.284874e-01 -4.795618e-01 1.203027e+00 2.371970e+00 1.414359e+00 1.023904e+00 -4.150466e-01 -2.863510e-01 -5.034568e-01 -2.165560e-01 -1.188256e-01 -3.541474e-01 1.291478e-01 5.643168e-02 8.034998e-01 4.909284e-01 2.416348e-01 4.612629e-01 3.759820e-01 -1.582388e-01 
-1.570308e+01 2.799330e-02 -2.412491e+00 1.467136e+00 1.449262e-01 9.682066e-01 1.781089e-01 -4.791481e+00 -8.865380e-01 2.504867e+00 1.004432e+00 1.340688e+00 7.102399e+00 -9.026551e-01 -1.577541e+00 -6.166937e-01 -2.249447e-01 -8.230578e-01 2.073270e-01 1.312330e+00 9.474884e-01 1.147339e+00 1.342687e+00 6.337130e-01 8.299983e-01 -4.405533e-01 -1.020397e-02 2.937508e-03 1.918700e-01 -2.954197e-02 -2.196089e-01 -2.979772e-01 -2.820507e-01 7.350408e-01 1.982957e-01 -2.806988e-01 -5.867681e-02 6.668514e-02 1.595989e-02 
-1.493113e+01 6.535749e-01 -1.555095e+00 2.980960e+00 -7.109157e-01 7.428527e-01 9.957207e-01 1.371954e-01 1.465409e+00 3.458229e+00 4.153670e+00 1.221958e+00 7.116396e+00 -4.241702e-01 -6.831369e-01 -2.152974e-01 -2.037168e-01 -8.647023e-01 -3.426718e-01 1.721781e-01 1.812781e+00 9.096222e-01 -2.399143e-01 2.996306e-01 5.642618e-01 -2.647485e-01 8.242460e-02 3.460248e-01 1.383696e-01 -2.514787e-01 -4.379112e-02 -3.569083e-01 -4.609101e-01 3.057188e-02 -1.961621e-01 -5.606095e-01 -4.510810e-01 -3.263626e-01 8.906904e-02 
-1.582256e+01 -2.147266e-01 -1.268289e-01 1.780198e+00 -7.640736e-01 7.768500e-01 2.723262e+00 8.706965e-01 1.400935e+00 2.178544e+00 -8.803321e-01 -7.577767e-01 7.229017e+00 -1.927461e-01 3.387580e-01 2.704223e-01 -4.215059e-01 -1.003852e+00 -9.646129e-01 -5.369194e-01 1.107537e+00 1.253175e+00 4.770021e-01 -3.279988e-01 2.134316e-01 -6.693387e-02 1.560478e-01 3.956122e-01 -1.328180e-01 -3.012810e-01 1.361423e-01 -3.437696e-01 -6.163716e-01 -4.921954e-01 -4.610798e-01 -2.911025e-01 -6.756502e-02 -3.015359e-01 7.837145e-02 
-1.584293e+01 9.249010e-01 -7.862445e-01 1.215400e+00 -4.453230e+00 -1.635991e+00 -1.942558e+00 1.794542e+00 8.896818e-01 2.533402e+00 3.063102e+00 1.849269e+00 7.074190e+00 -5.604706e-01 -7.878097e-02 -8.522573e-01 -1.492295e+00 -6.201489e-01 -9.001303e-01 -9.514860e-01 -4.067032e-01 1.691823e-01 1.719869e-03 -3.601775e-01 -2.996479e-01 -1.564819e-01 1.953310e-02 -2.006095e-01 -4.697957e-02 -3.000792e-01 3.366536e-01 3.474212e-02 -2.597995e-01 -4.445200e-01 -5.931072e-01 -6.660651e-02 3.987907e-04 -3.610258e-01 3.934397e-01 
-1.621108e+01 1.586024e+00 -1.445037e+00 2.421465e-01 -3.003201e+00 -2.665139e+00 -1.037487e+00 -8.243252e-02 5.667132e+00 5.352148e+00 -9.045044e-02 2.094461e+00 6.788867e+00 -5.423047e-02 9.831212e-02 -9.622217e-01 -1.086978e+00 -2.647351e-01 -1.232785e+00 -1.207795e+00 -4.036996e-01 -7.877790e-01 -2.336395e-01 6.257403e-01 -2.457262e-01 -1.027256e-01 -1.001946e-01 -3.870126e-01 6.025900e-02 -1.543129e-01 3.907324e-01 3.362376e-01 -2.109231e-01 -5.183906e-02 -7.309212e-01 -2.120431e-01 9.647416e-02 -2.074144e-01 7.735535e-01 
-1.753966e+01 -6.409311e-01 -5.157094e+00 -3.711057e+00 -2.691933e+00 -2.036674e+00 -1.881160e+00 -1.419910e+00 1.781949e-01 1.880023e+00 1.957932e+00 -1.702154e+00 6.553934e+00 -3.956331e-01 -1.565950e+00 1.661906e-01 -1.371432e+00 4.491080e-01 -3.479887e-02 -7.914800e-01 3.458257e-01 -1.035331e+00 -2.176675e-01 -1.753659e-01 -1.011279e+00 1.720323e+00 -1.616472e-01 2.856230e-01 3.797158e-01 5.408635e-02 2.894067e-01 3.682343e-01 -1.315575e-01 2.880699e-01 -3.237734e-01 4.078358e-02 -4.788694e-02 1.171871e-01 9.435860e-01 
-1.524556e+01 1.059842e+00 -2.752332e+00 -1.191046e+00 -2.967763e+00 -5.186772e+00 -3.346765e+00 4.595980e-01 -2.181925e+00 1.337493e+00 2.800915e+00 -2.105292e-01 6.975350e+00 -7.762579e-01 -8.526670e-01 6.237582e-02 -1.253459e+00 4.152180e-01 2.839476e-01 -1.671575e+00 4.721483e-01 -1.799183e+00 -4.734483e-01 6.198824e-02 -4.678993e-01 2.862437e+00 -6.330636e-01 8.512036e-01 4.876676e-01 4.390674e-02 1.105022e-01 4.123650e-01 2.848043e-01 7.005241e-03 1.000746e-01 2.376367e-01 -2.003921e-01 3.511553e-01 6.060744e-01 
-1.830421e+01 -6.641313e+00 6.984540e-01 -4.925069e+00 -2.225325e+00 -5.495325e-01 -4.745230e+00 3.252533e+00 -3.625714e-01 3.452741e+00 7.409166e-01 -2.054703e+00 1.558261e+01 -1.007552e+00 1.824847e+00 5.339200e-01 -1.138647e+00 4.870188e-01 1.825455e-01 -1.377419e+00 5.958105e-01 -9.440402e-01 3.254959e-01 -3.177208e-01 3.972690e-01 3.078834e+00 -6.233511e-01 1.270286e+00 4.580641e-01 2.576785e-01 -7.087167e-02 2.222783e-01 6.187431e-01 -3.586030e-01 3.035724e-01 1.283121e-01 -7.496498e-02 4.058684e-01 -3.083545e-01 
-1.971012e+01 3.230135e-01 -4.060563e+00 -5.418321e+00 -1.160395e+00 -1.989078e+00 -7.963555e+00 -5.821714e-02 -3.058230e+00 2.198298e+00 8.278700e-01 -6.859963e-02 1.658673e+01 -2.913673e+00 2.658844e+00 1.292206e+00 -9.837289e-01 2.690317e-01 7.202799e-01 5.091774e-01 -4.937216e-01 -3.329869e-01 6.830414e-01 -3.050414e-01 8.057964e-01 2.248355e+00 -2.966630e-01 2.352812e-01 8.021311e-01 3.261435e-01 -1.337578e-01 2.246742e-01 9.687757e-01 -4.542430e-01 4.744821e-01 1.421550e-01 -2.556306e-02 1.942127e-01 -7.942884e-01 
-2.034500e+01 8.852016e+00 -1.833515e+00 -7.290632e+00 -1.160395e+00 -2.722935e+00 -6.459520e+00 1.817912e+00 -4.103893e+00 3.077030e+00 1.355564e+00 2.129849e-01 1.714251e+01 -2.443658e+00 3.029728e+00 1.841611e+00 -2.178988e-01 1.677926e-01 8.583486e-01 1.211905e+00 -9.643418e-01 -2.507004e-01 -1.543498e-01 -3.667093e-01 3.811021e-01 4.855759e-01 5.073169e-01 -1.096619e+00 7.254868e-01 4.042578e-01 -3.370266e-01 9.614641e-02 6.237538e-01 -5.978116e-01 2.355537e-01 -2.352149e-01 -1.648806e-01 -1.694829e-01 -8.178607e-01 
-2.879345e+01 6.607435e+00 4.974834e+00 -4.927341e+00 -2.155629e+00 -4.990222e-01 5.619597e-02 -1.291513e+00 -1.975789e+00 4.940951e+00 9.679246e-01 2.684469e+00 1.743731e+01 -1.541677e+00 -2.787596e-01 3.419262e+00 -8.312427e-02 -9.399294e-02 1.069498e+00 1.877659e+00 -1.019007e+00 2.263950e-01 4.772303e-01 -4.136792e-02 5.112113e-01 1.875854e-01 1.845065e+00 -1.336759e+00 2.680387e-01 1.992872e-01 -8.065737e-01 -7.060124e-01 -3.723722e-01 -5.096174e-01 -4.772215e-01 -7.622346e-01 -5.248325e-01 -5.925741e-01 -4.258398e-01 
-2.598070e+01 5.364941e+00 5.388879e+00 -6.260217e+00 -8.886992e-01 2.997363e+00 -2.695679e+00 -9.522156e-01 -2.156953e+00 1.310055e+00 -1.162765e+00 -1.525652e+00 1.758525e+01 8.431893e-01 -2.189361e+00 3.097811e+00 4.324877e-01 -1.016776e+00 4.886482e-01 1.057145e+00 -2.130594e+00 -4.595390e-02 -7.477110e-01 -1.273957e+00 -3.029394e-01 1.994003e-02 2.234885e+00 -9.675155e-01 -2.738608e-01 -9.217485e-02 -1.094706e+00 -1.322490e+00 -9.225388e-01 -2.019499e-01 -1.112943e+00 -9.153665e-01 -9.120278e-01 -7.814772e-01 6.240570e-02 
-2.460025e+01 6.723567e-01 9.424565e+00 -6.349176e+00 -1.765804e+00 4.985574e-01 -4.570752e-01 -3.768240e+00 -2.899769e+00 5.468117e+00 1.880271e+00 3.356815e+00 1.730337e+01 4.668332e+00 -1.415279e+00 2.004317e+00 -3.124759e-01 -3.171661e+00 -2.624977e+00 -1.275370e+00 -2.458758e+00 -2.821391e+00 -2.831378e+00 -2.475521e+00 -1.814878e+00 3.519396e-01 1.779296e+00 -5.566189e-02 -1.027741e+00 -3.490333e-01 -9.866306e-01 -1.393284e+00 -1.343699e+00 4.815188e-01 -1.487401e+00 -9.678147e-01 -1.028525e+00 -1.037601e+00 2.145641e-01 
-1.822548e+01 8.728896e-01 1.143087e+01 -4.417433e+00 -6.438972e+00 -7.778005e-01 -9.173407e-01 -7.596806e+00 -3.871877e+00 -9.248211e-01 -5.470274e+00 -1.638013e+00 1.730897e+01 5.625823e+00 -1.239659e+00 1.179740e+00 -5.641393e-01 -3.766889e+00 -3.906790e+00 -1.824337e+00 -1.254231e+00 -4.291604e+00 -3.076777e+00 -3.709743e+00 -2.363099e+00 7.154112e-01 3.733802e-01 1.186692e-01 -1.213526e+00 -5.519185e-01 -3.834915e-01 -8.181167e-01 -1.011586e+00 1.190000e+00 -1.035736e+00 -1.006119e-01 -2.047329e-01 -6.883613e-01 2.033558e-01 
-9.329236e+00 1.777021e+00 1.197524e+01 -7.411011e+00 -1.523896e+01 -1.173612e+01 -7.209550e+00 -1.026303e+01 -1.522524e+01 -8.098448e+00 -9.256064e+00 -6.333970e+00 1.933529e+01 4.963476e+00 -1.032019e+00 -7.603250e-01 -1.329969e+00 -3.652151e+00 -3.699182e+00 -3.400164e+00 9.504920e-01 -5.087733e+00 -3.197251e+00 -3.966116e+00 -3.646669e+00 9.126087e-01 -1.193991e+00 -4.174558e-02 -9.316382e-01 -2.310134e-01 5.842061e-01 2.428752e-01 9.723981e-02 1.300387e+00 4.347876e-01 9.214424e-01 8.790916e-01 7.988415e-02 -1.156356e-02 
-5.487055e+00 -1.385272e+00 1.001196e+01 -8.549691e+00 -1.298684e+01 -1.041945e+01 -8.441048e+00 -3.976324e+00 -1.745188e+01 -7.290688e+00 -1.414337e+01 -8.495666e+00 2.014647e+01 2.562451e+00 -1.787636e+00 -1.587403e+00 -1.818482e+00 -2.693898e+00 -3.064850e+00 -2.938383e+00 2.114942e+00 -4.091429e+00 -1.067722e+00 -1.552231e+00 -2.828839e+00 7.564140e-01 -1.694125e+00 1.079386e-01 -4.072948e-01 1.089431e-01 8.948093e-01 4.511629e-01 9.152283e-01 5.406884e-01 1.440145e+00 1.136352e+00 1.680684e+00 6.542612e-01 -1.912454e-01 
-6.152502e+00 -3.358816e+00 6.332326e+00 -1.093305e+01 -1.675219e+01 -1.317664e+01 -1.369611e+01 -8.260702e-01 -2.154826e+01 -7.335320e+00 -1.361369e+01 -1.144753e+01 2.044794e+01 2.299677e-01 -1.349962e+00 -1.270435e+00 -8.403729e-01 -7.870138e-01 -1.831588e+00 -2.320212e-01 2.358662e+00 -7.476055e-01 7.713439e-01 8.411938e-01 -1.182629e+00 2.737051e-01 -1.347952e+00 2.758145e-01 2.915392e-01 4.743133e-01 8.867016e-01 3.842713e-01 1.439152e+00 -2.888790e-01 1.839120e+00 8.947453e-01 1.643230e+00 1.021885e+00 -2.455666e-01 
-7.001792e+00 -5.497351e+00 6.315179e+00 -1.174882e+01 -1.915138e+01 -1.538161e+01 -1.236567e+01 -1.740624e+00 -2.116777e+01 -6.644992e+00 -1.105255e+01 -1.322529e+01 2.053473e+01 -4.779867e-01 -5.411088e-01 -6.017885e-01 -2.641485e-01 -7.252652e-01 -2.584644e+00 1.167937e+00 7.450462e-01 7.390925e-01 6.206363e-01 2.290005e+00 -3.237530e-01 7.863305e-02 -5.535650e-01 4.221454e-01 4.759372e-01 6.213168e-01 4.647718e-01 4.155338e-01 9.136571e-01 -6.018598e-01 1.374258e+00 2.131752e-01 7.602789e-01 7.759121e-01 -1.740433e-01 
-7.422269e+00 -2.917008e+00 7.471572e+00 -1.001317e+01 -1.609185e+01 -1.841271e+01 -6.407398e+00 4.122935e-01 -1.710544e+01 -4.564863e+00 -6.595690e+00 -9.882663e+00 2.050953e+01 -2.560750e-01 -2.763041e-01 2.045479e-01 2.643809e-01 -2.029865e-01 -2.017955e+00 1.742510e+00 1.910119e-01 1.692591e+00 4.322804e-01 2.328812e+00 2.102370e-01 2.371119e-02 5.160837e-02 1.733704e-01 3.067175e-01 5.227726e-01 -1.852849e-01 6.174067e-01 -1.138924e-01 -5.629677e-01 4.756496e-01 -2.150524e-01 -2.453705e-03 2.209879e-01 -5.430016e-02 
-7.242131e+00 -4.311491e+00 6.433032e+00 -1.033039e+01 -1.694415e+01 -2.072502e+01 -6.245731e+00 -8.702774e-01 -1.597805e+01 -5.572368e+00 -6.202409e+00 -1.089710e+01 2.050867e+01 3.776580e-02 -2.136389e-01 5.476690e-02 7.357305e-01 -6.620805e-01 -8.939349e-01 6.427031e-01 1.893814e-01 1.559602e+00 1.676009e-01 1.505324e+00 3.541896e-01 1.123207e-02 1.924398e-01 1.680010e-03 1.639705e-01 5.327754e-01 -3.706921e-01 1.003145e+00 -5.040113e-01 -1.816724e-01 3.164980e-02 -8.642509e-02 -3.197009e-01 -7.920712e-03 -8.499423e-03 
-7.312520e+00 -5.333226e+00 7.296040e+00 -1.032017e+01 -1.887083e+01 -2.059486e+01 -8.043947e+00 -3.062841e-01 -1.568020e+01 -5.710288e+00 -4.394642e+00 -1.156034e+01 2.057952e+01 2.302283e-01 -6.467950e-01 -6.509954e-02 1.273564e+00 -1.745123e+00 4.100047e-01 -5.387930e-01 -1.784301e-01 1.220344e+00 -7.756989e-02 1.221191e+00 -4.166881e-01 3.598462e-02 1.466351e-01 -5.683555e-02 9.279516e-02 3.646705e-01 -3.934924e-01 8.800655e-01 -5.059646e-01 -6.647785e-02 -2.763633e-01 3.910695e-02 -3.182953e-01 -1.045249e-01 9.348828e-04 
-6.867962e+00 -5.357498e+00 6.676844e+00 -7.916755e+00 -2.107275e+01 -1.876046e+01 -8.334153e+00 -4.341188e-01 -1.408242e+01 -5.234338e+00 -4.626628e+00 -1.061506e+01 2.055583e+01 2.410437e-01 -3.474164e-01 3.528695e-01 1.895135e+00 -1.807590e+00 1.217049e+00 -2.114115e-01 2.126598e-02 1.133624e+00 4.434608e-01 1.245397e+00 -4.988467e-02 3.008789e-02 1.136605e-01 -8.290768e-02 2.382766e-01 4.726459e-02 -6.313437e-02 5.371830e-01 -2.383975e-01 1.129105e-01 -4.554962e-01 1.787398e-01 -1.896849e-01 -3.463300e-02 -1.134751e-03 
-6.458598e+00 -5.627957e+00 7.024168e+00 -4.852009e+00 -2.275313e+01 -1.734520e+01 -8.057199e+00 -6.979539e-01 -1.195204e+01 -5.121662e+00 -1.277596e+00 -1.210714e+01 2.066587e+01 3.753895e-01 -4.935697e-01 5.194318e-01 1.508065e+00 -1.597501e+00 1.326922e+00 -3.604257e-01 -5.725653e-02 5.238177e-01 4.898938e-01 8.673210e-01 -1.102925e-01 1.891153e-02 1.052670e-01 -6.806920e-02 2.828602e-01 -3.091631e-01 2.932342e-01 1.493197e-01 -1.373751e-01 3.584084e-01 -6.065078e-01 2.163135e-01 -2.757559e-01 1.646093e-01 -1.116038e-02 
-6.464155e+00 -5.901306e+00 8.333333e+00 -3.588407e+00 -2.404073e+01 -1.626457e+01 -7.296126e+00 -5.681482e-01 -1.217407e+01 -3.649182e+00 -1.533810e+00 -1.087299e+01 2.061591e+01 5.335814e-01 -7.048439e-01 9.537653e-01 8.548777e-01 -1.051528e+00 1.333497e+00 -6.385937e-01 6.934702e-01 -3.695587e-01 7.777327e-01 7.337072e-01 2.785171e-02 1.411187e-02 6.635699e-02 -1.518186e-01 9.414257e-02 -5.374621e-01 3.647219e-01 -2.412487e-01 -2.420919e-01 2.928411e-01 -6.450856e-01 -5.117294e-02 -3.201556e-01 -1.238324e-02 -1.113350e-02 
-5.637556e+00 -7.529263e+00 9.064771e+00 -4.943997e+00 -2.537440e+01 -1.520822e+01 -1.036471e+01 -5.256305e-01 -1.401522e+01 -4.053062e+00 -1.604169e+00 -1.198295e+01 2.064412e+01 6.103319e-01 -8.083692e-01 1.048825e+00 2.479406e-01 -6.570545e-01 1.098451e+00 -1.012191e+00 1.277540e+00 -1.060821e+00 8.370575e-01 9.829737e-02 3.675491e-01 -1.187488e-02 -4.155979e-02 8.093249e-03 -1.774809e-01 -3.008568e-01 2.915056e-01 -4.687422e-01 -2.735025e-02 9.382589e-02 -3.149918e-01 -3.581246e-01 -1.381746e-01 -1.413879e-01 -1.400949e-02 
-4.610443e+00 -7.931196e+00 1.042507e+01 -3.596735e+00 -2.502001e+01 -1.316158e+01 -1.037310e+01 2.947025e+00 -1.489833e+01 -1.880378e+00 -7.943744e-01 -1.053772e+01 2.063723e+01 4.553976e-01 -9.491203e-01 5.589356e-01 -1.621643e-01 -4.544328e-01 1.251433e-01 -1.096128e+00 8.181622e-01 -1.299507e+00 1.415524e-02 2.904106e-02 -3.507622e-01 -1.022928e-02 -1.398840e-01 2.730899e-01 -5.186945e-01 9.332026e-02 2.120337e-01 -5.833583e-01 3.079473e-01 -2.856621e-01 1.983972e-01 -6.978779e-01 1.170204e-01 -2.630388e-01 -1.468145e-02 
-4.333520e+00 -8.654732e+00 1.122229e+01 -3.608092e+00 -2.554864e+01 -1.340442e+01 -1.157986e+01 3.932254e+00 -1.589405e+01 -1.821113e+00 -1.156127e+00 -1.043719e+01 2.059567e+01 2.065125e-01 -3.310134e-01 -1.704778e-01 5.122504e-01 -4.386366e-01 -4.125911e-01 -2.683691e-01 3.494300e-01 -5.860802e-01 -9.189541e-01 5.287239e-01 -6.279220e-01 -3.895869e-02 -1.445004e-01 4.752118e-01 -6.462235e-01 3.574246e-01 2.440118e-01 -4.665008e-01 5.112661e-01 -4.105797e-01 5.871190e-01 -7.977017e-01 3.675026e-01 -3.448727e-01 -1.524589e-02 
-4.839205e+00 -1.008418e+01 1.004906e+01 -5.067026e+00 -2.622552e+01 -1.654043e+01 -1.216911e+01 1.293621e+00 -1.773248e+01 -4.694368e+00 -1.612466e+00 -1.339997e+01 2.058899e+01 3.620213e-02 4.219515e-01 -1.030181e+00 1.189375e+00 -1.004550e-01 -8.278086e-01 5.292875e-01 -2.708549e-01 3.850112e-01 -1.833696e+00 1.103715e+00 -7.896872e-01 -4.581535e-02 -4.911396e-02 4.894215e-01 -4.448639e-01 2.567596e-01 4.454286e-01 -2.739410e-01 4.409028e-01 -1.895159e-01 6.236156e-01 -4.773370e-01 2.011070e-01 -1.142985e-01 -1.761119e-02 
-4.490505e+00 -8.107745e+00 8.400678e+00 -1.647200e+00 -2.696500e+01 -1.558171e+01 -1.080863e+01 2.047959e+00 -1.552809e+01 -7.240934e+00 1.448491e+00 -1.369156e+01 2.047357e+01 9.731580e-02 8.820203e-01 -1.387800e+00 1.359289e+00 3.862105e-01 -7.577628e-01 7.315121e-01 -2.308642e-01 1.032636e+00 -2.227520e+00 1.398510e+00 -1.137323e+00 -7.043077e-02 3.554076e-02 1.570229e-01 -8.018944e-02 -3.377933e-01 6.856553e-01 -3.539714e-01 2.629496e-03 4.521067e-02 1.667228e-01 -5.237667e-02 -3.770815e-01 4.836365e-02 -1.357943e-02 
-4.351118e+00 -6.094904e+00 6.684950e+00 1.369849e+00 -2.481447e+01 -1.621163e+01 -8.112412e+00 2.534519e+00 -1.315617e+01 -8.338800e+00 3.421868e+00 -1.285909e+01 2.046926e+01 2.644988e-01 8.914495e-01 -1.056760e+00 6.980622e-01 1.360260e+00 -1.072084e+00 6.084785e-01 1.607185e-01 1.009363e+00 -1.718240e+00 5.997092e-01 -6.676130e-01 -8.256706e-02 5.778360e-02 -2.247534e-01 2.244457e-01 -7.447302e-01 5.809548e-01 -4.133662e-01 -4.894460e-01 2.565152e-01 -3.596608e-01 2.080163e-01 -9.116971e-01 1.690403e-01 -1.409012e-02 
-4.090866e+00 -6.239091e+00 5.965361e+00 -3.003142e-02 -2.432364e+01 -1.735734e+01 -9.950383e+00 2.157491e+00 -1.301904e+01 -1.113669e+01 3.319316e+00 -1.639414e+01 2.030345e+01 2.702323e-01 2.193208e-01 -5.581155e-01 -9.310657e-01 2.259062e+00 -2.060438e+00 -2.948495e-01 3.596422e-01 -6.451684e-02 -1.238623e+00 -1.104707e+00 -4.471824e-01 -8.839522e-02 5.934240e-02 -3.561200e-01 3.126619e-01 -6.426514e-01 3.245538e-01 -2.198017e-01 -6.286862e-01 3.189017e-01 -5.527528e-01 3.402978e-01 -1.008723e+00 2.940224e-01 -7.182383e-03 
-3.716234e+00 -6.561273e+00 5.982821e+00 -2.385373e+00 -2.074494e+01 -2.101254e+01 -9.555490e+00 2.042609e+00 -1.394030e+01 -1.133790e+01 4.505189e-01 -1.538653e+01 2.026125e+01 2.386982e-01 -3.704984e-01 -3.228645e-01 -1.389137e+00 1.867747e+00 -2.243392e+00 -1.404774e+00 7.163833e-01 -8.646629e-01 -1.287908e+00 -2.203106e+00 -2.895799e-01 -1.071825e-01 3.841854e-02 -2.404302e-01 1.933363e-01 -1.624778e-01 -1.109163e-01 3.919999e-01 -6.684328e-01 2.372137e-01 -4.203701e-01 3.204363e-01 -6.903186e-01 8.070123e-02 -6.483546e-03 
-3.456908e+00 -6.777987e+00 5.961308e+00 -4.425004e+00 -1.770431e+01 -2.348318e+01 -1.156087e+01 4.091907e+00 -1.545908e+01 -1.193458e+01 -2.589862e+00 -1.466369e+01 2.013571e+01 4.067934e-01 -2.675624e-01 -1.915326e-01 -8.103829e-01 1.755164e+00 -1.271095e+00 -1.405273e+00 1.085739e+00 -7.941514e-01 -7.410940e-01 -2.243642e+00 1.437302e-01 -9.408625e-02 3.440163e-02 5.135117e-02 2.574134e-02 3.814598e-01 -4.001185e-01 9.616030e-01 -5.243092e-01 3.065419e-03 3.088840e-02 2.160125e-01 -3.113087e-01 -2.358551e-01 -1.296022e-03 
-3.474505e+00 -7.678073e+00 5.072733e+00 -3.378311e+00 -1.878578e+01 -2.436565e+01 -1.433086e+01 5.149499e+00 -1.625956e+01 -1.437944e+01 -4.639239e+00 -1.517227e+01 2.001727e+01 3.881595e-01 -6.728907e-02 -2.733545e-01 -1.747204e-01 1.057691e+00 4.933264e-01 -2.178323e+00 9.837031e-01 -7.277958e-01 -3.649525e-01 -2.282352e+00 -5.594791e-01 -1.121193e-01 2.816644e-02 3.000004e-01 -1.075341e-01 4.796506e-01 -3.396606e-01 1.139169e+00 -2.595447e-01 -4.605323e-01 2.401221e-01 7.831421e-02 3.396729e-02 -4.726202e-01 7.197542e-03 
-2.177416e+00 -7.018395e+00 5.462771e+00 -3.585379e+00 -1.652716e+01 -2.203635e+01 -1.458926e+01 6.032798e+00 -1.583003e+01 -1.332108e+01 -5.354115e+00 -1.578275e+01 1.995504e+01 3.675711e-01 3.244177e-01 -4.541965e-01 3.690750e-01 6.635051e-01 1.379267e+00 -2.529562e+00 2.412148e-01 2.137141e-02 -6.201628e-01 -2.621718e+00 -1.491444e+00 -9.237208e-02 2.985861e-03 3.129526e-01 -2.390658e-01 3.224675e-01 -1.419478e-01 8.231438e-01 -1.479062e-01 -9.972155e-01 2.563654e-01 -1.019446e-01 3.688255e-01 -5.562454e-01 5.826745e-03 
-2.415440e+00 -6.777410e+00 4.865400e+00 -3.678502e+00 -1.604519e+01 -1.926945e+01 -1.893307e+01 5.990562e+00 -1.739376e+01 -1.246943e+01 -9.578987e+00 -1.762465e+01 1.979095e+01 3.991053e-01 8.335971e-01 -7.291597e-01 4.193897e-01 7.152016e-01 2.127265e+00 -2.140227e+00 -1.164038e+00 -7.185890e-02 -9.568306e-01 -1.844241e+00 -1.835014e+00 -7.207637e-02 1.039480e-01 3.071262e-01 -3.171367e-01 1.672285e-01 2.277964e-01 2.959712e-01 2.670118e-01 -1.015107e+00 3.562107e-01 -5.620282e-02 6.707354e-01 -2.043660e-01 -3.634439e-03 
-2.148705e+00 -5.606286e+00 3.794122e+00 -2.429285e+00 -1.575696e+01 -1.913492e+01 -2.190757e+01 4.877499e+00 -1.478528e+01 -1.599057e+01 -1.322837e+01 -2.089494e+01 1.978686e+01 4.164360e-01 8.466606e-01 -1.158907e+00 5.048432e-01 1.216658e+00 2.027633e+00 -2.163959e+00 -2.826484e+00 1.597623e-01 -9.548911e-01 -6.184719e-01 -1.999684e+00 -8.503546e-02 1.770316e-01 2.915752e-01 -3.493955e-01 -6.439300e-02 3.203970e-01 -1.556923e-01 5.421376e-01 -6.192456e-01 2.229144e-01 3.389222e-01 5.357172e-01 1.367970e-01 -3.785060e-02 
-1.493446e+00 -4.216137e+00 2.261097e+00 -1.859188e+00 -1.559512e+01 -1.518005e+01 -2.137309e+01 -9.341393e-02 -1.714176e+01 -1.782925e+01 -9.923149e+00 -2.179110e+01 1.974099e+01 8.834540e-01 1.207329e+00 -1.506728e+00 5.936391e-01 1.920018e+00 1.648956e+00 -1.026180e+00 -2.558048e+00 9.841510e-01 -4.785821e-01 6.967271e-02 -1.327259e+00 -1.340606e-01 9.465517e-02 3.308930e-01 -3.980655e-02 -4.838132e-02 2.134741e-01 -3.957062e-01 6.542007e-01 6.603027e-02 3.162624e-01 6.830175e-01 7.617597e-02 4.539819e-01 -7.841005e-02 
-5.561700e-01 -4.065593e+00 9.706383e-01 -1.970860e+00 -1.066916e+01 -1.394303e+01 -2.418902e+01 -5.057569e+00 -1.515714e+01 -1.541585e+01 -8.274355e+00 -2.369805e+01 1.955494e+01 1.010503e+00 1.595500e+00 -1.812335e+00 -3.994583e-02 1.663115e+00 8.400153e-01 -3.757892e-01 -2.157970e+00 6.079051e-01 8.353462e-01 -9.002038e-01 -1.061329e+00 -2.506238e-01 -1.823912e-01 3.517255e-01 4.488303e-01 2.244181e-01 2.301834e-01 -1.219180e-01 5.808225e-01 4.412531e-01 2.306807e-01 6.309131e-01 -1.762906e-01 7.370064e-01 -1.090514e-01 
1.205389e+00 -1.510966e+00 -1.256409e+00 -9.396885e-01 -8.989369e+00 -1.362054e+01 -2.292307e+01 -1.832135e+00 -1.228713e+01 -1.514989e+01 -1.170735e+01 -2.285921e+01 1.923646e+01 5.754098e-01 2.113520e+00 -6.014758e-01 4.499217e-01 1.559435e+00 7.426592e-01 2.367551e-01 -1.168243e+00 1.285453e+00 1.563101e+00 -1.322466e+00 -3.429867e-02 -3.813118e-01 -5.675941e-01 -4.761390e-02 9.459481e-01 6.527393e-01 5.689784e-01 3.802524e-01 3.564839e-01 3.051305e-01 1.125616e-01 2.253845e-01 2.196689e-01 8.914978e-01 -1.393702e-01 
1.554089e+00 1.018811e+00 -3.508711e+00 -3.089099e+00 -1.074476e+01 -1.571478e+01 -2.301185e+01 -5.042927e+00 -1.417277e+01 -1.315317e+01 -1.683727e+01 -2.566732e+01 1.878597e+01 -3.415560e-01 2.152121e+00 6.327317e-01 1.698845e+00 2.547844e+00 1.871105e+00 1.087253e-01 -1.315247e+00 1.162577e+00 1.178859e+00 -8.039558e-01 1.038812e+00 -5.066516e-01 -6.881012e-01 -6.612728e-01 8.983525e-01 1.082050e+00 1.072479e+00 9.370258e-01 4.258280e-01 3.474564e-01 3.264145e-01 -8.956346e-03 8.524269e-01 9.269151e-01 -1.851709e-01 
3.283144e-01 3.809511e+00 1.492871e+00 9.492790e-01 -7.760241e+00 -1.058118e+01 -2.077811e+01 -5.941712e+00 -1.120650e+01 -1.114474e+01 -1.225396e+01 -2.097819e+01 1.821898e+01 -1.278459e+00 6.909797e-01 2.000460e+00 2.987875e+00 4.322615e+00 3.034574e+00 5.140488e-01 -1.453842e+00 1.269522e+00 4.764317e-01 1.119948e+00 2.080073e+00 -7.028207e-01 -5.428332e-01 -1.329340e+00 -7.963462e-02 5.983773e-01 9.553496e-01 7.648311e-01 7.631214e-01 5.978700e-01 4.557515e-01 1.729361e-01 8.709062e-01 6.592894e-01 -2.428250e-01 
-1.825011e+00 4.034894e+00 2.759323e+00 5.578574e+00 1.455563e+00 -6.107129e+00 -2.471775e+01 -9.578808e+00 -9.884326e+00 -1.152411e+01 -1.202065e+01 -1.944471e+01 1.753055e+01 -1.502976e+00 -9.996061e-01 1.378509e+00 4.101300e+00 5.643893e+00 4.379099e+00 1.614605e+00 -2.779777e-01 2.247955e+00 1.333902e+00 2.140830e+00 2.516094e+00 -1.015690e+00 -2.350306e-01 -1.476676e+00 -1.117780e+00 -4.024055e-01 1.036999e-02 1.049571e-01 1.213879e+00 1.045998e+00 7.408210e-01 8.074748e-01 4.990068e-01 3.760763e-01 -2.454053e-01 
-3.497196e+00 4.357049e-01 5.611802e+00 9.666163e+00 6.523871e+00 -3.251351e+00 -1.950023e+01 -6.833177e+00 -8.083588e+00 -1.358229e+01 -8.515965e+00 -1.557031e+01 1.634986e+01 -1.558096e+00 -2.957354e+00 -1.372478e+00 2.240472e+00 4.788171e+00 3.312734e+00 3.299477e+00 1.302427e+00 3.021503e+00 2.350294e+00 1.559788e+00 2.523548e+00 -1.340901e+00 4.759146e-02 -8.401309e-01 -1.547210e+00 -1.089211e+00 -1.084828e+00 -5.911643e-01 1.129418e+00 1.111963e+00 6.769646e-01 1.009788e+00 -3.653821e-01 -9.453138e-02 -1.207435e-01 
-4.047800e+00 -2.292293e+00 1.324821e+00 1.305911e+01 1.033293e+01 2.516058e+00 -1.557781e+01 -5.987046e+00 -4.494371e+00 -5.265068e+00 -8.002211e+00 -1.579094e+01 1.464180e+01 -1.376840e+00 -3.407109e+00 -3.269703e+00 6.050276e-02 2.366906e+00 2.256863e+00 4.785496e+00 2.536733e+00 3.990655e+00 4.279260e+00 1.471225e+00 2.697511e+00 -1.414611e+00 1.918402e-01 1.631846e-01 -8.194855e-01 -1.234306e+00 -1.624629e+00 -9.303757e-01 5.582315e-01 7.547038e-01 8.246079e-02 2.072425e-01 -6.153682e-01 -2.936479e-01 9.347709e-02 
-6.350700e+00 -7.813881e+00 -4.652322e+00 8.411647e+00 1.174220e+01 1.671466e+00 -8.850516e+00 -1.225343e+00 1.206150e+00 -2.522781e+00 -6.464264e+00 -1.018699e+01 1.295872e+01 -1.103457e+00 -2.306048e+00 -3.411458e+00 -4.376753e-01 5.368485e-01 1.139796e+00 4.575528e+00 2.698669e+00 3.782861e+00 4.052571e+00 -3.722805e-01 1.516750e+00 -1.107158e+00 2.646841e-01 1.017319e+00 4.443125e-01 -5.836945e-01 -1.511080e+00 -6.827490e-01 -4.437970e-01 -2.682662e-02 -6.941708e-01 -8.790825e-01 -5.869673e-01 -5.677789e-01 2.528658e-01 
-7.282882e+00 -8.876069e+00 -8.456979e+00 6.508295e+00 1.068082e+01 2.715671e+00 -6.114984e+00 3.007901e-01 5.423764e+00 4.342448e+00 -5.690313e+00 -8.648513e+00 1.215314e+01 -7.710456e-01 -5.093834e-01 -1.699348e+00 -7.311622e-01 -3.536245e-01 8.137165e-01 3.767878e+00 2.797445e+00 2.279540e+00 1.519063e+00 3.000162e-02 1.551311e+00 -6.652461e-01 2.706195e-01 1.099434e+00 1.049897e+00 -1.801507e-01 -9.827620e-01 -5.096655e-01 -1.017276e+00 -4.440501e-01 -1.270553e+00 -1.680983e+00 -3.340460e-01 -4.507790e-01 2.512262e-01 
-7.397263e+00 -7.802612e+00 -6.554494e+00 1.075298e+01 9.034104e+00 2.348014e+00 -1.353754e+00 3.516087e+00 5.871451e+00 1.877097e+00 -1.153345e+01 -1.155761e+01 1.205839e+01 -5.376670e-01 6.803718e-01 6.393930e-02 -2.822148e-01 -1.406798e+00 6.206480e-01 1.589374e+00 1.038025e+00 4.063447e-01 -6.648846e-01 -6.544928e-01 2.577694e-01 -4.512497e-01 1.968763e-01 5.987400e-01 9.096074e-01 -2.157440e-01 -4.241535e-01 -3.178399e-01 -1.181146e+00 -7.062832e-01 -1.303750e+00 -1.330181e+00 2.324018e-01 -1.647376e-01 1.458630e-01 
-7.379666e+00 -4.844897e+00 -6.220890e+00 8.232971e+00 9.918888e+00 6.246053e+00 -4.871117e-01 5.629302e+00 4.570616e+00 1.306082e-01 -5.317940e+00 -7.348857e+00 1.176575e+01 -3.067642e-01 5.967855e-01 2.420713e-01 -9.179677e-01 -1.575099e+00 -3.201726e-02 1.192294e+00 1.146755e+00 -6.739079e-01 -1.766955e+00 -5.779348e-02 1.072985e+00 -4.863558e-01 8.122552e-02 3.047671e-02 3.304161e-01 -3.279994e-03 -1.486151e-01 -4.082267e-01 -1.087215e+00 -7.673685e-01 -8.659434e-01 -4.493502e-01 1.613374e-01 -1.609153e-02 5.775575e-02 
-8.990261e+00 -6.427488e+00 -5.450792e+00 6.138451e+00 5.088609e+00 3.009019e+00 -3.717805e+00 1.300379e+00 3.664344e+00 -3.741372e+00 -9.922817e+00 -9.548310e+00 1.089600e+01 -3.511986e-01 1.345558e-01 1.657737e-01 -1.423101e+00 -9.731214e-01 -2.645406e-02 -4.241224e-02 -7.396883e-03 -1.259056e+00 -9.553475e-01 8.335093e-01 9.321302e-01 -4.672943e-01 3.572062e-02 -1.012671e-01 5.225375e-02 1.278178e-01 2.234339e-01 -4.074538e-01 -7.276704e-01 -4.757855e-01 -4.310297e-01 1.503232e-01 2.152041e-01 7.086483e-02 4.877837e-02 
-8.020107e+00 -6.579188e+00 -7.798187e+00 4.225635e+00 4.777931e+00 2.225137e+00 1.027966e+00 7.142764e+00 3.158085e+00 -1.682828e+00 -6.784532e+00 -4.288274e+00 1.030253e+01 -4.581801e-01 -8.418314e-02 -9.834945e-02 -1.770690e-01 -1.313457e+00 -9.039234e-01 -8.523098e-01 -5.168063e-01 -1.217497e+00 -5.825145e-01 9.263007e-02 1.133586e+00 -3.684898e-01 -5.948596e-02 -4.530849e-02 8.197619e-02 4.848464e-01 4.789294e-01 -1.435197e-01 -5.515288e-01 -5.485457e-01 -2.054005e-01 2.823038e-01 -1.650948e-02 -4.692262e-01 6.716318e-02 
-8.833277e+00 -6.262496e+00 -4.936977e+00 5.640656e+00 6.738866e+00 4.226125e+00 -2.323315e+00 2.722329e+00 2.826250e-01 -1.993420e+00 -6.632529e+00 -8.426975e+00 1.045348e+01 -2.833090e-01 5.146724e-01 4.954585e-01 -1.356904e-02 -4.203992e-01 -9.806703e-01 -1.026680e+00 -5.091686e-01 -1.476963e+00 -5.055065e-01 3.463137e-01 5.818807e-01 -2.662570e-01 -6.650055e-02 3.890194e-02 8.165915e-02 5.059832e-01 4.669942e-01 1.736263e-01 6.356567e-02 -6.868271e-02 2.877859e-01 4.460973e-01 -5.954497e-02 -3.375503e-01 5.203065e-02 
-9.749250e+00 -5.348252e+00 -6.969162e+00 7.596628e+00 2.526990e+00 1.117795e+00 -5.446229e+00 2.334601e+00 1.741085e-01 -3.656133e+00 -6.500108e+00 -2.241668e+00 1.014447e+01 -6.380029e-01 1.802287e-01 4.872242e-01 8.014014e-01 5.431670e-01 -2.723731e-01 -1.073270e+00 -1.345112e+00 -1.592081e+00 -5.804609e-01 1.032923e-01 -1.098019e+00 -2.511038e-01 -7.865770e-03 8.530361e-02 1.543756e-02 2.277406e-01 2.861554e-01 9.800129e-02 4.347880e-01 2.319004e-01 6.616350e-01 6.297094e-01 1.158629e-01 -6.244521e-02 4.168248e-02 
-9.542253e+00 -4.469837e+00 -3.388052e+00 4.385383e+00 4.112276e+00 -1.340700e+00 -5.614081e+00 1.158747e+00 -2.228692e+00 -5.282262e+00 -8.333761e+00 -7.662285e+00 9.643598e+00 -5.938290e-01 1.969264e-01 2.813666e-01 6.175769e-01 4.334554e-01 5.259470e-01 3.860191e-01 6.331629e-02 3.672794e-01 1.274007e+00 5.305490e-01 3.602885e-01 -2.658456e-01 9.081813e-02 1.954604e-01 -1.970977e-01 -3.505593e-02 -2.042578e-01 -1.146144e-01 3.697753e-01 3.325646e-01 7.462016e-01 4.257628e-01 1.335153e-01 5.476320e-01 3.770449e-02 
-1.085555e+01 -6.574565e+00 -6.136709e+00 8.860608e+00 8.807298e+00 3.646227e+00 -2.693029e+00 1.199012e+00 -3.546327e+00 -2.940563e+00 -5.417505e+00 -1.016061e+01 9.451947e+00 -3.422075e-01 5.011179e-01 8.593218e-02 6.461216e-01 -3.096824e-01 -1.167291e+00 6.153485e-01 3.564670e-01 1.168672e+00 1.676274e+00 5.797296e-01 9.322270e-01 -1.602530e-01 2.664827e-01 5.017031e-01 -1.001233e-01 -4.435481e-01 -4.336605e-01 -3.202357e-01 1.225910e-01 1.732006e-01 5.216383e-01 -2.838802e-02 -1.803908e-02 7.620846e-01 5.455722e-02 
-1.124871e+01 -4.664880e+00 -3.946451e+00 8.096693e+00 5.766077e+00 5.591362e+00 -1.769848e+00 3.606754e+00 3.978997e+00 4.018685e+00 -4.521089e+00 -2.666092e+00 9.470681e+00 2.304119e-02 1.331481e+00 -2.893019e-01 -1.112173e-01 -1.015340e+00 -1.106475e+00 -2.205238e-02 3.029172e-01 8.737431e-01 4.950277e-01 7.756836e-01 2.304860e+00 -1.230899e-01 2.871667e-01 4.710620e-01 -5.431110e-02 -3.823998e-01 -2.285397e-01 -1.726568e-01 -2.381427e-01 -4.836290e-01 -3.784929e-01 -8.180361e-01 -2.956407e-01 4.053852e-02 7.235070e-02 
-1.060734e+01 -2.745081e+00 -6.260798e+00 8.971523e+00 1.520139e-01 -8.184853e+00 -4.291149e+00 2.892963e+00 2.913810e+00 7.500156e-02 -5.507445e+00 -7.860748e-02 9.429768e+00 3.860747e-01 2.121377e+00 2.719858e-01 -1.051929e+00 -9.007462e-01 -1.057291e+00 -2.562532e-01 -5.989332e-01 7.629195e-01 -3.330084e-01 -1.095676e-01 1.740182e+00 -4.972365e-02 1.216344e-01 2.289937e-01 1.193472e-01 -2.180415e-01 8.465631e-02 7.717482e-01 -9.198081e-02 -4.718819e-01 -5.167637e-01 -5.224340e-01 -2.636018e-01 -5.625307e-01 8.092490e-02 
-9.551516e+00 2.727358e-01 -4.772669e+00 3.774024e+00 3.363340e+00 -9.575008e-01 -4.925449e+00 1.826360e+00 -1.090404e+00 -4.314633e+00 -4.410240e+00 -1.179471e+00 9.039145e+00 4.779406e-01 1.742145e+00 -8.334009e-02 -4.454438e-01 -4.135063e-01 -3.922349e-01 -3.689193e-01 -1.877091e+00 -1.322364e+00 -1.811677e+00 -6.031029e-01 1.589290e-01 4.071571e-02 -1.044513e-01 -1.508964e-01 3.749205e-01 2.087952e-01 3.189977e-01 8.159562e-01 4.326777e-02 -1.497924e-01 -6.065055e-03 2.480834e-01 -2.309841e-01 -7.461855e-01 9.216005e-02 
-9.773794e+00 1.563774e+00 -4.363302e+00 5.762171e+00 5.504422e+00 1.634069e+00 -2.396639e+00 -9.057558e-01 2.802569e+00 -4.386285e-01 -6.020537e+00 -2.203001e+00 9.419001e+00 3.854764e-02 1.440703e+00 5.795735e-01 -2.769756e-01 -1.871903e-01 2.334495e+00 3.288116e-01 -9.128516e-01 -3.170560e-01 2.173424e-01 -4.876423e-02 -8.074998e-01 1.624215e-01 -2.901880e-01 -3.276587e-01 4.709438e-01 2.387685e-01 2.019093e-01 5.427863e-01 1.860750e-01 3.131547e-01 2.542842e-01 5.462650e-01 2.667558e-01 -2.373007e-01 5.756760e-02 
-9.275519e+00 1.891735e+00 -5.311426e+00 7.474356e+00 1.021441e+00 -1.279504e+00 -4.561919e+00 -3.879462e+00 -2.577398e+00 -4.782534e+00 -7.280365e+00 -8.091807e-01 9.679559e+00 -3.256586e-01 9.172817e-01 1.431563e+00 5.453117e-01 2.229356e-01 1.277486e+00 -9.824570e-02 -2.890481e-01 1.383393e+00 1.460309e+00 -4.096463e-01 -1.523070e-01 2.316737e-01 -3.328152e-01 -2.181306e-01 5.554745e-01 -2.275557e-02 1.386116e-01 2.617332e-01 5.153427e-01 7.119441e-01 7.908198e-01 7.260939e-01 5.379083e-01 2.477002e-01 1.370211e-02 
-1.055223e+01 3.648854e+00 -3.093420e+00 5.736430e+00 3.864992e-01 3.648655e+00 -2.828635e+00 1.181273e+00 2.072012e+00 1.395660e+00 -4.316317e+00 -4.301011e+00 9.921383e+00 -6.630217e-01 8.954766e-01 1.869336e+00 -3.534863e-01 -2.094486e-01 8.218085e-01 5.386555e-01 1.727329e-01 6.816027e-01 7.624452e-01 1.127536e+00 7.092794e-01 1.425371e-01 -1.615872e-01 -1.830464e-01 1.372599e-01 -1.306311e-01 4.531131e-02 -2.323608e-01 5.283367e-01 4.735669e-01 1.294648e-01 -1.338865e-01 4.495222e-01 5.069036e-01 -3.258244e-02 
-1.079072e+01 3.816446e+00 1.750401e+00 6.513216e+00 7.037140e+00 4.422823e+00 -5.200637e+00 -6.624756e-01 6.191553e+00 2.069525e+00 -7.310898e+00 -8.915180e-01 9.946362e+00 -8.354170e-01 9.241572e-01 2.049136e+00 -5.209609e-01 2.905719e-01 1.672726e+00 2.102742e+00 1.139890e+00 2.132283e+00 1.546330e+00 1.498216e+00 6.389971e-01 1.191559e-01 7.422440e-03 -1.001354e-01 -4.572285e-01 -2.135172e-01 -1.863550e-01 -3.375093e-01 5.487620e-01 5.603875e-01 -4.744297e-01 -4.233840e-01 4.017739e-01 6.039989e-02 -7.951206e-02 
-1.233139e+01 5.078878e+00 1.452027e+00 4.475099e+00 1.449657e+00 2.891971e+00 6.167305e-01 -1.650520e+00 1.826374e+00 -5.267429e-02 -3.675728e-01 1.384813e+00 9.998474e+00 -5.144725e-01 5.220391e-01 9.571007e-01 -3.969358e-01 5.522909e-03 9.751759e-01 1.870040e+00 7.405837e-01 -4.415301e-02 -4.950105e-01 1.244821e+00 1.331461e+00 5.580037e-02 1.225936e-01 -2.276876e-01 -6.733701e-01 1.182391e-01 -4.395574e-02 -5.362135e-01 -1.207716e-01 4.892900e-01 -4.222482e-01 -1.390024e-01 3.127265e-03 -1.537384e-01 -8.800562e-02 
-1.256339e+01 5.797502e+00 2.661424e+00 5.500214e+00 1.943434e+00 7.462673e+00 4.229506e+00 3.235921e+00 8.207053e+00 3.673339e+00 -1.763473e+00 -4.570862e-01 1.023685e+01 -3.629262e-01 6.033663e-01 -3.984325e-01 -5.006363e-01 -8.163086e-01 -4.868094e-01 1.979958e+00 2.228993e+00 -6.258382e-01 -2.782840e-02 1.540577e+00 -1.613100e-01 -1.224728e-01 1.020894e-01 -3.515930e-01 -5.687075e-01 8.193889e-02 -9.083226e-02 -7.365792e-01 -6.979030e-01 -1.278162e-01 -7.003128e-01 -1.154436e-01 -5.623772e-02 -1.509414e-01 -9.967083e-02 
-1.223877e+01 5.268142e+00 1.236275e+00 4.258190e+00 2.961703e+00 7.004680e+00 1.806265e+00 2.934918e+00 8.433692e-01 -1.881475e+00 -8.660612e-01 2.138587e+00 1.005511e+01 -2.863061e-01 -8.251338e-02 -2.737714e-01 2.276160e-01 1.241378e-01 -7.795098e-01 -3.815948e-03 2.074608e+00 -5.052537e-02 8.543985e-01 1.121965e+00 3.408302e-01 -1.765719e-01 -2.411324e-02 -4.184081e-01 -2.199642e-01 -1.000216e-01 -1.508787e-01 -2.553149e-01 -7.606226e-01 -5.532807e-01 -1.800711e-01 3.077111e-01 -1.188273e-01 -1.098360e-01 -1.213886e-01 
-1.265184e+01 6.738620e+00 -1.339998e-01 4.118883e+00 2.199774e+00 -6.725577e-02 4.104059e+00 8.189657e+00 3.554011e+00 2.844726e+00 6.416836e-01 -2.075174e+00 9.305733e+00 -4.390251e-01 -5.314832e-01 -1.790248e-01 -4.235835e-01 -2.229471e-01 -1.132900e+00 -4.497342e-01 -1.662441e-01 -1.366139e+00 2.944645e-01 1.278536e+00 3.796500e-01 -2.630344e-01 -1.991648e-02 -3.573775e-01 2.649430e-02 -1.765808e-01 -9.132613e-02 3.533566e-01 -6.589208e-01 -1.068349e+00 -2.361104e-01 -1.142399e-01 -3.581062e-01 1.644521e-01 -9.641855e-02 
-1.371878e+01 4.195840e+00 1.480711e+00 6.304256e+00 1.942253e+00 2.759382e+00 6.600184e-01 6.245668e+00 3.899993e+00 4.633286e+00 4.039502e+00 3.898149e+00 9.581150e+00 -5.968261e-01 -1.002553e+00 -2.524039e-01 -9.356726e-01 -1.045497e+00 2.171825e-02 -7.181596e-01 -8.282360e-01 -5.744437e-01 8.824637e-01 7.817352e-01 5.116954e-01 -4.809391e-01 1.911343e-02 -8.877600e-02 -9.643770e-02 -2.616583e-01 -1.809636e-01 6.384057e-02 -2.328347e-01 -8.085740e-01 -1.770763e-01 -4.384307e-01 -6.126398e-01 -1.338456e-01 -7.112601e-02 
-1.401839e+01 3.676304e+00 1.643772e+00 2.359380e+00 1.338616e+00 3.921120e+00 2.553644e+00 7.496195e-01 -1.514409e-01 1.888438e+00 2.175979e+00 5.614401e-01 9.158657e+00 -3.071551e-01 -7.234077e-01 -2.766899e-01 -8.018917e-01 -6.880724e-01 8.794635e-01 -9.574815e-01 -1.661347e+00 -1.544288e+00 -6.130895e-01 -7.979029e-02 5.754915e-01 -4.523468e-01 6.593732e-02 8.387845e-02 -1.215234e-01 7.621286e-02 5.033233e-02 -4.326879e-01 -1.741916e-01 -1.077195e-01 2.948924e-01 -3.195192e-01 -6.973879e-01 -1.688230e-01 1.528793e-02 
-1.453936e+01 1.786556e+00 -9.146981e-01 4.594345e-01 -1.835500e+00 5.119284e+00 -1.009659e+00 2.513964e+00 -1.759593e-01 3.009351e+00 2.275544e+00 3.379105e+00 7.724079e+00 -2.568568e-01 -4.303152e-01 -7.071668e-01 -8.915005e-01 -5.480610e-01 -1.466439e+00 -9.142637e-01 -1.220763e+00 -8.467926e-01 -8.839297e-01 -1.262143e+00 -4.263689e-01 -4.376050e-01 7.187274e-02 1.782327e-01 8.141162e-04 2.724884e-01 2.892009e-01 -8.664982e-01 -8.156419e-03 1.239348e-01 3.827076e-01 -2.376654e-01 -4.852697e-01 -2.248559e-01 1.313487e-01 
-1.377713e+01 4.326158e+00 -3.198210e-01 3.031686e+00 6.487447e-01 3.149865e+00 1.516061e-01 1.748927e+00 -2.129256e+00 5.915583e-01 1.124573e+00 1.061833e+00 7.972363e+00 -2.793998e-01 -3.980986e-01 -5.592620e-01 -6.460632e-02 -2.200751e-01 -2.552150e+00 -1.222784e+00 -5.085679e-01 2.445423e-01 -4.199419e-01 -1.186450e+00 4.617923e-03 -2.083182e-01 1.167916e-02 1.054655e-01 9.394442e-02 2.669745e-01 2.423244e-01 -8.077217e-01 9.503166e-02 2.188520e-01 5.269682e-01 9.030855e-02 -1.851788e-01 -1.706143e-01 1.503786e-01 
-1.512330e+01 1.719231e+00 -1.073083e+00 1.510669e+00 -4.528047e-01 -4.187250e+00 -2.709814e+00 -3.578122e-01 6.553951e-01 8.622750e-01 -1.745551e+00 1.516280e+00 7.986145e+00 -2.513840e-01 -2.741432e-01 -1.070007e-01 5.815414e-02 1.663566e-01 -2.594885e+00 -6.262279e-01 -7.849843e-01 4.447174e-01 -4.023727e-01 -1.091259e+00 -3.271412e-01 5.381193e-02 3.885168e-03 4.363852e-02 1.652386e-01 2.022209e-01 1.814960e-01 -2.299649e-01 1.172405e-01 5.952414e-02 2.782938e-01 9.808981e-02 4.372366e-02 -1.332602e-02 1.244947e-01 
