-1.687831e+01 -1.328935e+00 -1.760445e+00 3.609902e-01 3.479416e-01 -2.923896e-01 6.602792e-01 2.118386e+00 2.789301e+00 1.615353e+00 2.025168e+00 1.767527e+00 7.278661e+00 1.349022e-01 3.074859e-01 -6.821024e-01 6.753346e-02 -3.438955e-01 8.830675e-02 -1.240499e+00 -1.643572e-01 7.824717e-02 8.810574e-01 8.101468e-01 8.331526e-02 -4.845190e-02 -2.270946e-02 1.355957e-01 1.104505e-01 1.317388e-01 3.872212e-02 -5.644683e-02 -2.091435e-02 -7.664298e-02 -1.005588e-01 -3.752460e-01 -2.998398e-01 1.081012e-01 2.018575e-02 
-1.661976e+01 -4.198049e-01 -3.236933e+00 -4.084244e-02 -3.254470e+00 -6.139018e+00 -2.084006e+00 1.873300e+00 6.821843e+00 3.265358e+00 8.724084e-01 7.146441e-01 7.149856e+00 8.608150e-02 8.815997e-01 -1.857005e-01 7.041301e-01 -2.896318e-01 9.250341e-02 -1.512336e+00 -4.652744e-01 -2.147803e-01 4.584229e-01 1.003050e-01 5.989315e-01 -5.234665e-02 -1.922440e-02 1.174801e-01 3.296960e-01 5.068406e-02 1.404246e-01 1.815289e-01 4.284396e-01 1.003041e-01 -2.601550e-01 -5.942391e-01 -4.394022e-01 1.693464e-02 4.739925e-02 
-1.633330e+01 -2.462321e-01 -4.433062e+00 8.994519e-01 4.298022e-01 3.072173e+00 -4.170566e+00 1.419025e+00 1.164456e+00 5.195279e+00 6.652144e+00 2.710985e+00 7.100798e+00 4.588959e-02 6.984497e-01 -3.780091e-01 4.079214e-01 -1.773161e-01 -1.960869e-01 -1.209197e+00 -3.971055e-01 -2.779991e-01 -7.840233e-01 -3.341317e-01 3.663096e-01 5.449036e-02 3.086679e-02 -3.675136e-02 4.652322e-01 -2.778291e-03 8.893319e-02 4.168164e-02 8.664599e-01 2.610019e-01 -1.695872e-01 -4.808971e-01 -4.769970e-01 -2.091368e-01 7.680622e-02 
-1.672072e+01 2.537314e+00 -1.352934e+00 3.612344e+00 -1.141375e+00 -1.512192e+00 -4.486369e+00 1.416077e-01 2.528027e+00 2.117423e+00 2.130846e-01 4.290308e+00 7.105726e+00 8.324309e-02 6.995636e-01 8.143259e-01 1.506896e-01 2.750668e-01 1.138171e+00 8.860655e-01 4.536152e-01 -1.044435e+00 -1.257776e+00 -8.146293e-01 2.652933e-02 1.370859e-01 4.943642e-02 -2.650082e-01 3.291137e-01 -1.333205e-01 1.877635e-01 2.359013e-01 1.053598e+00 3.321311e-01 -5.488110e-02 1.556023e-01 4.753359e-02 -3.020941e-01 8.218143e-02 
-1.659842e+01 6.845945e-01 -4.592523e+00 5.739883e-01 -1.595429e+00 -3.586298e+00 -4.184812e+00 9.989956e-01 3.546463e+00 -1.730705e+00 6.840767e-01 1.811038e+00 7.573009e+00 2.907878e-01 2.148766e-01 1.144075e+00 3.303677e-01 -1.814388e-01 -2.260930e-01 1.892568e+00 6.812160e-01 -3.548867e-01 -6.654584e-01 -1.117339e+00 -6.760128e-01 2.408340e-01 4.647152e-02 -1.933982e-01 1.618892e-01 6.800798e-02 2.348256e-01 3.545383e-01 6.496117e-01 1.392851e-01 1.160558e-01 6.767381e-01 2.704952e-01 -1.804301e-01 3.481692e-02 
-1.607106e+01 2.612614e+00 9.146037e-01 8.752882e-01 -8.668696e-01 2.881271e+00 2.353271e+00 4.351391e+00 4.082637e-01 4.395469e-01 -2.165981e-01 1.297090e+00 7.599442e+00 2.108581e-01 -2.015468e-01 6.988760e-01 7.633729e-02 6.512355e-01 1.287083e+00 2.204769e+00 6.561744e-01 -4.506913e-01 1.177115e+00 7.297149e-01 -3.903462e-01 2.654112e-01 -4.533632e-02 -2.012128e-01 -4.134967e-01 5.535456e-02 7.405327e-02 -6.722172e-02 -3.134956e-01 -1.436551e-01 4.484396e-01 4.483841e-01 4.485333e-01 -1.144638e-02 -1.920030e-02 
-1.520388e+01 7.909504e-01 1.534307e-01 3.919610e+00 -6.147390e-01 -2.550245e-01 1.872442e+00 2.719960e+00 4.499513e-01 2.707143e+00 1.280623e+00 8.275144e-01 8.058435e+00 2.144913e-01 1.819383e-01 4.891044e-01 7.852053e-01 8.087895e-01 1.502092e+00 1.379373e+00 1.980512e-01 5.386947e-03 1.382093e+00 2.462514e-01 -3.274140e-01 1.644163e-01 -1.014093e-01 -6.431553e-02 -6.395360e-01 -2.135471e-01 -7.789491e-02 -9.456640e-02 -7.507952e-01 -2.084335e-01 4.170165e-01 -4.280642e-03 4.388087e-01 9.941868e-02 -9.541738e-02 
-1.636367e+01 1.476308e+00 -2.314984e-01 2.320931e+00 1.624421e+00 3.257300e+00 3.509041e+00 2.561934e+00 1.822732e+00 5.784192e+00 3.563373e+00 2.830317e+00 8.190153e+00 -1.053410e-01 -2.900189e-01 -9.256143e-01 1.999910e-01 1.501601e-01 -6.207357e-02 -4.249884e-01 -2.315008e-02 1.017619e+00 -3.956984e-02 7.461154e-01 -2.048900e-01 7.933618e-02 -7.040792e-02 -4.570261e-02 -4.526581e-01 -2.686326e-01 -3.696451e-01 -6.355067e-01 -9.059629e-01 -2.652406e-01 2.187518e-01 -4.975974e-01 6.155677e-02 2.041517e-01 -1.321038e-01 
-1.537953e+01 2.162516e+00 -1.574234e+00 3.777015e+00 1.203112e+00 3.736253e+00 2.134227e+00 2.884176e+00 2.865890e+00 2.507608e+00 2.540336e-02 -5.928429e-01 8.099877e+00 -5.822337e-02 -6.231470e-02 -1.241457e+00 -7.991632e-01 -3.203850e-01 -2.430362e-02 -5.466678e-01 -2.134152e-02 9.960176e-01 -7.851672e-02 1.068366e+00 -2.715634e-01 -1.432689e-01 -1.024496e-01 -1.060170e-01 -1.097655e-01 -3.478655e-01 -2.284935e-01 -5.690464e-01 -5.306059e-01 -1.699344e-01 -1.623418e-01 -3.924297e-01 9.404264e-02 4.384715e-01 -1.130857e-01 
-1.650977e+01 4.765624e-01 -2.849920e+00 1.946543e+00 -1.024588e+00 5.751613e-01 9.693791e-02 4.153754e+00 4.289083e+00 3.413948e-01 4.141705e+00 9.826035e-01 7.975328e+00 -4.974761e-03 -3.078406e-01 -6.990265e-01 -4.747021e-01 -6.324846e-01 -1.127256e+00 -1.361943e+00 -5.602936e-01 1.476902e-01 -5.804650e-01 6.264272e-01 6.025391e-01 -2.413763e-01 -4.122707e-02 5.538967e-02 3.816200e-01 -1.734338e-01 1.861693e-02 -1.304676e-01 6.186138e-02 -1.519327e-02 -6.559363e-01 -2.267456e-01 -3.456089e-01 3.081250e-01 -7.741164e-02 
-1.542180e+01 9.794130e-01 -4.744340e+00 1.110008e-01 -8.914278e-01 9.644383e-01 8.454873e-01 1.817599e+00 4.197467e+00 5.036135e+00 6.333379e+00 3.932650e-01 7.449580e+00 -3.479685e-01 -3.391878e-01 -1.729805e-01 -6.167639e-01 5.767788e-02 -8.105479e-01 -8.052070e-01 -3.830543e-01 -3.713627e-01 -3.095610e-01 7.763864e-01 1.461142e+00 -2.407048e-01 -1.006962e-02 1.438365e-01 5.561235e-01 7.927018e-02 -7.786273e-03 1.107733e-02 1.417873e-01 2.366060e-01 -4.483391e-01 -2.676173e-01 -5.636377e-01 -4.796727e-02 -1.580829e-04 
-1.636736e+01 5.284641e-01 -2.141205e+00 1.780381e+00 -4.903109e-01 -9.928165e-01 -2.656252e+00 2.934454e-01 1.895927e+00 1.617776e+00 3.541580e+00 5.350084e+00 7.308454e+00 -1.666507e-01 1.252907e-01 4.481418e-01 -7.583454e-01 5.411230e-02 -3.212873e-01 1.348095e-02 8.174663e-02 -1.578255e+00 -1.057767e+00 -8.358276e-01 4.691924e-01 -2.589698e-01 1.058215e-01 2.278078e-01 3.678383e-01 1.662541e-01 -1.115650e-01 2.829396e-01 3.906059e-01 3.224078e-01 -9.354962e-02 2.235187e-02 -5.132529e-01 -5.533448e-01 5.337706e-02 
-1.719063e+01 4.408268e-01 -2.793292e+00 7.762470e-01 1.223850e+00 4.674818e-01 -5.144863e-01 2.899442e+00 2.205675e+00 3.216029e-01 4.207409e+00 4.529404e+00 7.229827e+00 -2.756852e-02 4.400349e-01 9.655641e-01 -2.610893e-01 -7.026820e-01 -3.719270e-01 -5.254857e-01 8.407870e-01 -3.828348e-01 -1.177853e+00 -1.018675e+00 -4.448607e-01 -1.352108e-01 2.115696e-01 1.533561e-01 1.612584e-01 3.183933e-01 -1.715346e-01 3.310644e-01 2.008473e-01 -1.330992e-02 1.255851e-01 4.134015e-01 -2.802144e-01 -6.633959e-01 9.071427e-02 
-1.645889e+01 1.372504e+00 -1.584656e+00 -2.177685e+00 -1.812087e+00 -7.828922e-01 8.448937e-01 4.022134e+00 -2.606812e+00 -2.590243e+00 1.025611e+00 1.260902e+00 6.790098e+00 3.639053e-01 4.414670e-01 5.709218e-01 1.786217e-01 -8.102065e-01 6.823273e-02 4.511265e-01 4.398423e-01 -3.142461e-01 -3.470148e-02 -1.042316e+00 -1.211270e+00 -2.723223e-02 1.086824e-01 -3.135220e-02 -1.081875e-02 3.689076e-01 1.469303e-01 2.802459e-01 8.004125e-02 -4.368005e-01 3.335760e-01 7.785658e-01 3.313446e-01 -1.007136e-01 1.221701e-01 
-1.551414e+01 2.757683e+00 -1.950204e-01 7.848982e-01 -3.744542e+00 -1.000290e+00 -3.532429e+00 4.157055e+00 4.534361e+00 1.250615e+00 2.498112e+00 2.131894e-01 7.032699e+00 4.446297e-01 2.697739e-01 5.718920e-01 5.066843e-01 -3.678517e-01 6.500996e-01 -1.970434e-02 -6.284625e-01 -3.753901e-01 1.245982e+00 -5.215153e-01 -1.015659e+00 9.699686e-02 -5.319070e-02 -1.328707e-01 -1.209753e-01 1.240871e-01 4.558443e-01 1.218595e-01 2.379605e-01 -5.970165e-01 1.185366e-01 7.013491e-01 4.959232e-01 3.278235e-01 8.941265e-02 
-1.538569e+01 1.577558e+00 -5.855080e-01 2.669365e+00 -2.057668e+00 8.228096e-02 1.108459e+00 1.863810e+00 -8.404235e-01 9.795855e-01 -8.154215e-01 1.451748e+00 7.271045e+00 1.405790e-01 5.384469e-02 5.907563e-01 7.023693e-01 6.213737e-01 5.689642e-01 1.608142e-01 -1.367609e+00 8.593594e-02 1.623178e+00 5.723407e-01 2.510008e-01 2.357305e-01 -2.071574e-01 -1.158207e-01 -1.356790e-01 -4.782711e-02 3.982970e-01 -2.700658e-01 1.192836e-01 -1.502250e-01 2.573809e-01 2.076368e-01 5.466604e-01 3.773139e-01 4.250612e-02 
-1.550347e+01 1.686892e+00 -4.333429e-01 8.863259e-01 -4.924938e-01 3.285154e+00 -7.448092e-01 8.360176e-01 -5.544276e-01 4.766318e+00 2.520555e+00 -6.441085e-01 7.474221e+00 -1.818646e-01 -3.049021e-02 3.508017e-01 9.754651e-02 8.607132e-01 -1.297264e-02 8.094570e-01 -1.240453e+00 9.902572e-03 1.499948e+00 6.537321e-01 4.630461e-01 1.803311e-01 -8.746909e-02 -3.738441e-01 -5.037086e-01 -4.164324e-01 -1.144026e-01 -6.133004e-01 -4.863656e-03 2.296420e-01 8.857042e-02 -6.175755e-01 -1.237396e-01 1.131479e-01 1.063578e-01 
-1.576120e+01 2.176980e+00 1.488176e+00 1.283385e+00 -3.309556e-01 -8.110667e-02 2.548397e-01 -1.155614e+00 3.675456e-01 3.767428e+00 3.875959e+00 2.944049e+00 7.747960e+00 -3.585274e-01 1.263198e-02 2.943068e-03 1.440467e-01 5.668872e-01 -9.505764e-01 6.330572e-01 -5.342681e-03 7.799998e-01 8.765948e-01 1.103348e+00 -6.406093e-02 1.435996e-01 8.194628e-02 -6.537482e-01 -1.046581e+00 -6.132560e-01 -5.907330e-01 -2.657197e-01 -4.063931e-01 3.764993e-01 -2.009709e-01 -8.442155e-01 -7.360384e-01 -3.394833e-01 2.063174e-01 
-1.623604e+01 2.305883e+00 5.220316e-01 1.965337e+00 -3.042144e-01 -9.836450e-01 9.416531e-01 -5.354730e-01 3.979820e+00 7.356645e+00 3.420905e+00 1.782174e+00 7.695765e+00 2.568404e-01 -1.578911e+00 -1.652700e+00 -1.296339e+00 -9.127169e-01 -1.656734e+00 -2.802441e-01 -1.614357e-01 -2.795856e-01 -1.468738e+00 -1.405742e+00 -2.922736e-01 6.748300e-01 4.375624e-04 -1.133422e+00 -8.213186e-01 -2.020862e-01 -3.442800e-01 2.849769e-01 -5.118691e-01 3.929239e-01 -3.241037e-01 -6.592382e-01 -7.698632e-01 -2.025706e-01 3.000581e-01 
-1.681224e+01 1.330813e+00 -1.048257e+00 2.849846e+00 6.830243e-01 -2.536337e+00 3.430684e+00 2.522737e+00 7.926616e-01 4.067136e+00 4.250996e+00 -8.147982e-02 7.878109e+00 3.309797e-01 -2.440718e+00 -3.640464e+00 -1.666980e+00 -1.445660e+00 6.214757e-02 -1.326287e+00 -2.468040e-02 -7.743518e-01 -1.113550e+00 -2.078073e+00 -1.068838e+00 1.020120e+00 -2.067413e-01 -1.193594e+00 6.925099e-02 4.219062e-01 2.518510e-01 5.724129e-01 -2.136210e-01 2.938510e-01 -1.888033e-01 -1.124368e-01 -4.789701e-01 1.234042e-01 2.092340e-01 
-1.369361e+01 -5.784821e+00 -7.428422e+00 -6.378581e+00 -5.562939e+00 -3.770746e+00 -3.733664e+00 -1.810002e+00 -2.164730e+00 -2.727171e+00 -4.695576e+00 -5.928429e-01 1.078306e+01 -5.244042e-01 -4.470802e+00 -1.934049e+00 -7.379085e-03 1.454803e-01 9.054664e-01 -7.701389e-01 7.339426e-01 -8.334211e-01 -8.010626e-01 -1.604903e+00 -4.735918e-02 1.242389e+00 -2.392511e-01 2.486940e-01 1.381570e+00 1.138447e+00 9.241118e-01 4.863496e-01 3.090749e-01 2.606077e-01 2.508443e-01 5.008581e-01 6.040568e-01 2.201059e-01 -2.220602e-01 
-1.537748e+01 -5.981792e+00 -1.273891e+01 -2.879923e+00 -4.929884e+00 1.623424e+00 -4.038783e+00 -6.419244e-01 -4.317887e-01 3.241527e+00 -2.456087e+00 -1.212338e+00 1.130477e+01 -1.001598e+00 -4.509469e+00 4.898590e-01 1.609163e+00 1.297051e+00 6.303753e-01 -1.901025e-01 1.016357e+00 1.129077e-01 -1.948785e-02 -1.191839e+00 4.305779e-01 9.059632e-01 2.100091e-01 1.810261e+00 1.925267e+00 9.214181e-01 7.972172e-01 -2.606888e-02 3.791738e-01 -4.156015e-02 1.974093e-01 1.660620e-01 7.429145e-01 2.226564e-01 -5.452476e-01 
-1.957546e+01 -1.639233e+01 -3.302593e+00 4.793380e+00 3.229980e+00 1.463773e+00 8.253044e-01 4.716544e+00 4.247448e-01 3.764197e+00 -1.249658e+00 2.110446e+00 1.219453e+01 -2.730344e-01 6.987680e-01 3.190049e+00 2.757823e+00 2.336529e+00 4.909063e-01 6.969565e-01 6.209769e-01 5.311522e-01 4.884444e-01 1.171480e+00 5.859668e-02 -3.784312e-01 6.563045e-01 2.931369e+00 7.794453e-01 -2.368665e-01 -1.743375e-01 -1.100949e-01 5.203443e-02 -6.002575e-01 -3.345985e-02 6.854864e-04 4.372936e-01 -4.633930e-02 -6.688291e-01 
-1.887983e+01 -1.591245e+01 -6.622854e-01 5.309766e+00 2.771561e+00 -2.001676e+00 2.002270e-01 4.340663e+00 6.264492e-02 7.239053e-01 -3.431249e+00 7.198137e-01 1.170216e+01 1.255280e+00 4.025541e+00 3.423859e+00 1.557461e+00 1.444911e+00 1.391563e-01 -1.640956e-01 -1.761824e-01 -4.694860e-01 -9.280456e-01 2.482578e-01 -8.477521e-03 -8.956943e-01 4.770061e-01 2.170087e+00 -4.910431e-01 -1.032309e+00 -7.355527e-01 2.346110e-01 7.214693e-02 -5.420051e-01 -1.120963e-01 8.058302e-02 2.599250e-01 -1.081607e-03 -4.492893e-01 
-1.330784e+01 2.674726e+00 2.483502e+00 3.315817e+00 2.268937e+00 4.963548e-01 -2.368348e+00 -1.196462e+00 2.439372e-01 9.739306e-01 1.649480e+00 -1.265757e+00 8.692381e+00 1.628702e+00 5.918462e+00 4.961112e-01 -1.165882e+00 -8.000668e-01 6.005790e-01 -5.230144e-01 -1.671169e+00 -7.094244e-01 -3.433352e-01 -1.383735e-01 -5.951805e-02 -1.200895e+00 -1.753237e-01 -2.894466e-01 -1.254908e+00 -1.002663e+00 -7.409509e-01 2.257376e-01 1.958356e-01 -1.249530e-01 1.190485e-01 2.227989e-01 1.321554e-02 1.663827e-01 9.845107e-03 
-1.223505e+01 4.612530e+00 1.487481e+00 5.646267e+00 2.775381e+00 2.802804e+00 -3.262333e+00 1.433466e+00 -2.688733e+00 -3.147327e-03 -2.664586e+00 4.337605e-01 8.577240e+00 4.325949e-01 3.731164e+00 -6.185026e-01 -1.590547e+00 -8.124349e-01 1.748575e+00 7.805081e-01 -5.474945e-01 1.728312e-01 7.993096e-01 7.627775e-01 4.842907e-01 -9.292026e-01 -6.045059e-01 -1.627090e+00 -9.147333e-01 -4.342532e-01 -2.360027e-01 1.743814e-02 4.739385e-01 2.328831e-01 5.742501e-01 5.590453e-01 3.944841e-01 -4.031579e-02 2.358690e-01 
-1.475449e+01 2.937212e+00 -1.896977e+00 -1.204278e+00 -7.724571e-01 2.064672e+00 -5.799579e-02 -2.185883e+00 -1.746885e+00 2.411475e+00 -2.325003e+00 1.955787e+00 7.752439e+00 -7.381934e-01 -6.011033e-01 -1.063378e+00 -6.814320e-01 -2.396023e-01 8.149585e-01 1.203915e+00 1.817741e-01 8.052629e-01 7.387593e-01 9.804320e-01 6.439594e-01 -3.124219e-01 -4.383675e-01 -1.710635e+00 9.632912e-02 4.449275e-01 3.023735e-01 -2.934265e-01 2.799216e-01 5.865583e-01 6.258344e-01 2.092189e-01 2.716227e-01 -2.166797e-01 3.195342e-01 
-1.599390e+01 2.612188e+00 -1.564506e+00 -3.830117e-01 2.300624e-01 5.957103e+00 2.948074e+00 2.098169e+00 1.922103e+00 4.002105e+00 2.369630e+00 1.530585e+00 7.526191e+00 -5.838973e-01 -8.499708e-01 -3.700321e-01 -8.559878e-01 -1.530507e-02 1.191522e-01 1.342187e+00 6.157418e-02 1.644315e+00 1.326107e+00 1.661311e+00 -5.617729e-01 -1.606610e-01 -7.056397e-02 -7.245057e-01 4.833814e-01 4.368783e-01 6.322207e-02 -7.478055e-01 -3.649889e-01 1.946467e-01 1.346419e-01 -2.890200e-01 -2.225713e-01 -1.076054e-01 2.159108e-01 
-1.511975e+01 6.692792e-01 -1.307424e+00 2.923232e+00 2.343703e+00 2.994046e+00 5.457114e-01 -6.196439e-01 1.964760e+00 2.665540e+00 4.034040e+00 1.405652e+00 7.655892e+00 -5.493081e-02 -3.439614e-01 8.534559e-01 6.914846e-01 3.132854e-01 -5.186169e-02 5.958709e-01 9.570916e-01 1.683979e+00 4.395580e-01 7.703670e-01 -6.200286e-01 1.252108e-02 1.473301e-01 2.542353e-01 4.519358e-01 1.731440e-01 -1.778326e-01 -4.983532e-01 -5.269044e-01 1.020999e-01 -1.551751e-01 -4.182272e-01 -4.668496e-01 1.440795e-01 6.947858e-02 
-1.497201e+01 1.496728e+00 -6.574217e-01 -6.971392e-01 1.140898e+00 2.933582e+00 3.146342e+00 9.581479e-01 3.676858e+00 6.500339e+00 2.462657e+00 -2.099792e+00 7.822555e+00 -2.617943e-01 -1.998813e-02 8.400891e-01 -9.269616e-02 -7.726564e-01 -1.557064e+00 -7.403663e-01 3.806285e-02 4.067895e-01 -4.961815e-01 -2.451507e-01 5.783550e-01 -1.205614e-02 1.246512e-01 2.209167e-01 7.138618e-02 2.295212e-01 -1.657902e-01 -1.643089e-01 -3.584703e-01 6.110422e-02 -5.029161e-01 -5.768796e-01 -3.673484e-01 5.885165e-01 2.527171e-02 
-1.553959e+01 1.774955e+00 1.916878e+00 2.410128e+00 3.386641e-01 3.317085e+00 2.821634e+00 3.169697e+00 5.795166e+00 3.359875e+00 1.480665e+00 6.711329e-01 7.666644e+00 -1.626769e-01 2.551346e-01 5.914031e-01 -1.974617e-01 -7.500373e-01 -8.386655e-01 -3.893319e-01 7.041709e-01 6.481923e-01 -4.413110e-01 -4.005185e-01 7.944087e-01 -3.925223e-02 6.925443e-02 -2.843949e-02 -4.437291e-01 4.210901e-03 -5.356797e-02 4.043664e-02 -7.483159e-02 1.489650e-02 -5.737953e-01 -1.914993e-01 5.514416e-02 2.787672e-01 1.201447e-02 
-1.709295e+01 1.959163e+00 1.023690e+00 -5.897452e-01 -2.630692e+00 -1.989787e+00 -1.892268e+00 3.937078e-01 2.040379e+00 1.173466e+00 2.421022e+00 4.789609e+00 7.460556e+00 9.334784e-02 -4.497035e-02 1.180695e-01 7.359839e-01 -3.126967e-01 -3.090470e-01 4.231213e-02 4.936818e-01 -3.524459e-01 -1.117912e+00 4.099939e-01 1.673722e+00 -8.362839e-03 1.144041e-01 -7.411928e-02 -4.074308e-01 2.039825e-01 2.522316e-01 4.237376e-01 2.455600e-01 3.488623e-01 -2.372768e-01 2.246007e-01 2.636245e-01 -2.108733e-01 2.732056e-02 
-1.487269e+01 1.713694e+00 8.089914e-01 1.882107e+00 4.794643e-01 1.262341e+00 1.118551e+00 3.183313e+00 6.023963e+00 3.122371e+00 2.052166e+00 1.932955e+00 7.640659e+00 1.137844e-01 -4.736462e-01 -1.004198e+00 2.981937e-01 -1.844472e-01 -4.736960e-01 -1.696265e-01 8.039201e-01 -8.054730e-01 -2.072240e-01 7.186359e-01 2.261486e-01 7.074087e-02 -4.684478e-02 -2.872366e-02 -2.671875e-01 -5.415382e-02 1.527438e-01 1.705050e-01 1.849174e-02 1.067864e-01 -1.198537e-01 3.099478e-01 -1.285772e-02 -3.785546e-01 1.849847e-02 
-1.483863e+01 1.302735e+00 4.865959e-01 3.246906e+00 -4.930395e-01 2.415905e+00 4.209507e+00 3.420147e+00 1.800434e+00 1.029267e+00 4.226601e+00 5.637429e+00 7.793657e+00 1.719151e-01 -2.635302e-02 -3.993527e-01 6.794794e-01 2.056494e-01 3.790653e-01 3.774599e-01 1.732548e+00 -5.270597e-02 5.097435e-01 5.133689e-01 -1.919295e-01 6.946500e-02 -8.278768e-02 1.380111e-01 -5.061098e-02 -3.530660e-01 1.385906e-01 1.575117e-01 -1.526611e-01 -1.922280e-01 1.817371e-01 3.199680e-01 -2.647114e-01 -4.833419e-01 -2.308105e-02 
-1.609814e+01 -2.653762e-01 -2.835676e+00 1.982640e+00 -1.652731e+00 -1.254712e+00 -1.077234e+00 5.675845e+00 1.887687e+00 2.396126e+00 4.170654e+00 1.377650e+00 7.853916e+00 -4.361863e-01 1.020588e-01 -4.858054e-01 -4.398870e-01 -2.453964e-01 -3.302401e-01 -4.645283e-01 6.186119e-01 -1.007913e-01 2.945214e-01 -5.166301e-01 -1.656075e-01 1.433415e-02 2.726256e-03 2.361907e-01 3.113528e-01 -1.244432e-01 2.027819e-01 2.368747e-01 -2.353488e-02 -5.528234e-01 2.163104e-01 -6.607158e-02 -4.479993e-01 -1.730709e-02 -4.807698e-02 
-1.562044e+01 2.817242e+00 8.492908e-01 2.757368e+00 -5.366985e-01 1.163832e+00 1.093619e+00 7.810237e+00 3.845062e+00 4.085312e+00 3.928327e+00 4.107217e+00 7.701142e+00 -4.562083e-02 3.572912e-01 -3.942863e-01 -6.602228e-01 4.106703e-01 4.067633e-01 -5.736161e-01 -3.748462e-01 2.039524e-01 2.310299e-01 -2.960095e-01 -5.472090e-01 -9.552465e-02 -6.338579e-02 -4.302511e-01 3.624518e-01 -3.703237e-01 1.828151e-01 1.250965e-01 -5.160722e-02 -5.790151e-01 -8.201206e-02 -3.862770e-01 -4.028291e-01 -1.065744e-01 2.952614e-01 
-1.666285e+01 1.466948e+00 -1.801439e+00 -7.276233e-02 -7.260694e-01 2.371765e-01 3.539735e-01 4.081549e+00 4.497520e+00 3.067034e+00 -3.818356e-01 1.870488e+00 7.758264e+00 2.360632e-01 5.156180e-01 5.501171e-01 3.458144e-01 7.270040e-01 6.967525e-01 1.883509e-01 -9.065640e-01 1.476902e-01 -3.982057e-01 -1.116729e+00 3.171397e-01 -8.719794e-02 -1.866632e-01 -9.183074e-01 3.372177e-01 -3.980817e-01 5.560910e-02 2.759902e-01 5.170686e-02 1.525123e-01 -1.183967e-01 -3.439550e-01 -1.377275e-01 -1.280302e-02 6.900138e-01 
-1.478445e+01 2.222926e+00 -2.001894e+00 9.737327e-01 1.096693e+00 3.703984e+00 6.258495e-01 2.342842e+00 1.514922e+00 1.849221e+00 5.022863e+00 2.654981e+00 7.364008e+00 -4.811468e-01 -2.384389e+00 8.950653e-01 -1.565016e+00 6.335190e-01 4.910462e-01 -2.069305e-01 -3.998879e-01 -5.870143e-01 -1.075314e+00 -1.200737e+00 -9.662223e-01 1.596543e+00 -5.457801e-01 -6.176590e-01 -6.395594e-02 -5.977539e-01 -5.866843e-01 -2.822442e-01 -1.399843e-01 3.086988e-01 -2.357804e-01 -9.934025e-02 -1.491786e-01 1.291564e-01 8.845819e-01 
-1.533562e+01 2.610061e+00 1.340527e+00 4.603651e+00 1.165456e+00 9.590034e-01 9.812514e-02 3.876898e+00 3.791256e+00 1.523259e+00 -1.959724e+00 3.689338e+00 7.586897e+00 -1.151807e+00 -3.118739e+00 5.555069e-01 -1.977915e+00 -7.881696e-02 1.007515e+00 -3.892142e-01 1.393790e+00 -2.974041e-01 -7.719538e-01 -7.528660e-01 -1.996832e-02 2.618310e+00 -6.819053e-01 5.168053e-01 -3.531775e-01 -5.301807e-01 -9.020347e-01 -4.900004e-01 -3.623356e-01 -8.785547e-02 -1.947099e-01 3.056849e-01 1.807539e-01 1.107060e-01 6.133388e-01 
-1.869023e+01 -9.676595e+00 3.753282e+00 -7.405685e+00 1.685544e+00 3.257980e+00 1.865739e-01 5.912678e+00 1.263343e+00 -5.189508e-01 -1.286088e+00 -1.633663e+00 1.576972e+01 -2.080649e+00 -9.137790e-01 -7.167051e-01 -2.487177e+00 -2.119888e+00 -1.159850e+00 -9.847841e-01 1.844689e-02 -7.523838e-01 -7.871957e-02 -1.223855e+00 2.670344e-01 2.974680e+00 -3.920735e-01 1.884570e+00 -1.603308e-01 3.969969e-01 -7.796041e-01 -6.163337e-01 -1.926568e-01 -7.420343e-01 -2.394819e-01 3.060364e-01 2.130283e-01 2.037176e-01 -2.348112e-01 
-2.046890e+01 -8.176977e+00 -1.901493e+00 -5.772700e+00 -1.414244e+00 5.497511e+00 -1.372261e+00 9.265486e+00 3.136859e+00 3.914807e-01 -9.917183e-01 3.914649e+00 1.664693e+01 -2.373800e+00 2.364144e+00 -4.099168e-01 -1.844097e+00 -2.406583e+00 -9.277745e-01 -1.234380e+00 -1.555004e+00 -7.432306e-01 6.319596e-01 -2.013581e-01 2.540739e-01 2.290412e+00 1.876423e-01 1.720961e+00 6.568173e-01 7.545719e-01 -4.529751e-02 -4.379142e-01 8.072914e-02 -1.151203e+00 -2.831514e-01 2.926836e-03 1.683867e-01 -4.759075e-01 -6.877027e-01 
-2.262103e+01 3.047397e+00 -3.964407e+00 -6.274170e+00 -8.212494e+00 -4.364172e+00 -3.563297e+00 -2.590293e-01 -1.919937e+00 2.021694e+00 -1.580458e+00 3.877169e+00 1.770717e+01 -1.830414e+00 4.297004e+00 5.760960e-01 3.530175e-01 -2.100612e+00 -1.622951e+00 -7.476623e-01 -2.635690e+00 -1.561535e+00 -2.469823e-01 -4.112486e-01 -8.463747e-02 5.863923e-01 1.178959e+00 1.613128e-01 1.123648e+00 8.093592e-01 5.265412e-01 6.653633e-02 2.387139e-01 -7.977463e-01 -4.781871e-01 -5.283170e-01 3.647007e-02 -9.723855e-01 -6.950544e-01 
-2.523938e+01 8.068670e+00 3.149833e+00 -5.182629e+00 -5.918214e+00 1.315350e-01 -4.199059e+00 -8.119166e-01 1.666646e+00 3.412788e+00 -2.819415e+00 2.203930e+00 1.807029e+01 -3.387720e-01 2.880496e+00 3.193175e+00 3.747870e-01 -3.150366e-01 -9.505065e-01 -1.040797e-01 -3.035105e+00 -1.308416e+00 -6.730652e-01 -3.172951e-01 -2.223663e+00 3.738598e-01 1.950821e+00 -1.326655e+00 6.804014e-01 3.758637e-01 -5.619791e-02 -1.929212e-01 -6.808375e-02 -1.479908e-02 -8.702670e-01 -8.431168e-01 -2.721457e-01 -1.302322e+00 -3.300946e-01 
-2.545731e+01 3.685957e+00 4.107986e+00 -5.935581e+00 -6.565459e+00 -2.173555e+00 -2.138619e+00 -2.227556e+00 -5.809481e+00 -3.264786e+00 -2.428765e+00 -1.201568e+00 1.799009e+01 2.796765e+00 -3.654430e-01 3.100039e+00 4.501797e-01 -5.329826e-01 -8.157238e-01 -3.563820e-01 -3.230290e+00 -2.860815e+00 -2.067851e+00 -9.835187e-01 -3.356041e+00 4.576641e-01 1.895424e+00 -1.724275e+00 -1.166079e-01 -2.251737e-01 -8.227905e-01 -1.195569e-01 -6.105645e-01 7.963983e-01 -7.066543e-01 -5.642666e-01 -2.664378e-01 -1.056443e+00 8.044594e-02 
-2.074510e+01 5.906668e+00 1.002818e+01 -4.068416e+00 -3.813305e+00 -3.501358e-01 -2.605201e+00 -4.925563e+00 -1.460889e+00 -3.307249e-01 -2.153911e+00 -4.664361e+00 1.837494e+01 5.066700e+00 -1.938050e+00 1.730055e+00 -1.338169e-02 -3.471354e+00 -2.295956e+00 -1.770404e+00 -1.331577e+00 -4.444945e+00 -2.673150e+00 -1.275935e+00 -4.622034e+00 7.043092e-01 8.754990e-01 -1.247799e+00 -1.158582e+00 -3.114621e-01 -1.294103e+00 -2.917741e-01 -7.525313e-01 1.258826e+00 -3.462732e-01 -3.544147e-01 -1.025040e-02 -2.223776e-01 9.541456e-02 
-1.088443e+01 2.301629e+00 8.096589e+00 -4.580328e+00 -1.193006e+01 -8.202253e+00 -6.141963e+00 -1.435353e+01 -1.466033e+01 -6.445642e+00 -6.830654e+00 -9.468246e+00 1.984332e+01 4.943967e+00 -1.915137e+00 7.245315e-01 -5.787474e-01 -4.636407e+00 -1.547971e+00 -2.967310e+00 4.945166e-01 -3.526687e+00 -2.068256e+00 -1.264158e+00 -4.167746e+00 8.234348e-01 -6.409169e-01 -4.301801e-01 -1.238506e+00 -1.200708e-01 -5.513531e-01 -3.093009e-03 -2.941038e-01 1.351636e+00 8.820232e-01 2.171296e-01 6.438714e-01 6.336114e-01 -3.091488e-02 
-7.192061e+00 -9.290369e-01 9.805840e+00 -5.927228e+00 -2.059254e+01 -8.334050e+00 -1.104879e+01 -1.406889e+00 -1.613248e+01 -8.362637e+00 -6.997843e+00 -1.677251e+01 2.066521e+01 2.965026e+00 -2.583451e+00 -1.411991e+00 -6.680662e-01 -4.733792e+00 -2.043177e+00 -2.561320e+00 1.396712e+00 -2.706918e+00 -2.444844e+00 -2.283141e-01 -2.929679e+00 6.681149e-01 -1.457981e+00 3.876592e-02 -9.087159e-01 2.332311e-01 6.070312e-01 2.624764e-01 3.833339e-01 4.439933e-01 1.524425e+00 5.603638e-01 9.734163e-01 1.323059e+00 -1.622821e-01 
-7.514225e+00 -2.471622e+00 7.841938e+00 -7.899698e+00 -2.135767e+01 -5.921960e+00 -1.275306e+01 -1.514166e+00 -1.610727e+01 -9.590548e+00 -6.327460e+00 -1.598629e+01 2.096202e+01 6.429780e-01 -2.193601e+00 -1.521620e+00 1.771011e-01 -2.658514e+00 -9.576408e-01 -1.431373e+00 2.163682e+00 6.801679e-01 -1.096308e+00 1.712083e+00 -1.034098e+00 3.212807e-01 -1.279255e+00 2.124628e-01 -3.530805e-01 4.700687e-01 9.736654e-01 4.376978e-03 7.639320e-01 -1.903884e-01 1.206374e+00 6.768261e-01 7.821653e-01 1.302329e+00 -1.982695e-01 
-7.604513e+00 -4.624265e+00 3.095637e+00 -5.748835e+00 -2.276785e+01 -1.170643e+01 -1.210661e+01 -4.362361e+00 -1.427157e+01 -1.098245e+01 -3.547045e+00 -1.605350e+01 2.115623e+01 -7.275604e-02 -1.605007e+00 -1.690429e+00 7.749609e-01 -1.425046e+00 -1.278755e+00 -6.216289e-01 5.364433e-02 1.073760e+00 -3.573318e-01 2.102989e+00 4.265695e-01 1.440025e-01 -6.369637e-01 4.295661e-01 3.944797e-01 3.239581e-01 8.867044e-01 1.396743e-01 6.024750e-01 -2.945858e-01 5.219964e-01 7.650737e-01 2.356839e-01 9.376628e-01 -1.448307e-01 
-7.463335e+00 -6.818600e+00 3.843608e+00 -3.784121e+00 -2.413493e+01 -1.130390e+01 -1.277087e+01 -2.057564e+00 -1.218961e+01 -1.061690e+01 4.260761e-03 -1.499846e+01 2.120417e+01 6.655323e-02 -1.342137e+00 -9.015757e-01 1.050200e+00 -1.422483e+00 -1.908394e+00 -1.174950e-01 2.140500e-01 6.147523e-01 2.721066e-01 1.481081e+00 6.658721e-01 9.417652e-02 -1.007331e-01 4.686390e-01 6.008655e-01 6.847171e-02 5.503491e-01 1.861467e-01 3.087145e-01 -5.194046e-02 -3.464701e-01 5.579026e-01 -2.148198e-01 5.241030e-01 -6.041826e-02 
-7.581120e+00 -6.780737e+00 3.352720e+00 -4.110181e+00 -2.632934e+01 -1.203660e+01 -1.414806e+01 -8.663802e-01 -1.272283e+01 -9.636190e+00 3.513246e-01 -1.513374e+01 2.126443e+01 6.848335e-02 -8.614277e-01 2.504434e-01 5.153280e-01 -9.182881e-01 -8.693711e-01 -2.059891e-01 8.985219e-01 -6.430014e-02 6.964654e-01 1.065662e+00 9.086486e-01 5.751215e-02 1.957937e-02 4.431351e-01 6.082901e-01 -2.245403e-02 5.146372e-01 4.525310e-01 1.290778e-01 4.242400e-01 -3.245763e-01 2.921049e-01 -5.894398e-02 2.521770e-01 -2.447909e-02 
-7.192882e+00 -8.104230e+00 3.205766e+00 -3.468203e+00 -2.668952e+01 -1.529858e+01 -1.231913e+01 -2.191659e+00 -1.380767e+01 -8.903483e+00 -8.713681e-01 -1.311629e+01 2.137890e+01 6.882396e-02 -2.220736e-01 5.123884e-01 6.492262e-01 -1.601567e-01 -2.315487e-01 -9.560684e-02 1.481575e+00 -4.830329e-01 1.166465e+00 1.156649e+00 1.345165e+00 6.241417e-02 -2.406187e-02 4.189809e-01 3.516302e-01 3.067708e-02 5.459543e-01 5.887790e-01 5.147757e-02 2.789594e-01 1.493486e-02 7.145848e-03 2.780705e-01 9.800778e-02 -1.753712e-02 
-7.397261e+00 -8.288438e+00 4.666620e+00 -3.330381e+00 -2.608212e+01 -1.405602e+01 -1.336152e+01 1.973090e-01 -1.378392e+01 -8.357386e+00 2.219029e+00 -1.245156e+01 2.135627e+01 2.409058e-02 5.082136e-02 6.440077e-01 8.630791e-01 5.169691e-01 1.454513e-01 1.289255e-02 1.541119e+00 -1.050305e-04 6.559972e-01 1.970390e+00 1.347704e+00 3.750120e-02 -1.235832e-02 2.659571e-01 5.483843e-02 1.223978e-01 3.469786e-01 2.367615e-01 1.180061e-01 -9.608965e-02 2.255641e-01 -2.198458e-01 2.382207e-01 -1.156368e-01 -1.664527e-02 
-7.211350e+00 -7.174679e+00 5.748452e+00 -9.280363e-01 -2.505886e+01 -1.145200e+01 -1.364230e+01 4.818457e+00 -1.407428e+01 -5.424132e+00 4.853723e+00 -9.613857e+00 2.147029e+01 -3.154230e-02 2.965064e-01 6.597459e-01 1.029631e+00 5.896178e-01 5.281167e-01 3.054430e-02 1.287363e+00 6.574677e-01 3.280928e-01 2.419046e+00 9.364403e-01 1.648298e-02 -3.567652e-03 4.743301e-02 -1.287396e-01 -2.228840e-02 4.720021e-02 -1.526512e-01 4.345222e-02 -4.703065e-01 1.410998e-01 -3.954621e-01 -1.719398e-01 -3.420337e-01 -2.455140e-02 
-7.451434e+00 -6.991747e+00 5.301336e+00 -1.064665e+00 -2.455951e+01 -1.323296e+01 -1.342266e+01 3.334326e+00 -1.259001e+01 -8.095243e+00 7.341068e+00 -1.014676e+01 2.140645e+01 5.690262e-02 2.091482e-01 4.509445e-01 9.371113e-01 4.416462e-01 -6.536095e-02 3.209743e-01 5.151064e-01 4.933186e-01 1.631488e-02 1.625545e+00 5.349304e-01 -2.789318e-03 -3.515636e-03 -8.839865e-02 -1.713950e-01 -1.477957e-01 -8.831085e-02 -3.398310e-01 -9.658192e-02 -3.932207e-01 -2.151467e-01 -2.702102e-01 -5.894996e-01 -3.302038e-01 -2.435857e-02 
-7.323799e+00 -7.269549e+00 6.187229e+00 5.471398e-01 -2.450275e+01 -1.306957e+01 -1.213629e+01 2.677050e+00 -1.111737e+01 -7.394041e+00 8.662969e+00 -9.586717e+00 2.143624e+01 3.442240e-02 -6.390592e-02 -3.489343e-02 5.006817e-01 1.135015e-01 -8.894451e-01 -3.229591e-02 -3.568997e-01 -2.426973e-02 -4.911103e-01 4.693146e-01 4.149409e-02 -4.025950e-02 -5.180141e-03 -1.360676e-01 -1.844973e-01 -1.669746e-01 -5.606193e-03 -3.208165e-01 -2.879455e-01 -6.985416e-02 -4.368016e-01 -1.791499e-01 -6.688821e-01 -1.641504e-01 -2.570840e-02 
-7.056629e+00 -7.195525e+00 6.701742e+00 6.175426e-01 -2.415239e+01 -1.357400e+01 -1.250968e+01 3.843890e+00 -1.279602e+01 -7.290638e+00 8.441784e+00 -9.790486e+00 2.135941e+01 -2.643316e-02 -2.110942e-01 1.343468e-01 3.886330e-01 3.135082e-01 -8.450304e-01 -4.386391e-01 3.972715e-01 -7.349316e-01 -2.854221e-01 -2.197605e-03 1.441096e-01 -5.597280e-02 -3.446502e-02 -7.433240e-02 -1.739184e-01 -9.337279e-02 1.105610e-01 -3.736440e-02 -4.832727e-01 2.412487e-01 -3.069746e-01 -1.604280e-01 -3.926817e-01 -5.518463e-02 -2.650383e-02 
-7.236384e+00 -7.392071e+00 4.874023e+00 7.341844e-01 -2.469540e+01 -1.572861e+01 -1.426025e+01 2.778963e+00 -1.409270e+01 -8.281854e+00 6.649868e+00 -9.584562e+00 2.129265e+01 -1.598780e-02 -1.737004e-01 -1.045299e-01 4.689879e-01 6.256078e-01 -6.861169e-01 -1.029384e+00 9.970191e-01 -9.123834e-01 -4.168678e-01 -1.115919e-01 3.109934e-01 -8.545202e-02 4.494793e-03 3.024092e-02 -1.166079e-01 -2.225528e-02 2.114330e-01 2.470157e-01 -4.490094e-01 3.079980e-01 1.647058e-02 -1.624936e-01 -6.465191e-02 -9.555840e-02 -2.498528e-02 
-7.627085e+00 -7.985537e+00 6.629828e+00 7.848982e-01 -2.289610e+01 -1.612842e+01 -1.455350e+01 5.269431e+00 -1.477715e+01 -9.078380e+00 8.336396e+00 -9.426888e+00 2.119835e+01 -9.035420e-02 -1.076646e-01 -3.838301e-01 4.861154e-01 7.383693e-01 -3.538114e-01 -1.596947e+00 1.044320e+00 -5.975101e-01 -8.229702e-01 -4.738601e-02 1.242011e-01 -1.127153e-01 7.690075e-02 1.214584e-01 -2.028405e-01 1.103447e-02 1.590418e-01 3.350258e-01 -3.261724e-01 -2.517940e-02 3.805138e-01 -2.241527e-01 1.254609e-02 -2.679066e-01 -2.414164e-02 
-7.118189e+00 -7.743045e+00 5.700509e+00 2.808082e+00 -2.200273e+01 -1.522317e+01 -1.626133e+01 6.949548e+00 -1.468893e+01 -8.584388e+00 8.157823e+00 -8.213317e+00 2.108948e+01 8.891992e-02 3.570473e-02 -3.588213e-01 3.407722e-01 9.582096e-01 1.001273e-01 -1.698150e+00 8.594291e-01 -1.060081e-02 -1.034642e+00 1.686983e-01 -4.262883e-01 -1.368224e-01 1.523236e-01 1.179063e-01 -1.609131e-01 -3.007258e-02 1.389712e-01 2.624085e-01 -1.277006e-01 -2.583204e-01 5.455834e-01 -1.530008e-01 -1.267345e-01 -3.501194e-01 -1.777816e-02 
-7.567166e+00 -7.558836e+00 4.369586e+00 2.011278e+00 -2.180681e+01 -1.559614e+01 -1.949357e+01 6.980081e+00 -1.548535e+01 -1.125429e+01 7.451009e+00 -9.854675e+00 2.089750e+01 3.056611e-01 2.914145e-01 -7.528168e-01 5.078848e-01 9.422759e-01 4.369793e-01 -1.735101e+00 3.402322e-01 7.167810e-01 -1.097221e+00 -7.957620e-02 -8.268629e-01 -1.510584e-01 2.324279e-01 9.005801e-02 -7.963020e-02 -8.164684e-02 2.312959e-01 1.682640e-01 9.904004e-02 -2.981773e-01 5.245166e-01 1.018539e-01 -3.163646e-01 -2.380062e-01 -9.486359e-03 
-6.821470e+00 -7.426955e+00 4.209777e+00 1.825129e+00 -2.044847e+01 -1.549389e+01 -2.028130e+01 6.221305e+00 -1.379168e+01 -1.236749e+01 7.936314e+00 -1.150250e+01 2.075906e+01 5.478344e-01 2.161496e-01 -7.244664e-01 3.076378e-01 1.218608e+00 2.305735e-01 -1.598830e+00 5.753969e-02 1.158336e+00 -1.044683e+00 -7.291377e-01 -9.642181e-01 -1.552218e-01 1.975253e-01 7.705738e-02 -9.045174e-02 -1.948651e-01 2.845522e-01 1.562441e-01 1.105376e-01 -3.386911e-01 2.995540e-01 3.301639e-01 -4.001161e-01 -1.800503e-01 -5.244042e-03 
-6.247321e+00 -6.686718e+00 3.611192e+00 3.816094e+00 -1.896134e+01 -1.380805e+01 -2.121921e+01 7.334919e+00 -1.164186e+01 -1.267325e+01 8.049183e+00 -1.191650e+01 2.060808e+01 8.423480e-01 2.522704e-01 -5.992071e-01 9.434512e-02 1.764699e+00 4.222910e-01 -1.151417e+00 -4.568757e-02 1.440624e+00 -3.086482e-01 -1.180324e+00 -7.967998e-01 -1.509241e-01 1.377592e-01 1.095234e-01 -8.424027e-02 -3.383589e-01 3.249702e-01 2.368747e-01 3.912836e-02 -3.796430e-01 9.609149e-02 4.306291e-01 -2.743303e-01 -2.209124e-01 -1.483807e-03 
-5.039104e+00 -7.098528e+00 2.457099e+00 3.444093e+00 -1.733231e+01 -1.496433e+01 -2.339244e+01 7.059713e+00 -1.081877e+01 -1.309858e+01 4.212939e+00 -1.200352e+01 2.045777e+01 8.081735e-01 4.403531e-01 -8.878856e-01 -4.268413e-01 1.969831e+00 8.887497e-01 -1.437257e+00 -6.411225e-01 1.125140e+00 2.216988e-01 -1.281518e+00 -1.341544e+00 -1.630784e-01 5.869523e-02 2.724930e-01 -1.483446e-01 -3.447849e-01 1.349225e-01 4.431821e-01 -6.769067e-02 -4.033820e-01 -1.704929e-01 3.846595e-01 5.003521e-02 -3.578251e-01 5.506374e-03 
-4.247033e+00 -6.461669e+00 2.249696e+00 1.673584e+00 -1.454086e+01 -1.374962e+01 -2.369518e+01 6.331882e+00 -9.768343e+00 -1.243171e+01 3.411147e+00 -1.358844e+01 2.029357e+01 8.641471e-01 7.269326e-01 -1.092375e+00 -8.166907e-01 2.191677e+00 1.292189e+00 -1.620247e+00 -1.208733e+00 1.213866e+00 4.227216e-01 -1.175090e+00 -1.742653e+00 -1.545503e-01 3.289540e-02 4.629557e-01 -1.160255e-01 -2.756880e-01 -1.026717e-01 4.853763e-01 -7.830378e-02 -2.808329e-01 -4.223501e-01 3.183419e-01 2.096459e-01 -2.732247e-01 1.849847e-02 
-3.780819e+00 -5.337275e+00 4.511602e-01 7.622262e-01 -1.280978e+01 -1.107937e+01 -2.622932e+01 3.517521e+00 -9.102312e+00 -1.137950e+01 3.847985e+00 -1.737434e+01 2.010115e+01 8.304267e-01 1.341304e+00 -1.219575e+00 -9.607534e-01 1.679682e+00 2.011426e+00 -1.702857e+00 -1.377764e+00 4.192379e-01 5.128877e-01 -4.816483e-01 -2.280449e+00 -1.259440e-01 6.301254e-02 5.200732e-01 1.240866e-01 -1.407734e-01 -3.730364e-01 3.215798e-01 1.329103e-01 -4.747298e-02 -4.803529e-01 2.681093e-01 1.674001e-01 2.670249e-02 2.939351e-02 
-2.556187e+00 -3.932101e+00 -8.478018e-01 1.073669e+00 -1.026447e+01 -9.289240e+00 -2.790213e+01 3.062421e+00 -6.430916e+00 -1.141909e+01 2.355968e+00 -1.794429e+01 2.001356e+01 9.956223e-01 2.116549e+00 -1.013576e+00 -1.017018e+00 1.396442e+00 2.287776e+00 -1.410309e+00 -1.081577e+00 -3.181515e-01 1.137661e+00 -5.320709e-01 -1.693617e+00 -7.692386e-02 5.182915e-02 4.916565e-01 3.368780e-01 -5.299447e-02 -5.652987e-01 1.519205e-01 4.754453e-01 -5.053890e-02 -4.759820e-01 3.422936e-01 6.261380e-02 2.428975e-01 2.119813e-02 
-1.732104e+00 -1.656511e+00 -2.091526e+00 -1.059892e+00 -1.107216e+01 -7.137347e+00 -2.980349e+01 1.805633e+00 -1.039172e+01 -1.104021e+01 2.332224e+00 -2.122787e+01 1.996809e+01 1.057613e+00 2.346163e+00 -3.067557e-01 -1.030464e+00 5.021496e-01 1.998906e+00 -8.776969e-01 -9.420397e-01 -5.106148e-01 1.204803e+00 -7.659514e-01 -1.232782e+00 -5.489838e-02 -1.147405e-02 1.807072e-01 4.005941e-01 1.155742e-01 -3.161812e-01 -2.446226e-01 8.955804e-01 -2.814899e-01 -3.311917e-01 2.857764e-01 -1.053473e-01 6.903192e-01 -1.061925e-02 
-2.932433e-01 2.280783e+00 -1.546441e+00 -2.500762e+00 -8.427514e+00 -4.281630e+00 -2.895996e+01 1.780052e+00 -1.071504e+01 -6.913379e+00 1.508638e+00 -2.012976e+01 1.997548e+01 1.009587e+00 2.682707e+00 1.355325e-01 -1.046871e+00 -4.616962e-02 2.058149e+00 3.443923e-01 -1.679516e+00 -7.011254e-01 1.788195e+00 -7.198034e-01 -1.051869e+00 -8.410901e-02 -2.416959e-01 -3.744124e-01 3.009679e-01 1.822862e-01 -8.900294e-02 -6.210873e-01 1.206243e+00 -6.241279e-01 -2.866953e-01 -3.798879e-02 -2.985361e-01 1.125911e+00 -5.776682e-02 
3.761184e-01 3.286910e+00 -7.331569e-01 -2.602786e+00 -1.121732e+01 -3.588676e+00 -3.008901e+01 -5.515645e-01 -9.513371e+00 -7.608118e+00 4.417499e-01 -2.244532e+01 1.984578e+01 7.661651e-01 1.961723e+00 2.089418e-01 -3.679357e-01 8.200433e-01 9.030883e-01 1.897628e+00 -2.486275e+00 -1.045167e+00 1.616484e+00 -9.144276e-01 8.503929e-01 -1.755013e-01 -4.342062e-01 -7.598845e-01 1.569880e-01 4.092197e-01 4.298909e-01 -7.047512e-01 1.097426e+00 -7.675689e-01 -3.651743e-01 -3.520854e-01 -3.062524e-01 1.468003e+00 -8.746304e-02 
1.437822e+00 7.009791e+00 -8.491914e-01 -3.389149e+00 -1.042218e+01 -7.730414e-01 -2.603759e+01 -4.156472e+00 -1.037572e+01 -4.194202e+00 -2.975905e-01 -2.259481e+01 1.965403e+01 -6.707922e-02 4.368524e-01 2.334116e-01 -4.369257e-01 7.925215e-01 -2.697383e-01 3.233277e+00 -3.429928e+00 -1.484403e+00 7.418020e-01 -1.950446e+00 2.894419e+00 -3.055054e-01 -4.206301e-01 -8.498942e-01 9.924074e-02 6.321120e-01 6.640939e-01 -5.588601e-01 5.604485e-01 -2.797380e-01 -4.931505e-01 -8.528293e-01 -1.870659e-02 1.009348e+00 -6.762538e-02 
1.233033e+00 5.787549e+00 -1.395666e+00 -2.455418e+00 -5.974425e+00 -4.376061e+00 -2.177602e+01 -7.657404e+00 -1.578686e+01 -4.317801e+00 -1.336505e+00 -1.574289e+01 1.925126e+01 -5.751550e-01 -3.304360e-01 4.292774e-01 7.106929e-01 2.232236e+00 -3.609457e-01 3.165024e+00 -3.904607e+00 -1.944875e+00 -3.247015e-02 -1.681933e+00 4.134223e+00 -3.814530e-01 -2.020599e-01 -3.796695e-01 9.805272e-03 7.125042e-01 2.434421e-01 -1.896107e-02 3.566701e-01 3.066840e-01 -4.326670e-01 -1.161564e+00 4.700614e-01 -5.573605e-01 -7.051847e-03 
-1.056997e+00 3.214588e+00 -4.841384e-02 -4.758721e+00 -7.086637e+00 -5.236819e+00 -1.694992e+01 -1.181685e+01 -1.499965e+01 -4.849761e+00 -7.354340e+00 -9.008578e+00 1.874500e+01 -4.230161e-01 -4.206585e-01 5.216589e-01 1.574348e+00 2.568291e+00 -1.041801e-01 2.512851e+00 -2.368858e+00 -2.717047e+00 -1.651504e+00 -4.296555e-01 2.352882e+00 -3.192713e-01 1.447813e-01 8.174613e-02 -1.296131e-01 6.635799e-01 -2.432350e-01 2.698558e-01 3.898852e-01 7.121295e-01 -3.181972e-01 -1.191713e+00 6.365074e-01 -1.826909e+00 4.279537e-02 
-1.252347e+00 3.532379e+00 1.012573e+00 1.635697e+00 -1.724223e+00 -3.161694e+00 -1.880794e+01 -1.624407e+01 -1.692551e+01 -7.442915e+00 -4.439589e+00 -8.567436e+00 1.839286e+01 -6.617093e-02 4.920679e-01 1.138655e-01 2.188935e+00 1.149302e+00 7.254996e-01 4.041256e+00 -1.483357e+00 -2.592318e+00 -2.994665e+00 6.754540e-01 -1.665691e+00 -2.038390e-01 2.313876e-01 1.343880e-01 -2.338494e-01 2.226977e-01 -9.114817e-01 1.272978e-02 4.870411e-01 8.261377e-01 3.043581e-01 -6.177513e-01 -2.008072e-02 -1.894416e+00 1.893234e-02 
5.657231e-01 6.034295e+00 5.550355e-01 2.436976e+00 2.939137e-01 -1.901469e+00 -1.495775e+01 -1.170751e+01 -2.339193e+01 -1.088914e+01 -8.941371e-01 -1.441817e+01 1.848694e+01 4.023941e-01 4.343065e-01 -2.570616e-01 2.141955e+00 1.177356e-01 5.362303e-01 4.744619e+00 -1.079908e+00 -2.751708e+00 -3.735670e+00 5.337192e-02 -3.340008e+00 -1.804033e-01 1.401368e-02 -2.044807e-01 -2.029861e-01 -3.845298e-02 -9.409993e-01 -2.869073e-01 1.200042e-01 4.972088e-01 1.059615e+00 3.778036e-01 -8.435730e-01 -5.015752e-01 -9.710466e-02 
9.130109e-02 6.838346e+00 -1.127813e+00 4.891228e+00 -3.918633e+00 -2.416429e+00 -2.566022e+00 -1.512922e+01 -2.455239e+01 -1.627135e+01 -1.189483e+00 -2.136702e+01 1.836127e+01 1.691902e-01 -8.586482e-02 -3.505210e-01 1.540413e+00 -1.099910e+00 -6.175015e-01 4.484315e+00 -4.183909e-01 -4.057791e-01 -2.079007e+00 -2.023899e+00 -2.491426e+00 -3.562043e-01 -2.808117e-01 -7.192486e-01 -7.948461e-02 -1.131148e-01 -3.057653e-01 -3.414608e-01 -6.496103e-01 4.634399e-01 1.407001e+00 1.264060e+00 -8.979040e-01 1.161726e+00 -2.381376e-01 
2.833681e-01 3.733605e+00 -2.634600e-01 4.323233e+00 -5.400855e+00 -2.927992e+00 -1.347329e+00 -1.777400e+01 -2.494503e+01 -1.911373e+01 -8.712670e+00 -1.930908e+01 1.785882e+01 -4.707014e-01 -1.154213e+00 -2.610501e-01 1.706326e+00 -1.012219e+00 -8.672028e-01 2.891304e+00 -4.153302e-01 1.487855e+00 -2.202063e-01 -3.297898e+00 2.578151e-01 -7.285558e-01 -4.608903e-01 -7.986022e-01 -2.280495e-02 -2.032124e-01 7.841343e-02 1.600696e-01 -6.460726e-01 8.357735e-01 1.370932e+00 1.688378e+00 4.531384e-02 1.661840e+00 -3.255390e-01 
-2.653362e-01 4.253472e+00 -3.308573e-01 8.394659e+00 -4.375960e+00 -5.735814e+00 -3.191099e+00 -1.530252e+01 -1.817759e+01 -1.372546e+01 -1.065031e+01 -1.857887e+01 1.692560e+01 -1.033615e+00 -2.309760e+00 -2.816392e-01 1.841184e+00 1.854816e-01 -2.800901e-01 1.719816e+00 5.014726e-01 2.322879e+00 1.567902e+00 -2.138440e+00 2.344063e+00 -1.120448e+00 -3.808381e-01 -6.100576e-01 8.594431e-02 -3.119920e-01 3.093636e-01 6.970259e-01 -3.729160e-01 1.101544e+00 8.139398e-01 1.308315e+00 1.043814e+00 1.347533e+00 -2.768487e-01 
-1.609395e+00 1.555862e+00 -1.149005e+00 9.216521e+00 -4.538590e+00 -4.577833e+00 -1.885912e-01 -1.369708e+01 -1.913980e+01 -1.326297e+01 -1.265333e+01 -1.452286e+01 1.556184e+01 -1.300653e+00 -2.446765e+00 -4.056049e-01 9.754480e-01 -1.328578e-01 1.167898e+00 2.896482e+00 2.639195e+00 2.738561e+00 2.882765e+00 3.372388e-01 2.551432e+00 -1.425985e+00 -1.499920e-01 -1.003337e-01 8.706044e-02 -5.920566e-01 2.909194e-01 7.310936e-01 -2.369109e-01 1.357592e+00 4.846274e-01 6.546763e-01 1.411130e+00 4.229515e-01 -5.962283e-02 
-4.130890e+00 -3.621542e+00 -2.092916e+00 1.165019e+01 -3.422557e+00 -2.991852e+00 5.453133e+00 -1.466051e+01 -1.584067e+01 -1.135729e+01 -9.911293e+00 -1.203971e+01 1.390753e+01 -1.319954e+00 -2.489728e+00 1.513786e-01 3.458944e-01 7.314073e-03 1.850065e+00 2.617231e+00 3.562119e+00 3.038545e+00 2.911062e+00 1.377619e+00 3.099517e+00 -1.391738e+00 1.940403e-01 5.825899e-01 1.532514e-01 -8.676494e-01 9.706524e-02 3.440350e-01 -4.961788e-01 1.162512e+00 3.176676e-01 -6.082512e-03 8.624992e-01 -3.045361e-01 2.210691e-01 
-4.287663e+00 -4.562579e+00 -1.410257e+00 7.572797e+00 -6.541992e+00 1.539522e+00 8.812997e+00 -4.899157e+00 -1.242083e+01 -5.884195e+00 -7.395974e+00 -9.821504e+00 1.223799e+01 -1.077440e+00 -1.566022e+00 -4.222358e-02 -5.063959e-01 5.313429e-01 1.723186e+00 1.258047e+00 4.842304e+00 3.553082e+00 2.381425e+00 1.999701e+00 1.994796e+00 -8.910608e-01 4.074090e-01 1.028518e+00 2.597199e-01 -6.870235e-01 1.754097e-01 -2.824479e-01 -9.404228e-01 1.561476e-01 4.899623e-02 -5.109575e-01 3.103803e-01 -5.154673e-01 4.444897e-01 
-5.526249e+00 -5.136050e+00 5.567725e-01 1.094586e+01 -3.337422e+00 4.559325e-01 5.394364e+00 -1.890872e+00 -6.344633e+00 -2.859656e+00 -6.390888e+00 -5.431622e+00 1.162869e+01 -1.750524e-01 1.628436e-01 3.030480e-01 -1.756139e+00 3.385787e-01 1.162442e+00 5.819870e-02 5.212503e+00 3.503898e+00 1.787992e+00 1.342812e+00 1.099717e+00 -2.825398e-01 5.047825e-01 1.172662e+00 2.335638e-01 -3.443212e-01 6.720159e-02 -5.581131e-01 -8.974134e-01 -7.091413e-01 -4.318401e-01 -6.789709e-01 1.244497e-01 -6.692023e-01 4.757527e-01 
-6.299031e+00 -5.516804e+00 -2.685248e+00 7.036722e+00 -1.923963e+00 2.314339e+00 6.131635e+00 4.129411e+00 -6.122138e+00 -5.604280e+00 -4.414868e+00 -7.853165e+00 1.224561e+01 1.639675e-01 1.369628e+00 8.172364e-01 -1.408708e+00 5.784754e-01 9.949785e-02 -5.260741e-01 2.594677e+00 2.750887e+00 8.894756e-01 1.906445e+00 9.738522e-01 2.418413e-01 4.610893e-01 8.978017e-01 3.879771e-01 3.608916e-01 3.931040e-02 -7.523554e-01 -7.058205e-01 -1.451618e+00 -7.379986e-01 -4.903020e-01 -4.576641e-02 -3.410027e-01 3.342377e-01 
-3.999973e+00 -2.329957e+00 5.963033e-02 3.137722e+00 -4.038695e+00 2.432889e+00 7.084982e+00 6.887658e+00 -1.470099e+00 -2.557122e+00 -4.687445e+00 -7.525755e+00 1.249090e+01 5.831442e-01 1.905871e+00 8.894598e-01 -9.245777e-01 3.198594e-01 -1.286606e-01 -9.777234e-01 1.140174e+00 1.280380e+00 2.622685e-01 2.046460e+00 2.640949e-01 4.205968e-01 1.986177e-01 3.490049e-01 2.477822e-01 1.009230e+00 2.916115e-01 -6.463947e-01 -4.168425e-01 -1.512718e+00 -1.056128e+00 -2.858118e-01 -1.321605e-01 -1.803216e-01 1.553855e-01 
-4.230618e+00 8.824164e-01 2.924364e+00 4.433610e+00 -3.298675e+00 1.048680e+00 5.337378e+00 3.684625e+00 -1.103637e+00 -1.588122e+00 1.284852e+00 -3.905287e+00 1.301597e+01 8.488196e-01 2.051627e+00 1.604473e+00 8.822075e-01 7.372550e-01 -1.393044e+00 -1.753106e+00 -3.795763e-01 9.747819e-01 6.928142e-01 1.419143e+00 7.076932e-01 4.285206e-01 -2.983562e-02 -1.529045e-01 -3.944975e-02 8.567929e-01 2.219873e-01 -3.542277e-01 -1.757217e-01 -7.645906e-01 -9.340582e-01 -3.797214e-03 -3.943377e-01 -1.392424e-01 -9.438151e-03 
-3.644567e+00 1.193826e+00 2.198975e+00 7.624704e+00 -1.050783e+00 4.450627e-01 9.024744e-01 4.032036e+00 -2.452180e+00 -3.556819e+00 9.914575e-01 -6.085581e+00 1.334639e+01 4.755116e-01 1.566781e+00 1.148387e+00 2.144676e+00 1.717121e+00 -1.323240e+00 -1.412545e+00 -8.639932e-01 -8.887069e-01 4.573072e-01 9.257349e-01 3.311691e-01 4.009888e-01 -2.617739e-01 -3.830795e-01 -2.483590e-01 3.193208e-01 4.370516e-02 -4.745461e-03 2.287886e-01 -3.014622e-01 -3.570232e-01 1.459777e-01 -5.970397e-01 1.839648e-01 -1.197866e-01 
-2.232382e+00 2.979329e+00 4.267100e+00 9.204290e+00 2.688097e-01 -3.656952e+00 4.572626e-01 3.659869e+00 -7.580179e-01 -1.640227e+00 -1.590252e-01 -5.034852e+00 1.396040e+01 6.859688e-02 7.746694e-01 4.903980e-01 1.340647e+00 9.896312e-01 -1.074378e+00 -1.187308e+00 -2.262657e-01 -8.348855e-01 7.729393e-01 4.951365e-01 2.440528e-01 2.044382e-01 -3.929577e-01 -4.343005e-01 -3.840408e-01 -4.208380e-01 -4.137658e-01 2.847279e-01 2.891262e-01 -2.522320e-02 7.793855e-02 -2.150827e-02 -6.750833e-01 -1.491939e-02 -1.896161e-01 
-2.621851e+00 4.455548e+00 5.130064e+00 1.147538e+01 2.763375e+00 -1.830475e+00 2.461903e+00 2.580088e+00 -6.086267e+00 -2.442864e-01 6.629341e-01 -5.305397e+00 1.402379e+01 -3.354795e-01 6.289132e-01 2.046300e-01 4.428165e-01 4.122302e-01 -3.117748e-01 -1.166713e-01 -4.438499e-01 4.000770e-01 9.521558e-01 -4.768503e-01 1.415580e+00 -6.638118e-02 -3.387573e-01 -3.212732e-01 -2.157973e-01 -7.535036e-01 -5.240502e-01 2.124727e-01 1.736266e-01 1.058666e-01 4.884863e-01 -1.886866e-01 -6.337889e-01 -1.515065e-01 -2.148530e-01 
-4.399292e+00 3.124398e+00 3.911006e+00 9.211451e+00 -2.578268e-01 -3.185132e+00 -1.378791e+00 3.279449e+00 -3.460922e+00 6.200984e-01 3.924749e+00 -3.075560e+00 1.369965e+01 -7.102634e-01 3.490168e-01 1.561216e-01 -3.709771e-01 -6.790600e-01 -4.750949e-01 -9.553645e-01 -7.158301e-01 7.199542e-01 3.379309e-01 -1.254998e+00 9.079764e-02 -2.858302e-01 -2.177166e-01 -8.385199e-02 -7.671857e-02 -4.288540e-01 -1.191780e-01 2.773258e-01 2.281335e-01 -4.375008e-02 2.610824e-01 -2.211642e-01 -1.311035e-01 -1.039153e-01 -1.478919e-01 
-4.238825e+00 4.265384e+00 3.400315e+00 9.835231e+00 1.273512e+00 -1.349484e+00 1.237274e+00 2.003270e+00 9.002736e-01 7.400104e-02 -3.434502e+00 1.286603e-02 1.314500e+01 -8.289090e-01 1.731865e-01 2.366455e-01 -7.669892e-01 -6.867734e-02 -5.605668e-01 -6.602274e-01 -8.978871e-02 7.763385e-01 -2.685856e-01 -1.368144e+00 -3.498612e-01 -4.280557e-01 -1.275212e-01 7.812300e-02 -3.396618e-02 -9.986512e-02 2.794307e-01 3.476795e-01 2.646243e-01 1.825583e-01 -2.964025e-02 -1.387616e-01 6.391147e-01 9.127881e-02 -3.361453e-02 
-4.975492e+00 4.819285e+00 5.912776e+00 8.169430e+00 -2.381836e+00 -6.273192e+00 -3.707545e+00 3.693642e-01 -6.508906e-01 -1.097817e-01 -4.385268e+00 -7.239702e+00 1.297050e+01 -7.733897e-01 5.832451e-01 9.068926e-02 -1.988223e-01 6.341875e-01 4.366995e-01 2.251842e-01 -6.220630e-01 2.824267e-01 2.774822e-01 2.851588e-01 6.073492e-01 -3.541898e-01 -1.766393e-02 2.842149e-01 -3.299564e-02 1.415436e-01 4.706550e-01 7.053787e-01 5.445288e-01 3.538992e-01 -2.700197e-02 -2.805653e-02 7.957657e-01 6.632406e-01 9.269080e-02 
-6.478376e+00 4.474267e+00 5.312453e+00 8.161375e+00 3.482111e+00 -3.089341e+00 3.248864e-01 3.586426e+00 -3.609736e+00 -1.222172e+00 -2.022827e+00 -4.972386e+00 1.224807e+01 -9.416508e-01 9.024447e-01 6.751306e-02 -1.426379e-01 1.152756e+00 9.707245e-01 6.162292e-01 4.220349e-01 4.706184e-01 2.885374e-01 1.948668e+00 1.613729e+00 -2.002800e-01 1.161206e-01 4.088219e-01 1.615981e-01 2.660572e-01 2.883241e-01 6.660141e-01 4.034137e-01 1.621042e-01 -3.435324e-04 -5.275533e-02 1.882587e-01 3.755774e-01 1.821410e-01 
-7.146507e+00 5.936448e+00 3.408305e+00 9.054237e+00 1.808880e+00 -1.317195e-01 2.031951e-01 -6.229447e-01 2.061276e-01 2.655442e+00 4.644573e+00 2.453796e+00 1.237710e+01 -7.421672e-01 1.405431e+00 7.581337e-02 2.463483e-02 1.063506e+00 2.286098e+00 1.128954e+00 7.977988e-01 7.378947e-01 -8.095091e-02 1.065488e+00 2.425301e+00 6.369003e-02 1.334419e-01 7.684425e-02 2.498204e-01 1.707922e-01 8.903700e-02 2.014488e-01 1.295364e-01 1.664841e-01 -4.948641e-02 -1.782270e-01 -6.080680e-01 -3.661278e-01 1.551686e-01 
-7.862244e+00 8.219270e+00 4.990058e+00 8.679552e+00 4.941958e+00 4.335134e-01 2.363363e+00 4.609267e+00 2.824687e+00 1.341848e-01 1.793900e+00 3.234411e+00 1.244005e+01 -2.638380e-01 1.806419e+00 1.052125e+00 4.516204e-01 1.158328e+00 1.844819e+00 9.048941e-01 1.079527e-02 5.468959e-01 -3.531734e-01 -8.169847e-01 6.188400e-01 2.736708e-01 8.449505e-02 -3.535972e-01 -1.016273e-03 2.468161e-02 -3.604403e-01 -3.174210e-01 -1.992409e-01 -3.000606e-01 -3.471788e-01 1.778127e-02 -6.559160e-01 -5.799351e-01 -1.406613e-02 
-7.994802e+00 9.973717e+00 6.453344e+00 8.033099e+00 2.205631e+00 3.395891e+00 9.185020e-01 3.846778e+00 -1.787550e-01 -1.192282e+00 -9.663472e-01 7.835725e-01 1.319294e+01 -4.451557e-01 5.156180e-01 8.476349e-01 3.579797e-01 1.076542e+00 1.006886e+00 7.284943e-01 4.157745e-01 -3.156129e-03 -2.927246e-01 -1.372418e+00 -7.258508e-01 1.846287e-01 -8.913360e-02 -6.902636e-01 -2.947994e-01 -2.087773e-01 -5.967542e-01 -7.370985e-01 -2.614127e-01 -2.731244e-01 -3.693877e-01 1.279590e-01 -5.115723e-02 -3.262967e-01 -2.025118e-01 
-7.373457e+00 1.148737e+01 9.050573e+00 1.093005e+01 9.074827e+00 4.370782e+00 4.492069e+00 1.405409e+00 -6.828834e-01 -1.064240e+00 -3.301791e+00 -1.042601e+00 1.320862e+01 -6.675737e-01 -4.206585e-01 -3.233564e-01 -1.859367e-01 -6.558837e-01 2.318858e-02 -1.797468e-01 -8.873654e-01 -8.948091e-01 4.832718e-01 -1.120281e-01 2.894816e-01 -3.310227e-01 -2.065852e-01 -6.847934e-01 -5.168595e-01 -3.555503e-01 -6.087965e-01 -5.217365e-01 -3.037342e-01 1.634620e-01 -1.582465e-01 1.277120e-02 5.170989e-01 1.461416e-01 -2.596143e-01 
-9.616702e+00 6.880037e+00 5.616089e+00 9.718887e+00 5.125326e+00 2.934261e+00 2.781268e+00 3.058295e+00 1.944401e+00 1.791057e+00 3.305073e-01 9.627866e-01 1.291584e+01 -9.860436e-01 -9.323963e-01 -7.103451e-01 -7.004803e-01 -1.013110e+00 -4.886641e-01 3.642800e-01 -1.188648e-01 -3.882048e-01 1.405595e-01 4.571015e-01 9.586203e-01 -6.464974e-01 -8.674087e-02 -1.753536e-01 -2.593746e-01 -2.878114e-01 -1.648213e-01 -1.895484e-01 -2.401538e-01 3.312990e-01 1.356657e-01 -1.449144e-01 3.812713e-01 8.216216e-02 -1.420588e-01 
-1.038907e+01 7.662816e+00 3.791497e+00 6.907252e+00 2.027755e-01 7.803300e-01 5.332454e-01 5.670008e-01 -2.711515e+00 1.059157e+00 5.851943e-01 4.592732e+00 1.092351e+01 -1.026235e+00 -8.937295e-01 -7.532480e-01 -7.968422e-01 -8.408481e-01 -1.605019e-02 -4.316961e-01 1.095377e+00 -5.172962e-02 -5.059182e-01 8.538522e-01 5.072723e-01 -6.088258e-01 6.087989e-02 7.535238e-02 2.528542e-02 -6.819845e-02 4.403069e-01 9.179847e-02 -9.170120e-02 3.178090e-01 4.878563e-01 1.916031e-03 7.790541e-02 -2.607436e-01 7.087662e-02 
-1.141712e+01 7.224205e+00 5.531321e+00 6.542411e+00 1.575851e+00 2.747775e+00 4.719423e+00 3.671834e+00 -1.105576e+00 -1.551365e+00 -6.244876e-01 2.759235e+00 1.110294e+01 -6.997045e-01 -1.248498e-01 -2.343166e-01 -7.755529e-01 3.450413e-01 7.879432e-02 -3.463793e-01 1.080909e+00 2.536243e-01 -5.227546e-01 5.101654e-02 -4.238833e-01 -3.867579e-01 2.227010e-01 1.652201e-01 -6.390741e-02 7.287723e-02 4.397186e-01 2.145553e-01 -2.857836e-01 -3.944908e-01 2.826218e-01 4.417920e-01 -1.825453e-01 -5.236614e-01 1.258098e-01 
-1.160427e+01 6.846854e+00 5.326697e+00 8.534271e+00 6.645205e+00 4.383350e+00 1.364901e+00 6.575730e+00 5.837392e-01 -1.922566e+00 1.444885e+00 5.953116e-01 1.107068e+01 -5.062383e-01 -4.477093e-01 -4.349255e-01 -4.894286e-01 8.665073e-01 1.984691e-01 -2.828330e-01 1.017800e-01 1.223508e+00 8.246656e-01 4.805681e-01 -3.230048e-01 -1.066045e-01 2.422589e-01 2.088397e-01 -1.215576e-01 3.104145e-02 2.948273e-02 6.169216e-02 4.450043e-02 -5.993816e-01 -1.533244e-01 3.650147e-01 -4.490563e-01 -3.951057e-01 8.447132e-02 
-1.250715e+01 6.663496e+00 3.676852e+00 5.027857e+00 3.628914e+00 1.526614e+00 6.335665e-01 5.458816e+00 1.565335e+00 6.681646e-01 1.558369e-01 8.417310e-01 1.090828e+01 -1.325898e-01 -3.293222e-01 -1.188961e+00 -4.897487e-01 3.317818e-01 4.768475e-01 -1.139060e+00 -1.594514e+00 3.872624e-01 1.684337e+00 -2.690534e-01 -1.244540e+00 -2.686396e-01 1.783315e-01 2.164411e-01 -6.046199e-02 7.509654e-02 -2.822343e-01 1.782295e-02 2.509975e-01 -8.251201e-02 -5.518621e-01 -2.113198e-01 -4.412696e-01 -2.034931e-01 3.365993e-02 
-1.237541e+01 5.704166e+00 2.544299e+00 5.217586e+00 3.508852e+00 2.382956e+00 1.161884e+00 1.824553e-01 2.070918e+00 4.072791e+00 2.597970e+00 3.936188e+00 1.048781e+01 -9.852882e-02 2.527477e-01 -8.835737e-01 -7.845168e-01 -6.868597e-01 9.327280e-02 1.871741e-01 -5.639107e-01 -8.852897e-01 2.156134e-01 -1.231357e+00 -1.058015e+00 -2.456068e-01 9.208935e-02 3.340861e-01 1.888703e-01 5.283713e-02 -3.143818e-01 -1.304902e-01 3.921454e-01 6.762583e-01 -6.993695e-01 -8.479950e-01 -4.537777e-01 -7.548004e-02 2.900784e-02 
-1.169497e+01 6.149585e+00 9.774848e-01 5.751872e+00 4.802795e+00 6.132379e+00 -8.742174e-01 -1.104452e+00 8.736660e-02 3.872447e+00 -2.546513e+00 -5.133937e+00 1.005122e+01 -1.190049e-02 6.071135e-01 -3.122533e-01 -2.525256e-01 -2.894090e-01 2.205015e-01 6.735386e-01 1.001332e+00 -1.451207e+00 -1.274916e+00 -1.299227e+00 -1.073915e+00 -1.490439e-01 4.494793e-03 2.668807e-01 3.474569e-01 7.327472e-02 -1.161328e-01 -2.024285e-01 4.405596e-01 1.030853e+00 -3.951404e-01 -9.391433e-01 -2.050247e-01 1.189544e-01 7.188899e-02 
-1.250304e+01 8.367743e+00 2.258729e+00 4.249548e+00 2.624212e+00 2.547023e+00 3.054925e+00 7.037845e+00 -3.103669e+00 -2.446852e+00 -3.360991e+00 -1.706469e+00 1.027142e+01 -1.063628e-01 7.544609e-01 7.096253e-02 -3.438453e-01 -3.948164e-01 -3.257637e-01 7.715646e-01 2.185246e+00 -1.354060e+00 -1.935796e+00 -1.273230e+00 -7.858435e-01 -2.125580e-02 -1.100591e-02 1.150647e-01 2.292449e-01 7.900519e-02 4.785770e-02 -1.384356e-01 1.266538e-01 6.681993e-01 -8.405969e-02 -4.963668e-01 -5.775663e-03 8.324748e-02 5.764348e-02 
