-1.626426e+01 1.886763e+00 3.810785e+00 6.192410e+00 1.449982e+00 2.004910e+00 6.580281e-01 -3.410870e+00 2.791814e+00 2.766174e+00 4.485740e-01 3.889621e+00 7.722231e+00 -1.232023e-01 -4.320386e-01 -1.430227e+00 -1.657244e+00 -3.952632e-01 -4.925036e-01 -1.471724e+00 9.639058e-01 2.520775e-01 3.970331e-01 9.843920e-01 -1.056895e+00 -2.196648e-01 -6.294734e-02 -7.380433e-02 -5.636968e-02 4.398043e-02 4.474535e-02 1.179507e-01 6.918856e-01 4.175416e-02 -3.403936e-01 -2.006638e-01 -1.150134e-01 4.112500e-01 3.231677e-02 
-1.588922e+01 7.438280e-01 -9.700505e-01 2.976368e+00 1.232262e+00 -2.879741e+00 -7.907415e+00 -2.820058e-01 1.927171e+00 6.749320e+00 7.502800e+00 1.204331e+00 7.144501e+00 -3.920997e-01 -7.781485e-01 -1.861498e+00 -2.009084e+00 -1.098847e+00 -4.804184e-01 -4.143966e-01 9.611660e-01 -5.037278e-01 -6.188682e-01 6.300113e-01 -4.508403e-01 -2.065665e-01 2.065971e-02 6.452908e-02 2.535444e-01 4.326150e-01 2.381448e-01 2.361630e-01 9.740012e-01 -1.698239e-01 -3.814110e-01 -1.321883e-01 -3.956573e-01 6.862054e-01 9.304532e-02 
-1.706767e+01 2.985096e-01 -9.496787e-01 -4.852943e-01 -4.173675e-01 1.984752e+00 -2.417847e+00 -1.555344e-01 4.484363e+00 2.760401e+00 1.843437e+00 -5.227137e-02 6.912782e+00 -3.035311e-01 -6.279810e-01 -1.496382e+00 -1.261323e+00 1.803233e-01 9.111878e-02 1.458783e+00 1.174100e+00 -1.071794e+00 -9.826397e-02 5.865996e-01 6.962979e-01 -6.464580e-02 1.477727e-01 2.415204e-01 4.606279e-01 7.423996e-01 3.076122e-01 3.843511e-02 4.373599e-01 -4.640684e-01 -3.046621e-01 1.341958e-01 -3.960992e-01 4.413089e-01 1.137527e-01 
-1.782313e+01 -1.209890e+00 -3.116351e+00 -5.142111e-01 -3.110819e+00 -3.867877e-01 1.246182e-01 -2.330233e-01 -5.731648e-01 -3.251863e-01 2.901078e+00 3.606112e+00 7.094176e+00 7.029211e-02 -1.154430e-02 -1.292637e-01 3.079410e-01 5.076239e-01 3.963731e-01 1.933068e+00 9.685903e-03 -9.930080e-01 -1.624169e-02 -7.949537e-01 1.497567e+00 1.680464e-01 2.587444e-01 3.834906e-01 5.360765e-01 7.177001e-01 1.640074e-01 -7.336534e-02 -3.304918e-01 -4.251014e-01 1.502405e-01 2.034817e-01 -3.483745e-01 -3.983472e-01 6.994206e-02 
-1.681450e+01 -2.761422e-01 -2.598076e+00 1.631211e+00 4.522771e+00 1.214553e+00 3.936484e+00 2.434922e+00 -1.317536e+00 5.812181e+00 5.682474e+00 6.170075e+00 7.424084e+00 3.845377e-01 3.921658e-01 6.831420e-03 8.962449e-01 3.394769e-01 -7.386896e-01 -4.587493e-01 -8.807480e-01 -1.026542e+00 7.665854e-01 -2.835823e-01 1.754226e-01 1.617592e-01 1.844060e-01 1.700414e-01 3.151242e-01 2.354115e-01 -4.058000e-01 -2.026854e-01 -8.688170e-01 -2.455415e-01 3.905511e-01 -1.874279e-01 -1.494813e-01 -9.470040e-01 -2.516021e-02 
-1.566428e+01 9.735907e-01 -7.922280e-01 3.457851e+00 1.300203e+00 -5.128886e-01 -1.419077e+00 -1.528653e+00 -1.366884e-01 5.142208e+00 1.608646e+00 5.581185e+00 7.728941e+00 5.574192e-01 6.290514e-01 6.738044e-02 5.005956e-01 -3.584860e-01 -4.323490e-01 -1.108066e+00 -1.370645e-01 2.248728e-01 -3.386631e-02 -6.768563e-01 -2.182107e+00 2.998979e-02 -8.410433e-04 -1.584387e-01 -2.910625e-02 -3.102162e-01 -2.903908e-01 -2.519256e-03 -4.504363e-01 2.268850e-01 4.972372e-01 -2.060212e-01 3.360817e-01 -7.099264e-01 -8.019240e-02 
-1.622438e+01 1.167591e+00 -2.077384e+00 2.009569e+00 -9.258960e-01 -1.645921e+00 -3.939034e+00 -3.911135e+00 -8.666273e-01 3.859570e+00 1.071804e+00 -1.624562e-01 7.404178e+00 3.748297e-01 -9.813535e-02 -1.909814e-02 -1.805888e-01 -1.415709e+00 -5.079836e-01 -1.364666e+00 1.978890e-02 2.720096e-01 -1.026494e+00 -2.198823e-01 -2.198779e+00 -1.214272e-01 -1.249906e-01 -1.908108e-01 1.030718e-02 -3.938176e-01 1.001441e-01 5.677263e-01 5.596358e-01 4.114766e-01 4.934252e-01 -1.281815e-01 2.775104e-01 2.203118e-01 -3.051430e-02 
-1.533091e+01 1.213641e+00 -3.040042e+00 1.799486e+00 -2.179203e+00 -1.118548e+00 -1.477705e+00 2.255052e+00 3.260289e-01 4.816677e-01 1.822149e+00 -4.137776e+00 7.254097e+00 7.082406e-02 -5.585556e-01 -2.617147e-01 -7.047653e-01 -6.667779e-02 2.683238e-01 1.338097e-01 6.938645e-01 8.438466e-01 -1.496691e-01 8.535370e-01 -8.649135e-01 -9.130096e-02 -2.041840e-01 -5.064167e-03 1.663014e-01 -1.422280e-01 5.162477e-01 5.733705e-01 7.468061e-01 1.105230e-01 2.495567e-01 1.549050e-01 2.282190e-01 1.140260e+00 4.160696e-02 
-1.510687e+01 -8.865566e-01 -1.570158e+00 1.557351e+00 -8.162638e-01 -1.022449e+00 -2.857557e+00 6.418381e-01 -1.887332e-01 3.009838e+00 4.476430e+00 3.562887e-02 7.054363e+00 2.868287e-03 3.206911e-02 2.229578e-01 -4.702056e-01 6.942399e-01 1.749514e+00 1.718442e+00 7.611608e-01 1.131112e+00 1.837300e-01 3.387989e-01 6.183940e-01 6.980878e-02 -1.430235e-01 2.946807e-01 2.268144e-01 1.103825e-01 4.410595e-01 1.670327e-01 4.887184e-01 -3.126783e-02 -2.851841e-02 1.116857e-01 -2.295045e-01 1.017885e+00 6.671494e-02 
-1.586905e+01 -7.924959e-01 -2.354649e+00 1.599350e-01 9.121156e-01 5.170133e-01 -1.290829e+00 -3.358064e-01 3.743490e+00 4.818560e+00 4.173763e+00 1.156873e+00 7.447122e+00 -2.775989e-01 5.387730e-01 7.777101e-01 -6.584872e-02 1.167685e+00 1.305890e+00 1.084589e+00 4.487517e-02 1.043033e+00 1.354882e-01 1.848205e-01 2.110593e+00 1.424391e-01 -3.343897e-02 2.519369e-01 1.373192e-01 2.152278e-01 -1.782507e-01 -6.045529e-01 -2.942235e-01 -1.503254e-01 -5.535117e-01 -1.804498e-01 -3.020156e-01 4.211713e-01 4.617312e-03 
-1.594119e+01 2.331101e+00 -1.305324e+00 4.783689e-01 9.996154e-01 6.283901e+00 4.559406e+00 1.190283e+00 3.080466e+00 2.609915e+00 1.589826e+00 2.819972e-01 7.656921e+00 -1.658908e-01 8.265197e-01 5.950819e-01 5.188462e-02 1.722934e-01 -1.915945e-01 6.036766e-01 1.878583e-01 2.986106e-02 -6.106208e-01 -1.033009e+00 1.402789e+00 9.528508e-02 3.761759e-03 -9.939668e-02 -2.358342e-01 1.304484e-01 -4.550110e-01 -1.097044e+00 -9.453043e-01 -1.774915e-01 -7.219019e-01 -1.710856e-01 -1.723395e-02 -3.080600e-01 -7.055993e-02 
-1.630145e+01 2.299258e+00 7.159828e-01 2.009917e+00 2.751671e+00 1.757396e+00 2.366395e-01 2.205266e+00 3.906622e+00 1.359024e+00 4.189498e+00 6.292228e+00 7.665196e+00 -1.215911e-02 3.037946e-01 2.386557e-01 1.103885e-01 -6.971891e-01 -1.783996e+00 -7.797542e-01 2.288696e-01 -1.373200e+00 -6.547953e-01 2.933593e-02 8.487715e-01 -8.095326e-02 7.217327e-02 -2.821800e-01 -4.482518e-01 -4.888819e-02 -4.648765e-01 -6.308775e-01 -6.431764e-01 -1.929465e-01 -5.781120e-01 -6.092142e-02 -9.147242e-02 -9.544542e-01 -8.931147e-02 
-1.572029e+01 1.700601e+00 -1.299688e-01 8.922632e-01 -8.744255e-01 -2.600819e+00 -6.029969e-01 3.110048e-01 -1.209438e-01 1.686383e+00 -6.963801e-01 4.482226e+00 7.421847e+00 -1.112336e-01 -3.474820e-01 -6.868193e-01 9.388041e-02 -6.485276e-01 -2.190820e+00 -2.076009e+00 -2.182309e-01 -1.270307e+00 -2.765438e-01 3.302938e-01 -2.908897e-01 -1.713319e-01 4.575444e-02 -2.450037e-01 -2.136678e-01 -2.037968e-02 6.908812e-02 2.483996e-01 -1.107175e-02 -2.161291e-01 -6.611930e-03 2.120806e-01 1.133261e-01 -7.821414e-01 -4.841015e-02 
-1.604022e+01 1.042177e+00 -1.748671e+00 5.048470e-01 -1.636704e+00 -3.959802e+00 -2.608388e+00 1.248500e+00 -1.522216e+00 2.005908e+00 5.463418e+00 3.300731e+00 7.160158e+00 5.592964e-02 -2.850499e-01 -8.227742e-01 -3.313383e-01 -7.463324e-01 -8.490863e-01 -7.916495e-01 -7.167884e-01 -1.197582e+00 -3.361964e-01 -9.541593e-01 -1.814816e+00 -1.708080e-01 3.509864e-02 -5.692751e-03 1.782736e-01 1.475692e-01 3.527367e-01 6.797976e-01 6.712256e-01 -1.525718e-01 3.851126e-01 2.297284e-01 -1.652690e-01 -4.445972e-01 3.576392e-02 
-1.662765e+01 1.221970e+00 -3.506870e+00 1.700193e+00 -4.883867e-02 -1.811399e+00 -4.398111e+00 5.771971e-01 -5.565454e-01 9.034417e-01 2.604580e+00 3.232649e-01 7.052798e+00 2.880053e-02 -1.038572e-01 5.742909e-02 1.707971e-01 5.421526e-01 5.829476e-01 5.542259e-01 -4.198629e-01 -9.107856e-02 2.904946e-01 2.543774e-02 -1.176226e+00 -1.018451e-01 2.772155e-02 4.625524e-02 4.289193e-01 1.744677e-01 3.509855e-01 6.803846e-01 8.685640e-01 6.529611e-02 4.460543e-01 2.898753e-01 2.768677e-01 1.458101e-01 9.397434e-02 
-1.556750e+01 1.112722e+00 -1.709654e+00 -5.084454e-02 -1.392219e+00 -2.883022e+00 -1.823715e+00 -1.512192e+00 -1.863350e+00 6.937646e-02 -2.231624e+00 -7.022380e-01 6.995763e+00 9.329867e-02 1.536272e-01 7.579476e-01 8.098044e-01 4.711680e-01 2.282660e-01 1.261320e+00 -4.332194e-01 -3.720791e-02 2.102799e-01 -6.445190e-01 -9.316017e-01 6.306313e-02 -3.003416e-02 -3.492191e-02 2.791483e-01 1.022540e-01 3.481834e-01 6.359082e-01 1.648295e-01 2.604008e-01 2.690743e-01 1.899757e-01 8.477969e-01 5.778829e-01 1.055382e-01 
-1.581215e+01 1.145545e+00 1.376282e-01 2.024202e+00 1.714026e+00 -2.250599e-01 1.775624e+00 -4.084773e-01 -4.060966e-01 4.107357e+00 3.278101e+00 6.026474e-01 6.994868e+00 8.852649e-03 -3.355296e-01 6.674044e-01 3.956515e-01 4.976668e-01 6.725686e-01 1.240248e+00 -3.355151e-02 3.797510e-01 8.995609e-01 1.559906e+00 -3.423045e-03 1.815377e-01 -7.921477e-02 -1.543580e-02 -9.578311e-02 -1.001295e-02 1.423499e-01 4.617055e-01 -4.406568e-01 3.174886e-01 9.951508e-02 -2.812048e-01 3.530746e-01 5.152204e-01 7.688526e-02 
-1.598107e+01 1.848551e+00 2.187704e-01 4.391901e+00 -1.631032e-01 -3.611970e+00 6.109163e-01 -4.249387e-01 -1.783315e+00 1.455500e+00 1.903909e+00 -1.497054e+00 7.504380e+00 -8.410446e-02 -3.439217e-01 2.679490e-01 6.757636e-02 1.016883e+00 2.285610e+00 -3.105671e-01 3.920588e-01 -8.757697e-02 3.091360e-01 2.517532e+00 4.882509e-01 2.152005e-01 -2.398084e-01 8.693361e-02 -4.883765e-01 7.237113e-02 9.629130e-02 6.059938e-03 -6.071024e-01 3.149427e-01 9.143357e-02 -4.963560e-01 -3.166785e-01 3.558901e-01 9.726921e-03 
-1.637673e+01 -8.233596e-01 -1.133716e+00 1.457013e+00 1.824173e+00 1.916311e+00 5.857900e-01 -1.338536e-01 1.302196e+00 4.708066e+00 8.336447e+00 7.033406e-01 7.706128e+00 -2.786627e-01 6.779904e-02 -1.766377e-01 4.917066e-01 9.810695e-01 1.862762e+00 -8.631916e-01 7.549962e-01 4.317361e-01 -1.164893e+00 2.097157e-01 6.899323e-01 2.064901e-01 -1.433387e-01 2.777089e-01 -3.839457e-01 1.821250e-01 -1.792431e-01 -6.632075e-01 -3.791950e-01 6.607486e-02 -3.370278e-02 -6.722946e-01 -1.249118e+00 1.576414e-02 -4.386285e-02 
-1.570595e+01 3.773834e-01 2.660747e-01 5.706938e-01 3.636964e+00 7.474594e+00 -2.781654e+00 3.110048e-01 -3.155722e+00 1.314908e+00 7.827064e+00 1.688814e+00 7.715969e+00 -9.619440e-01 3.865711e-01 -1.261895e+00 1.123548e+00 7.107815e-01 -3.364817e-01 -7.226564e-01 7.472050e-01 3.940267e-01 -1.239345e+00 -1.552797e+00 5.010834e-01 9.928007e-02 5.641025e-02 1.612861e-01 -5.921456e-02 5.309059e-02 -4.705389e-01 -1.101424e+00 1.315404e-01 -2.212508e-01 -3.563421e-02 -5.065683e-02 -9.847042e-01 -1.683509e-01 -7.681859e-02 
-1.734323e+01 2.220384e+00 -7.694392e-01 6.393086e+00 4.719903e+00 3.545309e+00 -8.437904e-01 2.998624e+00 2.438872e+00 -1.646168e+00 1.365216e+00 2.459695e+00 7.921518e+00 -2.689548e-01 6.876689e-01 -4.872317e-01 7.784209e-01 -2.455850e-01 -1.332496e+00 -4.499127e-01 1.191922e-01 -2.966601e-02 -1.687756e+00 -2.650491e+00 6.892356e-02 2.023152e-02 3.179503e-01 -1.302871e-01 2.508773e-01 -5.291348e-01 -5.605546e-01 -5.001125e-01 3.454586e-01 -3.202408e-01 -1.883188e-01 5.715212e-01 9.123134e-02 -2.053436e-01 -9.092502e-02 
-2.030773e+01 2.259576e+00 -6.272959e+00 7.541051e+00 1.943584e+00 -6.108673e+00 -2.287504e+00 1.744750e+00 -3.816050e-01 -1.564122e+00 -2.374474e+00 1.301320e-01 7.893113e+00 1.929051e-01 1.526099e-01 1.272286e-01 1.897542e-01 -7.225637e-01 -1.623900e+00 1.404371e-01 -3.963178e-01 -3.505308e-02 3.173834e-01 -9.757764e-01 -4.282971e-02 -7.577941e-02 5.729329e-01 -6.912535e-01 5.794609e-01 -9.809515e-01 -2.502282e-01 5.013955e-01 7.571311e-02 -4.185120e-01 1.708763e-01 4.281771e-01 6.627229e-01 -6.803181e-02 6.803513e-02 
-1.542053e+01 1.674147e+00 -3.005403e-01 1.863591e+00 1.443291e+00 2.045693e+00 -1.910610e+00 -2.551056e-01 -2.329056e-01 -2.291403e+00 1.847810e-01 1.827061e+00 7.718653e+00 7.336255e-01 -4.667513e-01 3.831604e-01 -1.687086e+00 -1.105110e+00 5.978890e-03 4.327232e-01 -2.744824e-01 -2.953830e-01 9.143610e-01 3.774264e-01 -6.485704e-02 -1.605912e-01 2.833977e-01 -1.010080e+00 3.634871e-01 -7.677267e-01 2.064467e-01 6.916730e-01 -4.029637e-01 -4.794036e-01 5.054712e-01 -9.918851e-02 4.608569e-01 -2.462167e-02 2.435220e-01 
-1.570237e+01 1.413520e+00 6.679880e-01 3.784298e+00 1.662041e+00 1.049588e-01 -1.545756e+00 -4.391831e-02 -1.994993e+00 3.224229e+00 3.538500e+00 1.790745e+00 7.438399e+00 1.401347e+00 -2.492422e+00 1.200152e+00 -2.548589e+00 -1.106819e-01 1.501291e+00 -7.851920e-01 -1.148563e+00 1.381206e+00 -3.994643e-01 2.468371e-01 2.278638e-01 5.299539e-01 6.725520e-02 -4.461506e-01 2.525961e-01 -9.989721e-02 2.543149e-01 4.212478e-01 -7.258810e-01 -4.801823e-01 3.063814e-01 -8.456221e-01 -1.796105e-01 -7.065043e-02 2.685567e-01 
-1.597794e+01 3.097773e-01 -2.324264e+00 -1.637248e-01 -6.644258e-01 4.682605e-01 9.490741e-01 2.520843e+00 1.768413e+00 5.311427e-01 2.961603e-01 1.305024e+00 7.346025e+00 5.438547e-01 -3.040197e+00 7.938285e-01 -1.690986e+00 4.808039e-01 5.632582e-01 -2.001748e+00 -1.901750e+00 1.789546e+00 -1.825138e+00 -9.575258e-01 -1.896448e-01 9.349550e-01 -2.307289e-01 5.702250e-01 1.169902e-01 7.722040e-01 1.405986e-01 -1.831339e-01 -1.604194e-01 -8.380292e-02 -3.329220e-01 -3.899284e-01 -1.006317e-01 -1.019264e-01 5.079937e-02 
-1.302196e+01 -9.521030e+00 7.394623e-01 -4.188395e+00 2.444392e+00 2.186326e+00 -7.643589e+00 -5.385832e+00 5.523509e+00 -4.972946e+00 -1.195890e+00 1.530346e+00 1.072920e+01 6.240452e-01 -7.913724e-01 1.184874e+00 -3.077554e-01 -2.438184e-01 2.036881e-01 -2.271603e+00 -1.983688e+00 4.544965e-01 -2.540969e+00 -1.206478e+00 -3.336307e-01 7.192251e-01 -4.679309e-01 1.687982e+00 -1.747878e-01 1.334167e+00 -8.525783e-02 -4.074121e-01 9.010112e-01 7.294428e-01 -9.569265e-01 6.898341e-01 2.057627e-01 -8.116180e-02 -3.455498e-01 
-1.404179e+01 -8.059661e+00 3.632962e+00 -2.604935e+00 3.456302e+00 3.821887e+00 -8.870588e+00 -7.092996e+00 4.955389e+00 -7.318883e+00 -2.235327e+00 1.009134e+00 1.074799e+01 -3.144206e-02 1.533871e+00 9.757559e-01 1.053616e+00 -3.353598e-01 -2.608471e-01 3.737562e-01 -2.759379e-01 -1.496564e+00 3.538942e-02 6.008635e-01 -2.937188e-01 -1.249780e-03 -2.284590e-01 1.678868e+00 -2.665351e-01 1.188248e+00 1.158783e-02 -1.523842e-01 1.175485e+00 8.207353e-01 -9.860504e-01 1.328399e+00 3.297746e-01 -5.785237e-02 -4.335622e-01 
-1.354980e+01 1.641323e+00 3.613971e+00 3.466212e+00 -1.617659e+00 -5.527346e-01 -7.993786e+00 -5.155373e+00 -1.315787e+00 -5.555513e+00 -1.227977e+00 2.704422e-01 9.333302e+00 -6.506242e-01 3.660374e+00 2.354320e-01 2.749956e+00 -1.289902e-01 -1.236999e-01 2.532085e+00 1.685757e+00 -1.760261e+00 2.119388e+00 4.965869e-01 -1.258868e-01 -7.297147e-01 -1.186223e-01 5.164362e-01 -3.372422e-01 3.577704e-01 1.686774e-01 4.164102e-02 8.045116e-01 4.596089e-01 -3.444089e-01 9.954756e-01 8.809790e-02 4.515121e-03 -2.187386e-01 
-1.587085e+01 2.398218e+00 1.117206e+00 1.277241e+00 -3.103088e-01 5.334204e-01 2.992678e+00 1.026070e+00 -2.295016e+00 9.999179e-01 3.316359e+00 4.660512e-01 8.037601e+00 3.904044e-02 3.128367e+00 -6.394926e-02 2.721475e+00 4.812857e-01 -3.489369e-02 1.473737e+00 3.672294e-01 -2.033250e+00 2.486681e+00 -1.600806e-01 -5.827011e-01 -5.084180e-01 7.141664e-02 -6.074722e-01 -2.418795e-01 -4.606516e-01 2.489754e-02 1.495131e-01 -1.650825e-01 4.576768e-02 5.331720e-01 -1.096782e-01 -2.730915e-01 4.855225e-02 3.287907e-02 
-1.536048e+01 3.552420e+00 3.174422e+00 7.620137e+00 3.682258e+00 3.211540e+00 -9.149815e-01 -1.016343e+00 3.470218e-01 1.464982e+00 -1.488993e+00 1.172555e+00 8.435951e+00 -4.179963e-03 9.934713e-01 1.846468e-02 6.471727e-01 1.912441e-01 2.990122e-01 1.200994e+00 -7.180972e-03 -9.993378e-01 1.210929e+00 -3.855553e-01 -1.666071e-01 -1.209687e-01 6.788258e-03 -1.254420e+00 -2.001546e-01 -1.224570e+00 -3.517439e-01 -4.437669e-02 -4.507601e-01 5.247683e-02 8.460129e-01 -7.830441e-01 2.166494e-01 2.358760e-01 1.129459e-01 
-1.294130e+01 6.626538e+00 3.533174e+00 8.925576e+00 3.212847e+00 1.764896e+00 -5.041449e+00 -7.326266e+00 -6.042239e+00 1.603925e+00 -2.905145e+00 -2.355423e+00 8.654697e+00 2.469329e-03 -1.699767e-01 -1.251991e-01 -1.982761e-01 -3.708521e-01 2.753848e-01 2.138485e-01 7.994323e-01 7.887639e-01 -5.872155e-02 -3.235387e-01 -3.060354e-02 -1.412057e-01 -2.150920e-01 -1.083086e+00 -2.517181e-01 -1.168495e+00 -5.270469e-01 -1.674204e-01 -1.365860e-01 4.364563e-01 9.832969e-01 -5.518208e-01 5.861143e-01 3.683193e-01 -1.440314e-02 
-1.503607e+01 4.494007e+00 2.498696e+00 2.878120e+00 -2.422658e+00 3.266900e-01 2.028457e+00 -1.015540e+00 -4.438473e+00 1.967745e-01 -4.476514e-02 8.481903e-01 8.420071e+00 -5.984937e-01 -9.625200e-01 -7.348940e-01 -1.913029e+00 -1.461800e+00 -5.007868e-01 9.080279e-01 1.732076e+00 1.058656e+00 -5.230626e-01 1.661614e+00 7.775363e-01 -3.486181e-01 -1.285215e-01 -4.817105e-01 -3.211213e-01 -4.196166e-01 -2.197560e-01 -3.278062e-01 -4.928572e-01 -1.015195e-02 3.733716e-01 -6.420788e-02 2.990428e-01 1.023262e-01 -8.547315e-02 
-1.602095e+01 1.077449e+00 8.288915e-01 2.657237e+00 8.884391e-01 3.352642e+00 2.590134e+00 5.022569e+00 4.041326e+00 1.340470e+00 9.764685e-01 4.751301e-01 7.339538e+00 -7.393257e-01 -1.309139e+00 -9.458345e-01 -1.840829e+00 -1.327379e+00 -4.721352e-01 9.374264e-01 1.679763e+00 1.854191e+00 5.945193e-01 1.746842e+00 7.867312e-01 -4.665688e-01 5.527216e-03 -7.443807e-03 -2.561039e-01 -2.654475e-02 7.299057e-04 -3.359790e-01 -6.332674e-01 -8.075832e-01 -4.574992e-01 1.952881e-01 -9.894447e-02 -6.305274e-02 -4.403958e-03 
-1.681316e+01 1.513950e+00 8.516803e-01 1.189097e+00 -2.463835e+00 -8.583324e-02 -1.905072e-01 1.469724e+00 5.984986e-01 -1.018248e+00 4.878136e+00 3.644491e+00 7.350498e+00 -2.761360e-01 -8.455395e-01 -1.176958e+00 -6.296626e-01 -4.293101e-01 -9.664083e-01 -1.625175e+00 -4.982039e-01 3.349036e-01 5.632243e-01 7.451948e-02 -6.354348e-02 -3.856210e-01 1.791726e-01 3.429020e-01 7.876209e-02 3.920512e-01 3.449143e-01 -2.961145e-02 -6.037346e-01 -6.990386e-01 -4.156685e-01 2.150069e-01 -5.437325e-01 -2.404552e-01 9.857054e-02 
-1.574942e+01 1.570778e+00 -3.723598e-01 5.658162e-01 -3.403171e+00 -3.896004e-01 7.553924e-01 -1.699883e-01 7.104605e-01 5.183850e+00 3.367574e+00 1.800659e-01 6.856419e+00 -1.310485e-01 -2.657227e-01 -1.184667e+00 -9.727039e-01 -8.833233e-01 -1.171857e+00 -1.685841e+00 -2.123417e+00 -1.136708e+00 3.746634e-01 -2.461854e-02 7.468300e-02 -1.446767e-01 1.801184e-01 4.932683e-01 3.998186e-01 3.748912e-01 5.112274e-01 3.314372e-01 -1.075713e-01 -3.701853e-02 -2.585111e-01 -1.400218e-01 -2.713641e-01 -7.813748e-02 1.653377e-01 
-1.655237e+01 2.024685e-02 -2.785221e+00 7.755506e-01 -2.423687e+00 -2.634102e+00 -5.180167e+00 -9.099467e-01 -1.098861e+00 1.091447e+00 -8.676142e-01 6.781673e-01 6.733402e+00 -6.972666e-03 2.303003e-01 -2.217692e-01 -3.868490e-01 4.092347e-02 -2.988681e-01 -7.987868e-01 1.383707e-01 4.756407e-01 6.619674e-01 -1.712436e-01 -6.879770e-02 -1.677133e-02 1.398912e-01 4.130790e-01 6.194077e-01 3.286336e-01 5.073746e-01 5.062721e-01 6.357993e-01 6.993414e-01 2.243973e-01 -2.468022e-02 3.305379e-01 1.322744e-01 1.520870e-01 
-1.680688e+01 4.959390e-01 -3.275873e+00 -1.999423e+00 -3.548833e+00 -1.231992e+00 -3.344378e+00 -4.404574e+00 -7.935897e-01 2.158869e+00 3.726086e+00 2.332178e+00 6.924637e+00 2.653977e-02 6.193879e-01 5.757399e-01 -8.770830e-02 9.935962e-01 8.514031e-01 -1.335291e-02 1.176411e+00 4.913979e-01 -1.549791e-01 5.128884e-01 3.987271e-01 1.756435e-01 1.122744e-01 1.336284e-01 4.533972e-01 5.693852e-01 6.555910e-01 6.914473e-01 7.594353e-01 8.946857e-01 3.593941e-01 -7.897449e-02 2.332807e-01 3.973745e-02 9.918173e-02 
-1.631892e+01 3.202632e+00 1.194550e+00 5.375962e-01 -2.186409e+00 -1.159331e+00 -2.135176e+00 4.278997e+00 3.729057e+00 3.803911e+00 3.842402e+00 2.224469e+00 7.232625e+00 3.446419e-01 7.771844e-01 1.040089e+00 5.710723e-01 1.168970e+00 5.533456e-01 7.177021e-01 1.348676e+00 6.427744e-01 7.045602e-01 1.458376e+00 4.359108e-01 2.146111e-01 4.405204e-02 -1.343280e-01 1.771572e-02 4.665032e-01 2.866552e-01 4.890234e-01 4.250546e-01 1.752332e-02 8.223386e-02 -1.241747e-01 5.527711e-02 1.551458e-05 5.290189e-02 
-1.573328e+01 3.076238e+00 5.164073e-01 2.463372e-01 1.446379e+00 3.129973e+00 -8.343681e-01 3.117467e+00 7.533209e-01 3.053128e+00 3.577066e+00 1.400765e+00 7.484921e+00 2.544775e-01 1.288324e-01 4.512780e-01 1.395296e+00 1.830477e+00 1.859231e+00 1.353084e+00 1.744919e+00 5.766482e-01 -4.143586e-02 3.268386e-01 2.102930e-02 2.355684e-01 -2.864701e-02 -2.064356e-01 -2.095190e-01 2.626635e-01 -1.462023e-01 -6.419915e-02 -5.822054e-02 -4.236337e-01 2.375615e-01 4.118421e-02 -2.563798e-01 -1.069055e-01 -4.623989e-03 
-1.536541e+01 2.616223e+00 5.195149e-01 2.507775e+00 9.239538e-01 -2.049069e+00 -2.847087e+00 2.072371e+00 1.341558e+00 4.167140e+00 6.498843e+00 3.323428e+00 7.526076e+00 9.954900e-02 -1.961702e-01 -7.109741e-02 1.204184e+00 1.055909e+00 1.642376e+00 6.432711e-01 -5.829531e-02 8.441160e-01 -1.578977e-02 1.981098e-01 1.201522e-01 2.178202e-01 -8.161075e-02 -2.058519e-01 -3.157871e-01 -1.213375e-01 -4.012467e-01 -2.323965e-01 -2.625535e-01 -5.194489e-01 1.214724e-01 2.227576e-02 -5.101083e-01 -7.006032e-02 -3.156556e-02 
-1.601065e+01 1.433606e+00 -6.817364e-01 3.991593e+00 4.048728e+00 8.509183e+00 3.777351e+00 5.423263e+00 3.283834e+00 1.769666e+00 4.032148e+00 1.888137e+00 7.955739e+00 5.793975e-03 7.390238e-02 8.377913e-02 9.091249e-01 3.190808e-01 -1.411793e-02 -2.672339e-01 -2.382657e-01 1.578373e+00 4.111554e-01 -1.387291e-01 2.214077e-02 1.508876e-01 -2.505304e-02 -9.769053e-02 -2.021697e-01 -4.583740e-01 -6.839613e-01 -8.253092e-01 -4.385843e-01 -5.591347e-01 -1.352045e-01 1.913713e-01 -2.650571e-01 -6.227821e-02 -5.811596e-02 
-1.568310e+01 3.042925e+00 1.437977e+00 4.685946e+00 1.791232e+00 4.363324e+00 -1.224872e+00 2.834412e+00 6.684238e+00 4.366688e+00 4.605396e+00 2.581434e+00 8.086361e+00 6.098310e-02 -2.245252e-01 -3.550611e-01 2.075321e-01 -8.145290e-02 3.280711e-01 2.152080e-01 -2.570162e-01 7.491690e-01 5.897742e-01 -8.592738e-01 8.498935e-02 9.908360e-02 -1.254950e-01 -3.575652e-01 -2.750105e-01 -7.158930e-01 -6.948776e-01 -5.660820e-01 -9.798614e-02 -2.035494e-01 -7.202754e-01 -1.748673e-01 -2.056422e-01 7.127157e-02 2.881150e-01 
-1.554554e+01 3.232026e+00 4.756635e-01 3.702773e+00 2.608068e+00 -1.467742e-01 -2.981618e+00 1.544804e+00 5.973980e+00 5.008626e+00 3.830061e+00 1.881947e+00 7.959318e+00 1.484878e-01 -3.454475e-01 -4.177125e-01 -3.982776e-01 -1.020635e+00 -1.610050e+00 -6.257942e-01 -9.513835e-01 -5.188766e-02 6.127088e-01 -4.697208e-01 -2.727019e-01 4.382512e-03 -3.731636e-01 -3.680266e-01 -5.264267e-01 -7.104741e-01 -7.718171e-01 -1.092173e-01 -5.178150e-03 -3.832590e-01 -9.903198e-01 -4.209023e-01 -1.960410e-01 2.726474e-01 6.774721e-01 
-1.529372e+01 5.939188e-01 -1.834302e+00 3.689534e+00 1.236380e+00 3.919393e+00 1.608115e+00 2.726409e+00 3.742178e+00 5.496367e+00 2.303764e+00 3.751374e+00 8.019932e+00 -5.994246e-01 -1.774391e+00 -1.195319e+00 -1.721553e+00 -1.748470e+00 -3.901185e-01 3.326322e-01 -7.194425e-01 -1.942209e+00 -9.909059e-01 -6.646302e-01 6.238503e-01 1.731597e+00 -7.662933e-01 2.173199e-01 -2.541481e-01 -4.447873e-01 -6.260524e-01 -7.286865e-02 -1.622976e-01 -5.630285e-01 -5.973755e-01 -1.547433e-01 -2.162075e-01 2.605132e-01 8.219590e-01 
-1.546265e+01 9.304796e-01 -1.133716e+00 2.498020e+00 -7.771462e-01 6.806163e-01 -7.684116e-01 7.201299e-01 4.495734e+00 4.268563e+00 2.834743e+00 -6.052491e-02 8.010985e+00 -1.529927e+00 -9.912565e-01 -2.128362e+00 -1.678741e+00 -2.706603e+00 -2.010998e-01 -3.520309e-01 -1.923241e+00 -2.027459e+00 -9.031218e-01 -1.216224e+00 1.115827e+00 2.721963e+00 -8.869750e-01 7.460040e-01 4.129761e-01 5.026330e-02 3.044325e-02 4.598993e-01 -4.047498e-02 -1.270231e-01 -4.234339e-02 3.122053e-01 -3.688624e-01 -8.175192e-02 5.150158e-01 
-1.872108e+01 -4.677886e+00 -3.734068e+00 -3.319495e+00 -5.258683e+00 1.998816e+00 -6.684299e-01 -3.502603e-01 -2.287581e+00 -2.175783e-01 1.779880e+00 6.671891e+00 1.671877e+01 -2.931331e+00 1.184836e+00 -7.703544e-01 -1.376244e+00 -2.368863e+00 -7.407265e-01 -7.331923e-01 -2.586186e+00 -1.249971e+00 5.739573e-01 -1.567061e+00 6.933677e-01 2.850131e+00 -4.840722e-01 9.329181e-01 1.367789e+00 4.524060e-01 6.793500e-01 3.236707e-01 -2.440308e-01 3.387841e-01 5.796788e-01 7.504311e-01 2.960699e-02 -8.462793e-01 -3.707311e-01 
-2.148125e+01 9.123533e-01 -9.216180e+00 -1.186615e+00 -7.677796e+00 -1.922455e-01 -3.603493e+00 -6.532908e+00 -1.148281e+00 3.349978e+00 -1.988811e+00 6.000878e+00 1.721956e+01 -3.120171e+00 1.905030e+00 1.434639e+00 -3.196375e-01 -5.582711e-01 8.647104e-01 -2.951031e-01 -6.530881e-01 -6.095836e-01 1.391243e+00 -1.862703e+00 -7.161785e-01 2.020219e+00 3.395771e-01 3.417744e-02 1.996329e+00 3.000073e-01 8.710566e-01 3.683277e-01 6.140009e-02 9.164905e-01 3.543622e-01 1.817893e-02 2.612808e-01 -1.276766e+00 -7.802087e-01 
-2.694154e+01 6.527578e+00 -1.644395e+00 -1.349316e+00 -7.157429e+00 6.524897e-01 -6.401628e-01 -6.577876e+00 3.137831e-01 8.825619e+00 -3.119882e+00 4.187574e+00 1.766622e+01 -2.224512e+00 1.442066e+00 3.862066e+00 -1.390466e-01 5.741118e-01 6.953812e-01 -9.160410e-01 3.394033e-01 2.472291e-01 1.614149e+00 -1.933924e-01 -2.691564e+00 2.287573e-01 1.622561e+00 -8.695469e-01 1.213810e+00 -7.048555e-02 1.186493e-01 -2.118516e-01 -2.545875e-01 4.041086e-01 -4.125681e-01 -1.141629e+00 7.813516e-02 -1.057281e+00 -6.964992e-01 
-2.695319e+01 4.852612e+00 4.994771e+00 -8.533574e-02 -2.619275e+00 5.677305e+00 -2.258190e+00 5.683642e-01 1.475897e-01 6.702731e+00 -4.029428e+00 -2.399167e+00 1.763849e+01 -1.855727e-01 -9.489146e-01 5.537115e+00 -7.973737e-01 1.771113e-01 9.225566e-01 4.629384e-02 1.196360e+00 -1.004186e+00 -1.332327e+00 -5.965891e-01 -3.575486e+00 1.315675e-01 2.336878e+00 -1.093907e+00 -3.063042e-01 -4.146296e-01 -1.057684e+00 -1.281271e+00 -6.800275e-01 -5.245107e-01 -1.291369e+00 -1.621949e+00 -2.298661e-01 -4.088954e-01 -2.830854e-01 
-2.710778e+01 5.620754e-01 8.470770e+00 -4.565359e+00 -4.917433e+00 2.540721e+00 -5.921916e+00 -2.203971e+00 -1.698906e+00 6.176235e+00 1.833256e+00 -2.586109e+00 1.765302e+01 3.714104e+00 -1.735990e+00 3.247465e+00 -1.489805e+00 -2.143222e+00 -1.828942e+00 -2.176780e+00 -1.490438e+00 -3.115512e+00 -3.772320e+00 -1.809546e+00 -3.163434e+00 3.119318e-01 2.082147e+00 -8.307094e-01 -1.583299e+00 -2.940771e-01 -1.496729e+00 -1.463059e+00 -8.202434e-01 -6.469528e-01 -1.561108e+00 -1.403511e+00 -5.297526e-01 6.356323e-02 1.243386e-01 
-2.232587e+01 -8.498141e-01 1.341182e+01 -3.565463e+00 -7.912502e+00 3.476868e+00 -7.312456e-01 -2.737961e+00 -5.162726e+00 -1.987132e+00 -7.448246e+00 -8.489870e+00 1.788407e+01 5.594923e+00 -1.975546e+00 2.103434e-01 -1.717381e+00 -4.488287e+00 -4.279531e+00 -3.065023e+00 -2.360667e+00 -5.384948e+00 -4.025279e+00 -2.203972e+00 -2.524743e+00 5.632237e-01 7.808786e-01 -3.656021e-01 -1.887761e+00 -4.967355e-02 -9.163558e-01 -1.065436e+00 -7.261401e-01 -1.712616e-01 -7.203771e-01 -1.971973e-01 2.419579e-01 3.988945e-01 1.030689e-01 
-1.068478e+01 6.992472e-01 1.038435e+01 -7.058480e+00 -1.522697e+01 -7.391715e+00 -1.228724e+01 -1.237669e+01 -1.260819e+01 -5.691157e+00 -1.045795e+01 -8.584373e+00 1.910305e+01 5.295971e+00 -2.198064e+00 -1.391122e+00 -1.149395e+00 -4.576938e+00 -4.018816e+00 -3.461479e+00 -1.116884e+00 -5.367844e+00 -4.056912e+00 -2.038476e+00 -2.899106e+00 6.346753e-01 -9.787157e-01 -1.109357e-01 -7.678266e-01 3.221936e-01 3.832673e-01 3.984452e-01 4.800399e-01 1.074934e+00 7.329734e-01 8.253896e-01 1.148888e+00 5.513279e-01 -3.613731e-02 
-7.190206e+00 -5.093321e+00 5.089380e+00 -7.425690e+00 -1.990564e+01 -1.075425e+01 -1.440099e+01 -6.148676e+00 -2.132285e+01 -7.489984e+00 -8.903582e+00 -1.202404e+01 1.972955e+01 2.927892e+00 -2.545826e+00 -1.582440e+00 -1.215880e+00 -3.187757e+00 -3.309588e+00 -2.942161e+00 1.533540e-01 -3.479947e+00 -2.175936e+00 7.278204e-01 -1.713268e+00 4.854850e-01 -1.795177e+00 3.112034e-01 3.818010e-01 4.350496e-01 1.134624e+00 1.250540e+00 1.010723e+00 1.155265e+00 1.757953e+00 1.177987e+00 1.383535e+00 6.931393e-01 -1.554675e-01 
-8.196144e+00 -8.306570e+00 5.676367e+00 -8.382384e+00 -2.180542e+01 -1.043829e+01 -1.639434e+01 -6.083232e+00 -2.045864e+01 -1.135686e+01 -7.631513e+00 -1.531431e+01 1.990378e+01 1.540732e-01 -2.005427e+00 3.048111e-01 -1.296134e-01 -8.772205e-01 -3.215449e-01 1.620187e-01 2.627134e+00 -4.031243e-01 -5.701746e-01 2.468982e+00 -8.125733e-01 1.700767e-01 -1.520018e+00 7.286282e-01 7.475458e-01 4.630084e-01 9.872831e-01 1.233427e+00 1.123284e+00 6.461174e-01 1.710633e+00 1.244032e+00 1.098191e+00 8.224476e-01 -1.836803e-01 
-8.930994e+00 -9.075712e+00 7.853743e+00 -8.983020e+00 -2.056189e+01 -1.154789e+01 -1.338808e+01 -5.118034e+00 -1.863751e+01 -1.003382e+01 -5.222512e+00 -1.369084e+01 1.991116e+01 -8.100742e-01 -5.159594e-01 1.271493e+00 -5.206177e-02 -6.650693e-01 1.245229e-01 1.766330e-01 1.543630e+00 9.223631e-01 1.211400e-01 2.459945e+00 -1.024449e-01 1.826677e-02 -6.745525e-01 8.557818e-01 4.359723e-01 4.418822e-01 3.715922e-01 8.545874e-01 6.551639e-01 -5.659214e-03 9.409071e-01 7.186469e-01 2.802020e-01 4.100329e-01 -1.289904e-01 
-9.043910e+00 -7.337059e+00 1.052591e+01 -6.927832e+00 -1.928439e+01 -8.603033e+00 -1.198363e+01 2.439548e-01 -1.596661e+01 -7.269821e+00 4.625115e-02 -1.181357e+01 1.986263e+01 -4.351871e-01 4.301845e-01 9.196919e-01 5.836802e-01 -9.019527e-01 4.314068e-01 5.956897e-01 1.418541e+00 9.839103e-01 1.014799e+00 2.586370e+00 4.077199e-01 -5.010663e-02 4.701548e-02 5.402775e-01 -1.555848e-01 1.779233e-01 -6.756993e-02 1.024630e-01 -1.994453e-02 -6.058293e-01 -1.138968e-02 2.171678e-01 -3.415050e-01 6.094461e-02 -4.374061e-02 
-1.081651e+01 -8.158131e+00 9.022192e+00 -8.413044e+00 -2.449166e+01 -1.104911e+01 -1.572273e+01 -1.594097e+00 -1.895678e+01 -8.927644e+00 -4.430771e-01 -1.428633e+01 1.984138e+01 -1.500654e-01 5.152497e-01 2.899541e-01 6.367418e-01 -1.317422e+00 5.868855e-01 1.169863e-01 7.293963e-01 5.309928e-01 6.249105e-01 2.070126e+00 -2.731061e-01 -4.938623e-02 2.660584e-01 1.087994e-01 -3.763001e-01 1.475692e-01 1.879999e-01 -1.902230e-01 6.010479e-02 -4.387593e-01 -4.193281e-01 -9.194028e-02 -5.735002e-01 -1.250145e-01 6.304217e-03 
-9.429258e+00 -6.614458e+00 9.690321e+00 -5.748860e+00 -2.435012e+01 -8.530373e+00 -1.224850e+01 -7.525600e-01 -1.537925e+01 -6.836090e+00 2.910333e+00 -1.297815e+01 1.968817e+01 5.938727e-02 1.803293e-01 1.776388e-02 4.155156e-01 -8.886230e-01 -4.046105e-02 9.217595e-02 5.148114e-03 -2.644074e-01 2.638316e-01 9.563074e-01 -4.225484e-01 -1.480658e-02 1.865497e-01 -1.874883e-01 -3.834123e-01 1.009974e-01 2.762643e-01 -4.071863e-01 -9.345260e-02 -3.845469e-01 -6.449496e-01 -3.867320e-01 -8.091913e-01 -1.983729e-01 3.965113e-02 
-9.488853e+00 -6.860387e+00 9.721742e+00 -6.388863e+00 -2.461622e+01 -8.649442e+00 -1.267041e+01 -9.725802e-01 -1.627669e+01 -7.126343e+00 3.696159e+00 -1.447451e+01 1.975146e+01 2.728296e-01 1.528643e-01 -1.589776e-01 7.698041e-01 2.683315e-01 -5.906793e-01 7.290877e-01 5.651930e-02 -5.501912e-01 3.697112e-02 4.075488e-01 -3.124118e-01 3.215102e-02 2.128424e-01 -2.910250e-01 -2.172832e-01 1.780018e-01 2.814597e-01 -3.551241e-01 -9.254589e-02 -1.396926e-01 -5.167636e-01 -3.996077e-01 -7.252311e-01 -3.262507e-02 4.490743e-02 
-9.410887e+00 -7.083782e+00 1.026453e+01 -5.862437e+00 -2.366556e+01 -1.000514e+01 -1.304888e+01 -4.110783e-02 -1.862833e+01 -6.851345e+00 2.758537e+00 -1.383198e+01 1.983333e+01 2.858622e-01 -3.259932e-01 -7.727371e-01 1.022142e+00 -3.135183e-01 -1.015700e+00 -1.776789e-01 -1.676303e-01 -1.700195e+00 -6.248561e-01 -6.282175e-01 -5.645134e-01 1.074011e-01 2.547090e-01 -2.768370e-01 -1.737112e-02 1.503572e-01 1.330097e-01 -3.150790e-02 -1.693570e-01 7.541975e-02 -1.694620e-01 -3.721004e-01 -3.565696e-01 -6.143782e-03 3.456597e-02 
-9.461520e+00 -7.159226e+00 7.939719e+00 -4.507177e+00 -2.349211e+01 -1.326548e+01 -1.167793e+01 -1.667571e+00 -2.008296e+01 -8.735104e+00 1.670661e+00 -1.542120e+01 1.992950e+01 8.007834e-01 -6.867256e-01 -4.013138e-01 1.223504e+00 -1.977265e-01 -7.009402e-01 -2.108159e-01 1.173085e-01 -1.334952e+00 -9.287679e-01 -7.637682e-01 -3.652571e-01 1.140157e-01 2.112661e-01 -2.060315e-01 2.278219e-01 -1.289555e-01 9.086233e-02 1.375925e-01 -2.404040e-01 1.309800e-01 1.666577e-01 -4.219827e-01 5.383072e-03 -9.410740e-02 1.488542e-02 
-8.013328e+00 -8.094934e+00 6.717405e+00 -1.578561e+00 -2.647946e+01 -1.130131e+01 -1.363359e+01 -1.243590e+00 -2.197712e+01 -9.156053e+00 7.820947e-01 -1.532711e+01 2.013595e+01 1.069016e+00 -7.839975e-01 5.182270e-02 9.404176e-01 9.446085e-03 -1.429820e-01 -2.845672e-01 3.518180e-01 -7.193451e-01 -1.113826e+00 -2.408794e-01 -4.268932e-01 1.170283e-01 7.955036e-02 9.209698e-02 2.798595e-01 -2.533170e-01 3.298534e-01 1.476618e-01 -2.758678e-02 1.872590e-01 5.053188e-01 -4.042448e-01 3.666528e-01 -1.333499e-01 -8.731233e-03 
-6.183820e+00 -9.788515e+00 9.489019e+00 -2.412969e+00 -2.419777e+01 -1.150617e+01 -1.343205e+01 2.154486e-01 -2.127692e+01 -1.061763e+01 8.657063e-01 -1.555325e+01 2.017017e+01 9.376258e-01 -6.484526e-01 5.677508e-01 1.659898e-01 5.612639e-01 -3.391975e-01 -4.196645e-01 4.515637e-01 -2.073045e-01 -1.828640e+00 2.407240e-01 -8.516769e-01 1.017033e-01 -1.449781e-01 4.265935e-01 -5.636968e-02 -4.433312e-02 2.375026e-01 1.572344e-01 8.342012e-02 9.339071e-02 5.223458e-01 -2.545079e-01 4.101996e-01 -9.525073e-02 -1.374305e-02 
-5.705272e+00 -9.689555e+00 9.749365e+00 -2.207067e+00 -2.326564e+01 -1.159992e+01 -1.359433e+01 7.763395e-01 -2.162856e+01 -1.147931e+01 1.956976e+00 -1.590073e+01 2.029833e+01 6.150022e-01 1.153542e-01 1.420856e-01 2.843581e-01 9.563373e-01 -4.582847e-01 -2.111558e-01 6.014820e-01 2.627169e-01 -2.196272e+00 7.027479e-01 -9.879835e-01 6.987427e-02 -2.252434e-01 5.745353e-01 -3.284113e-01 2.805304e-01 1.946858e-02 2.426651e-01 1.911888e-01 -4.471609e-02 4.868177e-01 4.951293e-02 2.011830e-01 1.420850e-01 -2.066180e-02 
-5.927519e+00 -9.604313e+00 9.262511e+00 -3.363393e+00 -2.229284e+01 -1.481245e+01 -1.379534e+01 -4.193177e-01 -2.129442e+01 -1.671665e+01 2.287103e+00 -1.939321e+01 2.035693e+01 3.027514e-01 9.965230e-01 -7.281663e-01 1.329808e+00 5.164568e-01 2.427954e-01 1.696657e-01 4.593551e-01 7.859357e-01 -1.659964e+00 8.154410e-01 -5.608758e-01 6.876092e-02 -1.800351e-01 4.551492e-01 -4.196845e-01 4.388586e-01 -2.781319e-01 3.873825e-01 2.494124e-01 -3.219181e-01 3.511601e-01 4.422684e-01 -1.635817e-01 4.695605e-01 -2.396227e-02 
-5.066310e+00 -7.609933e+00 7.541604e+00 3.184551e-01 -2.265056e+01 -1.193978e+01 -1.450725e+01 2.081204e+00 -2.065501e+01 -1.708813e+01 3.585397e+00 -1.834749e+01 2.039205e+01 2.601959e-01 1.266341e+00 -9.421903e-01 1.761104e+00 1.290923e-01 7.792990e-01 3.768150e-01 1.242437e-01 1.218113e+00 -9.505727e-01 4.777162e-01 1.381378e-01 3.012078e-02 -1.905648e-01 1.738578e-01 -2.086300e-01 2.850887e-02 -2.692587e-01 9.307103e-02 1.925488e-01 -6.166418e-01 1.809005e-02 5.600861e-01 -6.622409e-01 4.528898e-01 -2.574696e-02 
-4.989689e+00 -5.845316e+00 6.952200e+00 2.973232e+00 -2.192277e+01 -1.012234e+01 -1.212758e+01 1.859578e+00 -1.783410e+01 -1.611347e+01 4.128717e+00 -1.713422e+01 2.046720e+01 2.149807e-01 1.051834e+00 -9.884431e-01 1.621874e+00 -4.158198e-01 9.787734e-01 5.333240e-01 -9.193621e-01 1.070777e+00 -2.399388e-01 -4.645822e-01 9.330411e-01 1.762841e-03 -2.823055e-01 1.488042e-01 8.717819e-02 -6.487056e-01 1.703703e-01 -2.980499e-01 8.940581e-03 -4.466665e-01 -2.856019e-01 4.317787e-01 -9.446926e-01 3.363426e-01 -3.388811e-02 
-4.873188e+00 -5.237351e+00 6.193261e+00 3.429979e+00 -2.280549e+01 -1.004874e+01 -1.254426e+01 2.580072e-01 -1.726817e+01 -1.653401e+01 3.424653e+00 -1.633940e+01 2.039384e+01 -2.938232e-01 9.569785e-01 -7.707750e-01 2.808206e-01 7.609463e-02 -3.609238e-01 5.696898e-01 -1.792330e+00 2.107318e-01 -1.058335e-01 -1.968485e+00 5.294764e-01 -2.535075e-02 -3.708937e-01 4.133484e-01 2.891646e-01 -9.990540e-01 6.073725e-01 -4.356783e-01 1.214371e-01 -2.021569e-02 -2.928194e-01 5.011997e-01 -8.464310e-01 2.281308e-01 -3.684630e-02 
-4.948914e+00 -5.531291e+00 4.994081e+00 3.190283e+00 -2.429453e+01 -1.086394e+01 -1.211031e+01 -4.104656e+00 -1.763379e+01 -1.819348e+01 4.439997e-02 -1.573194e+01 2.036476e+01 -8.318838e-01 1.895239e+00 -3.780473e-01 -1.173703e+00 1.394772e+00 -6.773129e-01 1.180059e-01 -8.155923e-01 -1.384847e-01 7.651354e-02 -2.684955e+00 9.252608e-01 -7.289777e-02 -3.695065e-01 7.307385e-01 2.191095e-01 -8.403330e-01 8.573382e-01 -3.301090e-01 2.098411e-01 3.453735e-01 5.021278e-02 7.034301e-01 -4.473993e-01 1.508998e-01 -4.811678e-02 
-6.555726e+00 -2.982345e+00 4.666404e+00 1.614140e+00 -2.108380e+01 -1.337330e+01 -1.166746e+01 -3.898287e+00 -1.970159e+01 -1.657730e+01 -4.214854e+00 -1.640130e+01 2.031645e+01 -1.070992e+00 2.911317e+00 1.982896e-01 -1.836384e+00 2.260561e+00 -5.709898e-01 1.191817e+00 -2.867125e-02 3.586067e-01 1.397117e+00 -2.644378e+00 1.282750e+00 -1.167772e-01 -2.577783e-01 7.125993e-01 7.971039e-02 -2.252404e-01 6.030527e-01 6.466321e-03 8.639930e-02 3.323146e-01 4.324835e-01 7.975221e-01 2.203050e-01 2.027191e-01 -5.806707e-02 
-8.308164e+00 2.503056e+00 5.825531e+00 -1.987229e+00 -1.580962e+01 -1.184603e+01 -1.197630e+01 -1.398760e-01 -1.731015e+01 -1.570942e+01 -5.476124e+00 -1.247757e+01 2.014132e+01 -1.243874e+00 3.728401e+00 -3.774866e-01 -1.521098e+00 2.778653e+00 -5.666446e-01 1.271516e+00 -7.430600e-02 1.248011e+00 2.525771e+00 -2.363620e+00 1.310941e+00 -1.931406e-01 -1.667311e-01 1.737231e-01 -3.131793e-01 5.129964e-01 1.156137e-01 1.723157e-01 -7.156209e-02 -1.727592e-01 2.702433e-01 4.826064e-01 5.964386e-01 2.598045e-02 -5.750477e-02 
-8.548334e+00 5.302340e+00 6.769198e+00 -3.163414e+00 -1.574528e+01 -1.241278e+01 -6.652148e+00 -1.867918e+00 -1.563728e+01 -1.079038e+01 -7.036667e+00 -1.155317e+01 1.992145e+01 -1.376594e+00 3.603282e+00 -3.725811e-01 -6.716585e-01 2.399318e+00 -3.838722e-01 4.249063e-01 -5.014575e-01 1.679785e+00 2.657165e+00 -1.027605e+00 1.350348e+00 -2.556198e-01 -1.281432e-01 -3.736390e-01 -5.644177e-01 9.315139e-01 -9.243807e-02 4.521329e-01 -5.119629e-01 -3.248534e-01 -2.960723e-01 -2.525721e-01 7.192454e-01 -1.399965e-02 -4.880132e-02 
-1.017217e+01 8.968746e+00 2.055003e+00 -2.026598e+00 -1.307088e+01 -1.417772e+01 -8.259706e+00 -5.491827e+00 -1.342604e+01 -8.458456e+00 -1.036262e+01 -1.160146e+01 1.959669e+01 -1.512638e+00 2.417964e+00 -1.658547e+00 8.089880e-01 1.903389e+00 9.071141e-02 1.436659e-01 -1.442920e+00 5.520024e-01 1.859425e+00 -5.110947e-01 1.021352e+00 -2.910508e-01 -9.415812e-02 -7.151846e-01 -1.774549e-01 9.432550e-01 -2.372687e-01 6.640841e-01 -4.100230e-01 -1.997156e-01 -7.032992e-01 -8.182048e-01 4.946017e-01 -3.546499e-02 -3.337470e-02 
-1.250667e+01 1.180134e+01 4.689193e+00 -1.724190e+00 -1.045669e+01 -1.412709e+01 -1.140101e+01 -3.729658e+00 -1.324454e+01 -6.916899e+00 -6.909862e+00 -1.008734e+01 1.931084e+01 -1.577403e+00 1.698534e+00 -1.983157e+00 1.656070e+00 2.235989e+00 1.361020e+00 -8.038847e-01 -9.687640e-01 -7.738891e-01 4.673057e-01 2.570353e-02 1.357522e+00 -3.118117e-01 -2.234180e-02 -7.469730e-01 9.980235e-02 7.111816e-01 -2.073803e-01 7.518628e-01 -3.818088e-03 6.451737e-02 -6.077950e-01 -9.517795e-01 -4.523406e-02 -5.925389e-02 -2.369334e-02 
-1.389213e+01 1.134329e+01 -1.427210e+00 1.338210e+00 -8.936765e+00 -1.053533e+01 -8.883152e+00 -6.423701e+00 -1.574618e+01 -8.348786e+00 -8.095233e+00 -8.103603e+00 1.899145e+01 -1.614373e+00 1.104984e+00 -4.594801e-01 2.031220e+00 1.674054e+00 1.881365e+00 -1.640842e-01 -8.392230e-01 -1.041761e+00 -4.704147e-01 -4.171838e-01 1.129973e+00 -3.319177e-01 3.944923e-02 -6.445138e-01 5.828984e-01 2.832398e-01 -2.627206e-01 3.480086e-01 1.140539e-01 1.165133e-01 -6.181017e-02 -5.133286e-01 -1.577166e-01 -1.611958e-01 -2.130304e-03 
-1.457545e+01 1.260723e+01 -1.405111e+00 3.434508e+00 -6.632945e+00 -7.428748e+00 -1.035984e+01 -6.245437e+00 -1.834624e+01 -8.508756e+00 -8.042166e+00 -6.514384e+00 1.866489e+01 -1.437368e+00 5.250404e-01 -4.732158e-01 2.273217e+00 1.477160e+00 2.480196e+00 5.596637e-01 -4.807377e-01 -5.623121e-01 -9.366763e-01 -1.300655e+00 9.997293e-01 -3.535955e-01 1.675080e-01 -5.524712e-01 6.139550e-01 -2.023865e-01 -4.773105e-01 -2.388535e-01 5.058436e-02 -9.251884e-02 3.933466e-01 7.103255e-02 -3.434736e-02 -4.527113e-01 4.921026e-02 
-1.720926e+01 1.409015e+01 2.804965e+00 5.550317e+00 -6.612357e+00 -8.120193e+00 -9.600821e+00 -8.429980e+00 -1.608338e+01 -1.001486e+01 -1.188274e+01 -7.738384e+00 1.825983e+01 -1.385504e+00 -2.179133e-01 5.010347e-01 1.916570e+00 9.691852e-01 1.271264e+00 3.201940e-02 -1.104470e+00 1.371983e-01 -5.169808e-03 -6.365455e-01 3.942812e-01 -2.807686e-01 4.293633e-01 -3.806432e-01 2.074929e-01 -7.522551e-01 -6.570500e-01 -7.377111e-01 -1.769345e-01 1.113916e-01 3.238151e-01 3.494820e-01 2.813268e-01 -4.493550e-01 1.255855e-01 
-1.803507e+01 1.305304e+01 2.070307e-01 7.535825e+00 -4.233390e+00 -2.933650e+00 -8.244526e+00 -5.130079e+00 -1.588745e+01 -1.076688e+01 -1.151930e+01 -5.271400e+00 1.790845e+01 -8.543585e-01 -4.025391e-01 6.062947e-01 7.015042e-01 2.018436e-01 4.718720e-01 -6.490751e-01 -1.298738e+00 6.034489e-01 5.897742e-01 -3.640170e-02 -5.381413e-01 -9.130096e-02 6.861744e-01 -2.584734e-01 4.308257e-02 -1.143795e+00 -9.958055e-01 -1.289940e+00 -1.824395e-01 4.527200e-01 5.891540e-03 1.413990e-01 3.396570e-01 -3.201573e-01 1.873164e-01 
-1.909030e+01 1.003036e+01 2.722898e-01 8.870530e+00 -5.290595e+00 -6.426504e+00 -9.780892e+00 -1.250357e+01 -1.628937e+01 -7.245495e+00 -9.539461e+00 -6.753736e+00 1.796593e+01 2.409130e-01 -3.345124e-01 3.822721e-02 -9.442229e-01 -9.735798e-01 -8.030537e-01 -4.443049e-01 1.267266e-01 -5.558896e-03 5.136268e-01 3.573153e-01 -3.478778e-01 1.649028e-01 9.330233e-01 -3.920475e-01 -1.535697e-01 -1.239217e+00 -1.024526e+00 -1.137501e+00 7.331681e-02 9.674681e-01 -1.758154e-01 -3.560283e-01 2.581072e-01 -8.389107e-02 1.835269e-01 
-1.790692e+01 1.262486e+01 2.893013e+00 5.281703e+00 -6.285005e+00 -5.916475e+00 -1.351529e+01 -1.070245e+01 -1.522661e+01 -6.944523e+00 -9.395686e+00 -9.697363e+00 1.835534e+01 1.180325e+00 -7.089773e-01 -2.624628e-02 -2.015342e+00 -2.530426e+00 -2.932366e+00 -1.144635e-01 1.167336e+00 -4.615740e-01 -4.890561e-01 -9.939288e-02 -2.300619e-01 3.601338e-01 9.009298e-01 -9.015149e-01 -1.040214e-01 -7.375296e-01 -8.085939e-01 -7.082709e-01 2.429359e-01 8.451757e-01 -2.176461e-01 -2.984025e-01 4.228137e-01 -4.158740e-02 1.192290e-01 
-1.606890e+01 1.263172e+01 1.652745e+00 1.956264e+00 -1.045514e+01 -1.064409e+01 -9.186761e+00 -5.010031e+00 -1.644157e+01 -9.358076e+00 -1.115801e+01 -7.264631e+00 1.886105e+01 2.262298e+00 -2.025009e+00 4.958015e-02 -2.921109e+00 -2.787384e+00 -2.714016e+00 1.314307e-01 2.499819e+00 -2.094593e-01 -1.245785e+00 6.853833e-01 -1.791364e-01 4.110864e-01 5.629706e-01 -1.189586e+00 1.938019e-01 -9.267192e-02 -3.626018e-01 1.336190e-01 8.357697e-03 1.181607e-01 6.215715e-02 5.527550e-02 6.828894e-01 -3.599530e-01 3.256125e-02 
-1.364434e+01 8.207932e+00 -6.147509e-01 9.159542e-01 -1.430359e+01 -1.548655e+01 -9.113476e+00 -3.039887e+00 -1.811925e+01 -1.215588e+01 -1.120676e+01 -6.166084e+00 1.926163e+01 2.639579e+00 -4.064794e+00 8.069561e-02 -1.997746e+00 -2.934332e+00 -2.113964e+00 2.779135e-01 1.740553e+00 -3.829228e-01 -2.245550e-02 1.913578e+00 -8.304579e-01 3.817461e-01 1.069780e-01 -8.042640e-01 5.074499e-01 3.698649e-01 1.792435e-01 9.600212e-01 -2.370089e-02 -4.693698e-01 4.285698e-01 4.716215e-01 8.520952e-01 -4.098175e-01 -2.997645e-02 
-9.910048e+00 2.113586e+00 2.274260e+00 -3.552224e+00 -1.521771e+01 -1.521137e+01 -1.132407e+01 -3.835653e+00 -1.589007e+01 -1.086871e+01 -5.206777e+00 -9.414680e+00 1.956828e+01 2.326131e+00 -4.604430e+00 9.536106e-01 -1.416335e+00 -2.584708e+00 -5.441036e-01 -5.986047e-01 4.309297e-01 2.658145e-01 5.567845e-01 2.765332e+00 -1.847453e+00 3.169092e-01 -4.132016e-01 5.945550e-02 5.860989e-01 5.827363e-01 3.560642e-01 1.062339e+00 -5.524135e-02 -7.375564e-01 4.836156e-01 3.775745e-01 4.087133e-01 -1.309525e-01 -6.026738e-02 
-7.788840e+00 -2.440027e+00 2.985550e+00 -1.952738e+00 -1.857462e+01 -1.420257e+01 -1.105762e+01 -2.586597e+00 -1.741686e+01 -6.301348e+00 -2.803022e+00 -1.277428e+01 1.991049e+01 1.683144e+00 -3.440474e+00 2.059051e+00 -9.184631e-01 -1.735622e+00 7.826937e-01 1.321104e-01 -1.450270e-01 1.443696e+00 9.679128e-01 3.121042e+00 -1.445101e+00 2.573117e-01 -6.333795e-01 8.229159e-01 5.447889e-01 3.333457e-01 5.271056e-01 8.483562e-01 -1.042683e-01 -4.576887e-01 4.615566e-01 -1.282715e-01 -4.539475e-02 3.442723e-01 -7.405598e-02 
-7.365405e+00 -5.066377e+00 4.620481e+00 -3.690885e+00 -2.124336e+01 -1.400615e+01 -1.120838e+01 -3.082044e+00 -1.546322e+01 -9.501554e+00 -1.533113e+00 -1.319769e+01 2.012119e+01 6.744468e-01 -2.039886e+00 1.990933e+00 -5.470316e-01 -1.606340e+00 1.149461e+00 -7.198006e-02 -2.451152e-01 1.295283e+00 1.468991e-01 2.125232e+00 -5.266224e-01 1.719759e-01 -5.558885e-01 9.318854e-01 2.453061e-01 2.466029e-01 5.275726e-01 3.642187e-01 -5.368700e-02 -4.300885e-02 1.966569e-02 -1.970172e-01 -3.143083e-01 5.837472e-01 -7.813878e-02 
-6.501060e+00 -5.404897e+00 8.507025e+00 -3.606922e+00 -1.996895e+01 -1.217605e+01 -8.510446e+00 -4.141995e+00 -1.111376e+01 -8.000401e+00 2.561386e+00 -1.149994e+01 2.027194e+01 2.983629e-01 -1.232465e+00 2.285829e+00 -7.656274e-01 -7.879275e-01 1.281040e+00 -5.070105e-01 -2.098403e-01 1.410027e+00 -4.587779e-01 2.006780e+00 2.304909e-01 8.388951e-02 -3.293424e-01 5.403672e-01 -1.571851e-01 2.193902e-01 4.268742e-01 -2.231400e-01 -1.562097e-01 2.626172e-01 -5.619998e-01 -1.545182e-01 -4.179931e-01 3.856539e-01 -7.134227e-02 
-7.181693e+00 -6.603680e+00 9.468302e+00 -5.460388e+00 -2.255226e+01 -1.047767e+01 -1.295727e+01 -4.283723e+00 -1.256533e+01 -9.285100e+00 2.737248e+00 -1.268515e+01 2.024756e+01 2.390511e-01 -1.049111e+00 2.066619e+00 -2.597731e-01 -4.207984e-01 1.027929e+00 -5.476246e-01 2.483051e-01 3.809631e-01 2.849586e-01 1.751006e+00 2.335222e-01 1.296193e-02 -9.226969e-03 1.823886e-01 -4.480740e-01 3.875355e-01 4.535519e-01 -7.295834e-01 1.891436e-02 5.817215e-01 -7.903660e-01 8.872545e-02 -2.992035e-01 2.723892e-01 -4.640543e-02 
-6.388592e+00 -7.833817e+00 1.199096e+01 -4.895987e+00 -2.185946e+01 -9.561681e+00 -1.271805e+01 -3.035069e+00 -1.181571e+01 -8.703770e+00 5.095650e+00 -1.187836e+01 2.026679e+01 2.542115e-01 -1.233991e+00 1.235332e+00 3.492304e-02 -1.941933e-01 -2.723892e-01 -4.109979e-01 9.213533e-01 -9.091045e-01 1.262240e-01 1.218106e+00 1.031770e-01 -1.978395e-02 2.021866e-01 4.104697e-02 -8.708942e-01 5.660474e-01 4.360976e-01 -1.049949e+00 -4.118739e-02 8.318772e-01 -6.985214e-01 5.991257e-02 -4.273934e-01 3.610167e-01 -1.486765e-02 
-6.226836e+00 -9.097757e+00 1.321190e+01 -4.345173e+00 -2.240196e+01 -1.017390e+01 -1.184334e+01 -2.394280e+00 -1.320780e+01 -7.724578e+00 5.954906e+00 -1.184081e+01 2.018873e+01 6.502434e-01 -1.127183e+00 2.759382e-01 9.903954e-01 3.645303e-01 -1.721804e+00 -2.558814e-02 2.097925e+00 -1.497103e+00 2.980641e-01 1.023551e+00 8.990908e-01 -8.126415e-03 3.010523e-01 1.202935e-01 -1.141336e+00 4.214236e-01 5.799358e-01 -1.027552e+00 -4.134556e-01 7.227636e-01 -6.175935e-02 -1.566792e-01 -5.856323e-01 4.970745e-01 1.940828e-02 
-5.707512e+00 -1.032789e+01 1.281171e+01 -3.989809e+00 -2.101535e+01 -1.368973e+01 -1.112201e+01 -4.803452e-01 -1.533770e+01 -8.149238e+00 7.043090e+00 -1.140626e+01 2.020238e+01 1.103592e+00 -9.882049e-01 -1.173314e+00 1.439560e+00 1.000020e+00 -2.593707e+00 -9.739884e-01 3.024747e+00 -1.143577e+00 -1.657120e-01 2.336364e-01 1.702785e+00 2.010054e-02 2.909009e-01 2.879907e-01 -1.111524e+00 1.275033e-01 6.458423e-01 -4.677373e-01 -8.231578e-01 3.164103e-01 6.955138e-01 4.042611e-03 -7.006456e-01 4.074880e-01 4.556752e-02 
-4.270522e+00 -1.099220e+01 1.043787e+01 -9.615515e-01 -2.115174e+01 -1.702226e+01 -1.388276e+01 4.928618e+00 -1.828938e+01 -8.072140e+00 6.881421e+00 -8.425492e+00 2.023906e+01 1.319561e+00 -5.705079e-01 -2.435593e+00 1.144954e+00 1.881869e+00 -2.949204e+00 -2.333628e+00 2.810358e+00 1.894529e-01 -3.523523e-01 -6.850070e-01 1.919016e+00 9.004574e-02 1.653642e-01 4.045931e-01 -8.928828e-01 -2.581469e-01 5.101766e-01 3.329724e-01 -8.297638e-01 -2.969385e-01 1.081088e+00 3.231902e-01 -6.662581e-01 9.657264e-02 5.600677e-02 
-1.848653e+00 -1.182748e+01 7.511564e+00 6.100625e-01 -1.748447e+01 -1.910597e+01 -1.656813e+01 8.427260e+00 -1.499306e+01 -9.358488e+00 5.800332e+00 -5.072077e+00 2.034194e+01 1.373952e+00 -7.232333e-02 -2.966658e+00 5.951995e-01 2.276460e+00 -1.997456e+00 -3.372603e+00 2.147156e+00 1.725171e+00 4.715989e-01 -1.430890e+00 1.630539e+00 1.589431e-01 9.121185e-03 3.572248e-01 -5.805980e-01 -3.747334e-01 1.110020e-01 9.222276e-01 -2.802343e-01 -7.602298e-01 7.984387e-01 5.232146e-01 -3.700274e-01 -2.553187e-01 4.153362e-02 
-1.558298e+00 -1.120089e+01 3.684064e+00 -9.204408e-01 -1.475756e+01 -2.221161e+01 -2.078830e+01 7.203900e+00 -1.243325e+01 -8.882292e+00 3.151295e+00 -5.412948e+00 2.056897e+01 1.341903e+00 4.378137e-01 -3.291969e+00 1.219078e-01 2.277263e+00 -3.549491e-01 -2.974958e+00 1.052007e+00 2.473973e+00 1.595282e+00 -1.475453e+00 1.418046e+00 2.024951e-01 -1.140195e-01 7.790894e-02 -2.350637e-01 -2.368244e-01 -3.124569e-01 1.205567e+00 4.256374e-01 -7.666693e-01 2.039140e-01 2.100997e-01 4.318523e-02 -4.877492e-01 -2.594814e-03 
-1.934486e-01 -1.058558e+01 1.355798e+00 -1.034715e+00 -1.282999e+01 -2.108233e+01 -2.453263e+01 9.117835e+00 -9.639889e+00 -5.386062e+00 1.753655e+00 -4.760093e+00 2.083200e+01 1.138036e+00 2.937495e-01 -3.648115e+00 7.755376e-02 1.357192e+00 7.203664e-01 -2.054427e+00 1.028390e-01 1.706181e+00 1.476654e+00 -1.221362e+00 6.766956e-01 1.715175e-01 -2.937180e-01 -2.247094e-01 1.613229e-01 -6.581266e-02 -5.035797e-01 9.938413e-01 9.373443e-01 -4.191709e-01 -2.754874e-01 -4.335529e-01 3.539182e-01 -6.080583e-01 -5.256629e-02 
1.610967e+00 -9.424030e+00 -2.944053e+00 4.703558e-01 -1.209242e+01 -1.780886e+01 -2.477500e+01 9.843340e+00 -8.595932e+00 -2.081959e+00 1.527503e+00 -1.490864e+00 2.100646e+01 8.672763e-01 -3.640118e-01 -3.270244e+00 2.197771e-01 7.791967e-01 1.719911e+00 -8.645511e-01 -8.451915e-04 1.218382e+00 1.955927e-01 -5.738201e-01 -4.282971e-02 7.085665e-02 -4.724706e-01 -4.655469e-01 6.443004e-01 -1.181175e-01 -5.235443e-01 3.858925e-01 9.846873e-01 5.780822e-02 -4.912993e-01 -9.260280e-01 2.849022e-01 -6.889775e-01 -7.840770e-02 
2.256649e+00 -1.124695e+01 -7.415166e+00 3.027773e-01 -1.203066e+01 -1.770527e+01 -2.484619e+01 7.621457e+00 -8.380318e+00 -5.375754e+00 5.056520e-01 -3.649166e+00 2.098074e+01 1.425034e-01 -7.949326e-01 -2.170831e+00 2.172374e-01 5.074633e-01 1.934323e+00 2.590509e-01 5.776801e-01 9.754257e-01 -9.962159e-01 -1.120620e-01 -6.792980e-01 -3.812164e-02 -5.001504e-01 -3.930802e-01 1.085020e+00 -2.517463e-01 -3.292108e-01 -5.142067e-02 9.936897e-01 4.148612e-01 -2.848395e-01 -7.264988e-01 1.510078e-01 -4.118828e-01 -6.046296e-02 
1.553164e+00 -1.269019e+01 -8.281489e+00 -4.901718e-01 -1.126169e+01 -1.530044e+01 -2.495455e+01 7.947874e+00 -6.970736e+00 -7.909284e+00 9.061237e-01 -6.182591e+00 2.084900e+01 -5.228248e-01 -1.345504e+00 -8.088984e-01 -5.384148e-01 8.444577e-02 9.673671e-01 7.917932e-01 1.103550e+00 3.829832e-01 -1.798475e+00 -6.055372e-01 -1.348807e+00 -8.475178e-02 -3.795318e-01 -1.642755e-01 1.116313e+00 -3.508585e-01 -2.508703e-01 -3.891700e-01 9.539241e-01 3.475001e-01 -9.942224e-02 -1.721211e-01 -5.571904e-02 -9.027167e-02 -1.335188e-02 
5.481226e-01 -1.292681e+01 -6.829906e+00 5.316734e-01 -1.070786e+01 -1.266451e+01 -2.314807e+01 1.295414e+01 -5.575148e+00 -7.453702e+00 1.504363e+00 -5.810769e+00 2.072016e+01 -6.677793e-01 -1.180714e+00 5.461662e-01 -8.020903e-01 5.858935e-02 8.394536e-01 2.086009e+00 1.624882e+00 6.998773e-01 -1.158792e+00 -4.504956e-01 -7.296172e-01 -5.305376e-02 -1.621913e-01 -9.509155e-03 7.802027e-01 -4.268812e-01 -2.483018e-01 -4.053802e-01 7.541246e-01 -1.249564e-01 4.265072e-03 2.526887e-01 -1.513292e-01 -1.496648e-03 3.251235e-02 
-1.486407e-01 -1.531164e+01 -7.281195e+00 -2.336322e+00 -1.233176e+01 -1.549264e+01 -2.166562e+01 1.269477e+01 -8.083794e+00 -1.003506e+01 -1.999610e+00 -7.154034e+00 2.071278e+01 -6.252239e-01 -9.925281e-01 9.527696e-01 -1.024858e+00 -2.507241e-01 3.214174e-01 2.991756e+00 1.213142e+00 8.591998e-01 -5.836190e-01 -6.832352e-01 -4.689270e-01 1.152111e-02 5.085852e-03 2.104055e-01 4.076420e-01 -2.080411e-01 -1.250118e-01 7.988616e-02 5.293907e-01 -3.784967e-01 1.808893e-01 6.136600e-01 6.813225e-02 2.387818e-02 5.143501e-02 
-2.310873e-01 -1.583975e+01 -5.184271e+00 -2.784707e+00 -1.120250e+01 -1.341221e+01 -1.606089e+01 1.337290e+01 -4.324762e+00 -1.010680e+01 -2.940572e-01 -6.811924e+00 2.078346e+01 -6.172447e-01 -1.018976e+00 8.493317e-01 -1.674025e+00 -5.664616e-01 2.304386e-01 2.929560e+00 -1.018752e-01 7.585964e-01 -3.402636e-01 -8.298602e-01 -1.126715e+00 7.629247e-02 3.074805e-02 2.480756e-01 2.382036e-02 -7.166358e-02 -4.421956e-02 3.493180e-01 6.768227e-02 -5.471241e-01 7.562634e-02 6.021799e-01 9.356134e-02 -1.342350e-01 4.542083e-02 
-1.183256e+00 -1.619640e+01 -4.340736e+00 -3.956363e+00 -1.226794e+01 -1.331939e+01 -1.353989e+01 1.380410e+01 -3.300048e+00 -9.501141e+00 -1.611171e+00 -8.026846e+00 2.087472e+01 -5.226918e-01 -3.743112e-01 1.077792e+00 -1.142773e+00 -2.280797e-01 1.671299e+00 3.016736e+00 7.441361e-02 1.257843e+00 8.605833e-01 -7.511780e-02 -1.030927e+00 1.077285e-01 1.057138e-02 2.137280e-01 -2.204244e-01 2.367892e-02 1.079665e-01 4.471660e-01 -2.558828e-01 -5.773154e-01 -2.291625e-03 3.714068e-01 1.478743e-01 -1.810014e-01 2.860069e-02 
-2.020716e+00 -1.757938e+01 -4.053803e+00 -7.028518e+00 -1.357220e+01 -1.259935e+01 -1.256310e+01 1.189017e+01 -4.173876e+00 -9.421569e+00 -2.839120e+00 -1.100761e+01 2.102077e+01 -5.652472e-01 -2.495743e-01 6.029309e-01 -1.101412e+00 -1.737973e-01 1.911103e+00 2.411772e+00 -5.413557e-01 8.785932e-01 1.129924e+00 -2.866831e-01 -1.119945e+00 1.259352e-01 -2.921762e-03 2.419694e-01 -3.168539e-01 2.051360e-01 2.993811e-01 2.785622e-01 -2.839259e-01 -4.126714e-01 6.800227e-02 7.062736e-02 2.402305e-01 -4.675088e-02 5.961946e-03 
-1.867921e+00 -1.631348e+01 -2.457544e+00 -5.928284e+00 -1.228698e+01 -7.542661e+00 -8.330374e+00 1.380812e+01 -1.869910e+00 -6.074588e+00 -1.102714e+00 -1.021073e+01 2.113260e+01 -5.983607e-01 -3.085732e-01 -2.624628e-02 -1.192751e+00 9.279692e-02 1.716924e+00 1.970964e+00 -1.453794e+00 7.878212e-01 5.382561e-01 -2.154526e-01 -1.377301e+00 1.296683e-01 -7.889952e-02 1.412163e-01 -4.350350e-01 9.589262e-02 2.359849e-01 -2.743443e-01 -3.870315e-01 -4.899765e-01 -5.235633e-02 -4.322473e-01 1.417681e-01 -1.171587e-01 -1.589446e-02 
-2.715239e+00 -1.702874e+01 -3.111171e+00 -7.305841e+00 -1.206205e+01 -6.745272e+00 -6.606083e+00 1.066440e+01 -6.470771e-01 -6.170652e+00 -1.981715e+00 -1.131918e+01 2.128425e+01 -5.939722e-01 1.579504e-01 -1.829449e-01 -6.233134e-01 7.700425e-01 1.600417e+00 2.032650e+00 -1.401053e+00 1.333666e+00 1.741268e-01 4.413922e-01 -1.187341e+00 9.515410e-02 -1.143348e-01 1.880908e-01 -3.230771e-01 1.436817e-01 1.317839e-01 -4.565392e-01 -3.799074e-01 -1.958518e-01 -9.738915e-02 -5.462382e-01 1.926263e-01 -4.217751e-02 -3.594173e-02 
-3.827819e+00 -1.801490e+01 -4.943261e+00 -9.781195e+00 -1.255874e+01 -7.662199e+00 -6.663141e+00 7.148092e+00 -1.124227e+00 -8.434956e+00 -3.117105e+00 -1.475761e+01 2.139116e+01 -9.028983e-01 1.280695e-01 -7.043392e-01 -9.024085e-01 4.800009e-01 4.548983e-01 1.271346e+00 -1.945502e+00 7.684277e-01 -8.227941e-01 2.695175e-01 -1.583024e+00 4.361208e-02 -1.099842e-01 2.616351e-01 -1.309885e-01 2.907793e-01 -3.744795e-02 -3.783331e-01 -3.872258e-01 2.640848e-01 -2.021438e-01 -2.994830e-01 1.501641e-01 1.931666e-01 -4.518303e-02 
-4.010636e+00 -1.593920e+01 -3.725781e+00 -8.218290e+00 -9.586323e+00 -4.537334e+00 -3.233404e+00 8.214869e+00 2.121792e+00 -7.370832e+00 3.748354e-01 -1.467095e+01 2.136745e+01 -9.848176e-01 4.726535e-01 -6.733639e-01 -5.281652e-01 2.914578e-01 2.592259e-01 8.623157e-01 -1.274679e+00 4.014339e-01 -9.208594e-01 4.339502e-01 -1.227859e+00 -1.074609e-02 -4.302289e-02 1.612412e-01 -5.601407e-02 2.751899e-01 -2.926091e-01 -3.102414e-01 -4.896838e-01 4.269916e-01 -4.063163e-01 -6.681905e-02 -6.339195e-02 3.096400e-01 -3.992674e-02 
-5.734396e+00 -1.621844e+01 -5.671815e+00 -9.983961e+00 -1.112478e+01 -6.372126e+00 -3.660551e+00 5.305223e+00 5.875649e-01 -9.588547e+00 -9.333310e-01 -1.645000e+01 2.130908e+01 -9.529010e-01 8.421595e-01 -4.359333e-01 2.136092e-01 1.449916e-01 4.957709e-01 6.201602e-01 -1.964838e-01 2.434582e-01 -4.117789e-01 5.392012e-01 -3.911240e-01 -4.329549e-02 1.344687e-01 9.312966e-02 8.729673e-02 2.862635e-01 -2.616115e-01 -1.452951e-01 -3.687031e-01 4.975875e-01 -3.138110e-01 1.823223e-01 -8.982535e-02 3.671391e-01 -2.313104e-02 
-6.686117e+00 -1.556394e+01 -6.113781e+00 -9.845300e+00 -1.132139e+01 -6.094141e+00 -3.796128e+00 5.212477e+00 5.040308e-01 -1.019833e+01 -9.040207e-01 -1.661259e+01 2.127172e+01 -7.841420e-01 6.069269e-01 -5.972571e-01 1.946522e-01 -5.255089e-01 2.879149e-02 -9.016297e-02 -1.406604e-01 -4.353120e-01 -3.654578e-01 -1.035471e-02 -2.350130e-01 -6.097827e-02 2.668150e-01 -9.194347e-02 9.778722e-02 7.649427e-02 -2.189971e-01 -2.656296e-01 -2.546522e-01 2.269748e-01 -2.756907e-01 1.905610e-01 -1.981701e-01 1.975925e-01 -2.937084e-03 
-7.254730e+00 -1.399185e+01 -5.929053e+00 -7.899508e+00 -1.096573e+01 -4.404671e+00 -3.281039e+00 7.667228e+00 9.020202e-01 -9.080192e+00 2.184108e-01 -1.574267e+01 2.122274e+01 -3.307932e-01 5.265663e-01 -3.058650e-01 1.675318e-01 -4.196742e-01 -1.561535e-01 -9.594072e-02 -2.456156e-02 -3.823841e-01 -1.888726e-01 4.253661e-02 -2.437027e-01 -4.696303e-02 4.017465e-01 -2.171664e-01 1.473355e-01 -1.040989e-01 -8.041263e-02 -2.947989e-01 -1.082837e-01 6.715312e-02 -1.940623e-01 1.852936e-01 -1.994958e-01 6.223548e-02 9.286859e-03 
-7.171387e+00 -1.401781e+01 -6.583716e+00 -8.287272e+00 -1.229316e+01 -5.377382e+00 -3.873600e+00 6.330645e+00 -2.119128e-01 -9.452491e+00 -2.527142e-01 -1.619992e+01 2.110599e+01 3.810954e-02 1.707928e-01 -2.495208e-01 -1.228106e-01 -5.211727e-01 -7.427633e-01 -5.311741e-02 -2.256798e-01 -6.642624e-01 -7.939659e-02 -3.086547e-01 -3.135232e-01 -2.358247e-02 4.490986e-01 -1.515692e-01 2.051814e-01 1.111318e-02 3.184427e-02 -5.322681e-02 6.090929e-03 2.208048e-01 -2.663781e-02 2.548046e-01 -2.775910e-02 6.186666e-02 1.510546e-02 
-7.145846e+00 -1.435878e+01 -6.966294e+00 -9.925430e+00 -1.273735e+01 -7.511252e+00 -4.101307e+00 4.623079e+00 -9.659060e-01 -1.090623e+01 -1.046253e+00 -1.787498e+01 2.115743e+01 6.447909e-01 -2.565826e-02 1.268082e-01 -1.482076e-01 -2.592359e-01 -5.924445e-01 6.005847e-02 1.816938e-01 -6.122772e-01 3.716130e-01 -3.090977e-01 -4.070782e-02 -1.546149e-02 3.784803e-01 -4.839157e-02 1.167531e-01 1.947692e-01 -1.255956e-01 9.830885e-02 -1.267417e-01 3.134451e-01 -3.511476e-03 2.234256e-01 6.861432e-02 5.209292e-02 5.032926e-03 
-6.549901e+00 -1.452633e+01 -6.843027e+00 -9.446386e+00 -1.304154e+01 -8.255200e+00 -3.651128e+00 5.605943e+00 -1.883468e+00 -9.682137e+00 -1.814801e+00 -1.711400e+01 2.118651e+01 9.735320e-01 1.252721e-01 2.121655e-01 4.081686e-01 -4.463336e-01 -1.941371e-02 -1.377444e-01 8.602216e-01 -4.534934e-01 6.281869e-01 2.676667e-02 -2.716809e-02 -1.184288e-03 2.035107e-01 1.095626e-01 4.420866e-02 3.135154e-01 -2.404210e-01 4.873014e-02 -3.067879e-01 2.049604e-01 5.519384e-02 7.647998e-02 1.685229e-01 -4.136611e-02 -1.885266e-02 
-4.341318e+00 -1.386595e+01 -5.165280e+00 -8.060815e+00 -1.188757e+01 -5.928195e+00 -3.092069e+00 8.937964e+00 -1.324096e+00 -7.106966e+00 -5.461261e-01 -1.548888e+01 2.110509e+01 1.093884e+00 3.073549e-01 4.705727e-02 8.759273e-01 -1.085035e+00 -2.647475e-02 -6.874802e-01 9.996088e-01 -5.052092e-01 5.744091e-01 2.178665e-01 -1.264931e-01 -3.294779e-02 -7.347704e-02 2.069034e-01 1.078133e-02 2.597969e-01 -1.980401e-01 -3.352114e-01 -3.616437e-01 -1.641930e-01 3.725187e-02 -7.316688e-02 8.729445e-02 -1.034754e-01 -4.594092e-02 
-3.705494e+00 -1.363765e+01 -6.423158e+00 -7.178677e+00 -1.495006e+01 -6.265713e+00 -5.067622e+00 8.474637e+00 -2.300701e+00 -8.211082e+00 -3.693385e-01 -1.752874e+01 2.112612e+01 8.312371e-01 5.519969e-01 1.159685e-02 9.327078e-01 -1.310516e+00 -7.821422e-01 -1.213255e+00 3.901752e-01 -4.419112e-01 2.016936e-01 2.704920e-01 -4.775156e-01 -1.091802e-01 -2.519775e-01 2.117525e-01 1.416458e-01 6.047296e-02 1.940710e-01 -5.889298e-01 -3.267355e-01 -3.777479e-01 -3.263541e-02 -3.656553e-02 -6.174489e-02 6.382141e-02 -7.048659e-02 
-3.098346e+00 -1.326631e+01 -6.940742e+00 -6.679425e+00 -1.720807e+01 -8.638191e+00 -6.830649e+00 8.187166e+00 -3.283429e+00 -8.769324e+00 -6.797194e-01 -1.830003e+01 2.102279e+01 3.486315e-01 7.953673e-01 2.811241e-01 8.884444e-01 -8.174777e-01 -1.887060e+00 -1.210196e+00 -4.041947e-01 -4.319451e-01 2.192052e-01 5.415230e-03 -3.329234e-01 -1.911759e-01 -2.795943e-01 1.712986e-01 2.899351e-01 -4.307654e-02 6.453168e-01 -3.691218e-01 -2.411164e-01 -3.313529e-01 1.448132e-02 9.156171e-02 -8.247381e-02 2.571200e-01 -7.114669e-02 
-3.015452e+00 -1.206557e+01 -5.897287e+00 -5.473627e+00 -1.693425e+01 -1.081050e+01 -7.848263e+00 7.932215e+00 -3.112862e+00 -7.842493e+00 -3.955635e-01 -1.809617e+01 2.068169e+01 8.651639e-02 9.399400e-01 8.034995e-01 7.042253e-01 3.902261e-01 -2.033712e+00 -1.510129e+00 -3.265385e-01 -6.534882e-01 6.229898e-01 -1.758505e-01 3.951906e-01 -2.744814e-01 -1.582190e-01 6.794139e-02 2.087968e-01 -6.490950e-02 8.071349e-01 2.953984e-02 -2.269977e-01 -2.290981e-01 1.054110e-01 8.273777e-02 -2.960703e-02 3.093450e-01 -4.095355e-02 
-2.943311e+00 -1.067523e+01 -4.022382e+00 -4.471292e+00 -1.498300e+01 -1.309063e+01 -7.752470e+00 7.188242e+00 -3.077437e+00 -6.195802e+00 -5.060172e-01 -1.687011e+01 2.037124e+01 6.829733e-02 9.699481e-01 1.100638e+00 7.747927e-01 1.291347e+00 -1.246270e+00 -1.744468e+00 -2.987125e-01 -3.271667e-01 8.214928e-01 2.862717e-02 7.227712e-01 -3.059829e-01 3.036974e-02 9.976953e-03 -5.577699e-02 -1.048450e-01 5.771338e-01 4.275241e-01 -3.160493e-01 -2.189745e-01 1.241154e-01 -4.255321e-02 4.672040e-02 1.562477e-01 9.501295e-04 
-3.350615e+00 -1.023334e+01 -3.865277e+00 -4.761506e+00 -1.411161e+01 -1.420772e+01 -1.215742e+01 7.340811e+00 -5.670928e+00 -6.382982e+00 -1.335345e+00 -1.626801e+01 2.007936e+01 1.801384e-01 8.045223e-01 6.458198e-01 6.650413e-01 1.670842e+00 -9.548662e-01 -2.081107e+00 -8.079722e-01 3.282395e-02 3.143330e-01 1.107549e-01 5.413994e-01 -2.565367e-01 1.507992e-01 4.894917e-02 -2.613788e-01 -2.236304e-01 1.856648e-01 5.348544e-01 -2.317903e-01 -3.469876e-01 4.492676e-02 -1.526274e-01 1.403219e-01 -1.448939e-01 3.916217e-02 
-2.588880e+00 -9.332418e+00 -2.453746e+00 -3.161672e+00 -1.216242e+01 -1.317079e+01 -1.339908e+01 6.989100e+00 -3.640745e+00 -5.391421e+00 -6.667076e-02 -1.559988e+01 1.979396e+01 4.534243e-01 9.128565e-01 8.097593e-02 3.839507e-01 1.428016e+00 -2.889555e-01 -2.505261e+00 -1.258326e+00 -1.546459e-01 1.606824e-01 9.569372e-02 3.751841e-01 -1.954329e-01 1.576088e-01 1.536533e-01 -2.476878e-01 -4.156113e-01 -1.863066e-01 3.629093e-01 -1.862606e-01 -2.509927e-01 -2.485490e-01 -7.618324e-02 5.559849e-02 -3.398154e-01 5.764478e-02 
-2.291804e+00 -8.714656e+00 -3.452660e+00 -2.803521e+00 -9.989851e+00 -1.554467e+01 -1.543064e+01 3.991927e+00 -2.667639e+00 -6.673235e+00 -6.142575e-02 -1.602412e+01 1.968750e+01 6.479827e-01 1.213191e+00 6.270781e-03 -2.184123e-01 1.250073e+00 1.620008e-01 -2.288766e+00 -1.581708e+00 -5.150406e-01 1.902827e-01 4.922458e-01 -1.554924e-01 -1.340016e-01 8.799934e-02 3.576289e-01 7.692478e-02 -4.218156e-01 -5.781258e-01 2.214429e-01 9.475397e-02 4.015152e-03 -4.401164e-01 9.471312e-02 9.376220e-02 -3.921141e-01 4.886799e-02 
-1.205212e+00 -6.870676e+00 -3.823843e+00 -3.530623e+00 -9.903380e+00 -1.386692e+01 -1.864157e+01 2.571030e+00 -5.352537e+00 -5.247119e+00 -6.649100e-01 -1.511623e+01 1.958998e+01 6.224493e-01 1.533871e+00 1.818910e-01 -8.615919e-01 5.702575e-01 9.780990e-03 -2.572046e+00 -1.166714e+00 -1.296030e+00 5.026679e-01 1.158048e-01 -6.278672e-01 -7.898850e-02 2.456895e-02 4.402877e-01 2.196429e-01 -1.016643e-01 -6.920172e-01 -1.254337e-02 4.845087e-01 1.105530e-01 -1.738331e-01 6.063290e-02 -4.081511e-02 -2.606666e-01 2.126632e-02 
-8.023883e-01 -5.398528e+00 -3.148808e+00 -5.669077e+00 -8.990294e+00 -1.304985e+01 -2.097988e+01 1.641565e+00 -7.390155e+00 -5.503977e+00 1.424762e+00 -1.728691e+01 1.951125e+01 5.356096e-01 2.282165e+00 9.799606e-01 -8.213195e-01 -7.909788e-01 2.991525e-03 -1.574025e+00 -8.336578e-01 -1.597033e+00 6.168890e-01 5.695894e-01 -9.177588e-01 -7.040908e-02 -3.583495e-02 3.391754e-01 2.838402e-02 4.240153e-01 -4.341707e-01 -1.021734e-01 6.720676e-01 1.067791e-01 2.252105e-01 5.757153e-02 -3.637605e-01 -6.080293e-02 -2.538024e-02 
-2.212295e-01 -3.321356e+00 -1.695843e+00 -6.036635e+00 -9.811249e+00 -1.436898e+01 -2.348414e+01 2.330533e+00 -7.759279e+00 -3.462723e+00 -2.308086e-01 -1.810773e+01 1.948709e+01 6.324233e-01 2.579702e+00 6.924930e-01 1.771464e-01 -1.011481e+00 -2.722534e-01 -4.400566e-01 -1.079555e+00 -4.828529e-01 2.505002e-01 -1.471457e-01 -5.469320e-01 -1.209687e-01 -1.156589e-01 -7.959628e-02 -1.923905e-01 8.353468e-01 6.393042e-01 3.807450e-01 7.861184e-01 -9.193501e-03 2.753769e-01 -3.537773e-01 -5.132417e-01 1.860115e-01 -9.009380e-02 
-1.060731e-01 9.216614e-01 3.834721e-01 -5.656883e+00 -1.399065e+01 -1.527841e+01 -2.087990e+01 -5.596321e-02 -9.448767e+00 -4.480670e+00 2.569716e+00 -1.911713e+01 1.938689e+01 4.637972e-01 2.386176e+00 -1.071185e-01 1.382416e+00 -1.299538e-01 -2.078893e-01 5.509737e-03 -1.091456e+00 2.042673e-01 6.042355e-01 -1.195138e+00 -4.999471e-01 -2.399673e-01 -2.447265e-01 -7.653367e-01 -2.320410e-01 9.725096e-01 1.792521e+00 1.025720e+00 6.721971e-01 3.835442e-03 -5.942130e-02 -7.444168e-01 -5.724959e-01 2.574889e-01 -1.515558e-01 
1.608726e+00 2.867541e+00 -2.127796e+00 -2.650923e+00 -1.246095e+01 -1.411350e+01 -2.089194e+01 -1.978329e+00 -6.737190e+00 -4.506644e+00 -1.972768e+00 -1.693613e+01 1.904714e+01 8.013307e-02 1.083877e+00 -2.364859e-01 2.213353e+00 3.436306e+00 2.018919e+00 5.686702e-01 -1.083835e+00 -8.196791e-01 -1.259907e+00 -1.568124e+00 9.337591e-02 -4.446945e-01 -4.004021e-01 -1.104997e+00 1.649975e-01 7.166399e-01 1.869343e+00 1.397696e+00 1.052108e+00 -1.372965e-01 -7.657148e-01 -4.928444e-01 -3.077202e-02 1.198452e-01 -1.960754e-01 
6.018921e-01 3.437784e+00 -3.468888e+00 -4.501063e-01 -8.315001e+00 -1.421710e+01 -2.224824e+01 -1.661147e+00 -6.879766e+00 -1.960746e+00 -3.680172e+00 -2.037250e+01 1.853159e+01 -4.119146e-01 -7.965856e-01 2.840674e-01 3.023064e+00 5.947752e+00 3.986099e+00 1.282732e+00 -8.123388e-01 -1.725514e+00 -2.349923e+00 -1.582388e+00 4.962439e-02 -6.663187e-01 -4.385486e-01 -1.078282e+00 3.329639e-01 2.967480e-01 8.406427e-01 1.174862e+00 1.704613e+00 -2.257435e-01 -6.858655e-01 -6.668399e-02 3.804320e-01 2.231517e-01 -2.244838e-01 
-1.746293e-01 8.398482e-01 -9.524409e-01 2.426947e+00 4.532550e+00 -4.805006e+00 -1.995651e+01 -2.285475e+00 -1.314220e+01 -1.102208e+01 -4.946378e+00 -1.701289e+01 1.769127e+01 -9.317563e-01 -1.353896e+00 1.321810e+00 2.940070e+00 5.296362e+00 4.619285e+00 4.181972e+00 -1.905603e+00 -3.346482e+00 -7.365917e-01 -1.073664e-01 -2.224837e-01 -8.882048e-01 -4.323064e-01 -7.079559e-01 -1.520288e-01 -3.269050e-01 -9.552926e-01 2.360727e-01 1.965162e+00 1.066293e-01 2.927089e-01 8.046353e-01 3.942914e-01 3.184917e-01 -2.268797e-01 
-1.274216e+00 -2.047128e+00 1.216303e+00 6.919513e+00 7.251222e+00 -1.922258e-03 -1.493387e+01 -3.963731e+00 -1.487411e+01 -1.297263e+01 -3.855417e+00 -1.883073e+01 1.673308e+01 -1.223128e+00 -1.786343e+00 7.785510e-01 2.502788e+00 3.143373e+00 4.366309e+00 6.721972e+00 -1.809282e+00 -1.961737e+00 9.065465e-03 -2.328961e-02 7.737978e-01 -1.140610e+00 -3.304773e-01 -2.529508e-01 -6.852066e-01 -6.830651e-01 -1.956265e+00 -7.275966e-01 1.296789e+00 5.799843e-01 1.188181e+00 9.402359e-01 1.568729e-01 5.967665e-01 -2.004760e-01 
-2.112124e+00 -1.159430e+00 2.138563e+00 8.364659e+00 6.237254e+00 1.875528e+00 -3.639089e+00 -1.035516e+01 -1.947241e+01 -2.683905e+00 -2.421987e+00 -1.881959e+01 1.550538e+01 -1.675812e+00 -1.961051e+00 -1.243954e+00 8.389202e-01 6.196193e-02 3.009095e+00 7.674960e+00 -5.213076e-02 7.619632e-01 1.583758e+00 -3.762528e-01 1.323773e+00 -1.341997e+00 -1.788371e-01 -4.821198e-02 -8.332588e-01 -6.534570e-01 -1.815170e+00 -1.447436e+00 -4.917562e-01 1.077241e+00 1.769796e+00 2.586764e-01 -8.171054e-02 7.988800e-01 -1.074029e-01 
-4.544746e+00 -4.494664e+00 -1.121631e+00 9.094897e+00 6.549165e+00 4.273788e+00 3.202587e+00 -6.673030e+00 -1.352313e+01 -6.084483e+00 -5.058683e+00 -1.560030e+01 1.392137e+01 -1.692302e+00 -1.757861e+00 -1.858975e+00 6.582385e-01 -1.216405e+00 1.153127e+00 6.020145e+00 1.160829e+00 2.161253e+00 1.191045e+00 -6.635670e-01 2.260237e+00 -1.441807e+00 4.966367e-02 2.939174e-01 -3.279371e-01 -5.581145e-01 -1.142738e+00 -1.561404e+00 -1.773905e+00 7.857218e-01 8.239031e-01 -2.337086e-01 1.000289e-02 6.249813e-01 6.060297e-02 
-6.918222e+00 -7.741226e+00 -6.003635e+00 5.533594e+00 5.192917e+00 8.102285e+00 9.350149e+00 -1.191396e+00 -1.000814e+01 -6.547074e+00 -6.225851e+00 -1.200918e+01 1.238724e+01 -1.591233e+00 -1.609346e+00 -1.525675e+00 5.951995e-01 -1.599594e+00 -1.011355e+00 2.073943e+00 1.995525e+00 3.440951e+00 -3.431822e-02 -1.958730e-01 3.028769e+00 -1.274606e+00 3.728686e-01 6.224424e-01 4.716518e-01 -4.183993e-01 -3.972188e-01 -1.261403e+00 -2.279136e+00 1.633277e-01 -3.692634e-01 -7.181701e-01 -1.115988e-01 2.236681e-01 2.292934e-01 
-7.332695e+00 -7.545267e+00 -4.007189e+00 1.162634e+01 1.691379e+00 2.650415e+00 8.672263e+00 -2.741575e+00 -8.799737e+00 -5.085501e+00 -5.270951e+00 -1.093457e+01 1.108327e+01 -1.017000e+00 -4.925633e-01 -7.201773e-01 -1.659856e-01 -1.739476e+00 -1.430536e+00 6.527874e-01 1.095416e+00 8.182581e-01 -3.503187e-01 -6.342323e-02 3.046249e+00 -8.712423e-01 5.080523e-01 7.740659e-01 6.284758e-01 -5.785731e-01 1.302661e-01 -3.804102e-01 -1.588160e+00 -1.559264e-01 -8.577119e-01 -5.373243e-01 -1.535788e-01 -8.754239e-02 3.531464e-01 
-8.674245e+00 -7.680479e+00 -4.046897e+00 1.007459e+01 6.686601e-01 -2.369243e+00 3.995112e+00 -2.343290e+00 -4.629595e+00 -3.354702e+00 -3.294818e+00 -6.008854e+00 1.055161e+01 -1.490016e-01 5.185557e-01 5.449048e-01 -8.410929e-01 -1.662710e+00 -2.006011e+00 -1.037034e+00 7.972919e-01 -4.128211e-01 -1.236408e+00 -1.234297e+00 2.049058e+00 -4.807150e-01 4.880648e-01 8.337814e-01 7.159558e-01 -3.359367e-01 4.392498e-01 5.140386e-01 -5.150068e-01 -1.472404e-01 -5.127991e-01 1.700318e-01 -1.750309e-01 -5.729835e-01 3.722402e-01 
-8.751762e+00 -6.987761e+00 -5.701164e+00 5.994522e+00 1.138081e-01 2.356961e+00 9.144428e+00 -6.200661e-01 -1.212142e+01 -9.432288e+00 -6.841060e+00 -3.369371e+00 1.048295e+01 1.269441e-01 1.048656e+00 2.481865e-01 -1.516472e+00 -5.335388e-01 -2.516134e-01 -3.651158e-01 9.802589e-01 -2.004360e-01 -8.945354e-01 -9.122537e-01 2.312274e+00 -7.296326e-02 1.951879e-01 6.141810e-01 7.078360e-01 2.056857e-01 5.982075e-01 6.328378e-01 -1.626862e-01 8.224872e-02 6.036184e-01 9.718851e-01 4.124895e-01 -5.961823e-01 3.148610e-01 
-6.953172e+00 -5.427433e+00 -2.431993e+00 4.144191e+00 -2.331555e+00 -1.780460e+00 3.929155e+00 1.734311e+00 -1.041138e+01 -1.055537e+01 -1.161247e+01 -5.546656e+00 1.028388e+01 2.770851e-01 1.788939e+00 1.569893e+00 -4.092528e-01 -6.292607e-03 9.695398e-01 7.718876e-03 1.316997e+00 1.386459e+00 1.087896e+00 -6.465567e-01 5.306889e-01 1.874975e-01 -1.328721e-01 4.186015e-01 5.364321e-01 7.432635e-01 6.876978e-01 6.733406e-01 2.327678e-01 3.896866e-02 8.582622e-01 1.214138e+00 1.025800e+00 -4.538546e-01 2.135245e-01 
-7.558527e+00 -3.428154e+00 -3.573510e+00 7.009050e+00 5.240280e-01 1.098296e+00 6.879399e+00 1.210968e-01 -6.911256e+00 -5.957910e+00 -5.673583e+00 3.958961e-01 1.085200e+01 -2.540604e-01 1.943303e+00 2.306573e+00 6.466285e-01 4.233095e-01 2.460544e-01 -6.830618e-01 1.246875e+00 2.936722e+00 3.347011e+00 1.705114e+00 8.245212e-01 3.689097e-01 -2.025446e-01 3.103953e-01 4.321198e-01 7.998878e-01 4.979760e-01 7.022328e-02 -1.687741e-01 -3.504021e-01 1.593894e-01 6.266258e-01 9.234815e-01 -5.235247e-01 7.338922e-02 
-7.886073e+00 -5.161928e-01 2.739361e+00 7.521193e+00 4.318958e-01 3.107941e+00 5.166625e+00 3.870675e+00 -3.024445e-01 3.476731e-01 -7.111332e+00 -5.237561e+00 1.130470e+01 -6.228302e-01 2.164421e+00 2.197949e+00 1.793667e+00 1.297449e+00 1.111983e+00 2.859004e-01 8.588517e-01 2.309937e+00 2.713541e+00 2.585927e+00 5.237169e-01 3.658971e-01 -1.219010e-01 1.231221e-01 -2.372566e-01 2.089449e-01 3.301452e-01 -2.572762e-01 -3.810084e-01 -7.252163e-01 -7.165142e-01 -3.496804e-01 5.211154e-01 -2.031306e-01 -6.862856e-02 
-9.556065e+00 2.730348e-01 3.246587e+00 7.538961e+00 8.482922e-01 1.142830e+00 5.110614e+00 4.545992e+00 -2.492261e+00 1.851299e+00 -5.661805e-01 5.989333e-01 1.181712e+01 -4.359850e-01 2.413005e+00 2.094651e+00 1.381419e+00 1.304676e+00 2.824833e-02 -1.348183e+00 -5.427256e-01 1.347742e-01 1.425814e+00 2.088908e+00 -3.018023e-01 2.047218e-01 5.741908e-02 -3.002794e-02 -6.454375e-01 -5.514783e-01 2.875035e-02 -1.356774e-01 -3.442867e-01 -5.635377e-01 -9.153498e-01 -1.139063e+00 -4.829116e-01 -3.972776e-01 -1.980557e-01 
-9.068107e+00 3.543602e+00 5.147733e+00 1.284782e+01 3.993654e+00 3.757196e+00 6.242343e+00 3.816473e+00 -1.071308e+00 -8.924991e-01 -1.236616e+00 -3.029325e+00 1.163103e+01 -2.415597e-01 2.169508e+00 4.896818e-01 2.681221e-01 1.203820e+00 -2.080250e-01 -1.564678e+00 -1.414238e+00 -7.951680e-01 3.000977e-01 1.767130e+00 7.821949e-02 -7.348719e-02 7.015560e-02 -3.391566e-01 -7.600625e-01 -1.110693e+00 -4.187595e-01 -3.269934e-01 -3.801017e-01 -1.068057e-01 -2.925144e-01 -7.524304e-01 -7.360374e-01 -1.792680e-01 -1.984957e-01 
-9.147416e+00 6.606942e+00 5.695703e+00 1.125321e+01 5.266005e+00 9.150045e-01 -3.998928e-01 -2.565318e+00 -5.852866e+00 1.791517e+00 1.833256e+00 -2.217176e+00 1.171267e+01 -1.577786e-01 1.790592e+00 -6.647214e-02 -1.348126e+00 6.137798e-01 2.274512e-01 -1.479201e+00 -4.343324e-01 -8.757697e-02 -1.141619e+00 -2.999724e-01 -9.390789e-01 -4.016664e-01 -1.830647e-02 -5.808921e-01 -6.917853e-01 -7.897560e-01 -5.285646e-01 -6.176703e-03 2.191672e-01 5.902877e-01 5.987390e-01 -2.178615e-01 -5.154110e-01 -9.513147e-05 -1.026111e-01 
-9.297971e+00 7.164447e+00 3.963401e+00 7.004521e+00 4.242257e+00 2.181638e+00 9.792153e-02 3.551694e-01 -2.598100e+00 1.878098e+00 5.247809e-01 -3.438288e+00 1.098933e+01 -4.112496e-01 7.798547e-01 -5.217111e-01 -2.395028e+00 -4.509910e-01 -6.225898e-01 -1.549044e+00 2.706515e-01 9.584565e-01 2.351352e-01 1.002121e-01 -5.394442e-02 -3.233383e-01 -1.026071e-01 -6.364769e-01 -3.399093e-01 -1.201987e-01 -4.837903e-01 7.911238e-03 4.050422e-01 6.231446e-01 6.071255e-01 1.923618e-01 -1.845517e-01 3.198932e-01 1.999503e-02 
-1.022998e+01 7.415276e+00 3.506242e+00 3.720193e+00 3.792405e+00 3.068095e+00 7.868003e-01 4.105149e+00 -2.166435e+00 -5.242172e+00 -2.946796e+00 -3.892233e+00 1.012955e+01 -4.427673e-01 2.033439e-01 -8.585150e-01 -1.235654e+00 -5.108944e-01 2.047744e-01 -2.600967e-01 1.566233e+00 2.251621e+00 3.690145e-01 3.452664e-01 -2.362255e-01 -1.833824e-01 -1.353942e-01 -6.404729e-01 -9.827238e-02 5.265439e-01 -3.475992e-01 -2.839230e-02 5.367739e-01 5.514253e-02 9.336500e-02 3.210743e-01 1.160980e-01 6.322470e-01 9.751928e-02 
-1.058351e+01 7.039033e+00 3.634343e+00 4.638913e+00 2.475789e+00 -4.322591e-01 -2.095917e+00 1.834685e+00 1.877313e+00 3.799788e+00 1.654617e+00 -2.461481e+00 1.080592e+01 -6.120583e-01 -2.193120e-01 -8.138040e-01 -3.891166e-01 -6.527032e-01 -1.571041e-01 -1.489601e-01 7.012277e-01 1.071046e+00 5.065092e-01 5.216594e-01 1.326299e+00 -8.272153e-02 -9.182519e-02 -4.514038e-01 1.012841e-01 7.175823e-01 5.166476e-03 3.993031e-01 6.706427e-01 -3.499828e-01 -4.519083e-01 -2.916045e-01 -1.878458e-01 4.046850e-01 3.525051e-02 
-1.071838e+01 7.686679e+00 1.567804e+00 6.257561e+00 3.595273e+00 3.245761e+00 -6.040438e-01 4.526319e+00 3.167061e+00 2.675470e+00 2.994870e+00 -3.886868e+00 1.088734e+01 -7.341393e-01 -9.121675e-01 -4.116856e-01 2.816370e-01 -1.023365e+00 -1.471914e-01 5.046052e-01 -3.739713e-01 3.229174e-01 3.281163e-01 6.973533e-02 1.532022e+00 -3.438861e-02 -8.930311e-02 -2.710899e-01 3.257925e-01 4.066589e-01 2.530307e-01 3.266057e-01 3.096436e-01 -5.979820e-01 -6.419000e-01 -3.471593e-01 -4.146186e-01 3.741388e-02 -1.217839e-02 
-1.211415e+01 5.932351e+00 8.637654e-01 3.790569e+00 1.077336e+00 1.307370e+00 4.871590e-02 3.650655e+00 8.985940e-02 4.515705e-01 1.622584e-01 3.190959e+00 1.019688e+01 -7.246973e-01 -9.192880e-01 -2.385883e-01 4.342005e-01 -1.689793e-01 1.549767e+00 1.421908e+00 -5.091631e-01 -3.367288e-01 -1.202401e+00 -7.013085e-01 1.085414e+00 -2.215641e-01 6.820098e-02 -8.476481e-03 3.128720e-01 2.042328e-01 4.769023e-01 2.726020e-01 -6.819432e-02 -1.411003e-01 -1.990434e-01 1.656545e-03 -1.655502e-01 -5.710657e-01 -2.616258e-02 
-1.313532e+01 3.407900e+00 2.832934e+00 5.552755e+00 -6.253083e-01 1.462067e+00 2.237319e+00 1.327595e+00 3.417736e-01 -1.927763e+00 -1.851824e+00 9.414554e-01 1.026241e+01 -8.330808e-01 -8.020532e-01 4.828140e-01 3.859462e-01 5.124419e-01 9.842050e-01 5.025660e-01 -8.185033e-01 -2.541720e-01 -5.124426e-01 -1.116377e+00 7.124754e-02 -1.749339e-01 2.100051e-01 2.837702e-01 1.140267e-01 -8.631052e-02 3.919070e-01 -1.083594e-01 -4.936992e-01 2.441970e-01 -9.388208e-02 2.362564e-01 1.559490e-01 -4.464782e-01 -2.093073e-02 
-1.299821e+01 4.581698e+00 1.808469e+00 7.162345e+00 3.741449e+00 8.208697e+00 3.593091e+00 8.883570e-01 1.607030e+00 8.957873e-02 5.710604e-01 5.510627e-01 1.001056e+01 -2.216118e-01 -3.167110e-01 3.032693e-01 5.799613e-01 9.638854e-01 6.402507e-01 -4.886576e-01 2.179961e-01 3.642631e-01 9.351491e-01 2.870593e-01 -7.986295e-01 -1.433014e-01 2.147340e-01 2.642392e-01 -2.845430e-02 -3.236458e-01 -8.893552e-02 -7.315702e-01 -5.383869e-01 1.795615e-01 -8.747786e-02 2.235157e-01 2.011428e-01 -5.113984e-02 -9.831388e-03 
-1.444192e+01 4.351446e+00 3.509695e+00 6.501438e+00 4.825418e+00 4.716313e+00 1.366579e-01 1.815012e+00 1.137752e+00 2.940752e-01 -2.791606e+00 -2.210573e+00 1.010585e+01 6.417476e-02 2.055055e-01 -1.124445e-01 -2.226753e-01 3.698300e-01 -2.342324e-01 -1.008485e+00 4.834995e-01 -4.968593e-01 4.405298e-01 3.552776e-01 2.415046e-01 -1.781430e-01 1.436743e-01 1.362326e-01 -1.280251e-01 -2.945483e-01 -4.044574e-01 -5.339326e-01 -1.028435e-01 -3.188031e-01 -1.079612e-01 -6.870990e-02 2.238804e-01 3.529764e-01 -5.281077e-02 
-1.256895e+01 3.876733e+00 2.041883e+00 6.215753e+00 3.171156e+00 2.881522e+00 -1.344746e+00 4.496608e+00 1.513437e+00 4.016241e+00 2.067430e+00 7.739084e-01 9.558534e+00 -9.966380e-02 -1.019499e-01 -8.315115e-02 -8.798233e-01 -5.422112e-01 -1.498838e+00 -5.144876e-01 -2.623245e-01 -6.528148e-01 -5.613623e-01 -4.314476e-01 7.444953e-01 -2.690456e-01 -9.226656e-02 -8.556783e-02 -4.475309e-02 -2.791945e-01 -4.422266e-01 -2.619722e-01 2.277809e-01 -5.181010e-01 1.048519e-01 -1.544282e-01 -1.635016e-02 3.066157e-01 -5.990066e-02 
-1.302913e+01 4.787946e+00 2.154101e+00 4.912752e+00 1.508659e+00 2.954182e+00 -3.360302e-01 1.940680e+00 -2.096021e+00 -1.687809e+00 -8.234944e-01 2.037526e+00 9.597675e+00 -1.758647e-01 -2.283398e-01 3.584449e-02 -3.569168e-01 -7.567713e-01 -6.160719e-01 1.091459e-03 -2.172305e+00 -2.854170e-01 -1.077542e-01 3.622766e-01 1.064599e+00 -3.761246e-01 -1.397448e-01 -2.095336e-01 -5.192456e-02 3.797244e-02 -1.389053e-01 1.915060e-01 2.923514e-01 -3.629969e-02 4.962715e-01 3.888295e-01 3.134647e-01 -1.112207e-01 5.644124e-03 
-1.420309e+01 3.854198e+00 2.070541e+00 3.557492e+00 2.688363e+00 1.595668e+00 1.256871e+00 -4.859662e-01 -4.003385e-02 -1.725740e+00 -2.570390e+00 2.149774e+00 8.919518e+00 -5.628535e-01 -5.276574e-01 5.289662e-03 -7.490286e-01 -6.840200e-01 -4.786531e-01 1.453652e-01 -1.044537e+00 7.828381e-01 4.372534e-01 2.018308e-01 3.229450e-01 -3.438372e-01 -3.388033e-02 -8.484945e-02 -1.576000e-01 2.535533e-01 1.245452e-01 5.376087e-01 1.488326e-01 6.937106e-01 4.066125e-01 6.192875e-01 5.820971e-01 -3.104573e-01 1.111856e-01 
-1.450376e+01 3.221248e+00 3.674397e+00 6.046084e+00 1.283218e+00 2.279144e+00 -1.158392e+00 -6.555392e+00 4.869741e-01 2.626407e+00 1.338374e+00 2.425030e+00 8.544653e+00 -4.028715e-01 -6.292526e-01 -4.161707e-01 -9.813923e-02 -2.540967e-01 2.131934e-01 1.234438e-01 6.931796e-01 1.266731e+00 1.885410e+00 1.605887e+00 -1.037585e-01 -1.125858e-01 5.962590e-02 4.998184e-02 -2.180537e-01 2.071386e-01 2.530890e-01 4.051731e-01 1.133415e-01 1.112194e+00 6.602001e-02 2.369317e-01 2.950256e-01 -3.187189e-01 1.747013e-01 
-1.464580e+01 2.021975e+00 1.307804e+00 1.903657e+00 -1.358238e-01 8.259370e-01 -2.067346e-01 3.521774e+00 4.136231e+00 4.045101e+00 1.995542e+00 2.195169e+00 8.365944e+00 -1.556508e-01 -3.257388e-01 -6.451918e-01 2.585075e-01 -1.707459e-01 7.745463e-01 1.683063e-01 1.773516e+00 6.042569e-01 1.538566e+00 1.857143e+00 -2.235952e-01 1.550791e-01 1.284788e-01 1.446736e-01 -1.782254e-01 2.121649e-01 2.378529e-01 3.093570e-01 1.254525e-01 7.334862e-01 -2.430597e-01 -1.180970e-01 1.019574e-01 -1.309156e-01 1.543851e-01 
-1.482189e+01 2.557435e+00 4.542558e-01 5.248954e+00 1.650717e+00 4.405514e+00 1.012937e+00 3.402529e+00 2.149783e+00 4.853192e+00 4.923182e+00 1.496094e+00 9.311382e+00 -8.117877e-02 -7.918958e-02 -7.292876e-01 1.750602e-01 2.522716e-01 7.832369e-01 5.562651e-01 1.979600e+00 1.339661e-01 5.261674e-01 1.009730e+00 -2.557268e-01 2.478809e-01 7.173190e-02 1.346611e-01 -7.100896e-02 4.629724e-02 1.435758e-01 1.148351e-01 1.253877e-01 2.778925e-01 -2.736067e-01 -3.730459e-01 -2.039951e-01 -3.358400e-02 8.138368e-02 
