-1.590433e+01 2.012632e+00 -1.734748e+00 2.096838e+00 1.111928e+00 -3.089049e+00 7.674599e-01 4.345449e+00 3.090668e+00 -4.326990e-01 -1.679107e+00 3.420579e+00 6.965080e+00 9.248761e-02 2.652285e-02 1.120349e-01 -5.998700e-02 -2.117901e-01 8.993093e-01 -3.423129e-01 -8.385470e-01 9.802321e-02 1.321718e+00 2.260611e+00 -4.079133e-01 7.176220e-02 3.745044e-02 9.632911e-02 1.879051e-01 -2.938274e-02 -2.457573e-01 5.755978e-02 2.131408e-01 1.538720e-02 -2.010132e-01 -1.972220e-01 -3.747888e-01 1.462644e-01 3.657574e-02 
-1.568453e+01 1.497355e-01 -2.414885e+00 2.652609e+00 9.613172e-01 -9.058967e-01 -3.883089e-02 1.939074e+00 6.104029e+00 6.044885e+00 3.717618e+00 2.545024e+00 7.076575e+00 3.374562e-01 3.774834e-01 7.604061e-01 1.753035e-01 -9.529289e-01 9.826890e-01 1.745189e-01 -7.084895e-01 -4.173661e-01 1.417397e+00 1.856924e+00 -4.835761e-01 1.438084e-01 7.823694e-03 8.288039e-02 1.607230e-01 -6.788976e-02 -4.979075e-02 5.637558e-02 2.799511e-01 1.960502e-01 -1.682608e-01 -4.749391e-01 -8.300263e-01 1.880030e-01 4.132657e-02 
-1.555164e+01 3.076902e+00 -8.348041e-01 1.519736e+00 1.281431e-01 3.160284e-01 -5.409167e-01 1.355970e+00 2.073867e+00 2.936909e+00 6.926015e+00 1.818954e+00 7.268319e+00 1.573687e-01 3.327301e-01 7.274513e-01 -3.242725e-01 -1.070122e+00 1.145519e+00 4.647661e-01 -8.264964e-01 -6.492742e-01 2.876269e-01 5.883662e-01 3.613619e-01 2.186591e-01 -5.110985e-02 -1.274701e-01 -1.953450e-02 -3.521513e-02 3.025065e-01 -1.233165e-01 1.454002e-01 3.767599e-01 4.248093e-02 -5.164765e-01 -1.018951e+00 1.287016e-01 1.650397e-02 
-1.439377e+01 3.368006e+00 1.616923e+00 3.261421e+00 -3.160942e+00 1.220658e-01 2.294982e+00 2.297906e+00 1.511992e+00 4.969030e+00 3.303686e+00 1.803859e+00 7.532670e+00 9.930090e-02 2.878589e-01 6.079090e-01 -2.670662e-01 -3.142029e-02 1.058210e+00 6.537006e-01 1.357818e-01 -3.697468e-01 -5.359710e-01 -1.053447e+00 1.474691e-01 2.049479e-01 -1.250167e-01 -2.927492e-01 -3.938900e-01 -8.803802e-02 4.794453e-01 -4.128765e-01 -2.344125e-01 4.294046e-01 1.326612e-01 -4.387730e-01 -7.114949e-01 5.188032e-02 -4.449359e-02 
-1.576316e+01 2.067373e+00 -1.137376e-01 1.706649e-01 -2.177665e+00 2.124524e+00 1.924620e+00 3.325102e-02 2.140124e+00 1.543521e+00 1.470236e+00 5.598053e+00 7.830515e+00 -4.393296e-02 -5.661058e-01 9.058192e-02 -1.473129e-02 8.398901e-01 2.450432e-01 1.450834e-01 6.232401e-01 2.866096e-01 -2.841647e-01 -1.379036e+00 -7.985488e-02 1.236778e-01 -7.299396e-02 -1.624160e-01 -3.399000e-01 1.145712e-01 2.261427e-01 -5.816914e-01 -2.554034e-01 4.153567e-01 8.056857e-02 -7.388148e-03 2.885294e-03 -1.620942e-01 -8.431277e-02 
-1.508261e+01 2.094107e+00 2.642286e-01 1.991334e+00 1.956765e+00 3.481091e+00 1.996684e+00 3.278971e+00 4.222243e+00 4.061792e+00 1.177754e+00 1.392959e+00 7.820399e+00 -1.868571e-01 -6.368868e-01 -8.905690e-01 -4.196818e-01 4.892664e-01 -6.313639e-01 -8.377526e-01 7.136191e-01 -2.222471e-01 -4.906028e-01 -7.169515e-01 -3.520567e-03 -3.119656e-02 -2.109917e-02 9.819843e-02 -1.571071e-01 1.303586e-03 -2.870999e-01 -2.660789e-01 -9.486101e-02 -2.361222e-01 -8.452727e-02 3.277753e-01 4.837442e-01 -4.061437e-02 -8.263377e-02 
-1.542748e+01 8.834366e-01 2.940415e-01 2.081272e+00 1.768122e+00 -1.386323e-01 3.333033e-01 3.981367e+00 2.152123e+00 1.969648e+00 1.093630e+00 1.624918e+00 7.742847e+00 -6.452767e-02 -1.693502e-02 -2.228126e-01 3.247845e-01 -1.997655e-01 -9.183421e-01 -6.644109e-02 9.613895e-01 -3.202364e-01 2.279386e-01 4.344588e-01 -3.735517e-01 -8.479494e-02 6.927853e-03 3.074585e-01 1.143806e-01 -2.527355e-02 -5.702399e-01 7.878775e-02 1.452839e-01 -5.329024e-01 -1.352120e-01 2.847033e-01 4.210026e-01 -6.534833e-02 -5.363274e-02 
-1.549600e+01 7.756517e-01 -3.039944e+00 2.075626e-01 -2.687813e+00 -1.903418e+00 -1.098527e+00 3.892136e+00 3.950245e-01 2.302759e+00 -9.245742e-02 3.772568e+00 7.420501e+00 4.224582e-03 5.042061e-01 -2.094775e-02 -4.302610e-01 -9.472029e-01 3.093892e-01 2.850730e-01 -1.213877e+00 -4.888811e-01 8.468726e-01 4.584269e-01 9.128172e-02 -1.039283e-01 2.670034e-02 1.937934e-01 2.992100e-01 1.829030e-01 -1.820998e-01 3.345760e-01 1.618556e-01 -5.741128e-01 1.608194e-01 3.079786e-01 2.535021e-01 -1.071298e-01 -2.823689e-03 
-1.587950e+01 2.641943e+00 4.244095e-01 2.686625e+00 -8.541200e-01 2.250962e-01 3.139668e+00 4.533454e+00 2.452624e+00 3.562812e+00 4.278071e+00 2.540606e+00 7.606401e+00 -1.047880e-01 4.005667e-01 2.277001e-01 -1.358050e-01 -1.293246e+00 1.686631e-01 3.100589e-01 -1.077500e+00 -2.562855e-01 4.704938e-01 1.382241e-01 -4.540273e-01 -1.080417e-01 -1.060504e-02 -9.839179e-02 -1.704074e-02 9.574853e-02 1.845473e-01 2.484360e-01 -1.618457e-01 -3.453788e-01 1.679330e-01 -2.938453e-02 -3.279564e-03 1.122552e-01 1.864089e-02 
-1.483521e+01 3.735917e+00 9.444702e-02 -4.623606e-01 -1.467717e+00 4.846244e+00 2.019130e+00 -3.066931e+00 1.627811e+00 7.499672e+00 1.878598e+00 1.391854e+00 7.369024e+00 -3.340334e-02 1.234492e-01 3.803264e-01 7.250330e-01 1.256637e-01 4.981292e-01 -2.166988e-01 -1.137312e+00 5.498055e-01 9.278510e-01 6.986462e-01 -4.989101e-01 -3.362718e-02 -9.197286e-03 -2.571283e-01 -1.800497e-01 2.569358e-02 4.066216e-01 -6.458873e-02 -1.920819e-01 3.299023e-01 4.307374e-02 -3.052089e-01 2.317248e-02 2.649960e-01 4.063970e-02 
-1.628186e+01 1.406236e+00 -1.344550e-01 1.737086e+00 -5.308533e+00 -2.670292e+00 3.244430e-01 2.073159e+00 2.546862e-01 1.724052e+00 7.994758e-01 5.450181e-01 7.228307e+00 -9.890380e-02 -3.184313e-01 -5.085508e-01 2.256529e-01 1.865505e-01 2.295707e-01 -6.248590e-01 -8.040119e-01 3.391214e-05 4.050953e-02 2.980562e-01 4.829148e-01 -2.670925e-02 3.508286e-02 -1.871845e-01 -2.596008e-01 -2.786511e-01 5.229372e-01 1.325594e-01 -8.567387e-02 2.093514e-01 -2.287568e-02 -2.836729e-01 1.162137e-01 4.988521e-01 3.882714e-02 
-1.546197e+01 2.011359e+00 -8.590586e-01 4.307239e+00 1.671903e-01 2.034373e+00 -7.742390e-01 -5.641676e-01 4.243112e+00 7.861651e+00 5.139920e+00 2.275877e+00 7.441406e+00 -4.455235e-02 -4.219529e-01 -5.528784e-01 -4.825695e-01 3.459249e-01 -4.389976e-02 -2.077997e-01 2.987578e-01 -4.017222e-01 -4.641168e-01 4.945137e-01 9.478601e-01 5.861189e-02 1.991755e-02 -1.059729e-01 -9.688274e-02 -3.459224e-01 1.445954e-01 -9.436928e-02 1.503580e-02 2.000172e-01 -2.254664e-01 -4.639921e-01 -1.823228e-01 2.310727e-01 3.816021e-03 
-1.606021e+01 1.912061e+00 -1.641772e+00 1.429798e+00 -7.384999e-01 2.779001e+00 1.412493e+00 -7.378579e-01 1.145235e+00 3.584805e+00 4.137680e+00 4.512630e+00 7.436686e+00 7.622863e-02 -2.627252e-01 -6.035385e-01 -9.251351e-01 1.211318e+00 1.102417e+00 -1.227449e-01 -7.487559e-01 1.052435e-01 -2.518494e-01 8.214490e-01 1.316884e+00 3.991478e-02 -2.890579e-02 -1.235111e-02 3.208642e-01 9.740546e-02 2.119970e-02 -2.157283e-01 1.660576e-02 1.412586e-01 6.367367e-02 -4.391237e-02 -1.255274e-01 -1.947722e-01 -1.560704e-02 
-1.516905e+01 1.373561e+00 -1.916657e+00 -2.722343e+00 -2.022998e+00 1.902462e+00 4.360833e-01 -1.676381e-01 -8.262841e-01 4.248738e+00 2.682508e+00 4.147017e+00 7.558072e+00 -2.132524e-02 -4.344368e-01 -5.661657e-02 -4.290855e-01 3.363815e-01 -4.102053e-01 -3.926269e-01 -1.647464e-01 -6.300201e-01 -1.245895e+00 -4.747124e-01 2.394733e-01 -4.783699e-02 -8.694349e-02 2.290635e-02 4.417702e-01 5.154818e-01 -1.764736e-01 -4.062976e-01 6.643727e-02 2.884586e-01 2.885686e-01 9.297673e-02 -2.726970e-01 -3.191290e-01 -3.256883e-02 
-1.604734e+01 4.115594e-01 -2.623575e+00 6.261205e-01 1.843681e+00 2.907789e+00 -8.935583e-01 -1.868754e+00 3.315522e+00 2.271602e+00 6.135476e+00 6.194152e+00 7.369699e+00 -2.551448e-01 -3.740197e-01 8.475104e-01 6.858506e-01 2.974445e-01 -6.658701e-01 -4.492731e-01 1.340183e-01 4.325621e-01 2.119710e-01 1.551903e-01 -1.367139e-01 -5.151408e-02 -7.376183e-02 5.541176e-02 2.672899e-01 2.712504e-01 -4.682741e-01 -3.866485e-01 2.651237e-01 4.866698e-01 1.677107e-01 2.171284e-01 -3.730836e-01 -4.851815e-01 -1.707617e-02 
-1.557509e+01 5.893620e-01 -6.508740e-01 2.563824e+00 5.576614e-01 -8.087286e-02 -1.584074e+00 -8.227944e-01 7.398616e-03 2.288555e+00 1.767733e+00 2.632653e+00 7.235725e+00 -3.135223e-01 -2.516546e-01 9.303499e-01 1.289260e+00 -7.951891e-02 -1.191321e+00 2.878111e-01 1.299686e+00 8.772960e-01 -2.310661e-01 -5.358444e-01 7.896973e-02 -5.855666e-02 1.552806e-03 1.345983e-01 -1.568993e-01 -3.567907e-02 -2.102937e-01 2.150590e-01 4.277012e-01 2.517286e-01 3.525173e-01 3.163168e-01 6.488365e-02 -1.693512e-01 2.388779e-02 
-1.713301e+01 4.340499e-01 1.962550e+00 2.216179e+00 -5.422502e-01 4.413040e-01 1.755893e-01 2.603846e-01 2.890856e+00 5.624715e+00 5.370564e+00 4.586267e+00 7.340251e+00 -1.464420e-01 -7.711651e-02 2.393312e-01 -4.281060e-01 -9.221992e-01 -4.404135e-01 8.628292e-01 9.524251e-01 1.901675e-01 3.262786e-01 -1.013321e+00 -1.028661e+00 -4.010884e-02 1.363769e-01 2.318029e-01 -3.802990e-01 -2.149588e-01 8.024251e-02 3.170760e-01 2.674496e-01 3.335549e-02 2.911284e-03 -3.224918e-02 -8.346643e-02 -1.371884e-01 8.904471e-02 
-1.619403e+01 1.039057e-01 4.426004e-01 2.929342e+00 -1.227857e+00 -2.821326e+00 1.339838e+00 5.265913e+00 3.772535e+00 1.416141e+00 3.855430e-01 5.346211e+00 7.280008e+00 -6.777947e-02 9.023751e-02 -5.369825e-01 -5.038731e-02 -1.054769e-01 5.524058e-01 1.089927e+00 6.848153e-01 1.253609e+00 2.783759e-01 4.340549e-01 -1.613378e-01 6.590377e-02 -2.309819e-01 -5.472238e-02 -1.797172e-01 1.642128e-01 4.511882e-01 -2.450121e-02 -2.343544e-01 -3.194764e-01 -3.612925e-01 -4.457738e-02 1.258327e-01 9.610944e-02 1.513015e-01 
-1.647039e+01 2.685534e-01 -1.973756e+00 -1.697279e+00 -1.874416e+00 2.075741e+00 1.958290e+00 -1.509371e-01 2.384281e+00 4.339462e+00 1.759376e+00 -3.058681e-01 7.146709e+00 3.040092e-01 6.139696e-01 -3.203849e-01 2.809002e-01 7.114363e-01 4.758453e-02 4.870138e-01 6.082504e-01 2.587601e-01 -2.042000e-01 -7.471136e-01 -7.025055e-01 3.314027e-01 -4.706834e-01 -3.025631e-01 2.092683e-01 8.098848e-01 5.717392e-01 -6.804190e-01 -4.168761e-01 6.397159e-02 -3.984168e-01 -3.304280e-01 4.109521e-03 4.703394e-01 1.531332e-01 
-1.624553e+01 1.123194e+00 -1.367898e+00 4.268612e+00 6.966082e-01 1.863826e+00 2.974275e+00 2.806571e+00 6.528696e+00 4.323425e+00 5.743270e+00 4.271833e+00 7.661924e+00 -1.693522e+00 -8.708998e-01 3.115735e-01 1.755923e+00 1.359432e+00 -1.557995e+00 -6.962228e-01 -1.256557e-01 -9.633557e-01 -1.886126e-01 -3.978599e-02 3.963951e-01 5.122038e-01 -2.625923e-01 -2.452373e-01 2.352866e-01 2.644902e-01 1.495262e-01 -5.448495e-01 -3.580900e-01 1.316911e-01 -6.902986e-01 -2.973312e-01 -7.590246e-02 1.340692e-01 2.115940e-02 
-1.558750e+01 2.994578e+00 1.266243e+00 2.950673e+00 2.053115e+00 -1.663404e+00 1.793487e+00 4.531068e+00 2.806340e+00 3.150431e+00 -1.044001e+00 1.610559e+00 8.806321e+00 -1.687019e+00 -1.109270e+00 8.613386e-01 2.718243e+00 1.204065e+00 -2.787323e+00 -3.284508e-01 1.677514e+00 -6.934553e-01 -1.092175e+00 -7.558660e-01 1.044229e+00 5.024189e-01 2.712649e-01 1.255113e-01 2.398167e-02 -3.253102e-01 -3.000590e-01 3.424706e-01 -1.177707e-01 -3.202698e-01 -7.400500e-02 2.171869e-02 3.680110e-01 -1.184662e-01 -1.583990e-01 
-2.510334e+01 -5.613362e+00 3.804482e-01 9.384704e+00 3.605872e+00 -8.741672e+00 -2.058988e+00 2.295998e+00 -1.255646e+00 1.067450e+00 1.588901e+00 6.370146e+00 9.011328e+00 -3.853715e-01 -2.743846e-01 4.858060e-02 5.325023e-02 3.957413e-01 -7.542844e-01 -2.928545e-01 8.085536e-01 -1.721999e+00 -7.642061e-01 5.891402e-02 -3.643737e-01 8.622129e-02 1.152581e+00 8.900634e-01 -1.511637e-01 -9.801285e-01 -5.046228e-01 1.124440e+00 -9.502006e-03 -7.186992e-01 4.658910e-01 2.521692e-01 2.543328e-01 -5.981160e-01 -2.049533e-01 
-2.047647e+01 -1.909211e+00 1.459269e+00 9.335699e+00 2.691561e+00 -6.558519e+00 2.832510e+00 8.492068e+00 2.809470e+00 5.061544e-01 5.740519e-02 3.866089e+00 8.984353e+00 1.006087e+00 9.432601e-01 -6.889388e-02 -4.943243e-01 -3.068422e-01 1.358204e+00 -3.036360e-01 -1.460178e+00 2.678714e-01 1.923283e-01 1.043490e+00 -9.144955e-01 -2.475221e-01 1.046039e+00 8.676835e-01 -1.090606e-01 -8.177495e-01 -2.943696e-01 1.071985e+00 -3.347152e-01 -1.211730e+00 2.028344e-01 1.673040e-01 1.176094e-02 -6.097101e-01 -1.045181e-01 
-1.572775e+01 2.203165e+00 -1.221866e+00 1.342742e+00 2.355857e+00 5.396512e-01 9.907405e-01 4.868906e+00 -2.082547e+00 1.824856e+00 5.487000e+00 1.322266e+00 8.004051e+00 2.722726e+00 2.553203e+00 2.105357e-02 -1.538536e+00 -4.081929e-01 1.991349e+00 -7.562917e-01 -2.150437e+00 8.853759e-01 4.299412e-01 3.321232e-01 -1.614824e+00 -1.375831e-01 3.676958e-01 3.704442e-01 2.028676e-01 1.260372e-01 -2.093454e-01 -2.045182e-03 -4.683357e-01 -7.241597e-01 1.050217e-01 -1.165004e-01 -6.305211e-01 -1.886317e-01 7.462052e-02 
-1.524493e+01 3.802540e+00 1.722531e+00 4.500375e+00 1.143875e+00 4.869652e-01 -1.249744e+00 -4.056108e+00 4.559264e+00 3.733262e+00 2.224006e+00 -4.384164e-01 8.072163e+00 1.989059e+00 1.815480e+00 3.297956e-01 -5.748442e-01 1.342528e-01 1.199795e+00 -1.770274e+00 -2.901537e+00 -9.829535e-01 -8.526614e-01 -8.336949e-01 -1.379217e+00 9.176810e-02 -3.713090e-01 -3.047959e-01 1.596009e-01 2.904045e-01 -9.189195e-02 -6.349806e-01 -2.046415e-01 2.845849e-01 -3.257984e-01 -2.086806e-01 -5.337634e-01 1.443321e-01 1.046519e-01 
-1.410546e+01 4.296908e+00 3.541724e-01 4.110067e+00 2.339123e+00 -2.307735e+00 -3.799159e+00 -2.181778e+00 2.296635e+00 1.603087e+00 2.166067e+00 4.478160e-01 8.779572e+00 9.616461e-01 1.141588e+00 8.635355e-01 7.236617e-01 -8.714284e-01 -6.853949e-01 -1.901194e+00 -2.091654e+00 -5.715703e-01 -8.241479e-01 -2.155171e+00 -1.075223e+00 2.896459e-01 -8.683088e-01 -8.846488e-01 -6.367411e-02 3.140655e-01 -1.437283e-01 -5.910773e-01 4.506691e-01 8.478559e-01 3.114356e-02 1.995825e-01 1.913725e-01 4.755352e-01 -3.651831e-02 
-1.134231e+01 6.121188e+00 2.320304e+00 5.078054e+00 3.371082e+00 8.643531e-01 -3.623724e+00 -2.490508e+00 -4.294571e+00 -3.646519e+00 -2.450704e+00 -2.592694e+00 9.055387e+00 3.008410e-02 1.250980e-01 3.076965e-01 -1.734201e-01 -5.347381e-01 -4.783580e-01 -7.544091e-01 -6.657878e-02 -6.327707e-01 -2.242229e-01 -3.816677e-01 -4.627576e-01 6.210202e-02 -7.765491e-01 -8.744714e-01 -4.167079e-01 -5.629126e-02 -8.607617e-02 -5.305370e-02 9.054326e-01 9.428778e-01 6.263926e-01 6.459556e-01 7.918559e-01 7.638834e-01 -1.662598e-01 
-1.287080e+01 6.751772e+00 2.796804e+00 4.672180e+00 -3.114796e+00 -3.075779e+00 -7.327936e+00 -6.372298e+00 -5.127401e-01 1.394147e+00 -2.950989e+00 -2.976716e+00 8.960526e+00 -6.393213e-01 -1.024828e+00 -2.862669e-01 -1.687183e-01 -7.922184e-01 -1.248234e-01 9.892989e-01 6.712952e-01 8.662937e-01 1.113633e+00 1.062880e+00 3.046148e-01 -3.052962e-01 -3.914015e-01 -5.375783e-01 -5.195757e-01 -3.109944e-01 2.894210e-01 4.791366e-01 1.009457e+00 8.424420e-01 2.936074e-01 4.643064e-01 6.783088e-01 6.507770e-01 -1.835841e-01 
-1.571212e+01 3.200812e+00 2.039356e+00 3.351935e+00 1.197121e+00 -1.520567e+00 -3.257497e+00 -2.293437e+00 2.799557e+00 2.716973e+00 2.874711e+00 -1.039302e+00 8.292006e+00 -1.093334e+00 -1.473539e+00 -1.178892e+00 -4.100820e-01 -3.358541e-01 6.543279e-01 1.311549e+00 4.311666e-01 1.430162e+00 1.408273e+00 1.516389e+00 1.750266e+00 -4.420967e-01 2.810809e-02 6.262942e-02 -2.109724e-01 -2.474346e-01 1.458597e-01 2.956288e-01 5.455641e-01 5.367477e-01 -1.794500e-01 4.591471e-02 -4.114316e-02 3.282909e-01 -5.206821e-02 
-1.511755e+01 6.334944e-01 -9.368752e-01 4.129669e+00 -5.351506e-01 -1.739506e+00 9.635688e-01 1.076348e+00 3.080756e+00 3.989855e+00 4.817911e+00 1.194505e+00 7.634724e+00 -4.336839e-01 -7.470037e-01 -9.911137e-01 -7.129623e-01 4.760966e-01 1.143800e+00 2.112980e+00 1.871645e+00 -1.347444e-01 6.811138e-01 2.874187e-01 1.072211e+00 -3.761582e-01 2.027331e-01 4.222140e-01 1.244803e-01 -3.040353e-01 9.908059e-02 -2.746932e-03 -2.076651e-01 1.614671e-01 -6.534706e-01 -3.599952e-01 -4.531393e-01 -2.214814e-01 8.465640e-02 
-1.568545e+01 1.812763e+00 -1.706956e+00 3.298895e+00 4.024871e-01 3.467822e+00 -1.211940e+00 -4.058971e+00 1.059153e+00 2.097027e+00 1.246835e+00 4.073011e+00 7.507719e+00 6.786687e-02 2.994006e-01 -3.948242e-01 -1.138484e+00 -4.394951e-01 3.655078e-01 1.411321e+00 2.016986e+00 -1.029713e+00 2.216022e-01 -1.996181e-01 7.949677e-01 -1.627619e-01 1.607566e-01 6.178696e-01 2.184952e-01 -1.179953e-01 -2.812841e-01 -4.518675e-01 -5.930599e-01 -4.898719e-01 -4.050118e-01 -3.300700e-01 -2.016918e-01 -7.060695e-01 1.558234e-01 
-1.505226e+01 3.710881e+00 -2.855404e-01 1.134040e+00 -3.368725e-01 1.493845e-01 2.214649e+00 3.868755e+00 -3.165794e-01 5.109697e+00 -7.002645e-01 -1.718471e-01 7.471978e+00 -2.062131e-01 1.997655e-01 -5.584116e-02 -1.324600e+00 -2.448102e-01 5.956108e-03 -9.895699e-02 6.858441e-01 -1.171024e+00 -9.293386e-02 -3.449077e-01 -3.251992e-01 -2.166103e-02 -1.123470e-01 4.239795e-01 -5.706564e-02 2.150474e-01 -5.923020e-01 -5.833142e-01 -8.306463e-01 -1.399301e+00 1.485187e-01 -3.330881e-01 1.696425e-01 -5.827003e-01 1.541253e-01 
-1.540541e+01 3.158801e+00 -2.607806e-01 -8.428678e-01 -1.099559e+00 -6.373932e-01 3.173928e+00 6.395377e+00 -6.499482e-01 3.264523e+00 4.635736e+00 3.618665e+00 7.559645e+00 -4.031790e-01 1.142295e+00 -5.540415e-01 -6.941547e-01 -1.381808e+00 -1.036105e+00 -5.478476e-01 -1.425349e+00 -7.663842e-02 1.450592e-01 8.241420e-01 -1.081379e+00 1.597633e-01 -1.282162e-01 -4.562275e-03 -9.256021e-02 5.217781e-01 -1.956278e-01 -2.153336e-01 -4.349015e-01 -1.193015e+00 4.282480e-01 -1.912370e-01 9.750056e-02 -2.572941e-01 1.019235e-01 
-1.628875e+01 9.593952e-01 -1.939901e+00 -4.225803e-01 -1.007773e+00 3.425665e-01 -1.724067e+00 -7.211570e-01 -1.919775e+00 2.941491e+00 1.399483e+00 -2.046160e-01 7.500525e+00 -7.597926e-01 9.513864e-01 -1.196856e+00 1.402352e-01 -2.014344e+00 -1.071839e+00 -1.060401e+00 -3.403692e+00 1.312021e-01 -9.461858e-01 6.237797e-01 -9.030790e-01 2.331183e-01 1.867999e-01 -5.113039e-01 -7.344136e-02 4.405223e-01 2.470037e-01 -5.208879e-02 1.144662e-01 -6.409333e-02 3.771927e-01 -2.091410e-01 -4.722057e-02 3.174698e-01 2.255976e-01 
-1.708335e+01 8.900256e+00 -3.649844e+00 6.059421e-01 -6.171120e+00 -1.809364e+00 -1.982199e+00 -8.890808e+00 1.477038e+00 3.906004e+00 4.317626e+00 -1.317653e+00 8.292230e+00 -2.964891e-01 -9.925765e-02 -2.870423e-01 7.379633e-01 -5.330203e-01 -1.722233e-01 -2.822440e-01 -1.903402e+00 4.605836e-01 -3.078626e-01 -1.963864e-01 -2.024151e-01 2.194070e-01 5.148057e-01 -1.266561e+00 4.987507e-03 2.078907e-02 8.370526e-01 4.185811e-02 1.336546e-01 9.607527e-01 -5.970361e-02 -3.666453e-01 -4.349508e-01 5.369407e-01 3.402089e-01 
-1.801222e+01 5.597540e+00 -4.575053e+00 1.110402e+00 -7.873472e+00 -4.623968e+00 -5.096102e-01 -5.506709e+00 -7.245518e-01 5.803399e-02 2.577771e+00 -2.219350e+00 8.271325e+00 6.744042e-01 -1.735817e+00 -5.564970e-01 1.619815e-01 5.658043e-01 -6.863773e-01 3.405211e-01 6.044295e-01 4.461431e-01 -9.120963e-01 -7.062133e-02 8.227255e-01 1.076483e+00 6.328648e-01 -1.001481e+00 6.130500e-02 -3.730960e-01 8.982447e-01 7.111235e-02 -2.322457e-02 1.142162e+00 -5.622089e-02 -1.298006e-01 -2.997174e-01 4.757929e-01 3.829854e-01 
-1.602573e+01 3.432390e-01 -3.785160e-01 2.080696e+00 -3.318014e-01 9.845552e-01 1.155543e+00 -7.287917e-01 1.054980e+00 3.166926e+00 3.064685e+00 3.614247e+00 8.271325e+00 1.453751e+00 -3.846880e+00 -8.492139e-01 -6.012923e-01 1.513462e+00 -1.019527e+00 -5.800213e-01 1.374340e+00 -5.327185e-01 -1.705153e+00 -1.003357e+00 7.404591e-01 1.439206e+00 3.181046e-01 -1.193697e-01 -5.091436e-02 -3.626243e-01 1.006610e-01 -8.770265e-02 -9.939644e-02 3.103472e-01 -1.198732e-01 -5.925868e-02 -7.091811e-02 -9.145640e-02 2.740217e-01 
-1.344559e+01 -3.441114e+00 -6.357759e+00 -3.505146e-01 -1.098545e+00 -4.486203e+00 -1.589981e+00 -1.780000e+00 5.223203e-01 -1.249671e+00 1.672467e+00 1.443033e+00 1.289342e+01 1.529317e+00 -2.182055e+00 -6.092248e-01 -1.055809e+00 1.453720e+00 -2.928107e-01 -1.027885e+00 6.683561e-01 3.466066e-01 -8.966356e-01 -4.713461e-01 1.004495e+00 1.538239e+00 -1.585468e-01 7.517856e-01 4.562340e-01 7.374451e-02 -3.717448e-01 3.344444e-01 1.362712e-01 -4.906653e-01 -1.021632e-01 3.933041e-01 -1.717857e-01 -4.488105e-01 -7.885601e-02 
-1.209827e+01 -5.814928e+00 -7.004547e+00 -1.669606e+00 -1.991557e+00 -6.975715e+00 -4.341412e+00 -3.882895e+00 -1.809696e+00 -3.965885e+00 -2.467769e-01 5.534865e-01 1.317710e+01 8.667247e-01 -4.729482e-01 -5.154003e-01 -4.661129e-01 -4.734696e-01 -8.074558e-01 -9.519199e-02 -3.835663e-01 -8.901601e-02 -6.120071e-01 -3.506978e-01 -7.507461e-01 1.358622e+00 -2.423719e-01 1.302820e+00 7.358680e-01 2.060337e-01 -8.424438e-01 2.218572e-01 2.217465e-01 -8.198817e-01 -2.257628e-01 5.555658e-01 -2.859011e-01 -6.782438e-01 -7.815006e-02 
-1.232957e+01 -2.233414e+00 -4.308253e+00 -2.293407e+00 2.250003e-01 -2.107528e+00 -2.900720e+00 -5.875490e-01 2.441147e+00 -8.588257e-01 1.876927e+00 4.333690e+00 1.350934e+01 1.751761e-01 3.361455e-01 1.557656e+00 4.630985e-01 -2.995892e-01 8.797845e-01 7.794858e-01 -9.699271e-01 -2.865418e-01 5.078782e-01 -1.255829e+00 -6.758669e-01 7.224216e-01 1.516062e-01 7.058834e-01 6.391100e-01 -3.693833e-02 -1.077856e+00 -2.906402e-01 -5.127596e-01 -6.577004e-01 -4.888935e-01 1.610121e-01 -4.227960e-01 -9.273869e-01 3.411447e-02 
-1.225048e+01 -2.625089e+00 -3.979806e+00 7.212473e-01 -3.360742e+00 -4.241896e+00 1.334522e+00 -3.242531e+00 -3.499685e-01 -8.904845e-02 1.208952e+00 -1.584959e+00 1.475647e+01 9.187534e-01 1.408106e+00 1.746597e+00 -3.305417e-01 -1.822140e+00 -4.964092e-01 -3.748288e-01 -1.906047e+00 -1.344998e+00 3.705063e-01 -2.040582e+00 -1.810584e+00 1.456345e+00 4.138317e-01 2.345550e-01 5.788025e-01 -3.424097e-01 -6.019738e-01 -4.020871e-01 -1.093759e+00 -1.593019e-01 -2.695120e-02 4.729588e-02 -2.002052e-01 -2.565641e-01 8.975066e-02 
-1.249327e+01 -3.355395e+00 -8.190352e-02 7.690989e-01 -1.911435e+00 -1.454221e+00 -5.308750e-01 -6.949675e+00 -1.640142e+00 -6.485116e-01 -5.334863e+00 -8.669891e-01 1.571609e+01 2.261435e+00 4.070442e-01 1.455431e+00 -1.308535e+00 -3.261090e+00 -1.901460e+00 -3.451860e+00 -1.858873e+00 -1.469806e+00 -5.829867e-01 -1.740308e+00 -3.102559e+00 1.659957e+00 3.632166e-01 -2.092529e-01 -6.525350e-02 -3.984139e-01 -2.892492e-01 -6.520858e-01 -9.751403e-01 2.709103e-01 2.851600e-01 -3.289446e-01 3.256877e-01 1.439027e-01 -6.868570e-03 
-7.422668e+00 1.786453e+00 -3.845797e-01 -4.853759e+00 -1.003425e+01 -9.784464e+00 -7.400591e+00 -1.023214e+01 -6.494074e+00 -2.218307e+00 -6.844074e+00 -5.899405e+00 1.935564e+01 1.892744e+00 6.643760e-01 2.429733e+00 -1.292666e+00 -2.002510e+00 -1.427339e+00 -3.448266e+00 -7.355297e-01 3.677517e-01 1.698977e-01 -1.109462e+00 -8.201410e-01 1.338616e+00 3.937010e-02 -1.012957e+00 -4.685782e-01 2.623030e-01 4.595958e-01 -1.098078e-01 -9.817536e-02 6.887548e-01 4.428458e-01 -3.529871e-01 5.865356e-01 7.006314e-01 -3.491380e-01 
-3.435897e+00 -2.404003e+00 1.171246e+00 -6.048321e+00 -1.274422e+01 -8.843531e+00 -1.579251e+01 -6.387567e+00 -1.835781e+00 -2.708582e+00 -2.798341e+00 -9.022021e+00 1.950962e+01 1.504386e+00 -3.383348e-01 8.897702e-01 -1.047972e+00 -1.655512e+00 -1.915214e+00 -2.559555e+00 -2.006041e-01 2.831714e-01 -1.036669e+00 -9.310823e-02 -4.515649e-01 7.469772e-01 -1.495626e-02 -1.312567e+00 -9.403151e-01 7.357208e-01 6.726304e-01 1.751908e-01 4.521227e-01 9.110482e-01 -3.236054e-02 -2.350763e-01 4.555432e-01 7.792562e-01 -3.801996e-01 
-7.315527e+00 2.214506e-01 7.542099e+00 -2.333188e+00 -7.957145e+00 -7.683658e+00 -8.276584e+00 -7.201622e+00 1.586596e+00 1.790491e+00 -5.606176e+00 -1.608155e+00 1.955278e+01 1.494166e+00 -3.283930e+00 -3.135355e-01 8.508087e-01 -3.270741e-01 -1.038561e+00 -1.311971e+00 7.086225e-01 -7.014441e-03 -1.167578e+00 6.847432e-02 3.669583e-01 1.671798e-01 3.581615e-01 -1.431269e+00 -1.254280e+00 5.673768e-01 2.915071e-01 2.088748e-01 -2.374943e-01 1.183793e+00 -4.819281e-01 -1.845869e-01 4.268176e-01 1.211869e-01 -2.028736e-01 
-5.025087e+00 -4.264353e+00 4.036921e-01 -5.730655e+00 -1.122747e+01 -1.208079e+01 -1.289046e+01 -9.468185e+00 -4.264834e+00 -7.835849e+00 -6.418999e+00 -5.270537e+00 1.935226e+01 2.386087e+00 -4.181589e+00 -1.874563e+00 1.298468e+00 -7.357216e-01 -1.219810e+00 -2.259382e+00 1.974368e+00 -1.444191e+00 -1.089514e+00 -5.163538e-02 2.000749e-01 3.446777e-01 2.549478e-01 -6.228400e-01 -6.063586e-01 1.175537e-01 2.466876e-01 3.181287e-01 -6.411470e-01 1.345648e+00 -2.226505e-01 3.141682e-01 3.492104e-01 -8.746289e-02 -2.384858e-03 
8.424111e-01 -1.370359e+01 -1.567998e+00 -7.586950e-01 -1.242829e+01 -1.335892e+01 -1.541152e+01 -5.148830e+00 -5.315023e+00 -5.492610e+00 -4.690844e+00 -5.939906e+00 2.027030e+01 3.242549e+00 -4.570354e+00 -2.459480e+00 3.710198e-01 -1.005036e+00 -7.305844e-01 -4.785868e+00 4.095995e+00 -1.178416e+00 -7.265682e-01 1.003903e+00 -5.400993e-01 5.253541e-01 -3.746364e-01 6.772724e-01 -5.777239e-03 -6.588169e-01 7.840928e-02 1.052350e-01 -3.779761e-01 8.056654e-01 -7.815463e-02 2.147753e-01 2.658318e-01 -3.072344e-01 5.620868e-02 
4.415331e+00 -1.634942e+01 -3.646307e+00 -3.435963e-01 -1.418795e+01 -1.210499e+01 -2.352168e+01 2.458236e+00 -5.606134e+00 -4.514810e+00 -3.514785e+00 -5.855590e+00 2.087408e+01 1.904977e+00 -2.809309e+00 -1.068913e+00 -2.202432e-01 -8.314539e-02 -4.786036e-01 -4.028247e+00 4.833869e+00 -2.444236e-01 3.137327e-01 1.185144e+00 -4.354474e-01 5.559550e-01 -1.040374e+00 1.339220e+00 6.075639e-01 -6.824778e-01 2.631868e-01 6.269134e-02 9.392738e-01 -8.733543e-02 1.153217e-01 1.538504e-01 2.183930e-01 -1.601189e-01 -4.987405e-02 
4.177137e+00 -1.658790e+01 -2.730193e+00 -3.171456e+00 -1.150181e+01 -1.132407e+01 -2.688979e+01 7.315841e+00 -3.634615e+00 -3.503102e+00 -2.039000e+00 -4.016115e+00 2.141874e+01 -1.383899e-01 -5.837716e-01 -7.453091e-01 -1.683903e+00 -2.612248e-01 -8.830992e-01 -2.317397e+00 3.307127e+00 -9.977379e-01 -7.953808e-01 7.793029e-01 -8.513686e-01 3.425587e-01 -1.192603e+00 1.385953e+00 8.618862e-01 -1.800970e-01 9.332802e-02 -1.765914e-02 2.062721e+00 -8.981954e-01 -8.185965e-02 1.259202e-01 5.639805e-03 5.389854e-02 -1.308289e-01 
2.832578e+00 -1.686882e+01 -4.360299e+00 -5.625151e+00 -1.210679e+01 -1.549094e+01 -2.729264e+01 8.468687e+00 -6.327129e+00 -7.262181e+00 -1.818942e+00 -8.409354e+00 2.155766e+01 -1.125387e+00 5.211653e-01 3.061456e-01 -1.086371e+00 2.083094e-01 -8.300506e-01 1.202706e+00 1.932338e+00 -9.578545e-01 -2.859389e-01 1.152559e+00 -4.449612e-01 1.866871e-01 -7.638154e-01 8.055286e-01 8.733575e-01 1.312068e-01 -2.504352e-01 6.194573e-02 1.901830e+00 -1.184195e+00 -1.742629e-01 2.494580e-01 -1.429289e-01 2.352380e-01 -1.359041e-01 
9.421954e-01 -1.636300e+01 -4.937355e+00 -6.537215e+00 -1.477518e+01 -1.608142e+01 -2.511359e+01 8.381364e+00 -9.942536e+00 -8.095649e+00 -1.642338e+00 -8.920033e+00 2.164128e+01 -1.205443e+00 6.940545e-01 1.162326e+00 -9.623076e-02 -6.839965e-01 -6.431525e-01 2.912358e+00 1.055736e+00 -1.231021e+00 2.029734e-01 1.048338e+00 -2.658778e-01 5.586965e-02 -3.151270e-01 2.563637e-01 9.127590e-01 2.149149e-01 -3.978526e-01 1.407173e-01 9.786971e-01 -1.073211e+00 6.834200e-02 5.008306e-01 -3.295798e-01 3.132616e-01 -9.053273e-02 
4.064872e-01 -1.385594e+01 -1.012165e+00 -4.092745e+00 -1.150992e+01 -1.387680e+01 -1.839568e+01 1.158652e+01 -7.241675e+00 -3.648352e+00 2.050188e+00 -5.628049e+00 2.169636e+01 -1.380731e+00 5.793446e-01 2.343921e+00 -3.577735e-01 -1.124137e+00 -2.888812e-01 2.866151e+00 3.849589e-02 -9.991131e-01 1.061928e+00 3.360281e-01 4.479935e-01 1.972190e-02 -2.028269e-01 4.793448e-02 5.682040e-01 -2.697700e-01 -6.194844e-01 3.817392e-02 -3.626836e-01 -1.151945e+00 1.276665e-02 1.680202e-01 -6.567107e-01 1.233340e-01 -5.826909e-02 
-6.364192e-01 -1.462401e+01 1.407728e+00 -4.419059e+00 -1.522042e+01 -1.534733e+01 -1.677660e+01 1.103587e+01 -9.332664e+00 -4.294873e+00 1.267448e+00 -6.735932e+00 2.162892e+01 -1.586523e+00 6.688514e-01 2.799732e+00 -9.737214e-01 -1.584319e+00 -4.501145e-01 1.744352e+00 -1.112035e+00 -6.353493e-01 1.034935e+00 -4.603046e-01 2.684624e-01 -2.664693e-02 -1.911810e-01 2.077095e-01 1.738569e-01 -4.967030e-01 -2.547970e-01 1.272086e-01 -9.302512e-01 -1.035035e+00 1.568921e-01 -1.632555e-01 -5.335448e-01 1.026365e-01 -4.724106e-02 
-3.281392e+00 -1.484128e+01 4.186891e+00 -8.473189e+00 -1.750442e+01 -1.730217e+01 -1.713042e+01 7.334450e+00 -1.162764e+01 -3.853168e+00 -1.593869e+00 -7.261339e+00 2.166264e+01 -1.948866e+00 7.734329e-01 2.328413e+00 -1.996579e+00 -2.439215e+00 -7.357420e-01 -2.639519e-02 -2.743558e+00 -1.191997e+00 1.380892e-01 -1.376747e+00 -9.541275e-02 -6.335559e-02 -4.759047e-02 4.702971e-01 -2.240647e-01 -7.001063e-02 2.445383e-01 4.516368e-01 -6.489968e-01 -5.393430e-01 3.820093e-01 -4.326345e-01 -1.128076e-02 9.787002e-02 -5.794473e-02 
-5.146484e+00 -1.252602e+01 6.461762e+00 -9.215178e+00 -1.969917e+01 -1.661921e+01 -1.702469e+01 4.947639e+00 -1.092647e+01 -2.819009e+00 -2.122010e+00 -6.761337e+00 2.152484e+01 -1.877017e+00 1.635524e+00 2.039573e+00 -1.760505e+00 -1.300308e+00 2.164313e-01 -2.926833e-01 -2.728421e+00 -3.499770e-01 -1.513549e-01 -7.630026e-01 5.191792e-01 -1.387673e-01 6.701319e-02 4.604312e-01 -4.808392e-01 3.253989e-01 6.228802e-01 5.875571e-01 -1.369009e-01 -7.496765e-02 3.665964e-01 -5.892692e-01 2.652197e-01 2.512814e-02 -6.158894e-02 
-7.082850e+00 -1.103825e+01 8.102984e+00 -1.167810e+01 -2.146643e+01 -1.691932e+01 -1.840395e+01 9.126779e-01 -1.240393e+01 -3.696005e+00 -3.138735e+00 -6.092705e+00 2.143178e+01 -1.473484e+00 2.447562e+00 1.603664e+00 -3.144769e-01 -4.325408e-02 1.636095e+00 6.394963e-01 -1.850056e+00 7.683044e-01 -5.080910e-01 4.309579e-01 8.119805e-01 -2.139296e-01 2.021572e-01 2.914654e-01 -5.049871e-01 6.332563e-01 8.085426e-01 4.938295e-01 3.810096e-01 3.365763e-01 3.047225e-01 -4.395403e-01 2.595795e-01 -1.403231e-01 -4.836676e-02 
-8.121159e+00 -8.348297e+00 9.647189e+00 -1.161929e+01 -1.974126e+01 -1.445674e+01 -1.760298e+01 6.044251e-01 -1.069431e+01 -5.130173e+00 -1.774930e+00 -4.724512e+00 2.105054e+01 -1.488969e+00 2.133935e+00 7.579507e-01 -1.877217e-01 3.319916e-01 1.301840e+00 7.266047e-01 -1.933675e+00 2.173295e-01 -1.588438e+00 -3.803551e-02 -5.959606e-02 -2.593013e-01 2.192422e-01 -9.049910e-02 -5.606396e-01 4.283273e-01 3.563025e-01 -4.550988e-02 2.499475e-01 1.597869e-01 -2.146477e-01 -3.828101e-01 -2.482561e-01 -5.589110e-01 -7.059366e-03 
-9.161306e+00 -4.692522e+00 1.061232e+01 -8.843896e+00 -1.769915e+01 -1.020283e+01 -1.364359e+01 2.560900e-01 -7.902153e+00 -5.237850e+00 3.872144e-01 -4.219724e+00 2.083025e+01 -1.132046e+00 1.981420e+00 4.441685e-01 3.831663e-01 7.874016e-01 1.190708e+00 1.368879e+00 -1.458120e+00 4.799710e-02 -1.340940e+00 -4.414533e-01 -5.077523e-01 -2.449045e-01 2.839987e-01 -3.276951e-01 -4.371568e-01 1.873436e-01 -8.215684e-02 -3.950257e-01 -5.008824e-02 -4.407152e-02 -4.605131e-01 -2.470976e-01 -5.428576e-01 -6.670792e-01 3.651850e-02 
-1.155199e+01 -5.029456e+00 8.996865e+00 -1.157086e+01 -1.992229e+01 -1.346858e+01 -1.577184e+01 -4.392036e+00 -1.209091e+01 -9.990309e+00 -4.075237e+00 -7.995877e+00 2.052926e+01 -9.516485e-01 1.415997e+00 -1.839129e-01 3.209171e-02 6.573130e-02 2.116422e-01 5.922627e-01 -2.125454e+00 -1.063064e+00 -1.648886e+00 -1.568222e+00 -1.615607e+00 -1.585862e-01 5.081509e-01 -1.982447e-01 -2.366582e-01 4.853919e-01 -3.171902e-01 -1.942372e-01 4.596972e-02 4.026278e-02 -1.672234e-01 5.169516e-02 -2.824033e-01 -3.821663e-01 6.861044e-02 
-1.102824e+01 -2.790586e+00 1.064920e+01 -9.785939e+00 -1.743900e+01 -1.145988e+01 -1.247520e+01 -3.879554e+00 -1.146591e+01 -7.971018e+00 -4.195573e+00 -6.995506e+00 2.046789e+01 -3.220389e-01 1.168087e+00 -1.111537e-01 5.122724e-01 -3.209664e-01 2.059935e-01 4.563804e-01 -1.974529e+00 -8.939036e-01 -1.713390e+00 -1.518266e+00 -1.745331e+00 -8.167876e-02 6.582683e-01 1.823305e-02 -1.950954e-01 6.327923e-01 -4.558207e-01 -5.594842e-02 1.060350e-01 2.747496e-02 2.763083e-03 1.591193e-01 -1.919417e-01 -7.694238e-02 5.342305e-02 
-1.194607e+01 -2.219410e+00 8.709348e+00 -1.098742e+01 -1.954298e+01 -1.276961e+01 -1.522604e+01 -7.954598e+00 -1.422781e+01 -1.200777e+01 -7.324303e+00 -1.141452e+01 2.043889e+01 6.468413e-01 1.549315e+00 -1.475979e-01 2.174783e+00 -6.996476e-01 8.229291e-01 1.412690e+00 -1.474285e+00 -1.478096e-01 -1.143753e+00 -9.116585e-01 -1.351683e+00 2.146622e-03 5.966472e-01 4.301067e-01 -7.485449e-02 6.960207e-01 5.143087e-03 6.858283e-03 6.283065e-01 3.956272e-02 3.968294e-01 6.162348e-01 7.480863e-02 5.668705e-01 -2.030063e-02 
-1.057438e+01 -2.572162e-01 1.019999e+01 -6.574113e+00 -1.949430e+01 -9.522204e+00 -1.163524e+01 -7.835305e+00 -1.130262e+01 -1.279587e+01 -5.579434e+00 -1.123742e+01 2.046699e+01 1.359914e+00 2.005917e+00 -5.495183e-01 2.475704e+00 -1.109059e+00 6.053317e-01 1.489017e+00 -1.646373e+00 -3.958773e-01 -7.979154e-01 -1.729266e+00 -1.024408e+00 -5.812040e-02 -2.711411e-02 3.544511e-01 -2.661677e-01 3.522411e-01 9.318119e-01 -1.184043e-01 8.089094e-01 1.380039e-02 2.876794e-01 7.269841e-01 2.544202e-01 7.863414e-01 -1.886783e-01 
-8.545127e+00 1.450368e+00 8.483478e+00 -2.302632e+00 -2.239291e+01 -1.032303e+01 -9.127767e+00 -9.785504e+00 -1.291155e+01 -1.329669e+01 -7.942138e+00 -1.263359e+01 2.054049e+01 1.190665e+00 3.147717e+00 -3.389947e-01 2.530560e+00 4.854491e-01 4.635655e-02 3.217494e+00 -2.091654e+00 6.720343e-01 9.746132e-01 -1.088457e+00 8.583184e-01 -2.718284e-01 -8.412417e-01 -2.822083e-01 -5.700328e-01 -2.602261e-01 1.716120e+00 -3.454502e-02 8.678118e-01 3.320959e-01 5.288023e-01 8.979931e-01 8.692008e-01 8.140383e-01 -4.267158e-01 
-5.929123e+00 5.404037e+00 8.014051e+00 -1.749743e+00 -2.155873e+01 -9.656847e+00 -8.078702e+00 -1.119602e+01 -1.410365e+01 -1.131588e+01 -1.253273e+01 -1.150841e+01 2.012644e+01 -7.295973e-01 2.141119e+00 -1.346251e+00 2.095830e+00 3.745658e+00 2.272177e-03 3.598444e+00 -1.596848e+00 1.346403e-01 8.622065e-01 -1.576066e-01 1.081389e+00 -8.880851e-01 -1.088942e+00 -1.107513e+00 -8.140476e-01 -5.607930e-01 1.811512e+00 4.677332e-01 5.873714e-01 9.164621e-01 8.856702e-01 9.536491e-01 1.448697e+00 8.144677e-01 -5.036830e-01 
-8.315209e+00 1.068847e+01 8.107027e+00 -7.465879e-01 -1.608351e+01 -1.247067e+01 -9.165952e-01 -1.673264e+01 -9.467264e+00 -7.874796e+00 -9.289787e+00 -6.987774e+00 1.924999e+01 -2.514678e+00 7.056958e-02 -2.599442e+00 1.063765e+00 5.453732e+00 9.518667e-01 4.697139e+00 1.614994e-01 2.230752e+00 2.515992e+00 2.648544e+00 1.665537e+00 -1.716429e+00 -4.864246e-01 -1.814999e+00 -7.834989e-01 -6.634563e-01 6.289488e-01 9.503185e-01 -4.208882e-01 1.399879e+00 6.340991e-01 5.567423e-01 1.126245e+00 4.616224e-01 -3.060181e-01 
-1.433721e+01 5.829236e+00 3.657334e+00 3.127090e+00 -3.920586e+00 -8.437263e+00 2.251862e+00 -1.234601e+01 -1.235176e+01 -1.119584e+01 -5.693642e+00 -8.653095e+00 1.667166e+01 -2.232237e+00 -1.993031e+00 -3.489611e+00 4.051085e-01 5.464611e+00 2.491259e+00 3.685894e+00 1.809335e+00 3.252935e+00 3.199557e+00 3.645508e+00 2.644228e+00 -1.854227e+00 5.875608e-01 -1.314644e+00 2.294260e-02 -3.947687e-01 -9.858154e-01 7.591791e-01 -1.102946e+00 1.148976e+00 3.975704e-01 2.268477e-01 2.934643e-01 4.558683e-01 1.640467e-01 
-1.691413e+01 1.591252e+00 -2.335552e+00 5.776923e-01 -3.943406e+00 -6.173326e+00 9.192461e+00 -8.402662e+00 -2.633466e+00 -7.768078e-01 1.881384e+00 -5.733352e+00 1.368580e+01 -4.900484e-01 -3.860189e+00 -3.184746e+00 5.853986e-02 2.770706e+00 3.553336e+00 1.069220e+00 3.204550e+00 2.283357e+00 2.589620e+00 2.641138e+00 2.384893e+00 -1.318929e+00 1.089552e+00 -1.599236e-01 9.778047e-01 1.677255e-01 -1.502535e+00 1.895328e-01 -1.443568e+00 4.567538e-01 -4.572526e-01 -7.528097e-01 -8.647856e-01 -1.170062e-01 6.002643e-01 
-1.279079e+01 -1.236624e-02 -4.212751e+00 -3.868357e-01 -3.064461e-01 -3.489861e-01 5.296275e+00 -6.314560e+00 -1.255646e+00 1.132973e+00 1.092164e-01 1.085521e+00 1.363747e+01 1.195930e+00 -2.466593e+00 -9.389029e-01 6.243342e-01 1.581112e-01 2.497276e+00 -1.022086e-01 2.626566e+00 2.096145e+00 1.959661e+00 1.313333e+00 3.001163e+00 -2.666555e-01 5.548626e-01 9.983282e-01 1.435036e+00 2.756247e-01 -1.180202e+00 -5.809897e-01 -8.650690e-01 -2.580109e-01 -6.415405e-01 -1.047203e+00 -1.224533e+00 -7.378028e-01 6.541451e-01 
-1.153865e+01 -5.691866e+00 -3.881778e+00 1.302962e+00 -4.037727e+00 1.251888e+00 2.906936e+00 -3.725428e+00 -3.598618e+00 -1.091133e+00 1.014520e+00 6.747615e-02 1.417269e+01 1.219003e+00 -4.921450e-01 1.014094e+00 1.792950e+00 5.944344e-01 1.896427e+00 -6.265703e-01 2.036825e+00 5.228155e-01 -6.282281e-01 -5.091833e-01 9.019700e-01 4.911384e-01 -1.284721e-01 1.587891e+00 1.075477e+00 -1.726739e-01 -2.980361e-01 -9.178740e-01 -1.482395e-01 -7.037646e-01 -3.660350e-01 -6.904525e-01 -9.174274e-01 -8.704902e-01 4.247698e-01 
-1.104525e+01 -2.862725e+00 -2.638124e-01 5.886344e+00 -3.083355e+00 3.367125e-01 4.883383e+00 -1.551912e+00 -1.388681e+00 -1.240049e+00 1.305889e+00 3.452244e+00 1.509500e+01 -3.122835e-01 1.314595e+00 1.585958e+00 9.162433e-01 6.515039e-01 4.147496e-01 2.084039e-01 1.103057e+00 9.256030e-01 -4.274928e-01 -9.018289e-01 -3.034853e-01 5.114559e-01 -2.583051e-01 9.279690e-01 1.896923e-01 -9.147130e-01 -2.617507e-01 -1.284714e+00 -4.615326e-01 -8.664593e-01 -4.754072e-01 -4.102288e-01 -4.638950e-01 -1.058314e+00 2.300813e-01 
-1.169224e+01 5.558384e-01 7.609409e-01 6.405794e+00 4.171932e-01 2.965939e+00 6.266186e+00 -5.999554e-01 4.704810e-02 -2.731492e+00 -1.262946e+00 -2.406758e+00 1.541285e+01 -3.784034e-01 2.188581e+00 9.302207e-01 -9.507996e-01 1.033621e+00 5.342119e-03 1.726364e-01 4.474788e-01 1.038549e+00 3.309675e-01 -8.384078e-01 -3.151257e-01 4.158513e-01 3.113219e-01 -2.002178e-01 -5.021608e-01 -1.126336e+00 -1.314217e+00 -1.617651e+00 -1.225461e+00 -9.661016e-01 -3.948600e-01 -2.551288e-01 1.412195e-02 -8.047476e-01 1.882779e-01 
-1.427559e+01 3.437175e+00 1.395601e+00 1.643112e+00 7.239919e-01 8.674752e-01 4.658330e+00 -2.362149e+00 1.549555e+00 -1.848124e-01 -3.261300e+00 8.056964e-01 1.557470e+01 7.032058e-01 8.327900e-01 5.142376e-02 -2.577458e+00 -1.370547e+00 -2.980729e+00 -2.809585e+00 -9.111440e-01 -5.385634e-01 -5.710743e-01 -8.415048e-01 -1.681868e+00 9.213589e-01 8.516420e-01 -9.733377e-01 -4.364502e-01 -4.232016e-01 -1.671382e+00 -1.235899e+00 -1.362163e+00 -6.591471e-01 -3.528451e-01 -3.761600e-01 1.274067e-01 -6.649321e-01 2.012329e-01 
-1.181548e+01 2.101321e+00 -6.068083e-02 -1.329456e+00 -7.734902e-01 1.013045e+00 3.882755e+00 -1.082853e+00 1.247820e-01 3.558215e-02 -8.941388e-01 -1.851019e-01 1.601191e+01 2.267939e+00 -1.252363e+00 -7.294132e-01 -2.091792e+00 -4.965538e+00 -4.494088e+00 -5.245027e+00 -1.786570e+00 -7.194139e-01 -1.832133e+00 -4.687877e-01 -2.432451e+00 1.227555e+00 5.643969e-01 -1.069088e+00 4.243552e-02 3.399136e-01 -1.061863e+00 -4.255519e-01 -6.659174e-01 -4.151984e-01 -1.764119e-01 -2.539522e-01 -7.214579e-03 -2.216961e-01 5.807848e-02 
-7.467732e+00 5.282556e-01 4.041974e-01 -3.133982e+00 -9.340528e+00 -1.359034e+01 -7.972378e+00 -5.866019e+00 -4.120843e+00 -5.479322e+00 -3.086367e+00 -6.068404e+00 1.940217e+01 2.622694e+00 -1.831566e+00 2.335157e-01 -6.293077e-01 -4.705767e+00 -3.515145e+00 -3.893734e+00 -1.075737e+00 4.026110e-02 -1.226759e+00 -4.498017e-01 -2.569338e+00 1.111758e+00 6.138219e-02 -7.734242e-01 1.695343e-01 8.369259e-01 5.278048e-01 9.079503e-01 6.431920e-01 3.352695e-01 1.886812e-01 2.883865e-01 1.353204e-01 6.673952e-01 -2.238802e-01 
-3.755942e+00 -4.252047e+00 -2.390630e+00 -1.664994e+00 -1.937868e+01 -1.227554e+01 -1.364418e+01 -7.780430e+00 -7.146394e-01 -9.244816e+00 -3.694731e+00 -1.113248e+01 1.963685e+01 1.483946e+00 -1.824735e+00 1.051314e+00 -2.251410e-01 -2.608132e+00 -1.855166e+00 -2.614832e+00 -1.546148e+00 -1.330252e-01 -6.109933e-01 -1.070413e+00 -9.799729e-01 6.109868e-01 -1.929087e-01 -5.265700e-01 -1.207813e-01 6.512173e-01 1.618200e+00 1.256633e+00 5.932442e-01 1.070616e+00 -4.140080e-02 5.251289e-01 2.594920e-01 1.098264e+00 -2.725333e-01 
-5.191088e+00 -2.544038e+00 3.728582e+00 -1.336374e+00 -1.350234e+01 -1.006390e+01 -6.047322e+00 -4.392036e+00 2.170382e+00 -1.678547e+00 -4.109778e+00 -6.567301e+00 1.932102e+01 1.402187e+00 -2.748186e+00 8.776264e-03 6.737041e-01 8.958974e-02 2.396401e-01 -9.087741e-01 6.449898e-01 1.116042e-01 2.602539e-01 1.360697e-01 9.288325e-01 1.102159e-01 -3.758251e-03 -5.271931e-01 -9.014956e-01 2.066302e-01 1.228859e+00 8.132139e-01 -6.405074e-01 1.423308e+00 -2.548842e-01 7.624926e-02 4.452685e-01 8.157130e-01 -1.227964e-01 
-5.533665e+00 -5.486057e+00 3.534040e+00 -3.354215e+00 -1.173305e+01 -1.002604e+01 -1.015379e+01 -9.550259e+00 -3.685743e+00 -4.919859e+00 -5.734311e+00 -4.835337e+00 1.910747e+01 1.913648e+00 -3.427023e+00 -1.220893e+00 5.124683e-01 7.276600e-01 -8.835252e-02 -3.771372e+00 2.706217e+00 -9.619804e-01 4.988732e-02 5.357172e-01 1.309721e+00 3.656808e-01 1.066862e-01 -1.801226e-01 -1.114837e+00 -6.795604e-02 5.511943e-01 2.676465e-01 -1.073350e+00 1.659229e+00 -2.650660e-02 -7.864619e-02 6.211200e-01 1.000171e-01 4.977884e-02 
4.326978e-01 -1.259604e+01 -2.513924e+00 1.079847e+00 -1.271481e+01 -1.351658e+01 -1.426145e+01 -1.756142e+00 -2.076808e+00 -6.340740e+00 -1.386067e+00 -4.572818e+00 2.021770e+01 2.389030e+00 -3.666454e+00 -3.137834e+00 3.483449e-02 -2.293500e-01 -3.325971e-01 -6.518110e+00 3.914502e+00 -8.194661e-01 -1.176068e+00 9.736059e-01 3.642720e-01 6.204600e-01 -3.896098e-01 5.804831e-01 -4.769739e-01 -4.324141e-01 1.641921e-01 -1.317814e-01 -4.675798e-01 7.592278e-01 -3.110083e-02 -9.291826e-02 2.799104e-01 -4.351553e-01 6.420304e-02 
3.000418e+00 -1.636087e+01 -5.373936e+00 -3.095812e-01 -1.613422e+01 -1.099078e+01 -2.839369e+01 4.432294e+00 -3.400892e+00 -6.664229e+00 -2.377723e+00 -5.580921e+00 2.101705e+01 1.523897e+00 -2.266145e+00 -2.949539e+00 -2.457117e-01 3.073696e-01 -2.309206e-01 -5.176743e+00 5.115293e+00 2.001384e-01 -2.861923e-01 1.616300e+00 -1.976022e-01 6.047544e-01 -8.631257e-01 1.035974e+00 3.607229e-01 -3.415481e-01 2.520609e-01 -2.995876e-01 1.349148e+00 -2.734123e-01 -3.369435e-02 6.402336e-02 1.485246e-01 -4.568834e-01 -8.707932e-02 
2.486782e+00 -1.543876e+01 -7.506817e+00 -2.683715e+00 -1.244807e+01 -1.124445e+01 -2.951777e+01 8.189064e+00 -2.068982e+00 -6.686223e+00 -9.203230e-01 -4.373259e+00 2.146842e+01 -3.509954e-01 -4.263105e-01 -1.511672e+00 -1.109293e+00 1.120656e+00 -3.479469e-01 -2.543982e+00 3.236587e+00 -6.248628e-01 -3.628695e-02 9.952849e-01 -4.932018e-01 3.117084e-01 -8.821304e-01 9.618765e-01 1.208021e+00 -1.082513e-02 1.217116e-01 -4.017362e-01 2.356710e+00 -8.960019e-01 -4.124219e-01 2.620931e-01 1.810069e-02 -1.552666e-01 -1.792912e-01 
1.058534e+00 -1.539548e+01 -8.717522e+00 -2.700435e+00 -1.032989e+01 -1.231651e+01 -2.840964e+01 1.105352e+01 -2.688766e+00 -6.177620e+00 2.114256e+00 -5.922969e+00 2.150596e+01 -1.031860e+00 1.327532e-01 -2.303082e-01 -6.232345e-01 1.312669e+00 -1.578503e+00 9.872453e-01 1.677955e+00 -1.227927e+00 -1.997646e-01 1.267552e+00 -5.459195e-01 8.472552e-02 -4.372813e-01 5.158877e-01 1.469492e+00 2.399013e-01 -5.694181e-01 -3.675258e-01 2.000621e+00 -1.146251e+00 -7.263855e-01 1.480189e-01 -1.971884e-01 8.975419e-02 -1.634169e-01 
-3.513214e-01 -1.521046e+01 -8.400697e+00 -3.271772e+00 -1.001346e+01 -1.459333e+01 -2.697249e+01 1.111603e+01 -5.557094e+00 -6.765034e+00 1.344329e+00 -6.867744e+00 2.153181e+01 -7.436885e-01 -5.650641e-02 1.542665e+00 1.694261e-01 -1.234185e-01 -1.667408e+00 2.183488e+00 1.153169e+00 -2.167593e+00 9.132700e-02 1.238467e+00 -2.378960e-01 -1.598957e-02 1.936738e-03 2.316991e-01 1.380838e+00 3.247361e-01 -1.170656e+00 -3.667980e-03 1.127610e+00 -8.641257e-01 -5.370588e-01 3.170840e-01 -2.751017e-01 1.743048e-01 -9.129592e-02 
-7.398822e-01 -1.581134e+01 -6.078833e+00 -3.131676e+00 -1.078781e+01 -1.720851e+01 -2.473023e+01 1.135891e+01 -7.796247e+00 -7.623702e+00 2.827357e+00 -7.062884e+00 2.140885e+01 -4.662019e-01 1.282779e-01 2.870682e+00 3.144011e-01 -1.917574e+00 -1.408673e+00 2.462612e+00 4.257291e-01 -2.660462e+00 3.900222e-01 5.087868e-01 1.235167e-01 -4.852254e-02 -2.542467e-03 3.055372e-01 1.137904e+00 -1.329077e-01 -1.143347e+00 5.368118e-01 2.318640e-01 -9.195707e-01 -1.606285e-01 3.928437e-01 -6.034132e-01 1.001459e-01 -5.124778e-02 
-3.324681e-01 -1.551345e+01 -1.112720e+00 -1.621178e+00 -1.283651e+01 -1.713553e+01 -2.044065e+01 1.380251e+01 -1.035312e+01 -5.506814e+00 4.914848e+00 -4.992554e+00 2.143718e+01 -6.239914e-01 7.343326e-01 3.842140e+00 4.580557e-02 -3.117367e+00 -4.513425e-01 2.356507e+00 -4.577799e-01 -2.593932e+00 1.254173e+00 -7.368719e-04 4.371268e-02 -7.818863e-02 -2.493467e-01 4.689989e-01 5.572314e-01 -6.806220e-01 -4.371091e-01 7.378196e-01 -1.876628e-01 -1.324534e+00 4.401782e-01 -1.506130e-02 -7.680717e-01 -1.410102e-01 -4.722198e-02 
-1.282488e+00 -1.460237e+01 1.991858e+00 -1.953833e+00 -1.850646e+01 -1.808895e+01 -1.936323e+01 1.183847e+01 -1.359290e+01 -4.857086e+00 2.873039e+00 -6.242926e+00 2.131084e+01 -1.104483e+00 1.265013e+00 4.309453e+00 -1.225860e+00 -2.907031e+00 4.975153e-01 2.060270e+00 -2.114286e+00 -1.817926e+00 1.183079e+00 -1.129930e+00 -1.859618e-01 -1.404500e-01 -3.656780e-01 4.799033e-01 -6.828758e-02 -8.219249e-01 4.938583e-01 7.338722e-01 -3.315171e-01 -1.362384e+00 9.542131e-01 -6.192968e-01 -5.059122e-01 -2.736976e-01 -5.115239e-02 
-3.200001e+00 -1.214326e+01 6.774545e+00 -3.632101e+00 -2.174078e+01 -1.640963e+01 -1.787410e+01 8.587026e+00 -1.562806e+01 -1.877406e+00 1.317588e+00 -7.059203e+00 2.118991e+01 -1.671224e+00 1.720084e+00 3.609518e+00 -2.463634e+00 -1.814123e+00 1.068524e+00 1.446233e+00 -4.199467e+00 -3.877974e-01 -3.806038e-01 -1.782454e+00 -7.882417e-01 -2.061392e-01 -2.329656e-01 3.451565e-01 -6.318366e-01 -4.546832e-01 1.104136e+00 4.600139e-01 -2.951756e-01 -9.032826e-01 1.155618e+00 -1.104905e+00 -3.445363e-02 -1.965757e-01 -3.619396e-02 
-4.828278e+00 -1.117107e+01 1.152489e+01 -8.255839e+00 -2.087109e+01 -1.508390e+01 -1.571218e+01 3.395401e+00 -1.424816e+01 -3.523263e+00 -1.023945e+00 -6.959055e+00 2.083025e+01 -1.770946e+00 2.035007e+00 2.645426e+00 -2.540431e+00 -9.975088e-02 1.500895e+00 1.260037e+00 -4.515426e+00 1.007776e+00 -1.889034e+00 -1.129930e+00 -8.289832e-01 -2.402302e-01 4.487312e-02 2.016342e-01 -9.420608e-01 3.409077e-01 9.939522e-01 1.726031e-01 -2.554615e-01 1.944756e-02 8.392833e-01 -9.507260e-01 4.689223e-01 -6.427481e-02 1.068555e-03 
-6.915930e+00 -8.628793e+00 1.216814e+01 -1.078852e+01 -2.072504e+01 -1.329530e+01 -1.503525e+01 -2.973406e+00 -1.196362e+01 -8.076404e+00 -2.049028e+00 -8.575407e+00 2.064682e+01 -1.455522e+00 2.075167e+00 1.514750e+00 -1.570666e+00 9.998372e-01 1.347152e+00 1.280573e+00 -3.773731e+00 1.771405e+00 -2.734175e+00 -1.730916e-01 -6.175528e-01 -2.092554e-01 3.649443e-01 2.965668e-02 -8.026178e-01 1.018790e+00 4.200232e-01 -3.818535e-02 -1.103280e-01 8.210667e-01 2.926441e-01 -3.154910e-01 5.593839e-01 1.168764e-02 4.397864e-02 
-8.279342e+00 -6.184537e+00 1.252287e+01 -1.107793e+01 -1.951357e+01 -1.214207e+01 -1.448236e+01 -4.957962e+00 -1.038598e+01 -1.120271e+01 -1.093027e+00 -9.630271e+00 2.038112e+01 -9.878828e-01 2.095777e+00 6.465502e-01 3.228763e-02 6.555121e-01 1.221285e+00 8.657385e-01 -2.229941e+00 1.298650e+00 -2.393787e+00 4.099521e-01 -5.927050e-01 -1.335321e-01 4.958651e-01 -6.759992e-02 -5.142556e-01 1.006728e+00 -3.756009e-01 -2.677456e-01 -1.407967e-01 8.733848e-01 -4.266491e-01 2.098133e-01 -9.282303e-02 -2.602571e-01 6.943086e-02 
-8.752052e+00 -4.260958e+00 1.384979e+01 -1.007420e+01 -1.742074e+01 -1.114493e+01 -1.208594e+01 -6.104604e+00 -8.701924e+00 -1.170856e+01 4.869370e-01 -8.811785e+00 2.036831e+01 -2.381116e-01 1.837974e+00 5.957609e-01 1.343920e+00 -9.173444e-02 1.017441e+00 1.091467e+00 -1.236949e+00 9.300727e-01 -1.705533e+00 2.445993e-01 -8.481227e-01 -3.961026e-02 4.844111e-01 -1.373360e-01 -3.097255e-01 6.954242e-01 -5.935031e-01 -5.612091e-01 -1.878372e-01 5.216264e-01 -1.128825e+00 4.364784e-01 -6.518139e-01 -4.459764e-01 4.489446e-02 
-8.849538e+00 -2.876304e+00 1.391699e+01 -8.451859e+00 -1.924531e+01 -1.005258e+01 -1.285797e+01 -6.189064e+00 -9.385879e+00 -1.367608e+01 -2.417629e-01 -9.804424e+00 2.030199e+01 9.976543e-02 1.815480e+00 5.337282e-01 1.035946e+00 -1.432197e+00 3.269493e-01 6.506202e-01 -1.416825e+00 -7.046295e-01 -1.354373e+00 -1.802921e+00 -2.015187e+00 2.209021e-02 2.011334e-01 -3.472711e-01 -3.353696e-01 7.709139e-01 4.468895e-01 -7.713835e-01 -1.985362e-01 1.337912e-01 -9.110439e-01 6.628365e-01 -6.349807e-01 -9.396341e-03 -4.895823e-02 
-7.821806e+00 -1.093186e+00 1.445009e+01 -5.381857e+00 -2.131734e+01 -9.252530e+00 -1.038948e+01 -8.542951e+00 -7.813463e+00 -1.536729e+01 -1.251804e+00 -1.272895e+01 2.048834e+01 4.226223e-01 1.528469e+00 2.260439e-02 1.404652e+00 -9.239170e-01 -1.011546e+00 4.490215e-01 -1.572159e+00 -2.871225e+00 -1.071645e+00 -2.325775e+00 -2.136292e+00 -6.254537e-02 -3.903137e-01 -7.894692e-01 -6.414791e-01 1.116616e+00 1.741596e+00 -4.914726e-01 -4.863457e-02 4.314582e-01 -1.784867e-01 8.355337e-01 -8.770751e-02 9.568168e-01 -2.257501e-01 
-8.245774e+00 1.309060e+00 1.489122e+01 -8.244308e+00 -2.472610e+01 -1.145285e+01 -1.207767e+01 -1.082335e+01 -1.435302e+01 -1.614486e+01 -9.238533e+00 -1.774738e+01 2.043170e+01 -3.125932e-01 5.142167e-01 -7.436290e-01 3.856493e+00 3.306281e+00 -1.621113e+00 1.941995e-01 -1.393459e+00 -1.356001e+00 6.034303e-01 -1.479890e+00 4.426259e-03 -3.668097e-01 -8.125747e-01 -1.244441e+00 -1.000664e+00 1.220737e+00 2.215709e+00 3.089182e-01 3.492617e-01 1.114487e+00 1.467952e+00 1.334749e+00 7.668467e-01 1.755775e+00 -3.640392e-01 
-6.941221e+00 1.288691e+00 1.347536e+01 -3.154737e+00 -1.930058e+01 -1.550226e+01 -1.023058e+01 -1.164838e+01 -2.057382e+01 -1.583283e+01 -6.643515e+00 -1.552167e+01 1.999066e+01 -1.983552e+00 -1.458818e+00 -1.972911e+00 5.516849e+00 6.247168e+00 -4.659554e-01 1.076578e+00 9.086317e-01 3.632820e-01 1.493180e+00 -3.554106e-01 2.926172e+00 -9.738425e-01 -9.127170e-01 -1.125168e+00 -1.109309e+00 2.463965e-01 1.180247e+00 1.179747e+00 4.190955e-01 1.316945e+00 2.560859e+00 1.479976e+00 8.801752e-01 1.606212e+00 -3.558540e-01 
-1.085304e+01 -1.496318e+00 1.068559e+01 9.716783e+00 -3.722308e+00 -1.503316e+01 -1.196662e+01 -1.160305e+01 -9.785503e+00 -1.042606e+01 -4.945443e+00 -8.385422e+00 1.871679e+01 -2.759957e+00 -2.913066e+00 -3.471648e+00 5.083687e+00 6.060691e+00 1.598765e+00 2.083031e+00 2.915044e+00 5.017946e+00 4.036968e+00 1.046183e+00 4.232474e+00 -1.342425e+00 -3.938970e-01 -3.230737e-01 -8.411465e-01 -1.345713e+00 -9.074920e-01 1.249220e+00 1.880215e-01 6.508580e-01 1.552056e+00 1.025623e+00 6.151737e-01 3.457678e-01 -1.875526e-01 
-1.643590e+01 -6.984437e+00 6.687633e+00 1.322206e+01 -5.833257e-01 -9.792270e+00 -5.062052e+00 -3.609475e+00 -8.280910e+00 -1.076100e+01 -5.175530e+00 -2.778630e+00 1.647655e+01 -2.917436e+00 -2.383681e+00 -4.159823e+00 2.022951e+00 3.600026e+00 3.277164e+00 1.600256e+00 2.858318e+00 6.746168e+00 4.611421e+00 8.121580e-01 3.780624e+00 -1.354017e+00 3.099781e-01 7.304442e-01 -9.463835e-02 -2.049643e+00 -1.859067e+00 5.939606e-01 -4.315872e-01 -5.411165e-01 -5.644319e-02 2.420917e-01 3.795975e-01 -8.255740e-01 7.034668e-02 
-1.729809e+01 -9.119341e+00 9.266801e-01 8.985747e+00 -3.781132e+00 -6.314212e+00 -4.246311e+00 -2.673669e-01 4.590044e+00 1.504116e+00 -4.741541e+00 -2.956465e+00 1.547646e+01 -1.815233e+00 -6.386534e-01 -3.855863e+00 -1.125357e+00 9.245276e-02 2.753432e+00 8.724129e-01 8.862942e-01 3.213052e+00 4.172439e+00 1.012116e+00 1.306027e+00 -1.114507e+00 6.143721e-01 1.233914e+00 8.142969e-01 -1.511870e+00 -1.634401e+00 -3.680960e-01 -7.000494e-01 -1.048429e+00 -1.927850e+00 -1.168183e+00 1.750641e-01 -1.000086e+00 2.169355e-01 
-1.830559e+01 -6.818516e+00 -2.443687e+00 7.325929e+00 -1.271468e+00 -3.475803e+00 -6.089852e+00 -3.024940e+00 5.968908e+00 1.258978e+00 -2.684134e+00 6.672571e-01 1.484054e+01 -9.059685e-01 1.056321e+00 -2.254126e+00 -1.626893e+00 -6.405864e-02 1.926635e+00 -4.759704e-01 -7.825561e-01 9.837090e-01 2.636002e+00 1.559612e+00 2.614110e-01 -7.360776e-01 6.185313e-01 8.797821e-01 1.256524e+00 -4.756268e-01 -8.019229e-01 -7.253311e-01 -3.423905e-01 -6.364651e-01 -2.295241e+00 -1.872374e+00 -2.644334e-01 -7.670885e-01 2.461273e-01 
-1.899442e+01 -4.772300e+00 -4.027810e+00 7.037666e+00 -2.916517e+00 -4.424541e+00 -7.090479e+00 -7.464543e+00 -8.450654e-01 4.426062e+00 -1.130353e+00 -3.577970e+00 1.396207e+01 -6.936727e-01 1.536595e+00 -3.530813e-01 -6.506622e-01 -2.791664e-01 4.334149e-01 -3.789361e-01 -5.065698e-01 -1.739878e+00 -8.162908e-01 1.547763e+00 9.916236e-01 -5.667441e-01 3.988583e-01 2.203274e-01 1.148087e+00 8.971731e-02 -1.355735e-01 -5.602003e-01 -1.357226e-02 -3.268382e-02 -1.055318e+00 -1.739475e+00 -8.089958e-01 -2.322596e-01 2.135011e-01 
-2.011780e+01 -3.876497e+00 -2.106145e+00 6.062184e+00 -1.335870e+00 -1.104152e+00 -6.020741e+00 -3.923931e+00 -6.452528e-01 9.579403e-01 8.167462e-01 -1.160805e+00 1.355340e+01 -3.855264e-01 9.277142e-01 3.712800e-01 -5.926722e-01 -2.240057e-01 8.105266e-01 5.140533e-01 3.723835e-01 -2.253548e+00 -2.256035e+00 -7.778143e-01 1.023625e-01 -3.972860e-01 2.342155e-01 -2.332944e-01 5.689106e-01 1.643454e-01 5.065789e-02 -2.109915e-01 2.675659e-01 8.119315e-02 -1.765600e-01 -7.583344e-01 -9.392449e-01 -2.896716e-01 1.540108e-01 
-1.986075e+01 -2.907706e+00 -1.007617e+00 6.364284e+00 -5.144738e+00 -5.332692e+00 -6.175502e+00 -2.351174e+00 -8.022857e-01 -2.426789e+00 1.246835e+00 2.915423e+00 1.328635e+01 -8.109634e-02 5.271716e-01 5.718525e-01 -1.193731e+00 -5.055353e-01 5.102862e-01 3.095454e-01 1.454810e-01 -4.448719e-01 -2.078997e+00 -1.864188e+00 2.241392e-01 -2.164849e-01 1.203797e-01 -3.334069e-01 -1.039070e-02 1.833681e-02 1.923859e-01 1.113314e-01 1.098727e-01 -1.622889e-01 5.528849e-01 4.264010e-01 -4.957249e-01 -4.377318e-01 1.275474e-01 
-1.979959e+01 -3.112243e+00 -2.097555e+00 4.699853e+00 -1.277046e+00 1.030607e+00 -3.976956e+00 -3.719702e+00 -5.320240e+00 -6.595041e+00 -7.761635e+00 -2.067287e+00 1.319217e+01 -4.114571e-02 3.944426e-01 1.279308e-01 -5.335067e-01 3.024071e-01 8.331214e-01 5.174761e-01 -7.024642e-01 -5.466433e-01 -5.244388e-01 -1.430608e+00 -8.032399e-01 -1.411356e-01 1.569430e-02 -3.509058e-01 -2.577305e-01 3.084319e-01 2.901163e-01 -6.853608e-02 -1.716725e-01 -3.245169e-01 5.760784e-01 8.818284e-01 5.741621e-01 -8.845054e-02 9.156322e-02 
-1.955910e+01 -2.518153e+00 -1.172346e+00 1.749770e+00 -5.473342e+00 -2.940357e+00 -6.564766e+00 -6.838971e+00 -7.318556e-01 -2.192190e+00 -6.161614e+00 -2.003959e+00 1.306044e+01 -2.639711e-01 1.360508e-01 -2.832945e-01 -5.883622e-01 4.195998e-01 9.787594e-01 1.687002e-01 -7.806457e-01 1.712573e-01 4.498373e-01 -6.043823e-01 -7.442544e-01 -5.706089e-02 4.251576e-01 -1.919617e-01 -3.377803e-01 3.173130e-01 2.107183e-01 -2.221318e-01 -2.875002e-01 6.691185e-02 7.990167e-02 5.392987e-01 7.441111e-01 1.273704e-01 2.267424e-01 
-2.047417e+01 -2.098471e+00 -1.383563e+00 5.701856e+00 3.406203e-01 1.865387e+00 -3.238595e+00 -5.192253e+00 -3.413935e+00 -1.781642e+00 -2.631765e+00 -2.717510e+00 1.296063e+01 -2.153490e-01 -6.312338e-01 -4.898118e-01 6.468641e-01 7.639248e-01 2.337458e-01 -2.738583e-01 -7.871118e-01 3.185851e-01 8.886924e-01 1.463066e+00 1.443352e-01 -1.910576e-02 1.497607e+00 2.217939e-02 -3.864918e-01 -7.597570e-01 -7.398458e-01 -4.560780e-01 -3.594274e-01 2.082780e-01 -3.324674e-01 -2.616765e-01 5.257177e-01 1.625820e-01 4.798909e-01 
-2.084342e+01 -2.734147e+00 -2.780724e+00 2.920694e+00 -3.855676e+00 -8.567231e-01 -5.701178e+00 -5.518161e+00 -8.993226e-01 -2.584410e+00 -4.339865e+00 -4.811264e-01 1.311686e+01 2.131828e+00 8.034465e-02 -8.081172e-01 -1.975174e-01 3.172947e-01 -3.005469e-01 -7.325037e-01 5.221333e-01 -4.782227e-01 -8.900532e-02 4.096828e-01 3.871051e-01 8.562306e-01 2.145300e+00 1.049488e-01 -3.173730e-01 -1.748480e+00 -1.475416e+00 -1.670005e-01 -5.549586e-02 7.834622e-02 -6.913360e-01 -9.295992e-01 5.620510e-01 -3.345019e-01 6.395110e-01 
-2.023460e+01 -6.160349e+00 -3.742314e+00 7.348414e+00 1.733639e+00 1.157443e+00 -5.777968e+00 -8.315817e+00 -3.642963e+00 -1.955300e+00 -1.357097e+00 -2.107052e+00 1.306808e+01 6.248911e+00 5.332958e-01 -1.542171e+00 -4.527568e+00 -3.345835e+00 -8.075786e-01 -8.290246e-01 -3.125858e-01 -1.884455e+00 -1.563346e+00 6.909711e-01 -5.561048e-01 1.801681e+00 1.672040e+00 1.026640e-01 -1.556109e-01 -2.248408e+00 -1.927024e+00 3.428654e-01 3.536226e-01 -9.900315e-02 -4.765188e-01 -1.204759e+00 5.277289e-01 -6.637297e-01 5.428346e-01 
-9.019677e+00 -8.577879e-02 -4.033368e+00 -6.052200e-02 -4.583373e+00 -4.089693e+00 -8.957648e+00 -2.666585e+00 -3.008049e+00 -2.550045e+00 -4.751012e+00 -3.736151e-01 1.728781e+01 7.230334e+00 7.869585e-02 -1.343925e+00 -6.743727e+00 -4.902742e+00 6.642745e-01 1.688714e-01 -6.263402e-01 -2.184096e+00 -2.972168e+00 2.592124e+00 -2.066561e+00 2.230094e+00 -1.240569e-01 -2.552589e-01 8.819608e-02 -1.238676e+00 -1.228624e+00 6.658024e-01 6.910465e-01 -5.122272e-01 5.003918e-02 -8.734829e-01 6.102331e-01 -5.181601e-01 4.317729e-02 
4.858153e+00 -7.562518e-01 -8.467902e+00 -1.544569e+01 -1.602468e+01 -5.558274e-01 -5.755522e+00 -8.180778e+00 -1.178154e+01 -9.615500e+00 1.028448e+00 -5.551834e+00 1.988367e+01 5.595455e+00 -1.170412e-01 -1.000031e+00 -7.322059e+00 -6.261147e+00 1.465652e+00 1.043720e+00 -7.079017e-01 -1.210908e+00 -3.693497e+00 3.010489e+00 -1.947359e+00 2.008160e+00 -1.903645e+00 -1.698414e-01 4.596006e-01 7.794636e-01 3.109141e-01 3.210234e-01 5.127113e-01 -3.091155e-01 8.349854e-01 5.144674e-03 -2.253456e-01 2.136816e-01 -4.174240e-01 
2.761764e+00 -5.042611e+00 -7.137441e+00 -1.940009e+01 -1.949024e+01 3.321862e+00 -4.868306e+00 -8.717117e+00 -7.750858e+00 -1.361514e+01 7.427414e+00 -9.091609e+00 2.085970e+01 1.838392e+00 -8.707820e-01 -6.381734e-01 -4.993643e+00 -4.368122e+00 1.891883e+00 1.786281e+00 -1.841238e+00 -5.646939e-01 -3.391254e+00 2.301007e+00 -1.508045e+00 9.689118e-01 -2.048131e+00 2.815996e-01 5.645465e-01 1.966488e+00 1.101291e+00 -5.634897e-01 -1.012623e-03 -2.125534e-01 1.030981e+00 9.259234e-01 -1.199393e+00 7.995243e-01 -5.962192e-01 
1.851750e+00 -4.266899e+00 -7.191003e+00 -1.959207e+01 -2.211857e+01 4.779899e+00 -2.604194e+00 -8.830208e+00 -7.326713e+00 -1.489031e+01 7.606246e+00 -7.484461e+00 2.132298e+01 -5.733563e-01 1.587808e-01 4.030718e-01 -1.505231e+00 -2.058625e+00 1.837672e-01 9.258074e-01 -1.250763e+00 1.480704e+00 -1.328141e+00 -2.903736e-01 2.329815e-01 3.451762e-01 -1.201306e+00 5.402408e-01 5.939729e-01 2.094999e+00 1.299091e+00 -1.078663e+00 -4.467053e-01 -1.467475e-01 8.832989e-01 1.462686e+00 -1.378699e+00 6.579911e-01 -4.973485e-01 
1.675173e+00 -2.684498e+00 -7.862550e+00 -2.295552e+01 -2.337670e+01 2.702119e+00 -1.601795e+00 -1.154770e+01 -8.058663e+00 -1.686928e+01 3.465247e+00 -6.946905e+00 2.141290e+01 7.406077e-02 1.348749e+00 7.772067e-01 1.803972e-01 -1.497474e+00 -1.512192e+00 2.227793e-01 -1.417560e+00 1.625109e+00 4.748025e-01 -1.754446e+00 8.408577e-01 8.048751e-02 -1.338472e-01 5.614265e-01 4.906895e-01 1.383978e+00 8.069623e-01 -1.049803e+00 -5.347390e-01 1.203500e-01 6.109797e-01 1.406621e+00 -8.016068e-01 2.678301e-01 -2.401552e-01 
2.534605e+00 -1.141137e+00 -6.089949e+00 -2.119424e+01 -2.437468e+01 6.731224e-01 -2.760136e+00 -1.301882e+01 -4.223619e+00 -1.462913e+01 1.557703e+00 -5.458682e+00 2.133287e+01 4.710895e-01 1.474294e+00 1.262096e+00 5.659524e-01 -1.201057e+00 -2.225523e+00 -4.080292e-01 -1.653427e+00 2.110586e+00 1.686818e+00 -1.855301e+00 1.681757e-01 -3.443739e-02 3.030673e-01 1.197475e-01 1.867829e-01 3.611223e-01 3.946108e-01 -4.491921e-01 -2.091188e-01 2.197590e-01 -4.369791e-02 7.138374e-01 7.738479e-03 -2.104027e-01 -8.280548e-02 
2.791193e+00 1.387023e-01 -3.801940e+00 -1.769703e+01 -2.584883e+01 -2.185971e+00 -3.676886e+00 -1.371119e+01 -1.176869e+00 -1.137133e+01 1.680267e+00 -5.900142e+00 2.125712e+01 6.469962e-01 1.278557e+00 1.385903e+00 8.905789e-01 -7.620613e-01 -2.152459e+00 -2.204638e-01 -1.038262e+00 2.175568e+00 2.134544e+00 -9.245851e-01 -1.363781e-01 -4.210320e-02 1.148127e-01 -2.071239e-01 -4.434745e-02 -2.475671e-01 3.729912e-01 1.228226e-01 1.324335e-01 4.197438e-01 -3.652198e-01 1.660325e-02 3.875549e-01 -2.076545e-01 -9.730514e-03 
3.649246e+00 1.693096e+00 -2.911092e+00 -1.939202e+01 -2.688739e+01 -3.903925e+00 -3.606594e+00 -1.601593e+01 -2.143255e-01 -9.204952e+00 -7.771457e-01 -7.166714e+00 2.122880e+01 6.555128e-01 7.926297e-01 1.032575e+00 -5.469738e-02 -4.534285e-01 -1.741946e+00 1.017859e-01 -3.416834e-01 9.869753e-01 1.411187e+00 -6.665916e-01 -3.302359e-01 -7.575875e-03 -6.134803e-02 -2.746272e-01 -2.514545e-01 -3.577197e-01 3.885421e-01 3.504969e-01 2.657633e-01 5.916327e-01 -6.253125e-01 -4.308952e-01 3.998409e-01 8.533128e-02 1.694280e-02 
4.352794e+00 2.291430e+00 -2.522514e+00 -1.940355e+01 -2.593048e+01 -5.771351e+00 -2.280497e+00 -1.524053e+01 8.139527e-01 -8.908497e+00 1.005083e-02 -6.774960e+00 2.125465e+01 5.559459e-01 6.538943e-01 6.700710e-01 -7.472469e-01 -6.225770e-03 -1.139746e+00 6.299127e-01 2.526971e-02 3.608752e-01 6.958141e-01 -4.110219e-01 5.177144e-02 1.847543e-02 -1.759517e-01 -1.968427e-01 -2.839566e-01 -3.164954e-01 2.612903e-01 3.885230e-01 1.551106e-01 4.365453e-01 -5.910780e-01 -4.927920e-01 1.139402e-01 2.445132e-01 1.165775e-02 
5.031511e+00 1.745716e+00 -1.566482e+00 -2.061425e+01 -2.660087e+01 -6.244355e+00 -2.949748e+00 -1.396266e+01 -2.847555e-01 -8.804943e+00 -9.403790e-01 -6.672972e+00 2.129623e+01 2.100168e-01 4.134039e-01 3.627505e-01 -4.038129e-01 3.638664e-01 -9.793726e-01 4.953995e-01 7.728429e-01 -1.087858e-01 2.516365e-01 -1.129021e-01 5.009350e-01 2.009585e-02 -2.218955e-01 -7.196166e-02 -2.213215e-01 -2.606767e-03 1.914377e-01 3.249269e-01 6.108780e-02 1.967503e-01 -2.453253e-01 -2.523153e-01 7.388700e-03 2.793812e-01 -1.488115e-03 
4.879765e+00 3.382009e+00 -1.123837e+00 -2.082122e+01 -2.602328e+01 -6.714626e+00 -8.557541e-01 -1.461162e+01 6.626586e-01 -8.092899e+00 -2.935742e-01 -5.888728e+00 2.131579e+01 -1.002138e-02 4.839493e-01 3.011055e-01 -5.170501e-01 1.357797e-01 -5.910863e-01 3.581482e-01 5.872355e-01 -2.322179e-01 2.502425e-01 -6.318514e-01 6.706166e-01 2.395917e-03 -1.959801e-01 -7.845236e-02 -1.879467e-01 1.915853e-01 1.033792e-01 3.058919e-01 -9.648911e-02 4.815016e-02 -5.562809e-02 -5.276208e-02 -3.192119e-03 1.164634e-01 -5.323120e-03 
4.435564e+00 3.215240e+00 -1.796900e+00 -2.070188e+01 -2.502175e+01 -8.329550e+00 -1.842205e+00 -1.246578e+01 -6.833372e-01 -8.354532e+00 -1.189964e+00 -5.105588e+00 2.129848e+01 -1.710627e-01 5.177498e-01 1.104841e-01 -1.828239e-01 4.327696e-01 -3.916628e-01 5.429754e-01 3.610678e-01 5.676456e-02 3.722804e-01 -5.191476e-01 7.571363e-01 -7.014961e-03 -1.039645e-01 -1.724377e-01 -2.193265e-01 1.594409e-01 9.724735e-02 3.859353e-01 -1.105024e-01 -1.430605e-01 3.166227e-02 -2.575257e-02 1.388619e-01 -5.585839e-02 4.006817e-03 
4.600645e+00 3.976099e+00 -9.020093e-01 -2.194545e+01 -2.604103e+01 -7.684439e+00 -1.043593e+00 -1.305222e+01 -1.475474e-01 -7.882127e+00 -3.023971e+00 -4.205733e+00 2.126544e+01 -2.336210e-01 2.094228e-01 -1.434624e-01 1.002691e-01 4.762874e-01 9.572122e-02 1.238625e-01 4.720208e-01 3.391214e-05 3.716468e-01 -2.238555e-01 5.059718e-01 5.325131e-03 -5.680484e-02 -3.710010e-01 -3.578967e-01 1.576514e-01 2.315160e-01 4.335667e-01 -5.636805e-02 -1.274311e-03 -1.042380e-01 -2.374294e-01 4.302280e-01 -1.064857e-01 1.671385e-02 
4.316007e+00 4.037206e+00 -1.124848e+00 -2.096708e+01 -2.442793e+01 -7.717612e+00 -1.404295e-01 -1.293722e+01 4.044152e-01 -7.048660e+00 -2.171035e+00 -3.728559e+00 2.128634e+01 -1.978513e-01 -3.116006e-01 -5.115232e-01 8.459618e-02 6.797522e-01 6.069280e-01 6.002866e-02 1.152077e-01 -6.649566e-02 6.230655e-02 3.775010e-01 3.039433e-01 3.866831e-02 -6.371561e-02 -5.292183e-01 -5.617618e-01 2.496453e-02 2.230452e-01 4.150580e-01 9.760378e-02 3.984274e-02 -3.985651e-01 -5.959193e-01 4.652059e-01 -1.915946e-01 1.974751e-02 
3.771562e+00 4.018110e+00 -2.176887e+00 -2.018762e+01 -2.393908e+01 -6.541738e+00 -1.086714e+00 -1.201580e+01 1.195649e-01 -6.887373e+00 -9.225515e-01 -4.047411e+00 2.134861e+01 -2.805398e-01 -9.565200e-01 -1.177341e+00 1.372965e-01 1.169900e+00 1.077489e+00 3.175888e-01 7.037728e-01 -6.917362e-01 -7.819478e-01 1.070959e+00 3.648316e-01 6.316152e-02 -1.040285e-01 -5.781841e-01 -6.739396e-01 1.329975e-02 3.406251e-01 2.851902e-01 3.152460e-01 -2.937019e-02 -6.038234e-01 -7.055942e-01 4.431261e-01 -2.563065e-01 5.380550e-03 
3.860770e+00 1.636233e+00 -3.716544e+00 -2.115792e+01 -2.267385e+01 -5.866186e+00 -1.520280e+00 -1.240804e+01 -1.149219e+00 -8.540103e+00 -3.531849e-01 -3.664862e+00 2.145021e+01 -4.660470e-01 -1.545380e+00 -2.181496e+00 -7.663954e-02 1.201012e+00 1.192796e+00 9.340219e-01 4.443927e-01 -1.590315e+00 -2.030588e+00 1.159426e+00 -1.302221e-01 6.278758e-02 -1.612983e-01 -4.192918e-01 -5.583121e-01 2.329422e-01 3.216606e-01 6.519133e-02 1.262700e-01 -3.613747e-02 -5.143841e-01 -4.425073e-01 4.046941e-01 -4.684775e-01 -2.413563e-02 
3.425306e+00 3.941610e-01 -5.493187e+00 -2.116310e+01 -2.106835e+01 -3.222910e+00 1.234105e+00 -9.798388e+00 -2.829105e+00 -1.104646e+01 1.421768e+00 -2.413386e+00 2.149922e+01 -6.198105e-01 -2.064519e+00 -2.678145e+00 2.473992e-01 1.918864e+00 1.228776e+00 1.263117e+00 1.606176e-01 -2.257330e+00 -2.109792e+00 1.600816e+00 -5.584553e-01 2.022050e-02 -1.255926e-01 -1.905597e-01 -1.538237e-01 4.456919e-01 2.264588e-01 -1.898951e-01 -4.151899e-01 -1.266323e-01 -1.524333e-02 6.535337e-02 3.793788e-01 -6.043854e-01 -4.979773e-02 
2.158460e+00 -1.877809e+00 -1.037441e+01 -2.086216e+01 -1.985840e+01 -3.412970e+00 3.369446e+00 -1.182398e+01 -6.073581e+00 -1.512216e+01 2.454093e+00 -5.196531e+00 2.152507e+01 -8.348936e-01 -1.854061e+00 -2.552658e+00 1.194047e+00 1.913711e+00 8.570669e-01 2.186720e-01 2.061745e-01 -1.855574e+00 -1.486296e+00 2.136058e+00 -1.576768e+00 -6.055102e-02 -1.930749e-02 5.151734e-02 3.622607e-01 5.868623e-01 1.726629e-01 -2.649386e-01 -9.040853e-01 1.446656e-01 6.046071e-01 5.357690e-01 4.119957e-01 -3.449795e-01 -5.183925e-02 
1.523427e+00 -4.547394e+00 -1.223897e+01 -1.909856e+01 -1.575288e+01 -1.624378e+00 2.783482e+00 -1.150475e+01 -8.705054e+00 -1.414573e+01 5.677532e+00 -6.073927e+00 2.141200e+01 -7.241777e-01 -1.755014e+00 -1.760836e+00 1.730454e+00 1.945777e+00 2.958815e-01 -1.400620e+00 1.895683e-01 -6.353493e-01 -7.272018e-01 2.479421e+00 -1.933928e+00 -1.241835e-01 6.099826e-02 2.119674e-01 5.244800e-01 5.053414e-01 -5.389973e-02 -2.345879e-01 -1.090910e+00 4.701950e-01 9.923007e-01 5.444141e-01 1.475190e-01 -8.716231e-02 -2.419287e-02 
6.373246e-01 -5.163551e+00 -1.310658e+01 -1.621939e+01 -1.576302e+01 -2.379934e+00 -1.201898e+00 -1.052369e+01 -7.489485e+00 -1.442203e+01 8.199012e+00 -9.718268e+00 2.119103e+01 -5.106431e-01 -1.442565e+00 -8.287948e-01 2.116205e+00 2.050945e+00 3.345627e-01 -2.254590e+00 1.153316e+00 6.218362e-01 -4.300347e-02 2.780099e+00 -1.167339e+00 -1.241835e-01 9.772774e-02 2.015822e-01 3.712383e-01 2.835780e-01 -1.302003e-01 -1.023078e-01 -8.014568e-01 7.109234e-01 9.522124e-01 3.644530e-01 -3.285305e-01 1.204569e-01 1.585527e-02 
5.651304e-01 -6.738314e+00 -1.293124e+01 -1.483285e+01 -1.338723e+01 -2.260122e+00 -3.483731e+00 -9.500633e+00 -5.298329e+00 -1.503235e+01 1.094668e+01 -9.822098e+00 2.104537e+01 -4.768863e-01 -1.210319e+00 -9.177083e-01 2.313097e+00 1.580838e+00 3.172483e-01 -2.954880e+00 2.038001e+00 1.465404e+00 -1.092816e-01 2.016352e+00 -1.198902e+00 -6.890240e-02 7.987491e-02 2.240660e-01 1.247713e-01 1.772694e-01 -1.695200e-01 1.703367e-02 -3.910591e-01 8.463624e-01 7.045686e-01 2.593308e-01 -7.206329e-01 7.994723e-03 3.903701e-02 
8.506235e-02 -7.995238e+00 -1.417226e+01 -1.241490e+01 -1.078679e+01 -1.422220e+00 -4.769661e+00 -7.059902e+00 -4.667589e+00 -1.489351e+01 1.371997e+01 -9.158988e+00 2.108763e+01 -4.699182e-01 -1.118457e+00 -1.118022e+00 2.320542e+00 1.445322e+00 3.348083e-01 -3.011526e+00 2.836715e+00 1.855298e+00 2.707648e-02 7.250381e-01 -1.341945e+00 -8.946996e-03 7.354003e-02 1.276922e-01 -6.650057e-03 -1.718774e-02 -2.162359e-01 -1.627023e-01 -1.991176e-01 5.738044e-01 3.338440e-01 1.306775e-01 -1.026471e+00 -2.414060e-01 3.306509e-02 
-5.849177e-01 -9.182994e+00 -1.629453e+01 -9.435411e+00 -1.033699e+01 -5.171911e-01 -1.020696e+01 -3.046890e+00 -2.789455e+00 -1.445639e+01 1.299907e+01 -1.234788e+01 2.111933e+01 -3.451112e-01 -7.968212e-01 -9.924061e-01 2.514691e+00 1.400850e+00 3.809803e-01 -2.977470e+00 3.579586e+00 2.270807e+00 5.344908e-01 -9.607058e-02 -1.806779e+00 1.336489e-02 1.268426e-01 5.390592e-02 1.583955e-01 -2.184715e-01 -1.192008e-01 -3.791924e-01 1.281307e-01 2.243794e-01 -5.911081e-02 9.737601e-02 -9.610624e-01 1.038298e-03 1.041757e-02 
-1.136720e+00 -9.533506e+00 -1.701459e+01 -7.314949e+00 -1.006163e+01 -1.577155e+00 -1.289814e+01 4.331206e-01 5.322326e-01 -1.457415e+01 1.079793e+01 -1.516490e+01 2.110943e+01 -2.088455e-01 -1.010931e+00 -8.247885e-01 1.929305e+00 1.059579e+00 -5.107766e-01 -3.238966e+00 3.251576e+00 1.888133e+00 2.883873e-01 -1.296090e+00 -2.070479e+00 2.761658e-05 1.713787e-01 4.225798e-04 3.482541e-01 -3.858213e-01 -1.139540e-01 -4.511658e-01 3.392023e-01 -7.011387e-02 -4.720727e-01 3.972503e-02 -7.301207e-01 4.444460e-01 -1.513005e-02 
-5.499702e-01 -9.953189e+00 -1.647189e+01 -4.809367e+00 -6.745163e+00 -2.775673e-01 -1.430634e+01 4.651316e+00 3.455861e+00 -1.251958e+01 1.192719e+01 -1.585304e+01 2.110112e+01 2.698715e-02 -9.944426e-01 -2.724388e-01 1.416211e+00 1.177726e+00 -1.155956e+00 -2.200682e+00 2.952518e+00 1.153385e+00 2.469476e-01 -1.778414e+00 -8.293190e-01 -2.134941e-02 1.688831e-01 1.262509e-02 4.140063e-01 -4.936542e-01 -2.006218e-01 -3.519557e-01 5.071293e-01 -2.908672e-01 -7.357222e-01 -6.171409e-02 -5.142195e-01 7.806303e-01 -3.413336e-02 
-9.771572e-01 -1.266479e+01 -1.820761e+01 -5.080911e+00 -7.284723e+00 -4.095546e+00 -1.891490e+01 5.349417e+00 1.649722e+00 -1.442019e+01 7.775608e+00 -1.775879e+01 2.109707e+01 2.010356e-01 -1.017526e+00 2.632397e-01 9.405364e-01 9.870490e-01 -1.152517e+00 -1.704045e+00 2.799535e+00 5.349825e-02 3.696192e-01 -2.084479e+00 3.916942e-01 -6.728198e-02 1.667075e-01 1.843430e-01 4.030337e-01 -3.550024e-01 -2.647218e-01 7.786670e-02 6.864530e-01 -3.526594e-01 -6.448009e-01 5.921485e-02 -9.863811e-02 7.480811e-01 -4.622984e-02 
-5.301973e-01 -1.259010e+01 -1.706006e+01 -3.471250e+00 -5.836937e+00 -5.037650e+00 -1.820193e+01 9.257928e+00 2.418714e+00 -1.329898e+01 5.617921e+00 -1.519730e+01 2.101884e+01 2.942538e-01 -7.305156e-01 5.337282e-01 5.406797e-01 4.342966e-01 -1.057840e+00 -1.209290e+00 2.351167e+00 -4.904283e-01 1.853583e-01 -2.272991e+00 8.653698e-01 -1.236849e-01 1.518621e-01 2.108769e-01 2.001245e-01 -2.396139e-01 -4.228857e-01 3.060234e-01 5.499251e-01 -5.748596e-01 -5.654393e-01 3.353535e-02 1.183124e-01 2.732836e-01 -5.729603e-02 
-1.411766e-01 -1.330258e+01 -1.540469e+01 -3.280996e+00 -5.580849e+00 -4.959597e+00 -1.947074e+01 1.212811e+01 1.318440e+00 -1.233675e+01 3.530429e+00 -1.353455e+01 2.081429e+01 4.909100e-01 -2.210339e-01 7.874162e-01 5.922046e-01 1.075313e-01 -1.706270e-01 -3.024381e-01 1.788908e+00 -5.139802e-01 6.152158e-01 -1.541965e+00 8.225017e-01 -1.799632e-01 1.759859e-01 2.838843e-01 -1.647131e-01 -1.051375e-01 -5.185933e-01 7.251585e-02 3.227469e-01 -6.599872e-01 -6.976345e-01 -1.401338e-01 3.746971e-02 -1.329373e-01 -5.849804e-02 
5.030527e-01 -1.328646e+01 -1.520459e+01 -3.005993e+00 -5.426182e+00 -5.134827e+00 -2.007501e+01 1.301804e+01 1.169233e+00 -1.263459e+01 2.684736e+00 -1.363838e+01 2.062412e+01 6.412668e-01 -3.383348e-01 4.662676e-01 3.923742e-01 -4.971372e-01 -1.168416e-01 -1.516670e-01 5.835615e-01 -1.390039e+00 2.918089e-01 -1.458077e+00 3.216278e-01 -2.514485e-01 1.611405e-01 3.873719e-01 -2.890688e-01 -2.096554e-02 -3.910254e-01 -2.445878e-01 1.351664e-01 -5.787799e-01 -6.720699e-01 -2.856168e-01 -3.124406e-01 -2.370690e-01 -5.298403e-02 
9.605888e-01 -1.342183e+01 -1.519802e+01 -2.352213e+00 -6.952569e+00 -4.900276e+00 -1.949023e+01 1.241346e+01 -2.946679e-01 -1.167649e+01 1.532633e+00 -1.442557e+01 2.039438e+01 9.074495e-01 2.058896e-01 -5.265145e-01 4.889589e-01 -1.140361e+00 -1.260456e+00 -6.192114e-01 3.835523e-01 -2.984858e+00 -3.842789e-01 -2.304500e+00 -1.170098e-03 -2.958853e-01 6.784505e-02 4.956887e-01 -1.504571e-01 -5.145303e-02 -1.363953e-01 -5.009024e-01 -5.431754e-03 -4.964058e-01 -4.250930e-01 -5.646639e-01 -6.680349e-01 -2.633488e-01 -2.972596e-02 
2.125352e+00 -1.422215e+01 -1.483269e+01 -1.974012e+00 -7.636654e+00 -5.651540e+00 -1.894975e+01 1.203268e+01 -3.724349e+00 -1.216997e+01 -6.735232e-01 -1.314354e+01 1.997156e+01 8.918100e-01 9.930777e-01 -2.546043e-01 4.875875e-01 -8.968138e-01 -1.735806e+00 -3.751710e-01 1.598829e-01 -2.615249e+00 -7.430426e-01 -3.453891e+00 9.172942e-02 -3.306619e-01 -1.553473e-01 5.812621e-01 2.242724e-01 -1.705519e-02 1.773408e-01 -2.986665e-01 -2.386418e-02 -5.940413e-01 -7.985894e-02 -6.260492e-01 -4.731204e-01 -2.418354e-01 1.595066e-02 
3.584869e+00 -1.180548e+01 -1.822327e+01 -1.351940e+00 -1.017776e+01 -1.100327e+01 -2.312887e+01 1.453831e+01 -1.115915e+01 -1.449076e+01 -6.313148e+00 -1.378787e+01 1.966112e+01 7.047543e-01 1.591713e+00 3.955761e-01 2.875612e-01 -3.746002e-01 -1.865603e+00 -2.180679e-01 -4.812931e-01 -2.026626e+00 -1.690706e+00 -3.884239e+00 -3.793719e-01 -2.890297e-01 -4.478395e-01 4.356108e-01 5.883619e-01 1.449262e-01 3.379701e-01 2.052784e-01 5.441634e-03 -8.033602e-01 1.797150e-01 -4.948893e-01 3.996189e-02 -9.227227e-02 6.418396e-02 
3.650166e+00 -9.129525e+00 -1.496508e+01 -1.068866e+00 -8.297919e+00 -1.076247e+01 -2.013172e+01 1.275512e+01 -6.475293e+00 -1.494254e+01 -1.066195e+01 -1.349847e+01 1.933765e+01 -3.417758e-02 1.875072e+00 1.126529e+00 4.076554e-01 6.562357e-03 -1.307611e+00 -4.716919e-01 -1.954102e+00 -2.268161e+00 -2.185068e+00 -3.033776e+00 -6.984761e-01 -1.751020e-01 -5.589877e-01 1.739578e-01 3.434328e-01 5.797706e-01 1.944720e-01 3.504531e-01 -6.020572e-02 -7.806782e-01 -3.770018e-01 -1.363483e-01 4.137883e-01 -1.065806e-03 9.013225e-02 
3.722360e+00 -8.009666e+00 -1.315357e+01 -1.367507e+00 -8.495183e+00 -1.167296e+01 -1.998995e+01 9.645868e+00 -9.052509e+00 -1.874378e+01 -1.289429e+01 -1.614502e+01 1.926640e+01 -8.686503e-01 1.942909e+00 1.724757e+00 1.253800e+00 9.779705e-02 -4.481497e-01 -5.437403e-01 -2.576320e+00 -2.259909e+00 -2.137672e+00 -2.314734e+00 -6.743097e-02 -5.269823e-02 -5.497734e-01 -5.975916e-02 1.136325e-01 8.240682e-01 1.966213e-01 4.654525e-01 6.347180e-02 -4.877717e-01 -7.101575e-01 4.109012e-01 3.287483e-01 2.431820e-01 5.512114e-02 
1.885777e+00 -6.744678e+00 -1.173468e+01 7.207898e-02 -8.444980e+00 -1.185522e+01 -2.287783e+01 4.708576e+00 -1.611847e+01 -2.096834e+01 -1.255167e+01 -1.545761e+01 1.929337e+01 -1.116561e+00 1.687344e+00 7.980134e-01 2.903380e+00 -1.608285e-01 -6.922716e-01 -5.132781e-01 -2.695944e+00 -4.383698e+00 -1.201414e+00 -2.169713e+00 -6.944565e-02 1.897328e-03 -3.083442e-01 -4.041815e-01 1.112218e-01 7.958341e-01 4.789396e-01 6.523376e-01 5.847548e-01 4.212962e-02 -2.207239e-01 7.901086e-01 1.797424e-01 3.158810e-01 -4.178429e-02 
1.236885e-01 -3.283256e+00 -1.121523e+01 4.345866e+00 -9.614872e+00 -1.269741e+01 -2.447446e+01 5.680097e+00 -1.763715e+01 -2.216608e+01 -1.694169e+01 -1.314538e+01 1.941993e+01 -1.503060e+00 1.386672e+00 1.128079e+00 3.160025e+00 6.921586e-01 1.540501e-01 1.200975e-01 -2.549280e+00 -4.519852e+00 -1.280372e-01 -2.672504e+00 5.220892e-01 -1.019340e-01 -5.680484e-02 -8.404601e-01 2.391103e-01 7.023183e-02 6.793944e-01 9.669412e-01 1.070510e+00 1.334645e-01 5.335447e-01 6.687704e-01 2.641703e-01 1.399521e-01 -1.608221e-01 
-1.333594e-01 -3.056229e+00 -1.194438e+01 1.059137e+01 -8.542344e+00 -1.371172e+01 -2.045601e+01 1.258150e+00 -2.410158e+01 -1.923817e+01 -1.948657e+01 -1.534494e+01 1.927022e+01 -1.258556e+00 1.322821e-01 1.981029e+00 3.433519e+00 2.104197e+00 1.652919e+00 2.120168e+00 -1.757032e+00 -2.242030e+00 7.608250e-01 -1.956155e+00 5.862235e-01 -3.593931e-01 6.726915e-02 -1.093338e+00 3.107645e-01 -8.205332e-01 5.267934e-01 1.105011e+00 1.201747e+00 2.255929e-01 1.610076e+00 3.140148e-01 6.719691e-01 4.767211e-02 -2.484357e-01 
-2.782930e+00 -2.920437e+00 -7.408283e+00 9.173696e+00 -4.985507e+00 -9.974133e+00 -2.059954e+01 -1.374882e+00 -2.766064e+01 -2.024942e+01 -2.278968e+01 -1.359089e+01 1.876826e+01 -1.081720e+00 -1.481783e+00 2.328800e+00 1.339805e+00 2.362250e+00 3.213923e+00 3.491997e+00 -2.378369e+00 -6.630270e-01 2.250238e-01 -1.100575e+00 3.045029e-01 -6.761845e-01 1.159645e-01 -1.072619e+00 -1.737322e-01 -1.205140e+00 -5.541689e-02 4.668999e-01 9.377620e-01 3.846006e-01 2.116553e+00 2.545223e-01 9.905742e-01 -8.763466e-02 -2.777993e-01 
-2.953529e+00 -6.264315e+00 -3.732713e+00 1.482653e+01 -2.384940e-01 -4.952182e+00 -1.421419e+01 -5.493752e-01 -2.231683e+01 -1.812291e+01 -1.940858e+01 -1.230406e+01 1.782191e+01 -9.908249e-01 -2.345170e+00 1.751508e+00 -2.890083e-01 1.638098e+00 3.302706e+00 3.809455e+00 -1.653280e+00 1.738399e+00 1.920749e-01 4.041621e-01 2.777523e-01 -9.532133e-01 -7.248206e-02 -6.108972e-01 -7.470484e-01 -1.249545e+00 -3.362180e-01 -2.202897e-01 4.546230e-01 6.386769e-01 1.779322e+00 5.259474e-01 1.249061e+00 2.768477e-01 -2.579374e-01 
-3.875039e+00 -9.087939e+00 -3.677130e+00 8.926942e+00 -1.955046e+00 -1.006976e+00 -1.013548e+01 -5.308206e+00 -2.184416e+01 -2.159883e+01 -2.248383e+01 -1.314317e+01 1.676315e+01 -1.056945e+00 -2.737586e+00 3.739939e-01 -1.004284e+00 6.482591e-01 1.663602e+00 3.964333e+00 -6.780693e-01 4.072607e+00 1.428802e+00 1.100179e+00 2.381301e-01 -1.193970e+00 -1.629620e-01 5.432132e-02 -8.202820e-01 -7.482247e-01 -2.317235e-01 -5.831826e-01 1.765239e-02 1.108279e+00 1.445277e+00 1.012323e+00 1.486605e+00 6.626287e-01 -1.710488e-01 
-4.541800e+00 -1.169854e+01 -5.052563e+00 9.269399e+00 -1.867316e+00 -1.681747e+00 -6.640965e+00 -5.041944e+00 -1.831745e+01 -1.760286e+01 -1.761858e+01 -1.418036e+01 1.550681e+01 -1.633442e+00 -2.294174e+00 -7.768424e-01 -1.642174e+00 1.280222e+00 1.326645e+00 4.157032e+00 5.862068e-01 4.286808e+00 2.788582e+00 3.188768e+00 2.003669e+00 -1.390227e+00 -7.088234e-02 5.863507e-01 -4.492100e-01 -3.818446e-01 -7.988110e-02 -2.023073e-01 -4.505429e-01 7.169906e-01 4.941974e-01 7.053457e-01 9.892625e-01 5.635211e-01 -1.682814e-02 
-7.273682e+00 -1.389158e+01 -4.878234e+00 6.931009e+00 -9.306929e-01 -3.291207e+00 -4.564692e+00 -2.518661e+00 -9.297189e+00 -1.336542e+01 -1.818405e+01 -1.146165e+01 1.395600e+01 -1.575219e+00 -1.235640e+00 -5.084216e-01 -1.724849e+00 1.382717e+00 1.286122e+00 3.406429e+00 2.043291e+00 5.288877e+00 3.988431e+00 4.940053e+00 2.754700e+00 -1.312946e+00 2.688974e-01 8.341396e-01 1.024105e-01 7.831764e-02 -1.889270e-01 1.921644e-01 -1.077769e+00 -1.180970e-03 -6.814806e-01 2.719221e-02 2.367564e-01 -6.169835e-02 1.727089e-01 
-9.421573e+00 -1.533352e+01 -7.016169e+00 7.613616e+00 5.650520e+00 2.823102e+00 3.785882e+00 9.866394e-01 -7.156116e+00 -8.296799e+00 -5.614532e+00 -3.126569e+00 1.227458e+01 -1.086211e+00 -1.645033e-01 -5.325646e-02 -1.837890e+00 8.713833e-01 2.479961e+00 1.835568e+00 5.709232e-01 3.601227e+00 2.438942e+00 3.430603e+00 1.837121e+00 -9.778312e-01 6.016383e-01 7.729712e-01 4.119697e-01 3.570794e-01 -7.616550e-01 -2.665032e-02 -1.453860e+00 -5.429833e-01 -1.444345e+00 -6.244122e-01 -8.191832e-01 -8.163417e-01 3.090519e-01 
-9.311213e+00 -1.344856e+01 -5.236999e+00 1.130004e+00 1.199150e+00 3.171220e+00 1.683619e+00 1.893742e+00 -9.801866e-01 -6.309582e+00 -3.785540e+00 -4.896825e+00 1.181466e+01 1.397997e-02 3.684150e-01 5.242941e-01 -5.148951e-01 -9.211618e-02 2.047836e+00 -2.639324e-01 -6.763058e-01 1.007948e+00 1.739537e+00 2.163123e+00 1.293272e-02 -5.366418e-01 5.768107e-01 5.859873e-01 3.158351e-01 6.493616e-01 -6.356043e-01 -2.934911e-01 -8.841992e-01 -6.545734e-01 -1.790172e+00 -8.376748e-01 -1.215789e+00 -6.500316e-01 2.943415e-01 
-8.953920e+00 -1.274287e+01 -5.138970e+00 2.980076e+00 1.424811e+00 7.486789e+00 -5.863999e-01 -4.393945e+00 -4.469342e+00 -8.935988e+00 -7.664698e+00 -8.277542e+00 1.168833e+01 5.801021e-01 7.687220e-01 7.667387e-01 -4.618029e-01 -1.790456e+00 8.126141e-01 -1.277060e+00 -7.688891e-01 -7.943671e-01 7.909860e-01 4.813177e-01 -7.073184e-01 -2.331253e-01 3.386450e-01 4.947540e-01 1.837072e-01 6.585741e-01 -3.092884e-01 -6.249368e-01 2.528548e-01 2.163520e-01 -8.803663e-01 -4.190786e-01 -5.364304e-01 1.847230e-02 2.131958e-01 
-7.437843e+00 -1.334502e+01 -3.195577e+00 6.673302e+00 7.214564e-01 4.615987e+00 -3.698151e+00 -3.209606e+00 -5.600917e+00 -4.348024e+00 -6.343233e+00 -8.821358e+00 1.156582e+01 4.757349e-01 1.227679e+00 6.608953e-01 8.337643e-01 -4.646897e-01 6.524860e-01 5.416063e-01 -5.597684e-01 -1.463961e+00 6.240867e-01 3.357588e-01 7.767235e-01 -2.135557e-01 2.320670e-03 6.079518e-01 1.173731e-01 3.338824e-01 8.883975e-02 -5.012094e-01 1.092722e+00 8.317544e-01 2.178767e-01 -3.507875e-01 -1.413549e-01 3.477431e-01 1.476001e-01 
-7.458076e+00 -1.154195e+01 -4.203655e+00 2.532692e+00 -3.063071e+00 6.163394e+00 9.112074e-02 -3.060178e-01 -8.817742e+00 -5.322618e+00 -1.929249e+00 -4.700580e+00 1.123336e+01 3.763229e-01 1.879547e+00 7.969796e-01 7.806721e-01 -4.887390e-01 5.286483e-02 2.697240e+00 1.594483e+00 4.353127e-01 9.012384e-01 1.662082e+00 1.547678e+00 -7.338970e-02 -1.152905e-01 5.989686e-01 1.849957e-01 1.588444e-01 3.845596e-01 -4.919550e-01 8.597876e-01 8.862660e-01 8.030481e-01 -2.598861e-01 2.981829e-02 3.693689e-02 1.261927e-01 
-7.680636e+00 -7.910368e+00 -2.400231e+00 5.522556e+00 1.120041e+00 7.094961e+00 4.052874e+00 -2.948593e+00 -6.125751e+00 -4.995920e+00 -4.974970e+00 -2.801457e+00 1.097440e+01 1.276380e-01 2.852698e+00 1.096158e+00 5.334309e-01 -2.988257e-01 -7.840591e-02 3.212531e+00 2.300761e+00 1.482595e+00 -6.948939e-02 8.658842e-01 6.241668e-01 1.214965e-01 -1.151625e-01 3.904355e-01 2.749374e-01 -6.954669e-02 4.989931e-02 -7.116908e-01 -1.832436e-01 6.026470e-01 7.991949e-01 -5.854252e-02 -1.958330e-01 -2.955974e-01 1.215946e-01 
-6.950878e+00 -6.062324e+00 -1.551828e+00 7.458530e+00 -1.218222e+00 6.511902e+00 9.024115e+00 3.447889e+00 -2.030376e+00 -4.106094e+00 -3.897486e-02 -3.549619e+00 1.161707e+01 1.776537e-01 2.951037e+00 1.474041e+00 4.824938e-01 4.950756e-02 -1.281823e+00 1.686337e+00 2.232132e+00 1.747682e+00 -1.616198e-01 3.652476e-01 -4.461924e-01 2.303137e-01 -1.349350e-01 8.002448e-02 1.556524e-01 -1.639242e-02 1.251884e-01 -6.753313e-01 -1.048579e+00 -2.158671e-01 3.509612e-01 2.358509e-01 -5.958929e-01 -2.258185e-01 3.867450e-02 
-7.053421e+00 -1.821370e+00 9.590194e-01 6.877392e+00 -1.694901e+00 4.050100e+00 7.898261e+00 6.416850e+00 -1.581711e+00 -5.303373e+00 -2.958789e+00 -6.276431e+00 1.198146e+01 -1.040230e-03 2.644006e+00 1.696971e+00 6.351094e-01 -4.843490e-01 -2.238663e+00 1.310502e-01 2.134699e+00 1.876099e+00 8.627134e-01 4.918518e-03 2.957726e-01 2.425291e-01 -1.062681e-01 -3.128963e-01 -1.391105e-01 -3.654067e-02 2.945414e-01 -3.381400e-01 -1.260581e+00 -8.470908e-01 7.197292e-02 7.323041e-01 -2.306797e-01 3.165251e-01 -2.247570e-02 
-6.883282e+00 1.684069e-01 1.486555e+00 4.267459e+00 -1.407879e+00 1.277255e+00 6.599926e+00 6.171584e+00 -2.351746e+00 -5.976928e+00 -1.110855e+00 -5.194322e+00 1.188165e+01 -2.342404e-01 2.383965e+00 1.274761e+00 6.478437e-01 2.300683e-01 -2.243698e+00 -1.004782e+00 5.981104e-01 1.993515e+00 1.614457e+00 -8.868825e-01 5.828657e-01 5.948443e-02 -6.569926e-02 -4.032468e-01 -2.702409e-01 1.389612e-01 5.446200e-01 2.906288e-01 -9.724656e-01 -1.091926e+00 -1.844888e-01 5.395544e-01 4.752586e-02 5.264202e-01 -3.516366e-02 
-7.719722e+00 2.194254e+00 4.565363e+00 1.029389e+01 -1.207065e+00 -1.481150e+00 5.919452e+00 6.362929e+00 3.415168e+00 2.532275e-01 -4.414517e+00 -5.002723e-01 1.205496e+01 -1.976964e-01 1.571692e+00 5.001271e-01 2.681659e-01 1.083437e+00 -1.288209e+00 -1.744604e+00 -1.117766e+00 1.719660e+00 2.704181e+00 3.387211e-01 1.692287e+00 9.457267e-02 9.615376e-03 -4.685172e-01 -5.300910e-01 -1.059329e-01 5.456314e-01 7.230389e-01 -4.842679e-01 -8.153546e-01 -6.289434e-01 -2.675593e-01 3.175554e-01 3.955628e-02 -4.504690e-02 
-7.789157e+00 3.849643e+00 3.019137e+00 8.989783e+00 -3.115172e-01 -1.940884e+00 4.989116e+00 6.465044e+00 5.438857e+00 1.187957e+00 -3.745985e+00 -3.523477e+00 1.187760e+01 -5.229472e-02 1.470996e+00 7.211187e-01 1.360768e+00 1.988722e+00 -3.039853e-01 -2.238332e+00 -1.601257e+00 9.034265e-01 1.615344e+00 4.360746e-01 1.487573e+00 1.285391e-01 1.582227e-02 -4.108799e-01 -4.348708e-01 -2.083973e-01 2.177352e-01 7.454950e-01 -1.101381e-02 -1.861377e-01 -9.992235e-01 -8.578808e-01 5.125135e-01 -1.484819e-01 -6.103563e-02 
-7.589129e+00 4.196337e+00 2.693217e+00 5.857518e+00 3.174325e+00 -7.817919e-01 -1.992884e-02 6.817269e-01 3.121449e+00 4.634543e+00 5.183409e-02 1.349512e+00 1.245621e+01 -4.393296e-02 7.578870e-01 -6.765561e-01 -2.511973e-01 1.364394e+00 4.066450e-01 -1.673754e+00 -8.423679e-01 -7.237117e-01 -4.755222e-01 9.313251e-01 4.125029e-02 -1.723605e-02 -4.906221e-02 -3.004342e-01 -1.931420e-01 -2.119100e-01 -2.265399e-01 6.325569e-01 5.441105e-01 3.597717e-01 -8.292370e-01 -9.707273e-01 2.372811e-01 -3.241102e-01 -1.162902e-01 
-7.210225e+00 6.522624e+00 6.028213e+00 1.328951e+01 6.345255e+00 -5.925125e-01 -1.621287e+00 1.005726e+00 2.312808e+00 -9.133945e-02 -1.164337e+00 1.318953e+00 1.232358e+01 -2.320726e-01 7.365702e-01 -3.112092e-01 -1.346295e-01 1.178108e+00 6.362767e-01 -1.095313e+00 -4.704182e-01 -1.780793e+00 -1.085078e+00 1.379313e+00 6.660275e-01 -1.897480e-01 -1.195777e-01 -1.829785e-01 1.039048e-03 -4.788744e-01 -6.710047e-01 3.055410e-01 7.862905e-01 2.288132e-01 -5.035654e-01 -2.937503e-01 5.128599e-02 -2.117338e-01 -8.040145e-02 
-8.228300e+00 4.646996e+00 -3.224275e-01 6.887770e+00 2.286384e+00 -1.218509e-01 8.560633e-01 4.881312e+00 1.359133e+00 -1.484728e+00 -1.049015e+00 -2.715669e+00 1.174565e+01 -3.530084e-01 4.368405e-01 5.051912e-02 -4.353038e-02 3.560409e-01 1.404499e+00 4.041838e-01 1.156486e-01 -1.084553e+00 -7.993094e-01 1.053320e+00 4.825790e-01 -3.277327e-01 -1.540418e-02 1.407255e-01 5.398998e-01 -7.206523e-02 -5.381899e-01 2.663889e-02 4.660197e-01 -4.243803e-02 9.123904e-02 3.692615e-01 -5.749533e-02 1.224587e-02 2.831426e-02 
-8.629736e+00 7.307247e+00 2.971134e+00 7.800987e+00 6.023243e+00 9.104046e-01 -9.254555e-01 2.013512e+00 -2.584426e+00 -1.178192e+00 3.701462e+00 1.838837e+00 1.128394e+01 -4.956229e-01 7.165490e-01 3.627505e-01 -1.137504e+00 -8.622668e-01 7.248138e-01 6.542140e-01 -9.361268e-01 -1.433704e+00 3.085368e-01 6.314549e-01 2.082456e-01 -1.182628e-01 3.207539e-02 9.717257e-03 2.733580e-01 -9.996790e-02 -5.945777e-01 -3.424821e-01 1.171991e-01 -7.109396e-02 5.842295e-01 4.983240e-01 -3.423030e-01 -2.652382e-01 1.049762e-01 
-8.644451e+00 5.988367e+00 4.474914e+00 8.383855e+00 5.116032e+00 5.489404e+00 1.653494e+00 7.561657e-01 1.472152e-01 1.181542e+00 2.886410e+00 3.502317e+00 1.133744e+01 1.103787e-02 1.471467e+00 1.685986e+00 -1.099446e-01 -3.062696e-01 4.955505e-01 -2.185813e-01 -8.216469e-01 -4.409180e-01 6.740171e-01 1.017637e+00 3.313654e-01 8.858959e-02 3.834628e-02 -1.103347e-01 -3.549459e-02 -9.241231e-02 -2.699686e-01 -5.269110e-01 -2.791272e-01 2.179855e-01 4.635939e-01 2.584611e-01 -3.583054e-01 -2.680294e-01 9.574167e-02 
-9.480432e+00 9.434513e+00 5.443578e+00 6.854908e+00 6.195282e-01 2.262670e-01 1.250644e+00 -1.612513e+00 -4.250226e+00 1.180583e-01 2.509280e-02 -7.488003e-01 1.193650e+01 -2.537512e-01 2.678377e-01 2.379096e-01 -6.012923e-01 -1.463691e+00 -6.216629e-01 -1.978738e-01 -3.571139e-01 8.185025e-01 6.697084e-01 -3.143417e-01 -5.846463e-01 1.269810e-01 1.761396e-02 -4.478509e-01 -2.469657e-01 1.836320e-01 2.978918e-01 3.005992e-02 1.083609e-01 6.016203e-01 4.667061e-01 1.261321e-02 -2.687619e-01 -1.095775e-01 1.085640e-02 
-7.748232e+00 1.094053e+01 6.871058e+00 6.811091e+00 3.456783e+00 2.698216e+00 -1.324171e+00 2.586118e+00 -1.294783e-02 1.237443e+00 5.877534e+00 2.350024e-01 1.186232e+01 -2.822431e-01 1.096699e-01 -6.449989e-02 -7.736951e-01 -6.929673e-01 -5.568257e-01 -5.654746e-01 9.159796e-01 1.074783e-01 3.124654e-01 -2.653283e-01 -4.610787e-01 2.838490e-02 -5.130181e-02 -5.510270e-01 -3.799665e-01 2.102092e-01 3.999208e-01 3.754091e-01 5.123625e-01 3.634120e-01 2.232561e-02 -3.007585e-01 -3.907037e-01 -3.846733e-02 -3.520182e-02 
-1.034676e+01 6.170413e+00 2.962543e+00 5.580785e+00 -4.656772e-01 -8.020857e-01 -4.257324e-01 -6.872778e-01 1.588161e+00 2.142848e+00 6.340141e-01 5.490682e-01 1.165619e+01 -2.608742e-01 -8.416923e-01 3.219166e-03 1.126116e-01 8.206125e-01 1.401429e+00 1.369564e+00 1.203135e+00 6.256183e-01 5.523593e-01 -7.102528e-02 5.669623e-02 -3.387647e-02 5.735091e-02 -1.358301e-01 8.312342e-04 3.730522e-01 7.054390e-01 6.059781e-01 3.240261e-01 5.020368e-02 -1.764860e-01 -3.254149e-01 -1.123232e-01 4.372155e-02 -5.412881e-02 
-9.622520e+00 8.168677e+00 5.392543e+00 5.151850e+00 2.194090e+00 3.219222e+00 -3.353569e-01 4.873200e+00 -2.234884e+00 1.731841e+00 1.255192e+00 5.479636e-01 1.161932e+01 -2.418280e-01 -7.289845e-01 -9.655014e-02 5.841722e-01 5.512984e-01 1.361151e+00 1.559525e+00 2.152859e-01 -2.329056e-01 -7.711760e-01 -1.057487e+00 -1.817086e-01 -7.014961e-03 -8.835124e-02 -9.475699e-02 -1.182875e-01 7.500378e-02 2.007935e-01 2.419887e-01 -1.167241e-01 -4.101113e-01 2.943484e-01 7.824428e-02 4.446529e-02 5.200914e-02 -9.245978e-02 
-9.847840e+00 6.612161e+00 6.198500e+00 8.247794e+00 5.353864e+00 6.972807e+00 7.603507e+00 3.259407e+00 -1.086102e-02 2.633122e+00 1.981106e+00 -6.217749e-01 1.188884e+01 1.258634e-02 7.914877e-03 2.580703e-01 5.849559e-01 1.441505e+00 1.449443e+00 3.596884e-01 2.440895e-01 1.062749e-01 -4.154537e-01 -4.798291e-01 -5.057376e-01 -1.259909e-01 -2.470431e-01 -3.783392e-03 -2.337072e-01 -4.579308e-01 -4.076509e-01 -5.055953e-01 -8.155283e-01 -2.971677e-01 3.647439e-01 2.254666e-01 6.763816e-02 1.241928e-01 -1.269939e-01 
-9.206830e+00 7.074703e+00 4.771021e+00 8.398845e+00 3.303637e+00 5.616631e+00 2.458013e+00 1.689036e+00 -3.776188e-01 -2.863912e+00 -8.354366e-02 -8.789989e-02 1.171081e+01 -8.607531e-01 -7.889305e-01 -7.833041e-01 -6.349892e-01 6.454624e-04 6.291544e-01 -6.440262e-01 -6.551439e-01 1.838623e+00 1.187514e+00 1.615189e-01 8.008900e-02 -3.878751e-01 -2.244551e-01 4.757100e-02 -9.330834e-02 -5.137362e-01 -4.163114e-01 -5.728318e-01 -5.882337e-01 1.267906e-01 3.685971e-01 3.891606e-01 2.482991e-01 3.087528e-01 -9.858434e-02 
-1.049161e+01 6.756865e+00 4.563847e+00 6.882581e+00 6.187038e+00 5.246267e+00 -2.347298e-02 2.125648e+00 1.190623e+00 2.363242e+00 -1.095255e+00 -1.661911e+00 1.098070e+01 -1.186707e+00 -8.305040e-01 -8.218161e-01 -1.567335e+00 -9.422403e-01 -7.605471e-01 -1.606326e+00 1.523880e-01 1.413658e+00 7.003763e-01 -3.422147e-01 5.467132e-01 -4.784314e-01 -1.137290e-02 1.332482e-01 -2.427265e-02 -1.189232e-01 -2.742673e-01 -4.284027e-01 -9.381437e-02 3.680914e-02 -2.126470e-01 -2.568680e-01 1.981932e-01 3.844146e-01 1.343215e-02 
-1.360423e+01 4.151780e+00 2.293523e+00 2.659528e+00 1.780292e+00 7.228432e+00 2.576951e-01 2.164776e+00 6.357577e+00 7.803918e+00 3.601182e+00 1.468806e+00 1.013415e+01 -7.645928e-01 -7.181677e-02 -2.314474e-02 -9.082867e-01 -3.383353e-01 -3.979255e-01 -3.986167e-01 8.951116e-01 9.565470e-01 6.167366e-01 1.153333e-01 8.358210e-01 -3.237440e-01 3.766542e-01 4.085056e-01 1.676224e-01 4.855245e-01 3.951165e-01 -7.827287e-02 1.756363e-01 -1.528147e-01 -8.759944e-01 -8.555788e-01 1.234279e-01 1.257816e-01 1.276810e-01 
-1.358262e+01 3.920934e+00 3.327877e+00 3.280446e+00 1.404527e+00 2.364148e+00 6.723590e-01 3.783818e+00 3.689062e+00 8.003192e-01 -1.572142e+00 1.333312e+00 1.028498e+01 -9.224536e-02 3.155353e-01 -2.434902e-01 1.269132e-01 2.396117e-01 -1.792228e-01 -2.321011e-01 -3.468269e-01 -5.158712e-01 -1.414442e+00 5.343707e-01 1.038297e+00 -9.084034e-02 4.135757e-01 3.024736e-01 1.604319e-02 6.154940e-01 6.010078e-01 3.165059e-01 2.197113e-01 -5.666454e-01 -7.339438e-01 -5.355059e-01 3.198726e-01 -7.376475e-02 1.359615e-01 
-1.148439e+01 8.133881e+00 5.272786e+00 5.659193e+00 4.003442e+00 5.068306e+00 1.171111e-01 5.335102e+00 3.155881e+00 1.001011e+00 7.315084e-01 2.593625e+00 1.043986e+01 4.752704e-01 6.806285e-01 -2.344437e-01 9.454343e-01 1.385390e+00 -5.298679e-02 -4.530381e-01 -1.169495e+00 -1.576562e+00 -2.033122e+00 3.403370e-01 4.631037e-01 5.674218e-02 2.404864e-01 7.446844e-02 -1.618037e-01 3.439565e-01 4.039666e-01 2.923393e-01 -4.119183e-02 -6.388453e-01 -4.365786e-01 -1.776299e-01 2.668811e-01 -1.617506e-01 7.715811e-02 
-1.201274e+01 6.343548e+00 1.856436e+00 6.017792e+00 6.273246e+00 5.430473e+00 -1.113885e+00 -1.194034e+00 2.129499e-01 -1.307404e+00 3.011203e+00 2.967338e+00 1.037354e+01 2.611164e-01 3.055247e-01 -6.358472e-01 5.833886e-01 1.200821e+00 6.494160e-01 -4.804199e-01 -1.648430e+00 -9.896581e-01 -6.524330e-01 1.144614e+00 3.641601e-01 1.105891e-02 4.922435e-02 -3.950819e-02 -1.186200e-01 5.505436e-02 1.738007e-01 2.359799e-01 -5.241409e-02 -3.082288e-01 -3.606556e-02 2.904838e-01 2.024780e-01 -1.447461e-01 1.581711e-02 
