-1.511580e+01 1.628213e+00 1.436448e+00 3.226011e+00 -4.800317e-02 2.076055e+00 3.363676e+00 2.288669e+00 4.384248e+00 4.547068e+00 1.188896e+00 4.636475e+00 7.515366e+00 -2.106674e-01 -3.389028e-01 -1.204534e+00 -4.132235e-01 2.716724e-01 -2.513534e-01 -7.459775e-01 -3.167233e-01 -5.508346e-01 -1.040824e-01 8.552393e-01 -1.299699e+00 -1.139911e-01 -1.135972e-02 1.299312e-01 1.927343e-01 -1.320485e-01 -2.750446e-01 1.692573e-01 1.812707e-01 5.740467e-02 -1.373591e-01 -5.850292e-02 -3.317376e-01 1.649484e-01 2.259628e-02 
-1.656977e+01 1.333912e-01 -2.332701e+00 2.594115e+00 3.663249e+00 3.529754e-02 -3.817645e+00 9.533674e-02 8.733484e-01 1.830534e+00 4.440479e+00 9.564524e-01 7.378473e+00 -2.629273e-01 1.466786e-02 -8.712487e-01 -9.635975e-01 -4.879423e-01 2.711064e-01 -2.084260e-01 -1.693293e-01 -1.582293e+00 -7.810224e-01 -4.627397e-01 -1.361527e+00 -5.565346e-02 -1.692514e-02 1.432225e-01 3.784603e-01 -4.344225e-02 -3.961476e-01 4.735739e-02 2.080729e-01 1.665120e-02 2.740125e-01 -1.038365e-02 -1.569534e-01 6.244964e-01 3.012160e-02 
-1.544187e+01 6.811977e-01 -2.701811e+00 1.475967e+00 -5.451674e-01 1.839188e+00 3.224243e+00 1.801364e+00 3.385466e+00 5.385062e+00 3.839213e+00 -2.173826e-02 7.013881e+00 -2.411376e-01 1.340275e-01 -4.074471e-01 -7.981829e-01 -7.237145e-01 3.335237e-01 -1.084686e-01 -1.034122e-01 -7.218280e-01 -5.812336e-02 -1.443878e-01 -4.439799e-01 -3.015454e-02 -1.514895e-02 8.098758e-02 3.525136e-01 2.393842e-01 2.457695e-03 -6.286885e-02 -9.809554e-02 1.692693e-02 4.551246e-01 -2.741596e-01 1.274293e-01 7.930817e-01 2.611038e-02 
-1.626710e+01 2.174999e+00 -8.510863e-01 -7.171748e-01 -2.239158e+00 3.549768e+00 2.391401e+00 1.685491e+00 -3.028060e+00 2.232322e-01 -2.450223e+00 1.581068e-01 7.487670e+00 -2.801110e-01 1.406824e-01 2.891951e-01 -4.378413e-01 -1.211293e+00 -3.070405e-01 -2.424675e-02 -3.400631e-01 9.046351e-01 -1.789325e-01 5.704399e-01 1.395033e+00 -5.253669e-03 6.768114e-02 -7.074913e-02 6.439265e-02 3.607352e-01 2.910357e-01 -2.212265e-01 -1.208462e-01 7.400385e-02 5.515714e-01 -2.203110e-01 2.560807e-01 4.822274e-01 -4.916571e-03 
-1.647278e+01 1.277290e+00 -1.341796e+00 8.903071e-01 -7.154292e-01 1.986522e+00 -2.830258e-01 9.760588e-01 2.726196e+00 5.060152e+00 3.912157e+00 2.816111e+00 7.309914e+00 -2.778080e-01 2.968037e-03 -2.216386e-02 5.208143e-01 6.456150e-01 -2.767545e-01 -1.328637e+00 -1.466968e-01 4.812021e-01 -1.775853e+00 9.758497e-01 1.287727e+00 -8.678897e-03 1.230986e-01 -6.162211e-02 -1.231895e-01 1.853310e-01 3.269001e-01 -7.180368e-02 -4.068895e-02 7.858103e-02 1.060300e-02 -2.786158e-01 -3.849270e-01 -3.854713e-01 -2.015577e-02 
-1.745435e+01 5.390604e-01 -1.566453e+00 6.972705e-01 -2.307717e+00 -1.573282e+00 -2.185210e+00 -1.192542e+00 5.726678e+00 1.098287e+00 7.255897e+00 6.512379e+00 7.204123e+00 9.385694e-02 -2.735341e-01 -7.419857e-01 1.804836e-01 2.824333e-01 -5.298973e-01 -2.027312e-01 2.224955e-01 5.740767e-01 -1.023707e+00 2.574484e-01 1.840130e-01 -9.093876e-02 1.656681e-01 -5.490936e-03 -5.992742e-02 2.419761e-02 1.226275e-01 1.795840e-01 1.357070e-01 4.852603e-02 -4.128389e-01 9.982259e-02 -7.052545e-01 -9.649254e-01 -3.134948e-02 
-1.623742e+01 1.513959e+00 -2.454732e+00 3.372425e+00 2.717048e+00 3.017101e+00 -1.130884e+00 2.506674e+00 1.414547e+00 -3.931918e+00 3.865329e+00 3.239653e+00 7.112407e+00 1.872161e-01 3.291528e-02 -5.078922e-01 -1.808657e-01 1.638478e-01 8.591705e-02 -2.228126e-01 8.335678e-03 -5.033846e-01 -1.028774e+00 -1.912447e+00 -1.765712e+00 -8.805722e-02 1.098955e-01 2.166195e-02 1.621086e-01 -2.251511e-01 -4.632512e-01 -5.986064e-02 2.285174e-01 -1.378701e-01 -1.450979e-01 5.813897e-01 -3.690055e-01 -5.468289e-01 -1.830444e-02 
-1.591552e+01 6.890186e-01 -4.004477e+00 -1.055470e+00 -2.542905e+00 3.847424e-01 1.801493e+00 2.032651e+00 4.980009e-01 -3.994333e-01 -1.139324e+00 8.657743e-01 7.131703e+00 3.156513e-01 9.839134e-02 2.324990e-01 3.392838e-02 -3.574121e-01 4.095100e-01 1.013368e-01 -1.748460e-01 -6.672896e-01 -5.332299e-02 -1.511802e+00 -1.902995e+00 -1.223095e-01 6.099079e-02 2.438163e-03 2.892128e-01 -9.246159e-02 -3.492481e-01 -3.581225e-01 -1.616105e-01 -1.775206e-01 -1.359153e-01 2.954077e-01 2.945835e-01 2.790478e-01 2.592182e-02 
-1.630598e+01 1.366721e+00 -2.662140e+00 8.625653e-01 2.216914e-01 1.436855e+00 -3.390766e+00 -5.948600e-01 2.823593e+00 6.650723e-01 -1.452415e+00 -3.189429e+00 6.905819e+00 1.609976e-01 -7.485186e-02 3.009937e-01 -5.315618e-01 -1.350862e+00 -1.045735e+00 -3.380557e-01 -6.375387e-01 3.763203e-01 6.457520e-01 1.533417e-02 -4.029313e-01 -8.452325e-02 1.380186e-01 -1.045375e-02 1.549549e-01 1.603586e-02 -1.298022e-01 -4.743651e-01 1.372577e-02 -9.082986e-02 -1.486589e-02 3.065669e-01 8.575271e-01 8.823473e-01 1.027350e-01 
-1.584195e+01 1.104889e+00 -3.004396e-01 2.122119e+00 -2.847106e+00 1.264210e+00 -5.490205e-01 -5.160850e-01 1.685606e+00 -1.466814e+00 2.356008e+00 2.125137e-01 6.695827e+00 4.120220e-01 -2.074140e-01 2.996364e-01 -1.064364e-01 -7.064970e-01 -1.754687e+00 -9.532352e-01 -3.423263e-01 -5.453374e-01 -3.840146e-01 7.664939e-01 8.978503e-01 3.688208e-02 1.032643e-01 1.451619e-01 8.334034e-02 1.661240e-01 4.240664e-01 -2.775809e-02 1.047286e-01 4.626502e-02 -1.192825e-01 2.253218e-02 3.043746e-01 6.120178e-01 1.589606e-01 
-1.546947e+01 9.318081e-01 -2.801850e+00 -8.743781e-01 -3.885022e+00 -2.651461e+00 -1.646249e+00 5.936340e-01 2.702306e+00 -1.690886e-01 2.194510e+00 1.551906e+00 6.907863e+00 8.292150e-01 1.334908e-01 2.334387e-01 -3.042348e-02 -3.106021e-01 -1.203895e+00 3.730348e-01 -3.619883e-01 -6.385013e-01 6.693982e-01 1.236130e+00 1.245656e+00 3.460226e-01 -6.357998e-02 1.944479e-01 1.265333e-01 2.238427e-01 4.556709e-01 5.627941e-01 2.851137e-01 1.379741e-01 -2.468002e-01 -3.974202e-02 -2.912501e-01 -7.375209e-02 6.414840e-02 
-1.427385e+01 -1.308209e-01 -2.436621e+00 -7.194865e-01 -4.022140e+00 -6.344243e+00 -3.836415e+00 -2.733483e-01 -2.168482e+00 -1.902265e+00 8.695014e-01 2.984243e+00 7.315135e+00 4.979407e-01 7.199845e-01 6.830401e-01 6.141029e-01 1.242847e+00 3.496979e-01 2.694809e-01 -8.134553e-02 -7.561136e-01 4.757351e-02 -6.001264e-01 3.328781e-01 4.572066e-01 -3.723426e-01 5.235156e-02 4.784242e-02 6.373565e-02 1.473350e-01 6.982534e-01 3.460732e-01 3.004916e-01 1.397378e-01 1.690619e-01 -3.872204e-01 -4.452699e-01 -6.981604e-02 
-1.294404e+01 2.652417e+00 -4.267822e-01 2.130596e+00 -7.440332e-01 -7.784367e-01 1.186477e-01 -2.526678e+00 1.557887e+00 4.229505e+00 5.471308e+00 1.652407e+00 8.326052e+00 -1.998611e-01 4.338219e-01 7.420334e-01 2.272719e-01 -4.706666e-02 7.160602e-01 4.762891e-01 -7.823356e-02 -7.523523e-01 2.313207e-01 -7.576644e-01 -4.892867e-01 2.611708e-02 -5.164515e-01 -2.600778e-01 -6.669445e-02 -2.521272e-02 1.146352e-01 4.019222e-01 -2.043903e-03 5.417588e-01 4.246312e-01 2.852368e-02 -2.784599e-01 -2.294263e-01 -1.736449e-01 
-1.461498e+01 3.844262e+00 1.927157e+00 3.689915e+00 1.796726e+00 2.076055e+00 -8.406602e-02 6.376014e-01 -1.522995e+00 -3.428418e+00 -2.283021e+00 1.826963e+00 8.272475e+00 -9.352193e-01 -9.578273e-02 2.846009e-01 8.330800e-02 -1.016246e-01 7.766321e-01 7.256578e-01 1.018310e+00 2.102454e-01 6.804213e-01 -1.727784e-01 -4.611829e-01 -1.522667e-01 -2.814012e-01 -4.095898e-01 -2.279045e-01 -7.105534e-02 1.554085e-01 1.506692e-01 -1.812523e-02 2.885248e-01 6.001990e-01 3.803373e-01 3.603426e-01 1.465393e-01 -1.149851e-01 
-1.629845e+01 1.113390e+00 -1.273666e+00 -1.942436e+00 -7.030097e+00 -3.281217e+00 -1.141073e+00 -2.531966e-01 -1.382412e+00 1.750344e+00 -1.723942e-02 -3.160645e-01 6.559615e+00 -1.036373e+00 -7.590230e-01 9.926822e-02 1.089336e-01 9.347615e-01 5.923111e-01 1.346059e-01 1.797009e+00 1.001271e+00 4.954295e-01 -3.698250e-01 4.953694e-01 -2.174547e-01 1.213816e-01 -1.662976e-01 -1.114729e-01 1.325973e-01 4.245127e-01 4.978191e-02 -9.454269e-02 7.063989e-02 5.796968e-01 1.983454e-01 3.104168e-01 2.830632e-01 5.271471e-02 
-1.727250e+01 1.595743e-01 -5.902082e-01 1.733734e+00 -1.386942e+00 -1.209482e+00 4.216457e-01 3.681428e+00 3.532831e-01 2.739453e+00 2.749848e+00 1.662987e+00 7.437272e+00 -4.907448e-01 -7.315445e-01 -1.352429e-01 3.179691e-01 1.528980e+00 1.164922e+00 3.498064e-01 4.235002e-01 1.367851e+00 1.817129e+00 1.007715e+00 5.733788e-01 4.097749e-03 3.887587e-01 1.079693e-01 -4.082505e-02 4.453026e-03 1.880761e-02 -2.469983e-01 -2.168979e-01 -3.593395e-01 5.074104e-02 -1.758990e-01 9.770317e-02 7.321183e-02 8.489017e-02 
-1.679718e+01 6.995599e-01 1.328647e+00 3.653311e+00 5.521145e+00 3.825546e+00 5.390909e-01 4.936331e+00 5.626065e+00 3.623133e+00 1.105746e+00 4.211799e+00 7.656345e+00 1.849131e-01 -7.989674e-02 3.944432e-01 7.730390e-01 1.260172e+00 7.707703e-01 1.914033e-01 5.723088e-01 1.567343e+00 6.546416e-01 2.042408e-01 4.088436e-01 2.114600e-01 5.530571e-01 1.801298e-01 3.024813e-02 -2.128840e-01 -8.929740e-01 -7.795863e-01 -1.422257e-01 -5.498716e-01 -6.008235e-01 -6.439478e-01 -1.135109e-01 -2.448702e-01 1.762225e-01 
-1.681892e+01 3.935227e-01 -4.991042e-02 2.481992e+00 3.165631e+00 4.347258e+00 8.249279e-01 1.603719e-01 1.812406e+00 4.721184e+00 2.193909e+00 2.429595e+00 7.744656e+00 3.980270e-01 1.044023e-01 -6.716578e-02 -2.263583e-01 -1.702794e-01 -5.475912e-01 -3.872102e-01 -1.659344e-01 1.808785e-01 -2.785845e-01 2.873532e-02 -5.171855e-02 5.775967e-02 5.334005e-01 -1.835249e-01 -6.572773e-02 -4.513829e-01 -1.146864e+00 -1.053648e+00 -2.423288e-01 -4.980888e-01 -8.368583e-01 -1.048112e+00 -4.309716e-01 -3.028774e-01 3.132040e-01 
-1.560073e+01 5.968674e-01 4.282941e-01 1.548404e+00 -3.005563e+00 -2.205683e+00 -3.854552e-01 4.369335e+00 5.725300e+00 4.032705e+00 1.281953e+00 1.344479e+00 7.463379e+00 1.284673e+00 -2.763249e-01 2.164194e-01 -6.831558e-01 -2.680484e+00 -2.449310e+00 -2.081262e-01 -6.577665e-01 -1.409274e+00 -1.676379e+00 -4.478495e-01 -4.163871e-01 6.367865e-01 3.790489e-01 -5.213957e-01 -4.205523e-01 -4.501122e-01 -6.487396e-01 -5.968038e-01 -2.064263e-01 -7.651094e-01 -7.500561e-01 -6.893709e-01 -2.589219e-01 -2.023069e-01 4.349119e-01 
-1.588082e+01 7.328839e-01 -4.759394e-01 1.654362e+00 2.025104e+00 -9.314368e-01 -1.052587e+00 3.135500e+00 1.208267e+00 1.141416e+00 2.805382e+00 2.838024e+00 7.822523e+00 1.626399e+00 -1.550961e+00 -3.747659e-01 -1.210783e+00 -2.235088e+00 -2.493165e+00 -6.619054e-01 -1.451884e+00 -1.327972e+00 -2.258023e+00 -8.210966e-01 -5.284618e-01 1.357498e+00 1.548925e-01 -4.913336e-01 -4.940616e-01 -2.449934e-01 -1.496817e-01 1.435303e-01 -1.850469e-01 -5.305151e-01 -1.471770e-01 1.564195e-02 -2.915588e-01 -2.537659e-01 4.773897e-01 
-1.084335e+01 -8.513684e-01 2.623550e+00 6.514195e-01 -7.310688e+00 -5.781353e+00 4.371978e-01 1.603719e-01 -1.117785e+00 -2.969007e+00 -1.439207e+00 1.925953e+00 1.080124e+01 1.466077e+00 -1.859235e+00 -1.554422e+00 -9.854800e-01 -9.512008e-01 -1.240477e+00 -7.034169e-01 -2.610242e+00 -1.428370e+00 -1.802522e+00 -6.654446e-01 -3.640969e-01 1.736176e+00 -2.329702e-01 9.108435e-02 -3.031926e-01 -3.708720e-03 3.344056e-01 7.591360e-01 -3.722260e-01 -5.669400e-02 2.631550e-01 6.900232e-01 -1.597319e-01 -3.884365e-01 2.982733e-01 
-1.106617e+01 -6.636831e+00 -3.021333e+00 -3.123389e+00 -5.856880e+00 -6.330265e+00 -2.896316e+00 -4.994807e+00 -1.406302e+00 -3.068045e+00 -5.509650e-01 -5.038438e-01 1.286303e+01 1.081834e+00 -1.560836e+00 -1.652048e+00 -1.300185e+00 -1.783452e+00 -4.343717e-01 -1.065032e+00 -1.842152e+00 -5.453374e-01 -1.373293e-01 -1.320215e+00 -1.346709e+00 1.894987e+00 -1.337275e-02 7.150873e-01 2.321377e-01 1.474058e-01 -3.665228e-02 5.244507e-01 -7.695220e-01 4.930090e-01 4.804779e-01 5.443547e-01 -2.349465e-02 -7.173293e-01 1.118716e-01 
-1.067739e+01 -5.014154e+00 -6.070803e+00 -9.903542e-01 -3.820549e+00 -5.708820e+00 -2.981049e+00 -4.616962e+00 -1.098139e-01 -2.875080e+00 -3.672529e-01 1.194483e+00 1.362400e+01 3.918267e-01 1.841542e-01 -6.609613e-01 -6.569543e-01 -1.234213e+00 3.171324e-01 -1.867687e+00 -7.460332e-01 -4.848676e-01 7.134016e-01 -9.969992e-01 -1.949494e+00 1.859430e+00 3.151649e-01 7.089836e-01 5.721135e-01 1.818122e-01 -4.623181e-01 -6.296523e-03 -1.062476e+00 5.698285e-01 6.149837e-01 -3.199051e-02 2.019210e-01 -8.412509e-01 -3.395506e-02 
-1.055448e+01 -4.990011e+00 -4.388679e+00 -4.025767e+00 -8.637368e+00 -3.139550e+00 -4.668184e+00 -3.686776e+00 -2.022386e+00 4.082108e-01 -4.331771e+00 -3.529472e+00 1.588602e+01 2.096738e+00 1.002927e+00 3.392088e-01 -6.379511e-01 -2.276948e+00 -6.496299e-01 -3.927377e+00 8.118398e-02 6.024309e-01 -7.942678e-01 -7.728524e-01 -3.322664e+00 1.855189e+00 2.959819e-01 4.137245e-01 6.343315e-01 5.217220e-01 -5.965576e-02 -1.980587e-01 -3.673642e-01 9.887504e-02 1.704044e-01 -3.189836e-01 3.209136e-01 -1.790793e-01 -2.565606e-01 
-9.139810e+00 -7.541166e-01 2.696390e-03 -2.182095e+00 -1.209164e+01 -5.791553e+00 -8.015105e+00 -4.224003e+00 -3.233881e+00 -1.139987e+00 -4.534094e+00 -6.308758e+00 1.858687e+01 2.534481e+00 4.038747e-01 3.104953e-01 -4.076089e-01 -3.016117e+00 -1.164274e+00 -4.584517e+00 -7.226934e-01 1.072735e+00 -1.634065e+00 7.042781e-02 -3.582582e+00 1.586282e+00 1.006592e-01 -3.870004e-01 3.199931e-01 4.525671e-01 3.207739e-01 -6.569746e-02 7.525941e-01 -1.127783e-01 -2.924247e-01 5.788206e-02 6.581598e-02 7.227194e-01 -4.460478e-01 
-1.351586e+00 -3.752601e+00 -4.361944e+00 -5.716859e+00 -1.310594e+01 -9.536846e+00 -2.001597e+01 -4.785046e+00 3.168159e+00 -7.906881e+00 -2.331651e+00 -1.336503e+01 1.965749e+01 1.490524e+00 3.980785e-01 1.033867e+00 1.183624e+00 -1.190739e+00 -6.839322e-01 -1.543238e+00 -1.359515e+00 -4.721371e-01 -5.584278e-01 -2.494131e-01 -1.425570e+00 7.487860e-01 -3.123663e-01 -9.536172e-01 -4.434390e-02 4.402023e-01 5.437089e-01 1.630613e-01 1.428134e+00 2.928262e-01 -1.047251e+00 5.151462e-01 -1.356512e-01 1.399779e+00 -4.732007e-01 
-2.606983e+00 -3.613864e+00 -4.531838e+00 -2.182480e+00 -1.666691e+01 -8.331734e+00 -1.823016e+01 -7.681398e+00 2.658661e+00 -6.888381e+00 -1.015048e+00 -1.180045e+01 1.966953e+01 1.198046e+00 -1.448454e+00 5.917834e-01 6.951545e-01 -1.734001e-01 5.588721e-03 7.031786e-01 -5.897276e-01 -1.409853e+00 8.848812e-01 -9.295963e-01 7.156012e-01 1.823727e-01 -1.319513e-02 -1.144543e+00 -4.743018e-01 5.166408e-02 4.216322e-01 1.647674e-01 5.012143e-01 1.260652e+00 -9.566371e-01 1.845275e-01 -6.380571e-02 1.197711e+00 -2.870218e-01 
-6.368155e+00 -1.569536e+00 3.047855e+00 1.892479e+00 -1.230322e+01 -5.289108e+00 -7.277184e+00 -8.755394e+00 -7.329165e+00 4.899976e-01 -7.338405e+00 -7.911872e+00 1.908858e+01 1.203006e+00 -2.838907e+00 -2.320799e-02 1.011731e+00 -9.796097e-01 -4.191744e-01 5.693527e-01 1.478881e+00 -3.392624e+00 5.220094e-01 -9.510382e-01 1.527376e+00 1.911261e-01 4.236315e-01 -1.006041e+00 -1.033955e+00 -5.379854e-01 -1.311816e-01 1.875035e-03 -1.380301e+00 1.728242e+00 -1.711824e-02 -7.962818e-01 5.371997e-01 1.737206e-01 -1.264760e-02 
-6.409059e-01 -9.087849e+00 -7.432855e-01 -2.511143e+00 -1.336020e+01 -7.887089e+00 -1.086865e+01 -5.187164e+00 -5.033895e+00 -9.141147e-01 -6.678302e+00 -5.457894e+00 1.978326e+01 2.612250e+00 -3.700401e+00 -1.532391e+00 -6.324725e-02 -1.013399e+00 -4.727990e-01 -3.134762e+00 4.161254e+00 -2.250353e+00 -1.251725e+00 1.022928e-01 9.297013e-01 4.299679e-01 1.193093e-01 -4.234128e-02 -8.406883e-01 -5.140866e-01 -5.555813e-02 4.228384e-02 -1.902321e+00 1.256406e+00 5.993327e-01 -1.174982e+00 7.388432e-01 -4.930224e-01 8.036469e-02 
3.680450e+00 -1.521029e+01 -6.371783e+00 -4.936993e-01 -1.965762e+01 -1.185527e+01 -2.084935e+01 1.362148e+00 -9.948787e+00 -8.283547e+00 -4.254924e+00 -8.899508e+00 2.055649e+01 2.901540e+00 -3.506012e+00 -3.073732e+00 -1.127284e+00 -1.426727e+00 -4.352401e-01 -6.525668e+00 4.906146e+00 -1.373834e-01 -3.471537e+00 1.920582e+00 -6.640415e-01 5.617576e-01 -4.711585e-01 7.760102e-01 -1.293765e-01 -4.843231e-01 5.152284e-01 3.283782e-01 -8.495547e-01 3.011534e-01 1.050842e+00 -5.628753e-01 4.938454e-01 -4.313704e-01 -2.619548e-03 
5.429978e+00 -1.529564e+01 -7.483857e+00 -1.305146e+00 -1.805670e+01 -7.412600e+00 -2.711739e+01 8.065804e+00 -7.283682e+00 -8.760211e+00 -2.045276e+00 -6.658624e+00 2.108567e+01 9.454268e-01 -1.326625e+00 -2.086405e+00 -8.059570e-01 -2.276352e-01 2.250804e-01 -5.260840e+00 3.978639e+00 -4.089217e-02 -2.993278e+00 1.328945e+00 -6.538219e-01 3.988690e-01 -1.010116e+00 1.065736e+00 7.052886e-01 -1.846828e-02 7.013659e-01 1.895964e-01 1.041061e+00 -5.506436e-01 5.583284e-01 4.007833e-01 1.474353e-02 -3.341269e-02 -1.066541e-01 
5.104320e+00 -1.599613e+01 -8.950379e+00 -4.346724e+00 -1.708825e+01 -7.702733e+00 -3.178087e+01 9.148500e+00 -6.891336e+00 -1.294475e+01 -5.206066e-02 -1.063184e+01 2.124617e+01 -3.192616e-01 -1.458022e-01 -3.929337e-01 -1.038603e+00 1.203570e+00 8.738945e-01 -2.615344e+00 3.076027e+00 7.567880e-01 -1.421604e+00 9.048732e-01 1.623815e-01 1.935727e-01 -9.522124e-01 7.433811e-01 1.227085e+00 3.050692e-01 4.929551e-01 -1.403639e-01 2.182461e+00 -7.727197e-01 -1.629435e-01 1.067600e+00 -3.156396e-01 3.055495e-01 -1.387267e-01 
3.374439e+00 -1.532761e+01 -9.886522e+00 -4.614124e+00 -1.578291e+01 -8.838334e+00 -3.170687e+01 1.081285e+01 -6.766833e+00 -1.354985e+01 -2.135331e+00 -7.860866e+00 2.143256e+01 -8.280423e-01 -5.188158e-02 6.534914e-01 -1.997250e-01 1.178282e+00 -1.794921e-01 1.155736e-01 2.323073e+00 9.436916e-02 -2.727173e-01 6.839030e-01 3.493998e-01 8.075763e-02 -5.253326e-01 1.004966e-01 1.074227e+00 1.840603e-01 -1.952018e-01 -6.590334e-01 1.967420e+00 -8.526825e-01 -5.933734e-01 8.629156e-01 -1.096298e-01 -2.093404e-02 -9.806599e-02 
3.111488e+00 -1.592336e+01 -7.135444e+00 -4.032317e+00 -1.477678e+01 -6.773021e+00 -3.163179e+01 1.536852e+01 -6.422726e+00 -1.299683e+01 3.144629e-01 -7.486441e+00 2.135083e+01 -9.727755e-01 -4.265978e-01 1.691668e+00 9.511304e-02 3.351619e-01 -9.349040e-01 1.698406e+00 1.870282e+00 -1.019692e+00 5.061859e-01 6.649429e-01 3.620039e-01 2.720445e-02 -3.436274e-01 -4.479417e-02 7.946522e-01 9.633536e-03 -6.658603e-01 -8.969514e-01 1.412552e+00 -1.013601e+00 -7.707316e-01 5.311735e-01 -7.703692e-02 -3.228927e-01 -4.910855e-02 
2.286262e+00 -1.559114e+01 -5.123880e+00 -2.461439e+00 -1.332161e+01 -8.774490e+00 -2.661436e+01 1.657166e+01 -7.046161e+00 -1.009787e+01 1.191298e+00 -6.483691e+00 2.143710e+01 -1.354538e+00 -6.837792e-01 2.242341e+00 -4.523817e-01 -7.694485e-01 -2.165664e+00 2.419237e+00 3.182592e-01 -2.119432e+00 3.573747e-01 9.007040e-01 -8.583837e-01 -8.298317e-03 -3.172212e-01 1.978134e-01 6.578421e-01 -3.503141e-01 -6.930426e-01 -4.543403e-01 7.409382e-01 -1.172093e+00 -3.121761e-01 3.446130e-01 -1.275360e-01 -3.430315e-01 -2.872676e-02 
7.846358e-01 -1.799727e+01 -2.873430e+00 -4.947410e+00 -1.664330e+01 -1.240909e+01 -2.583514e+01 1.562087e+01 -1.184987e+01 -1.213966e+01 1.609153e+00 -9.510075e+00 2.137989e+01 -1.774211e+00 -5.392100e-02 2.785914e+00 -8.639745e-01 -1.151892e+00 -2.617782e+00 3.295325e+00 -9.894738e-01 -1.989957e+00 9.192838e-01 4.113135e-01 -8.479938e-01 -7.482786e-03 -2.225498e-01 5.914162e-01 4.854181e-01 -4.338376e-01 -3.364278e-01 1.512080e-01 3.124146e-01 -1.237276e+00 4.541427e-01 3.585432e-01 -2.385017e-01 -9.258467e-03 -2.190426e-02 
-2.234503e+00 -1.770959e+01 -8.058099e-01 -6.418495e+00 -1.869689e+01 -1.684874e+01 -2.250913e+01 1.227797e+01 -1.465051e+01 -1.219174e+01 1.720520e+00 -1.114077e+01 2.137671e+01 -2.013544e+00 7.507905e-01 3.395580e+00 -1.471646e+00 -1.543375e+00 -1.609771e+00 3.021828e+00 -2.107518e+00 -9.815009e-01 1.243753e+00 1.729715e-01 -7.604461e-01 -4.548652e-02 1.978297e-02 7.290631e-01 1.955184e-01 -2.982647e-01 1.377687e-02 7.982876e-01 -2.532367e-01 -8.776640e-01 8.378509e-01 3.505296e-01 -4.417330e-01 4.691310e-01 -3.186373e-02 
-3.499096e+00 -1.513378e+01 4.635114e+00 -6.373800e+00 -1.784875e+01 -1.582496e+01 -1.720801e+01 1.256788e+01 -1.257025e+01 -7.353543e+00 2.106256e+00 -9.398238e+00 2.134356e+01 -1.755787e+00 1.813113e+00 3.542176e+00 -1.564503e+00 -9.600247e-01 -4.569505e-01 2.959187e+00 -3.103206e+00 6.821411e-01 1.855710e+00 -1.636457e-01 2.669619e-01 -6.370004e-02 2.404461e-01 5.450966e-01 -4.019139e-01 2.453972e-02 1.233984e-01 9.951234e-01 -7.732618e-01 -4.651662e-01 6.075913e-01 -6.778975e-02 -4.460993e-01 5.159568e-01 -4.957138e-02 
-5.639499e+00 -1.326934e+01 8.099833e+00 -9.106750e+00 -2.043583e+01 -1.511550e+01 -1.581905e+01 7.560178e+00 -1.159352e+01 -6.272424e+00 1.807273e+00 -1.034167e+01 2.122779e+01 -1.264899e+00 2.028110e+00 2.841775e+00 -1.593439e+00 -7.965661e-01 7.452607e-01 1.321056e+00 -3.013383e+00 7.339310e-01 1.641827e+00 -1.020526e+00 9.298717e-01 -1.394900e-01 3.405053e-01 2.405964e-01 -9.860442e-01 4.587739e-01 1.795885e-01 7.191762e-01 -8.772919e-01 -1.119792e-02 1.100529e-01 -5.783408e-01 -3.605375e-01 2.816423e-01 -6.138219e-02 
-6.292070e+00 -1.115156e+01 1.038478e+01 -1.142589e+01 -2.057385e+01 -1.556014e+01 -1.438396e+01 2.463165e+00 -9.968082e+00 -5.820681e+00 7.473269e-01 -8.574956e+00 2.113584e+01 -9.462027e-01 2.032940e+00 1.053392e+00 -6.805644e-01 -9.083722e-01 1.180228e+00 2.792218e-01 -2.862453e+00 1.901371e-01 3.813765e-01 -1.222337e+00 8.864385e-01 -2.083752e-01 2.977581e-01 -1.030360e-01 -1.081517e+00 6.398474e-01 1.909889e-01 3.871056e-01 -6.984027e-01 4.209322e-01 -3.638069e-01 -8.403193e-01 -1.524989e-01 -1.729635e-01 -5.651388e-02 
-7.162027e+00 -9.560166e+00 1.052794e+01 -1.185974e+01 -2.131710e+01 -1.325494e+01 -1.731527e+01 2.263937e+00 -1.228265e+01 -4.749146e+00 -2.702677e+00 -6.902700e+00 2.078305e+01 -7.157279e-01 1.843811e+00 -2.901915e-01 3.801616e-01 -6.714163e-01 1.167636e+00 -2.484620e-02 -2.284052e+00 -1.852674e-01 -9.108100e-01 -1.100536e+00 3.381582e-01 -2.800875e-01 1.950938e-01 -3.486669e-01 -6.184203e-01 3.404042e-01 3.999270e-01 -1.815809e-01 -1.673450e-01 4.120536e-01 -4.588677e-01 -7.496604e-01 -8.190557e-03 -5.109373e-01 -1.468749e-02 
-7.468456e+00 -6.823514e+00 8.687995e+00 -8.400105e+00 -2.195002e+01 -1.085416e+01 -1.506343e+01 9.036958e-01 -1.127514e+01 -6.208209e+00 -1.750497e+00 -6.685828e+00 2.052425e+01 -5.414103e-01 1.390094e+00 -2.994843e-01 6.479344e-01 -6.762005e-02 1.267286e+00 1.401508e-01 -1.363193e+00 -6.772714e-01 -1.069578e+00 -8.861170e-01 -3.020982e-01 -2.759555e-01 1.251708e-01 -4.435879e-01 1.440503e-01 -1.818009e-01 6.667187e-01 -5.100596e-01 1.477991e-01 4.224763e-01 -3.787071e-01 -2.251042e-01 -4.836931e-02 -5.165589e-01 3.846974e-02 
-8.630210e+00 -6.214159e+00 7.497011e+00 -8.718751e+00 -2.310462e+01 -1.163049e+01 -1.560346e+01 -3.079934e+00 -1.186641e+01 -1.063268e+01 -2.446021e+00 -9.595464e+00 2.013310e+01 -4.916306e-01 6.062065e-01 4.260803e-01 -5.557477e-01 7.826018e-01 -2.061958e-01 5.540670e-01 -1.702680e+00 -1.126744e+00 -1.380979e+00 -1.229584e+00 -1.030413e+00 -1.791792e-01 1.306178e-01 -2.880293e-01 4.996095e-01 -3.158100e-01 6.383598e-01 -5.192189e-01 2.854254e-01 4.525864e-01 -2.679377e-01 3.287729e-01 -1.421786e-01 -2.716190e-01 9.063273e-02 
-8.265254e+00 -5.874458e+00 1.040246e+01 -9.756370e+00 -2.001812e+01 -1.003551e+01 -1.453948e+01 -1.680763e+00 -1.356214e+01 -8.226681e+00 -3.811254e+00 -8.739310e+00 2.008111e+01 -4.322846e-01 4.338219e-01 1.415496e+00 -1.121526e+00 1.698250e+00 -6.831724e-01 7.286550e-01 -1.040680e+00 -1.232638e+00 -5.091797e-01 -1.399729e+00 -1.012018e+00 -6.641847e-02 1.382554e-01 4.054347e-02 1.784268e-01 7.634481e-02 7.718857e-02 -4.100254e-01 2.139320e-01 2.438008e-01 -9.335163e-02 3.230061e-01 -2.249618e-01 -1.821681e-01 9.997509e-02 
-9.221746e+00 -7.003396e+00 1.180085e+01 -1.396041e+01 -1.836953e+01 -1.469503e+01 -1.480762e+01 -4.957709e+00 -1.677258e+01 -1.064482e+01 -7.819898e+00 -1.102856e+01 2.010881e+01 -1.171311e-01 8.816352e-01 1.350238e+00 -3.140323e-01 1.637451e+00 -4.531512e-01 1.108103e+00 -1.823430e-01 -1.247250e+00 4.526708e-01 -1.554587e+00 -6.650634e-01 6.830720e-02 2.773910e-01 3.162365e-01 -3.512578e-01 8.132478e-01 -5.490173e-01 -4.248485e-02 1.537829e-01 1.981944e-01 -2.277799e-02 3.194487e-01 -1.060574e-01 -1.877189e-02 6.077143e-02 
-9.334620e+00 -4.259602e+00 1.361320e+01 -1.138697e+01 -1.582650e+01 -1.273776e+01 -1.181840e+01 -3.361143e+00 -1.498543e+01 -8.747751e+00 -6.062026e+00 -1.102931e+01 2.020438e+01 -3.741272e-02 1.454926e+00 1.305921e-01 9.087970e-01 -1.091573e-01 -6.591824e-01 9.326159e-01 -9.044605e-01 -1.083634e+00 -3.713914e-01 -1.848320e+00 -1.395593e+00 1.001673e-01 2.884035e-01 1.700901e-01 -7.012488e-01 1.240738e+00 -6.198534e-01 -1.444497e-01 8.472046e-02 6.118168e-03 2.942836e-01 -1.014920e-01 9.527746e-02 3.004221e-01 -2.653258e-02 
-8.681629e+00 -2.613462e+00 1.264299e+01 -9.473558e+00 -1.701334e+01 -1.254509e+01 -1.142370e+01 -3.150923e+00 -1.739050e+01 -8.108473e+00 -9.093575e+00 -1.177590e+01 2.041301e+01 6.977683e-01 1.677008e+00 -6.877955e-01 2.495423e+00 -1.058703e+00 -4.305724e-01 1.220948e+00 -7.799819e-01 -1.315097e+00 1.473144e-01 -1.535527e+00 -9.324756e-01 4.139468e-02 -2.352200e-01 -2.925928e-01 -5.864025e-01 1.399085e+00 2.519258e-01 -2.398145e-01 -1.364289e-01 -1.996625e-02 1.048070e+00 -1.781458e-01 4.246462e-01 5.566051e-01 -1.923639e-01 
-8.722598e+00 -7.949216e-01 1.063445e+01 -7.455344e+00 -2.124219e+01 -1.440641e+01 -1.156849e+01 -7.106158e+00 -1.867091e+01 -1.135151e+01 -1.241630e+01 -1.534370e+01 2.042981e+01 6.021062e-01 8.866801e-01 -1.071826e+00 3.677510e+00 -5.287756e-02 -1.416874e+00 1.095815e+00 -7.113772e-01 2.727405e-01 -8.637842e-01 -9.329714e-01 6.239657e-01 -1.856491e-01 -8.933610e-01 -7.492861e-01 -4.252698e-01 8.769290e-01 1.221804e+00 5.112888e-02 -1.799358e-01 5.956371e-01 1.897322e+00 4.112685e-01 1.073857e+00 1.063411e+00 -3.706232e-01 
-6.038734e+00 -3.508276e-01 9.851812e+00 -3.449354e+00 -2.095478e+01 -1.601348e+01 -8.827569e+00 -6.985248e+00 -2.150508e+01 -8.606542e+00 -1.232024e+01 -1.353392e+01 2.020302e+01 -1.613003e+00 -2.970411e-01 -9.805689e-01 5.297104e+00 2.868933e+00 -1.273368e+00 3.442615e-01 -3.786798e-01 3.314891e+00 -1.917334e-01 1.108298e-01 1.108203e+00 -7.506487e-01 -1.330424e+00 -8.335969e-01 -4.947963e-01 -1.298004e-01 1.343151e+00 7.324662e-01 -7.216596e-02 9.834293e-01 2.023742e+00 6.397320e-01 1.489361e+00 1.275857e+00 -4.299344e-01 
-7.645290e+00 -9.578013e-01 9.649578e+00 3.988524e+00 -1.411980e+01 -1.808823e+01 -7.637028e+00 -5.000761e+00 -1.156457e+01 -1.281792e+01 -9.113387e+00 -7.030405e+00 1.938121e+01 -3.348739e+00 -1.304406e+00 -1.849388e+00 3.892593e+00 4.035956e+00 1.785507e-02 4.713437e-01 1.873111e+00 6.087820e+00 1.854554e+00 2.697849e+00 2.901057e+00 -1.356969e+00 -9.177541e-01 -4.883103e-01 -6.249553e-01 -1.268046e+00 4.015092e-01 1.492780e+00 2.787560e-01 9.197899e-01 7.839677e-01 8.461768e-01 1.013876e+00 8.436759e-01 -2.959871e-01 
-1.728505e+01 -4.017153e+00 8.232213e+00 1.129001e+01 -6.230093e+00 -1.707163e+01 -1.166824e+01 -6.097198e+00 -4.369112e+00 -8.334025e+00 -1.019074e+01 -1.039192e+01 1.718412e+01 -3.978868e+00 -1.395321e+00 -2.772919e+00 1.738749e+00 3.612621e+00 2.514546e+00 1.172394e+00 2.845034e+00 5.896140e+00 1.986742e+00 4.095937e+00 4.308123e+00 -1.522630e+00 2.309138e-01 4.020121e-02 -4.531887e-01 -1.803740e+00 -6.767332e-01 1.567402e+00 7.419979e-01 5.037075e-01 -7.413355e-01 3.390709e-01 8.186983e-02 2.497044e-01 9.379826e-03 
-1.984308e+01 -5.484091e+00 2.197090e+00 4.638144e+00 -8.424881e+00 -1.378836e+01 -7.792013e+00 1.815104e+00 3.200319e+00 -2.215035e+00 8.276141e-03 -2.409219e+00 1.515456e+01 -2.803642e+00 -1.005685e+00 -3.300412e+00 -8.835535e-01 1.582893e+00 4.152918e+00 2.075606e+00 2.275827e+00 2.901874e+00 2.277786e+00 2.143934e+00 3.242221e+00 -1.279602e+00 9.483207e-01 3.167499e-01 1.145074e-01 -1.113413e+00 -8.823040e-01 8.071775e-01 5.054528e-01 -6.304410e-01 -1.761015e+00 -3.090602e-01 -1.022274e+00 -6.687119e-01 2.858968e-01 
-1.983430e+01 -5.064480e+00 -2.866411e-01 4.919800e+00 -5.739286e+00 -5.590575e+00 -2.888272e+00 3.832108e+00 5.931012e-01 -3.974409e+00 3.598766e+00 5.695898e+00 1.470325e+01 -7.311401e-01 -2.453043e-01 -2.521075e+00 -1.333585e+00 7.119024e-01 4.496051e+00 3.252165e+00 1.938320e+00 1.201197e+00 1.291934e+00 7.971676e-01 2.186198e+00 -7.423847e-01 1.031151e+00 1.940485e-01 4.192172e-01 -3.376072e-01 -6.820480e-01 -4.015395e-01 -1.437216e-01 -1.177552e+00 -1.568121e+00 -3.253870e-01 -1.085608e+00 -1.245448e+00 3.650927e-01 
-2.038905e+01 -5.463008e+00 -2.592717e+00 2.756327e+00 -6.450753e+00 -3.063995e+00 -1.648930e+00 1.413901e+00 4.640037e-01 -3.608605e+00 -5.288154e+00 1.137053e+00 1.422379e+01 -2.312171e-01 -2.955384e-01 -1.402710e+00 -1.383964e-01 1.074761e+00 3.063059e+00 1.958564e+00 -8.258127e-01 -3.697146e-01 6.565973e-01 -7.641168e-01 6.185153e-01 -3.176019e-01 6.222105e-01 -5.084082e-02 5.739695e-01 1.401726e-01 -4.217070e-01 -1.202756e+00 -7.682131e-01 -1.065218e+00 -9.460683e-01 -4.255200e-01 -2.851197e-01 -8.938836e-01 3.050272e-01 
-2.066747e+01 -5.254563e+00 -1.977821e+00 5.563255e+00 -3.658006e+00 4.663089e-02 1.521019e+00 3.795469e+00 3.004605e+00 -1.177685e+00 -3.556698e+00 -1.233803e+00 1.393751e+01 -1.093365e-01 -7.802759e-01 -1.625840e+00 -3.219504e-01 4.565453e-01 1.051811e+00 5.124056e-01 -1.491773e+00 -3.085215e-01 1.170325e+00 1.220471e-01 -6.073228e-01 -1.781462e-01 2.403277e-01 -2.314988e-01 4.307405e-01 -3.161505e-02 -3.910357e-01 -1.374988e+00 -1.201723e+00 -8.150173e-01 -5.976471e-01 -3.040797e-01 1.796043e-01 -2.147855e-01 1.824965e-01 
-2.058219e+01 -6.867039e+00 -3.970412e+00 3.624413e+00 -4.092060e+00 -1.291459e+00 -2.036564e-01 -2.295391e+00 1.456245e-01 -3.304257e-01 -2.348722e-01 4.148702e+00 1.394932e+01 -3.576681e-03 -9.925900e-01 -8.781400e-01 -6.884825e-01 -3.979809e-01 -1.386766e-01 -3.956024e-01 -1.335185e+00 -1.073508e+00 2.110525e-01 1.055860e+00 1.695352e-01 -3.651568e-02 1.878706e-01 -1.076565e-01 3.955519e-01 -1.379132e-01 5.020919e-02 -6.820664e-01 -8.463135e-01 1.182867e-01 -1.782479e-01 -1.797560e-01 2.557279e-01 8.241637e-02 7.902762e-02 
-2.028412e+01 -8.263928e+00 -7.727056e+00 2.876156e+00 -4.635990e+00 -1.218171e+00 -1.048833e+00 -1.772362e+00 -7.906767e-01 2.382478e-01 1.682097e+00 1.154055e+00 1.394977e+01 3.567506e-01 -1.054309e+00 -6.296375e-01 -1.216542e+00 -5.068816e-01 -7.780467e-01 -1.579205e+00 -1.882184e+00 -1.435313e+00 -5.674951e-03 7.852555e-01 1.336781e+00 2.959668e-02 8.588594e-01 3.497783e-01 3.445478e-01 -3.510961e-01 2.774446e-01 -1.802789e-01 -6.675490e-01 4.297005e-01 -3.403974e-02 -4.300885e-01 -2.899270e-01 -4.055483e-01 2.340938e-01 
-2.059807e+01 -8.921228e+00 -4.109259e+00 6.571991e-01 -7.951326e+00 -3.124817e+00 -2.341803e+00 -2.478589e+00 -3.006008e+00 -3.261650e+00 -2.628532e+00 7.909648e-01 1.403513e+01 4.752653e-01 -6.968744e-01 7.702830e-02 -3.806876e-01 1.807581e+00 5.676699e-01 -1.227181e+00 -3.919253e-02 -6.976691e-01 3.458183e-01 1.829975e-01 5.882319e-02 -2.629436e-02 1.525467e+00 5.450395e-01 -3.042753e-01 -6.869006e-01 1.613724e-01 -1.595806e-01 -5.099769e-01 6.375487e-01 7.297578e-02 -4.555150e-01 -5.498319e-01 -1.543885e+00 4.574707e-01 
-1.887572e+01 -9.499298e+00 -5.056613e+00 9.642851e-01 -4.262776e+00 -2.926861e+00 -5.305821e+00 -5.523789e+00 -2.596204e+00 2.596529e-01 1.566226e+00 7.128991e+00 1.404262e+01 3.945674e+00 8.207747e-01 -3.806130e-01 -2.231344e+00 7.408493e-01 -2.028307e-01 -2.409435e+00 8.760037e-03 -6.665662e-01 -1.047443e+00 -8.910804e-01 -2.579701e+00 9.872472e-01 1.461642e+00 3.211423e-01 -6.358212e-01 -9.076587e-01 -3.755378e-01 -2.789661e-01 7.368036e-03 8.315551e-01 -5.875784e-02 -6.168737e-01 -5.104030e-01 -2.203215e+00 5.819899e-01 
-1.891000e+01 -9.733587e+00 -4.920352e+00 2.676955e+00 4.759735e+00 2.401322e+00 -4.211274e+00 -6.159277e-01 -2.440000e+00 1.388054e+00 7.380212e-01 1.454805e+00 1.377134e+01 5.829331e+00 7.950136e-01 -2.523999e+00 -3.615556e+00 -2.149373e-01 -1.224086e+00 -2.530373e+00 9.071280e-01 -1.092893e+00 -1.545702e+00 -8.551455e-01 -5.591750e+00 1.772060e+00 6.061063e-01 -2.247106e-01 -5.019500e-01 -7.137317e-01 -7.989722e-01 -2.961623e-01 6.129733e-01 4.241307e-01 -1.013215e-01 -3.723454e-01 -4.135678e-02 -1.225000e+00 4.427800e-01 
-1.400080e+00 -3.753961e+00 -9.224194e+00 -9.290540e+00 -7.287078e+00 -4.995574e+00 -1.216162e+01 -2.659496e+00 -4.406784e+00 -7.323832e+00 -4.456047e+00 -1.207627e+01 1.901775e+01 4.987859e+00 -1.945335e-01 -2.508233e+00 -4.137425e+00 -1.373352e+00 -1.277059e+00 -8.908930e-01 1.802526e+00 -1.531515e+00 -2.144237e+00 -1.247849e+00 -6.854038e+00 2.040369e+00 -1.259258e+00 -9.114618e-01 2.058430e-01 4.017394e-01 1.187005e-02 4.976910e-01 1.326535e+00 1.823121e-01 1.162325e-01 3.909723e-01 4.360251e-01 5.482036e-01 -1.083512e-01 
-1.894147e-01 -7.818474e+00 -1.464528e+01 -1.229359e+01 -7.513640e+00 -8.210845e+00 -1.156581e+01 6.252356e-01 -7.564848e+00 -7.198596e+00 -3.892903e+00 -1.756456e+01 2.040779e+01 2.984624e+00 -1.312779e+00 -1.368880e+00 -2.996224e+00 -1.130155e+00 -3.760794e-01 1.078431e+00 1.184517e+00 -7.718820e-01 -9.674365e-01 1.545077e-01 -3.928855e+00 1.660984e+00 -1.966896e+00 -7.645168e-01 9.693963e-01 1.103161e+00 5.988036e-01 1.065614e+00 1.143657e+00 -3.699828e-01 4.301177e-01 7.238003e-01 4.838338e-01 1.815528e+00 -4.718808e-01 
-3.296343e+00 -1.142937e+01 -1.273505e+01 -1.223772e+01 -4.992404e+00 -4.005796e+00 -6.082890e+00 2.868489e+00 -7.690730e+00 -6.168274e+00 -2.357467e+00 -1.763144e+01 2.092630e+01 -9.284875e-01 -2.682516e+00 7.107677e-02 -5.322816e-01 1.257805e+00 1.861499e+00 2.418638e+00 7.816592e-01 -2.460265e-01 6.181944e-01 7.843621e-01 -6.700029e-01 5.010278e-01 -1.520241e+00 -2.156976e-01 8.564448e-01 1.201982e+00 7.950026e-01 8.549048e-01 2.326313e-01 -7.610837e-01 4.983235e-01 7.481034e-01 3.701337e-01 1.845180e+00 -5.413914e-01 
-3.038826e+00 -1.245936e+01 -1.000941e+01 -1.083098e+01 -2.038476e+00 2.623087e-02 -1.858615e+00 2.542856e+00 -4.657169e+00 -4.027122e+00 4.612524e-01 -1.541209e+01 2.112199e+01 -1.047002e+00 -1.783455e+00 1.033345e+00 9.756042e-02 1.463554e+00 2.534737e+00 1.533109e+00 -4.322904e-01 4.149458e-01 6.919777e-01 5.480053e-01 3.940253e-01 1.822640e-01 -7.398974e-01 2.544010e-01 3.228933e-01 6.815847e-01 4.050794e-01 1.508039e-01 -6.438010e-01 -6.989884e-01 8.475730e-02 3.150674e-01 -3.751973e-02 8.000005e-01 -3.670405e-01 
-4.617373e+00 -1.484611e+01 -1.118660e+01 -1.268351e+01 -3.735192e+00 1.935866e-01 -4.921308e+00 2.895261e-01 -7.091185e+00 -5.818764e+00 -2.711683e+00 -1.650212e+01 2.116581e+01 -5.975675e-01 -1.037565e+00 5.729891e-01 3.255992e-01 1.304830e+00 1.542248e+00 4.483918e-02 -1.194439e+00 3.666278e-01 7.664723e-01 4.059531e-01 2.104136e-01 7.276543e-02 7.975929e-02 5.515425e-01 -5.919271e-02 1.450599e-01 -7.770963e-02 -4.590098e-01 -8.254327e-01 -3.966739e-01 -1.445204e-01 3.144454e-02 -3.258008e-02 6.184513e-02 -1.098939e-01 
-4.763690e+00 -1.502735e+01 -1.025305e+01 -1.158270e+01 -8.248507e-01 2.363167e+00 -4.481023e+00 -2.472426e-01 -5.790102e+00 -3.913388e+00 -9.757240e-01 -1.615981e+01 2.119941e+01 -8.803021e-01 -8.631406e-01 -5.353399e-03 -1.732277e-02 8.717023e-01 5.376011e-01 -9.535350e-01 -1.322454e+00 -6.545591e-01 5.337436e-01 1.561952e-01 -3.692067e-01 3.992673e-02 9.296238e-02 3.509763e-01 -2.567901e-01 -7.364559e-02 -2.379632e-01 -5.909670e-01 -5.228794e-01 -2.669416e-02 -3.692357e-01 -9.201790e-02 -2.450904e-02 -1.221841e-01 -4.065756e-02 
-5.421696e+00 -1.533339e+01 -9.748537e+00 -1.023376e+01 9.245319e-01 2.536567e+00 -4.547521e+00 -1.708243e+00 -5.291171e+00 -2.392985e+00 3.907094e-01 -1.620552e+01 2.125139e+01 -6.128026e-01 -3.848434e-01 2.945201e-01 2.503061e-01 1.165153e+00 5.651732e-01 -4.649880e-01 -7.566422e-01 -4.339457e-01 8.544789e-01 8.174182e-01 2.101076e-02 2.269185e-02 7.472673e-02 2.327813e-01 -1.444960e-01 -1.855641e-01 -2.630763e-01 -3.077013e-01 -1.345590e-01 2.426427e-01 -2.920205e-01 -1.810292e-01 -7.880108e-02 1.576061e-02 -1.377896e-02 
-7.038285e+00 -1.653169e+01 -1.075497e+01 -1.214216e+01 -1.031857e-02 1.542633e+00 -6.813303e+00 -3.070317e+00 -8.830555e+00 -3.071240e+00 -3.090174e-01 -1.740625e+01 2.127886e+01 -5.745377e-01 -3.550035e-01 -1.113324e-01 -2.331246e-01 3.435555e-01 6.854876e-02 -8.264528e-01 -7.847913e-01 -1.030831e+00 1.879397e-01 2.197266e-01 -1.222336e-01 4.043381e-03 1.831933e-01 2.290164e-01 -3.262727e-02 -1.084430e-01 -1.781216e-01 -7.234246e-02 1.090294e-01 3.212820e-01 -5.914238e-03 -1.341457e-01 -1.359158e-01 1.852726e-01 6.374249e-04 
-6.544571e+00 -1.601857e+01 -9.463080e+00 -1.115194e+01 1.683218e+00 3.429635e+00 -6.080208e+00 -2.082424e+00 -7.740347e+00 -1.967439e+00 1.042407e+00 -1.577367e+01 2.123959e+01 -3.768360e-01 -1.278767e-01 -9.650577e-02 -4.942752e-01 2.534864e-01 2.382152e-01 -6.915779e-01 -2.500989e-01 -9.054074e-01 3.423917e-02 -1.990592e-02 1.657881e-01 2.182195e-02 1.722993e-01 1.779051e-01 -1.085676e-02 -4.559265e-02 -1.312221e-01 -1.298643e-02 1.908073e-01 2.442971e-01 1.349443e-01 -6.984933e-02 -1.765797e-01 1.393116e-01 6.859957e-03 
-7.075073e+00 -1.645960e+01 -1.095246e+01 -1.228896e+01 5.131795e-01 2.259278e+00 -7.846714e+00 -3.983556e+00 -9.719076e+00 -3.186253e+00 -2.030527e-01 -1.698687e+01 2.122574e+01 -8.223218e-02 1.534556e-01 2.701457e-02 -1.872002e-01 4.369604e-01 3.393855e-01 -2.950456e-01 3.068525e-02 -4.484121e-01 2.731906e-01 -1.046806e-01 4.846388e-01 4.351507e-02 1.669707e-01 1.639294e-01 8.314699e-02 1.457441e-01 1.637338e-02 9.737451e-02 3.065555e-01 2.105473e-01 3.492063e-01 7.065145e-02 1.068596e-02 1.121304e-01 3.482991e-03 
-7.287859e+00 -1.600905e+01 -1.013231e+01 -1.263227e+01 1.930211e+00 3.369568e+00 -7.489015e+00 -2.502404e+00 -9.374051e+00 -2.164238e+00 2.382164e-01 -1.558627e+01 2.138715e+01 2.623640e-03 2.504890e-01 1.711042e-01 -6.229532e-04 4.622486e-01 3.647866e-01 2.233237e-01 5.713696e-02 -5.044002e-02 4.625382e-01 9.663452e-02 4.141237e-01 3.720830e-02 8.840346e-02 6.706887e-02 1.555912e-03 1.880190e-01 -9.681834e-02 -1.608443e-02 2.133087e-01 -1.119792e-02 2.950344e-01 -9.971732e-03 3.339953e-02 -9.222296e-02 -8.207828e-03 
-7.078418e+00 -1.576864e+01 -1.028539e+01 -1.233828e+01 2.050984e+00 3.269835e+00 -7.584473e+00 -2.706670e+00 -1.025568e+01 -1.607066e+00 -4.305915e-01 -1.507696e+01 2.142279e+01 7.047287e-02 2.753914e-01 1.705822e-01 2.487225e-01 3.209575e-01 4.921179e-01 2.489499e-01 1.144254e-01 2.876410e-01 3.270613e-01 2.147632e-01 3.143126e-01 1.377538e-02 -8.399389e-03 -2.037939e-02 -9.283452e-02 7.038234e-02 -2.108215e-01 -1.321475e-01 4.557677e-02 -1.386421e-01 1.387560e-01 -1.742138e-01 -4.574028e-03 -2.467853e-01 -1.230476e-02 
-6.529940e+00 -1.511134e+01 -8.940893e+00 -1.113036e+01 3.225563e+00 4.748081e+00 -5.094527e+00 -2.435079e+00 -7.724267e+00 -4.444799e-01 1.639471e+00 -1.465833e+01 2.132722e+01 -1.137137e-02 1.465860e-01 -1.606152e-01 2.278478e-01 -1.725392e-01 8.146642e-02 1.028354e-01 -3.481259e-01 2.017102e-01 -4.265552e-02 -1.265936e-02 -2.101220e-01 -4.329401e-03 -5.233071e-02 -5.112604e-02 -8.247130e-02 -1.954348e-02 -1.347923e-01 -2.024139e-01 -6.051011e-02 -7.538876e-02 -2.737847e-03 -1.930871e-01 -9.595754e-02 -1.607320e-01 -9.202061e-03 
-7.100992e+00 -1.553129e+01 -1.069503e+01 -1.179655e+01 1.470278e+00 4.030680e+00 -7.798985e+00 -3.444956e+00 -9.105289e+00 -2.410876e+00 1.700748e-01 -1.587946e+01 2.132450e+01 -1.173083e-01 1.035435e-01 -2.712928e-01 5.048423e-02 -2.998411e-01 -1.796006e-01 -7.012735e-03 -4.597323e-01 1.195408e-01 -3.452561e-01 -7.291494e-02 -4.371669e-01 2.792901e-03 -1.236623e-02 -1.478909e-02 5.271468e-02 5.528226e-03 4.603042e-02 -1.287352e-01 5.286946e-02 9.810299e-02 1.073823e-03 -1.873431e-02 -2.958100e-02 4.263295e-02 -8.824938e-03 
-7.333426e+00 -1.539459e+01 -1.073039e+01 -1.176380e+01 1.358132e+00 3.396390e+00 -6.867467e+00 -3.873638e+00 -8.940816e+00 -1.975745e+00 -1.256055e-01 -1.623537e+01 2.141485e+01 -1.649622e-01 8.089527e-02 -2.018002e-02 8.166858e-04 9.863646e-02 -3.114911e-01 4.858571e-02 -3.268569e-02 1.986693e-02 -1.666649e-01 -2.393871e-01 -1.373580e-02 -3.350764e-03 2.522998e-02 9.853867e-03 1.128833e-01 6.226946e-02 1.215727e-01 9.732301e-03 6.346568e-02 2.221281e-01 1.562747e-02 9.761322e-02 4.274958e-02 1.776742e-01 -8.910648e-03 
-7.263613e+00 -1.510964e+01 -1.074720e+01 -1.176958e+01 1.485715e+00 3.047701e+00 -6.732861e+00 -4.286290e+00 -9.050159e+00 -2.567740e+00 8.752447e-02 -1.647453e+01 2.139305e+01 8.553080e-02 2.342810e-01 3.639547e-01 3.898071e-01 4.155461e-01 4.488447e-02 5.402797e-01 4.472643e-01 3.841322e-01 2.954144e-01 1.801188e-01 4.292828e-01 -3.080696e-02 1.694105e-02 -3.464036e-02 1.775812e-02 2.678786e-02 2.436577e-02 2.198964e-02 -2.217672e-02 9.104419e-02 -3.022807e-02 5.346332e-02 2.409358e-02 8.538160e-02 -5.893663e-03 
-7.273646e+00 -1.491752e+01 -9.015923e+00 -1.113961e+01 3.711376e+00 3.682368e+00 -5.384654e+00 -2.178145e+00 -7.652598e+00 -1.199410e+00 4.837661e-01 -1.442974e+01 2.127637e+01 1.325276e-02 1.304853e-01 8.611221e-02 3.693643e-01 7.765263e-02 1.796363e-02 1.464449e-01 3.089233e-01 1.473164e-01 1.250905e-01 7.469633e-02 2.449898e-01 -3.205745e-02 2.599967e-02 -1.191223e-01 -7.029064e-02 -1.152852e-01 -1.042833e-01 -2.888055e-02 -1.212202e-01 -1.677045e-01 -1.187628e-01 -1.139243e-01 9.274632e-03 -1.306473e-01 -1.213907e-03 
-6.703011e+00 -1.459822e+01 -9.732582e+00 -1.015901e+01 2.371530e+00 4.111902e+00 -5.838346e+00 -2.056776e+00 -7.829475e+00 -1.321771e+00 7.662385e-01 -1.463566e+01 2.123959e+01 -1.217371e-01 -9.460202e-02 -2.355836e-01 9.686633e-05 -1.674816e-01 -2.343107e-01 -1.667646e-01 -1.754118e-01 -9.528603e-02 -2.238248e-01 -1.094455e-01 -1.396069e-01 -1.232160e-02 1.309262e-02 -1.842664e-01 -6.209286e-02 -2.477791e-01 -8.168554e-02 -7.539558e-02 -2.094182e-01 -2.394504e-01 -1.957469e-01 -2.118105e-01 -8.643108e-02 -1.989093e-01 -4.796577e-03 
-7.547049e+00 -1.499777e+01 -1.080714e+01 -1.072194e+01 1.303194e+00 2.954012e+00 -6.582166e+00 -3.444040e+00 -8.814475e+00 -1.972870e+00 -9.168483e-02 -1.593047e+01 2.133108e+01 6.852420e-02 -3.502806e-01 -7.175994e-02 -3.806876e-01 -1.312172e-01 -3.162673e-01 -2.039301e-01 -5.600225e-01 -3.341272e-01 -4.766439e-01 -4.819725e-02 -3.826625e-01 -1.862837e-02 8.443662e-02 -1.326417e-01 7.672798e-02 -1.632293e-01 3.909286e-02 -3.871995e-03 -1.038300e-01 -4.533377e-02 -1.102154e-01 -1.154597e-01 -4.087163e-02 -6.621548e-02 -1.357326e-02 
-7.735588e+00 -1.554217e+01 -1.102921e+01 -1.197764e+01 1.852118e+00 2.240011e+00 -6.967752e+00 -4.530401e+00 -8.945411e+00 -3.299987e+00 -1.718337e-01 -1.642202e+01 2.130406e+01 1.232642e-01 -4.465626e-01 1.324715e-01 -4.741202e-01 1.115496e-01 -1.649461e-01 -3.316117e-01 -3.154503e-01 -3.540909e-01 -4.626873e-01 -1.906466e-01 -2.513409e-01 -6.157966e-02 8.674568e-02 7.058717e-03 1.013213e-01 8.607049e-02 3.045135e-02 4.901864e-02 1.098322e-02 1.771283e-01 1.447242e-02 -1.098280e-02 3.656213e-04 6.907286e-02 -1.204763e-02 
-6.414558e+00 -1.619675e+01 -8.726584e+00 -1.213407e+01 3.315007e+00 3.037123e+00 -5.839419e+00 -3.741277e+00 -8.765317e+00 -2.593618e+00 7.119053e-01 -1.544949e+01 2.115105e+01 3.129940e-01 -3.568282e-01 2.857495e-01 -2.096585e-01 1.336095e-01 -3.609517e-02 -2.902501e-01 1.523348e-01 -2.742361e-01 -3.327219e-01 -8.899633e-02 -3.025744e-02 -7.533494e-02 -2.935854e-02 1.670097e-01 -4.140508e-02 3.132309e-01 -8.647286e-02 2.997501e-03 4.769601e-02 2.785984e-01 1.377742e-01 1.324535e-02 -2.953690e-02 1.362228e-01 1.768794e-03 
-6.652845e+00 -1.623144e+01 -1.011032e+01 -1.182352e+01 1.923401e+00 3.245279e+00 -7.867629e+00 -3.485259e+00 -9.623976e+00 -3.324907e+00 -5.887880e-01 -1.613298e+01 2.102188e+01 1.896962e-01 -5.585308e-02 9.227256e-02 3.448904e-01 -1.476814e-01 -1.292326e-01 -6.860562e-02 3.539053e-01 -5.289932e-02 -3.507677e-01 -8.720951e-02 2.952707e-02 -4.418167e-02 -1.265166e-01 2.098497e-01 -6.626909e-02 3.585359e-01 -1.408373e-01 -9.946126e-02 1.425010e-01 2.177163e-01 2.425373e-01 -1.794792e-02 -3.280060e-02 1.278214e-01 9.294116e-03 
-6.523669e+00 -1.643716e+01 -9.838227e+00 -1.184702e+01 1.935660e+00 2.270611e+00 -7.583937e+00 -3.204509e+00 -9.845877e+00 -3.623940e+00 -3.282291e-01 -1.622631e+01 2.109566e+01 -1.112851e-01 2.893453e-01 -2.586589e-01 7.760623e-01 -4.341376e-01 -3.189811e-01 -9.707921e-02 4.984703e-01 2.041695e-01 -4.664209e-01 -2.476263e-01 1.579531e-01 -1.846527e-02 -1.986895e-01 1.472155e-01 -5.296704e-02 2.374782e-01 -1.129654e-01 -1.963526e-01 1.350837e-01 1.422204e-01 2.626930e-01 -7.790042e-02 -1.202589e-01 5.350544e-02 -1.196765e-03 
-6.732275e+00 -1.570165e+01 -1.001243e+01 -1.039674e+01 1.803537e+00 1.977077e+00 -6.438980e+00 -3.029555e+00 -8.669298e+00 -4.538929e+00 -8.808263e-02 -1.588626e+01 2.111087e+01 -2.971176e-01 2.796849e-01 7.326943e-02 8.258738e-01 -3.087727e-01 -5.208875e-01 2.844670e-01 6.000336e-01 6.196460e-01 -4.856223e-01 -2.752228e-01 2.935328e-01 -4.352924e-02 -1.375291e-01 1.025317e-02 2.723197e-02 6.898261e-04 -1.056221e-01 -2.316429e-01 3.410791e-02 1.193896e-01 1.489782e-01 -7.700169e-02 -2.027775e-01 -3.965201e-02 -1.683023e-02 
-6.931683e+00 -1.501511e+01 -1.006849e+01 -8.966886e+00 1.204215e+00 2.076433e+00 -7.039076e+00 -1.476956e+00 -8.222281e+00 -4.318808e+00 -7.764024e-01 -1.478339e+01 2.101416e+01 -4.370677e-01 2.115254e-01 3.046019e-02 7.373360e-01 -3.507404e-01 -8.220102e-01 2.084874e-01 7.404964e-01 7.031175e-01 -6.547906e-01 -5.962549e-01 1.053223e-01 -8.158734e-02 1.729629e-02 -7.793666e-02 1.940103e-01 -1.655752e-01 -8.067128e-02 -1.826136e-01 1.227422e-01 1.468527e-01 2.024768e-02 2.047260e-02 -1.853564e-01 -7.307256e-02 -2.091002e-02 
-7.934579e+00 -1.554387e+01 -9.628662e+00 -9.134492e+00 7.451895e-01 7.383428e-01 -6.717845e+00 -1.349176e+00 -7.337894e+00 -5.405677e+00 -1.740891e+00 -1.538678e+01 2.084503e+01 -3.350281e-01 3.420334e-02 8.391954e-02 3.676367e-01 -7.173656e-01 -1.035966e+00 -5.077215e-02 8.298947e-01 4.425766e-01 -6.416341e-01 -9.267176e-01 -1.425024e-01 -9.675621e-02 1.901205e-01 -6.327638e-02 1.991146e-01 -2.302827e-01 -2.003949e-01 -1.088451e-01 1.508534e-01 1.614115e-01 -1.374168e-01 6.465995e-02 -1.692584e-01 -6.047036e-02 -1.683023e-02 
-8.108068e+00 -1.545784e+01 -9.877898e+00 -8.791573e+00 7.106832e-01 -1.219682e+00 -6.402513e+00 -3.425054e-01 -6.996544e+00 -6.464751e+00 -2.482943e+00 -1.594974e+01 2.082074e+01 -5.879658e-03 2.239618e-02 7.060110e-01 1.774604e-01 -6.332150e-01 -9.744169e-01 6.841463e-01 1.117610e+00 3.939694e-01 -2.860517e-01 -8.485938e-01 1.045053e-02 -9.637563e-02 2.752004e-01 -3.378470e-02 2.367780e-01 -2.243691e-01 -3.055131e-01 -1.823957e-02 2.448481e-01 1.455844e-01 -1.887589e-01 9.589066e-02 -9.516367e-02 1.619304e-02 -1.328185e-02 
-7.819198e+00 -1.530890e+01 -9.688169e+00 -8.646699e+00 -1.536318e+00 -1.554771e+00 -7.011190e+00 5.528726e-01 -7.069132e+00 -6.674330e+00 -3.868588e+00 -1.601548e+01 2.072403e+01 4.378862e-01 5.781765e-02 7.310700e-01 -4.553969e-02 -1.169540e+00 -9.889628e-01 8.007382e-01 1.218608e+00 8.713593e-02 -3.467674e-01 -9.953116e-01 3.855436e-02 -1.203522e-01 1.767990e-01 7.534024e-02 1.457517e-01 -1.504247e-01 -3.027137e-01 -2.034981e-02 2.741435e-01 8.155895e-02 -1.692385e-01 5.563524e-02 1.165625e-02 2.860991e-02 -8.842080e-03 
-7.019055e+00 -1.502055e+01 -6.508474e+00 -8.323815e+00 -8.207645e-01 -1.649215e+00 -3.471208e+00 3.159773e+00 -6.386891e+00 -5.114950e+00 -3.955642e+00 -1.441690e+01 2.059258e+01 5.525036e-01 3.076853e-02 8.906128e-01 -1.778425e-01 -1.652276e+00 -9.366409e-01 1.007097e+00 1.273916e+00 -6.302584e-02 -3.227656e-01 -1.037699e+00 9.578399e-02 -1.362279e-01 1.587533e-02 1.911393e-01 -2.988179e-02 -1.024805e-01 -2.092798e-01 -1.188126e-01 1.045416e-01 -9.132618e-02 -9.277411e-02 -1.892154e-02 1.436596e-01 -3.279493e-02 -3.973763e-03 
-6.289562e+00 -1.547348e+01 -7.658063e+00 -9.596470e+00 -4.336783e+00 -3.991818e+00 -4.179634e+00 2.992606e+00 -7.206959e+00 -7.814232e+00 -5.981277e+00 -1.596031e+01 2.035739e+01 2.697689e-01 4.066655e-01 7.204199e-01 -2.069232e-01 -1.721469e+00 -1.156675e+00 1.158456e+00 1.159622e+00 -1.749962e-01 -3.451672e-01 -7.738451e-01 -4.218028e-02 -1.210590e-01 -8.992693e-02 2.392843e-01 -1.611571e-02 -1.040933e-01 1.023423e-01 -9.806940e-02 2.799950e-02 -2.301306e-01 3.168269e-02 8.008806e-02 3.124456e-01 -1.593022e-02 5.282897e-03 
-6.110638e+00 -1.522185e+01 -6.439482e+00 -9.206158e+00 -6.150638e+00 -4.684286e+00 -2.783161e+00 4.807177e+00 -7.242794e+00 -7.508491e+00 -6.615263e+00 -1.549823e+01 2.032289e+01 1.576317e-01 8.037080e-01 5.620257e-01 -2.542873e-01 -1.403698e+00 -1.484610e+00 1.028077e+00 6.904221e-01 6.109632e-02 -3.815255e-01 -2.411739e-01 -1.132063e-01 -1.159484e-01 -5.321882e-02 1.860054e-01 -1.259350e-01 -1.027737e-01 2.755378e-01 -7.575476e-02 -1.804344e-01 -3.655159e-01 6.772029e-02 1.498516e-01 2.868653e-01 -2.389926e-02 7.734197e-03 
-6.924576e+00 -1.317480e+01 -6.120823e+00 -9.240065e+00 -7.478680e+00 -5.820264e+00 -1.562589e+00 5.527602e+00 -7.516609e+00 -7.203068e+00 -6.408137e+00 -1.568526e+01 2.025364e+01 1.856217e-01 8.678960e-01 8.148091e-01 -5.278187e-01 -7.822540e-01 -1.205198e+00 9.302181e-01 3.597049e-01 1.836272e-01 8.295397e-02 1.687030e-01 6.342199e-02 -1.040416e-01 6.051714e-02 6.239128e-02 -2.155692e-01 -1.191934e-02 2.067708e-01 1.050971e-01 -4.749471e-01 -2.593584e-01 -1.804228e-02 2.737634e-01 1.018490e-01 2.372965e-02 6.157137e-03 
-5.913320e+00 -1.215128e+01 -4.467158e+00 -9.773323e+00 -6.268232e+00 -8.158334e+00 3.605098e-01 5.344404e+00 -5.927010e+00 -7.328304e+00 -4.948047e+00 -1.512041e+01 2.006477e+01 3.284062e-01 7.301816e-01 2.137046e-01 -5.312739e-01 -7.441603e-01 -1.291062e+00 2.189777e-01 -1.537695e-01 9.624980e-02 2.124749e-01 -7.460249e-02 -7.658619e-02 -1.059989e-01 1.128558e-01 5.309312e-02 -2.535806e-01 1.708158e-01 -3.296036e-02 2.780018e-01 -6.168741e-01 -1.473553e-01 -1.061150e-01 3.556973e-01 -7.933033e-02 5.159040e-02 -8.882098e-04 
-5.460156e+00 -1.266950e+01 -4.570215e+00 -1.195182e+01 -8.189239e+00 -8.281112e+00 -1.099780e+00 4.522305e+00 -6.946926e+00 -7.489641e+00 -5.971071e+00 -1.583261e+01 1.996601e+01 4.867802e-01 7.555133e-01 -1.833772e-01 -1.278870e-01 -1.017273e+00 -7.278957e-01 -8.119163e-01 2.848763e-01 -2.829159e-01 7.265581e-01 -3.479861e-01 5.814188e-02 -9.523389e-02 1.711743e-01 1.808714e-01 -7.701901e-02 3.435320e-01 -4.030362e-02 9.387241e-02 -5.542940e-01 -1.206643e-01 -1.935523e-01 3.598539e-01 -1.099385e-01 7.450911e-02 -2.663544e-02 
-5.200967e+00 -1.182314e+01 -6.146264e+00 -1.050694e+01 -9.515919e+00 -9.909336e+00 -1.919215e+00 4.541083e+00 -7.046161e+00 -6.303094e+00 -7.206625e+00 -1.580767e+01 1.993650e+01 5.712817e-01 1.125292e+00 -2.068701e-01 4.000286e-01 -1.450939e+00 -3.334185e-01 -1.185220e+00 -8.921589e-03 -2.361893e-01 1.075118e+00 -3.793547e-01 1.473928e-01 -1.248105e-01 2.200790e-01 3.746495e-01 3.350739e-01 3.923070e-01 2.238510e-01 -1.211473e-01 -3.240444e-01 -3.173176e-01 -2.912697e-01 2.733890e-01 5.192321e-02 1.212732e-01 -5.959943e-02 
-4.846881e+00 -9.561186e+00 -6.198008e+00 -9.512474e+00 -1.094112e+01 -8.584468e+00 -4.482095e+00 7.353623e+00 -8.371593e+00 -4.082712e+00 -7.018410e+00 -1.505089e+01 1.984161e+01 9.200941e-01 1.574823e+00 6.400221e-01 7.242352e-01 -6.304172e-01 -1.214642e+00 -1.139063e+00 -3.161575e-01 -6.179590e-01 1.450879e+00 -2.285669e-01 3.240212e-01 -2.278392e-01 1.943834e-01 4.523432e-01 5.887410e-01 6.049034e-01 5.149038e-01 -3.934577e-01 -1.552528e-01 -8.128114e-01 -2.926558e-01 -1.139618e-01 1.693281e-01 2.016431e-01 -8.987214e-02 
-3.363230e+00 -8.078946e+00 -4.687503e+00 -8.993086e+00 -1.214703e+01 -9.673602e+00 -3.874490e+00 3.883862e+00 -6.395620e+00 -3.656207e+00 -6.321384e+00 -1.477470e+01 1.950312e+01 1.212218e+00 2.193733e+00 1.477413e+00 1.004101e+00 1.817109e-01 -1.653408e+00 -1.237671e+00 -1.439860e+00 -1.192711e+00 1.217262e+00 1.253229e-01 3.970911e-01 -3.377183e-01 -8.886121e-02 3.456712e-01 5.449293e-01 7.809430e-01 7.139833e-01 -3.023134e-01 -1.247108e-01 -1.145732e+00 -1.292160e-01 -5.959034e-01 9.911451e-02 3.886375e-01 -1.005687e-01 
-1.778831e+00 -6.667435e+00 -2.099851e+00 -9.087871e+00 -1.002580e+01 -1.447214e+01 -5.817431e+00 3.269692e+00 -1.036181e+01 -1.558824e+00 -7.556338e+00 -1.472898e+01 1.904363e+01 1.138168e+00 2.483008e+00 1.918244e+00 2.594470e+00 7.408493e-01 -2.035076e+00 -1.561971e+00 -3.063882e+00 -1.268081e+00 8.570973e-02 2.462311e-01 9.416242e-01 -4.381917e-01 -7.375292e-01 -1.262142e-02 2.952451e-01 1.053262e+00 6.666375e-01 3.146392e-01 4.576376e-02 -1.066211e+00 2.466378e-01 -9.846023e-01 -6.830433e-02 5.011925e-01 -1.181049e-01 
-6.735135e-01 -2.301645e+00 -8.088284e-01 -5.698750e+00 -9.065065e+00 -1.523261e+01 -7.439677e+00 -6.159277e-01 -1.201435e+01 -1.478954e+00 -6.310878e+00 -1.398315e+01 1.864703e+01 1.785872e-02 2.399499e+00 1.878671e+00 3.369428e+00 1.433316e+00 -1.434676e+00 -1.597188e+00 -4.363835e+00 -5.571998e-01 -1.221856e+00 -1.212584e-01 1.781673e+00 -5.225176e-01 -1.507926e+00 -8.112928e-01 -9.592803e-02 8.193569e-01 4.860987e-01 8.940565e-01 5.035829e-01 -2.696708e-01 5.547478e-01 -1.119299e+00 -3.340751e-01 4.462123e-01 -1.703708e-01 
-5.004419e-01 -3.492928e-02 1.453696e+00 1.812336e+00 -8.777663e+00 -1.598061e+01 -1.050934e+01 -5.715689e+00 -1.190271e+01 -4.742437e+00 -5.792462e+00 -1.073801e+01 1.807880e+01 -2.170501e+00 1.408771e+00 1.915738e+00 4.807915e+00 2.076927e+00 2.490704e-01 -7.303919e-01 -4.185180e+00 2.974781e-01 -2.252600e+00 -4.466583e-01 2.137825e+00 -7.259653e-01 -1.852745e+00 -1.578818e+00 -7.241020e-01 -2.077035e-01 -3.373120e-02 1.242560e+00 9.895755e-01 9.921976e-01 7.081386e-01 -4.221123e-01 -1.195228e-04 1.354198e-01 -1.745706e-01 
-3.913381e+00 6.019681e-01 2.929274e+00 2.404160e+00 -5.604438e+00 -1.609319e+01 -9.514007e+00 -1.344250e+01 -8.411103e+00 -8.173647e+00 -7.809392e+00 -7.861999e+00 1.737300e+01 -4.672950e+00 -1.325552e+00 9.989933e-01 3.994231e+00 1.944245e+00 1.674898e+00 8.645790e-01 -2.227329e+00 7.981620e-01 -3.210184e+00 -1.198414e+00 2.030179e+00 -1.045653e+00 -1.287796e+00 -1.885885e+00 -1.216742e+00 -1.141466e+00 -6.508492e-01 1.043704e+00 1.035700e+00 2.148736e+00 5.896881e-01 7.017815e-01 7.348738e-01 -5.330440e-02 -7.015888e-02 
-1.101141e+01 -1.075116e+00 5.609634e+00 1.090046e+01 -1.371504e+00 -1.279669e+01 -8.432331e+00 -1.124276e+01 -1.067605e+01 -9.474248e+00 -9.040442e+00 -7.100680e+00 1.605084e+01 -5.780150e+00 -3.548625e+00 -1.262379e+00 1.243657e+00 3.168683e-01 2.622881e+00 2.155182e+00 8.287631e-01 1.594830e+00 -1.030730e+00 7.843621e-01 1.494503e+00 -1.049459e+00 4.879422e-02 -1.322064e+00 -1.307034e+00 -1.787905e+00 -8.962603e-01 2.875204e-01 4.500408e-01 2.115703e+00 4.903536e-01 1.279063e+00 9.207281e-01 -6.738921e-02 1.323734e-01 
-1.878333e+01 -8.409466e+00 2.108263e+00 9.728374e+00 -3.047334e+00 -8.450356e+00 -4.155501e+00 -8.988971e+00 -8.637138e+00 -1.516386e+01 -1.067914e+01 -5.650963e+00 1.443264e+01 -4.616261e+00 -4.551267e+00 -2.616091e+00 -5.557477e-01 -9.409779e-01 2.596828e+00 2.138398e+00 3.872832e+00 1.742532e+00 1.676141e+00 2.937581e+00 1.836859e+00 -7.115576e-01 1.337723e+00 -1.062489e-02 -7.271182e-01 -1.384168e+00 -3.926179e-01 -4.462586e-01 -4.521340e-01 1.053025e+00 3.432578e-01 1.262324e+00 4.795557e-01 -2.097817e-01 2.986504e-01 
-2.196634e+01 -1.327240e+01 -4.447322e+00 4.368432e+00 -8.471646e+00 -6.687265e+00 -2.413128e+00 -3.798069e+00 -3.815509e+00 -6.401175e+00 -4.356946e-01 -4.371268e+00 1.430165e+01 -1.954906e+00 -3.588662e+00 -2.811969e+00 -1.856606e+00 -9.618541e-01 1.225711e+00 8.828620e-01 3.343090e+00 2.277067e+00 1.699520e+00 2.089039e+00 1.897495e+00 -2.311557e-01 1.913152e+00 1.211654e+00 3.620647e-01 -3.314004e-01 5.302801e-01 -7.747821e-01 -1.071078e+00 -4.840815e-01 8.683639e-02 1.577155e-01 -8.778335e-01 -5.899482e-01 2.588468e-01 
-2.151736e+01 -1.605597e+01 -5.122587e+00 2.890797e+00 -6.759040e+00 -6.163665e+00 -1.831265e+00 2.199360e+00 -3.128673e+00 -1.329118e+00 2.576042e+00 -4.289650e-02 1.468986e+01 1.030688e-01 -1.358505e+00 -1.861709e+00 -1.376486e+00 6.203268e-01 1.422554e-01 -7.600644e-01 1.780742e+00 2.173343e+00 1.736412e+00 5.470127e-01 7.798142e-01 3.840441e-02 1.682720e+00 1.852428e+00 9.964644e-01 3.181671e-01 9.037722e-01 -5.896201e-01 -9.206740e-01 -1.465253e+00 -4.627371e-01 -6.943887e-01 -1.400951e+00 -8.845555e-01 7.573636e-02 
-1.941876e+01 -1.519533e+01 -4.834543e+00 5.036161e+00 -4.324978e+00 -7.811533e+00 -5.179795e+00 -1.217523e-01 -2.044898e+00 -7.893783e+00 -5.223014e+00 -4.173218e-01 1.476659e+01 1.425863e+00 9.131926e-01 1.707910e-01 -2.926375e-03 2.187550e+00 -2.372026e-02 -1.750945e+00 -5.454528e-01 1.813707e+00 -2.721840e-01 -2.409481e+00 -9.268548e-01 -1.301930e-01 9.913639e-01 1.524426e+00 9.248499e-01 1.913912e-01 3.721362e-01 -3.512806e-03 -1.450929e-01 -1.138343e+00 -1.096918e+00 -8.213338e-01 -5.705608e-01 -6.316466e-01 -1.096882e-01 
-1.954208e+01 -1.424049e+01 -7.006946e+00 2.512045e+00 -2.018499e+00 -7.176488e+00 -6.571977e+00 -1.923958e+00 1.344256e+00 -5.735699e+00 -5.550214e+00 -3.728586e+00 1.439246e+01 2.106658e+00 2.459930e+00 8.749509e-01 1.082138e-01 2.003108e+00 2.733860e-01 -1.147905e+00 -1.509172e+00 -3.396244e-01 -8.099135e-01 -1.817944e+00 -1.173658e+00 -3.833337e-01 3.804106e-01 6.231896e-01 4.515056e-01 -1.658196e-01 -4.760309e-01 3.893506e-01 7.027295e-01 -2.369137e-01 -9.208305e-01 -5.374113e-01 5.160738e-01 2.329633e-01 -2.017920e-01 
-1.582439e+01 -9.614232e+00 -2.650929e+00 4.543359e+00 9.637879e-02 -6.298910e+00 -8.798074e+00 -4.463992e+00 3.016550e+00 -5.559027e+00 -8.419965e+00 -7.162644e+00 1.379949e+01 1.999836e+00 2.124285e+00 4.439349e-01 -1.641955e+00 2.074296e-01 1.142669e+00 3.514548e-01 -7.038802e-01 -1.950898e+00 -1.133938e+00 4.186594e-01 -2.840436e-01 -5.686767e-01 -7.293463e-02 -2.637856e-01 -1.340941e-01 -5.848055e-01 -1.175467e+00 3.042227e-01 8.882881e-01 6.621442e-01 -1.806735e-01 1.121426e-01 1.122460e+00 7.385340e-01 -1.853871e-01 
-1.278100e+01 -6.546720e+00 -1.839404e+00 3.678355e+00 1.046212e+00 -5.552797e+00 -5.762195e+00 -3.175655e+00 -7.357190e+00 -6.546218e+00 -4.915327e+00 -2.538435e+00 1.325668e+01 1.718164e+00 1.151804e+00 2.592286e-01 -1.385988e+00 -7.697713e-01 1.505774e+00 1.702452e+00 6.752866e-01 -5.483753e-01 -5.198471e-01 1.713310e+00 1.623440e+00 -7.513011e-01 -2.812828e-01 -5.799798e-01 -3.866784e-01 -3.413704e-01 -8.779629e-01 1.508039e-01 2.436015e-01 6.458207e-01 8.088013e-01 6.451618e-01 5.911389e-01 3.666455e-01 -1.309100e-01 
-1.279981e+01 -8.420688e+00 -5.198479e+00 -3.756826e+00 -4.819872e+00 -2.910239e+00 -3.827298e+00 -3.015357e+00 -7.449074e+00 -1.315849e+01 -3.447432e+00 -2.432644e+00 1.249095e+01 1.255797e+00 2.482349e-01 -1.918347e-01 -2.179804e+00 -2.303313e+00 8.812760e-01 1.265457e+00 1.673096e+00 1.014869e+00 1.434919e-01 1.437247e+00 1.367270e+00 -8.731958e-01 -1.905782e-01 -2.754226e-01 -3.877225e-01 3.824836e-01 3.381870e-02 3.330410e-02 -4.625432e-01 1.069816e-01 7.524348e-01 7.592251e-01 -2.110249e-01 -3.231398e-01 -4.406881e-02 
-1.246370e+01 -9.078327e+00 -4.436543e+00 -2.679121e-01 -3.409197e+00 -1.342082e+00 -5.452665e-01 7.282842e-01 3.834780e+00 -4.535095e+00 5.299944e-01 2.023432e+00 1.129024e+01 1.072268e+00 4.980099e-01 -7.405239e-01 -1.329698e+00 -1.131231e+00 1.158083e+00 -3.867606e-01 5.314289e-01 2.221661e+00 1.777126e+00 6.283130e-01 -1.660075e-01 -8.856462e-01 -1.225498e-01 1.160696e-01 -3.450708e-01 5.930762e-01 8.021836e-01 1.524652e-01 -8.554137e-01 -4.770778e-01 -2.144588e-01 3.002156e-02 -7.770999e-01 -9.170494e-01 8.002185e-02 
-9.704592e+00 -7.107108e+00 -2.311572e+00 -4.382172e+00 -9.192648e+00 -3.998240e+00 -5.079511e+00 1.949754e+00 2.494647e+00 -5.846878e+00 -3.956542e+00 -2.607199e+00 1.041690e+01 1.369883e+00 1.074199e+00 -9.947690e-01 2.422441e-01 5.573753e-01 1.483087e+00 -9.165193e-01 -9.690536e-02 4.262296e-01 1.513640e+00 -9.405898e-02 -1.004864e+00 -7.218876e-01 -2.521531e-01 2.241107e-01 -1.716028e-01 7.001075e-01 1.483281e+00 4.036732e-01 -4.363644e-01 -3.512881e-01 -4.482989e-01 -6.013706e-01 -6.409068e-01 -5.069219e-01 1.824965e-01 
-8.967155e+00 -4.713557e+00 -6.985385e+00 -2.657558e+00 -2.423949e+00 7.817873e-01 -7.070181e+00 -3.000701e+00 -1.220695e+00 -1.316659e+00 -1.518755e+00 -3.281618e+00 9.865470e+00 1.048175e+00 1.319251e+00 -1.064621e+00 3.683565e-01 1.810809e+00 1.967228e+00 -1.483743e+00 -8.251054e-01 -1.326236e+00 -1.054732e+00 -1.406479e+00 -1.775761e+00 -4.268830e-01 -4.846576e-01 8.338343e-02 2.505827e-01 2.991556e-01 9.905119e-01 2.297741e-02 3.392168e-01 2.446280e-01 1.104572e-01 -6.487784e-01 -2.108485e-01 2.440211e-01 2.032897e-01 
-7.698800e+00 -5.231781e+00 -8.898204e+00 -1.350612e+00 -2.526106e+00 3.443235e+00 -5.147618e+00 -1.635422e+00 -2.789620e+00 -7.199234e+00 -2.893294e+00 -4.804634e+00 9.593728e+00 6.875289e-03 9.582744e-01 -8.878503e-01 4.717226e-01 3.642106e+00 2.495116e+00 -3.680280e-01 5.949413e-01 5.471691e-01 -1.447473e+00 -7.498223e-01 -3.625640e-01 -1.900529e-01 -6.677837e-01 -2.123505e-02 4.342206e-01 -2.008613e-01 1.681071e-01 -5.861179e-01 7.294071e-01 2.157311e-01 5.702254e-01 1.147639e-01 1.736503e-01 6.720635e-01 1.190198e-01 
-8.225540e+00 -3.419700e+00 -6.466217e+00 5.728317e-02 2.311598e+00 4.773769e+00 -7.929837e+00 -1.605194e+00 -1.543778e-01 -9.132724e+00 -7.033719e+00 -5.756377e+00 9.567393e+00 -6.694912e-01 9.728724e-01 4.589703e-01 5.120405e-02 2.278910e+00 7.670795e-01 1.035121e+00 1.408579e+00 2.713376e+00 1.370429e-02 -9.793043e-02 7.329745e-01 -1.350861e-01 -5.030116e-01 -3.412696e-02 4.039430e-01 -2.351700e-01 -6.376638e-01 -9.640749e-01 7.462364e-01 -1.026313e-01 1.961620e-01 8.253189e-01 3.910390e-01 5.350454e-01 -1.554459e-02 
-1.004112e+01 -2.963025e+00 -7.010396e+00 -3.381156e+00 6.649867e+00 6.481327e+00 -6.489390e+00 4.226441e+00 4.697574e+00 -9.176173e+00 -4.948347e+00 -3.183384e+00 9.615748e+00 -1.110245e+00 1.141285e+00 4.146993e-01 -6.033998e-01 1.163862e+00 -8.474113e-01 1.471067e+00 -1.352391e-01 1.257472e+00 1.553287e+00 1.197639e-01 1.101050e+00 -2.726934e-01 -1.343319e-01 -2.089278e-02 3.165903e-01 6.872067e-02 -1.160496e+00 -1.009961e+00 2.531381e-01 -5.504230e-01 -8.802304e-01 6.950786e-01 -1.030755e-02 -3.143587e-02 -9.395193e-02 
-1.114309e+01 -9.833044e-01 -5.634425e+00 -1.386445e+00 4.382888e+00 3.098323e+00 -1.224197e+00 1.111167e+00 8.602657e+00 -2.595012e-01 -9.811273e-01 -4.275230e-01 9.178964e+00 -9.084693e-01 1.057132e+00 3.038129e-01 -2.699794e-01 -1.384270e-01 -1.181751e+00 1.327799e+00 -9.730653e-01 -7.005624e-01 1.571511e+00 1.139071e-01 1.678320e-01 -4.632013e-01 6.649701e-02 -1.322995e-01 1.688370e-01 3.390357e-01 -8.012847e-01 -1.494784e-01 -1.255834e-01 -3.130713e-01 -1.276644e+00 8.079956e-02 -7.573101e-03 -1.936583e-01 -4.787433e-02 
-1.179107e+01 -7.435753e-01 -7.240658e+00 -3.645473e+00 2.257568e+00 4.398644e-02 -1.145363e+00 -3.669831e+00 -8.811827e-01 -3.869939e+00 -5.320874e+00 -1.963762e+00 8.424352e+00 -5.453076e-01 8.115436e-01 7.727308e-01 9.760281e-01 -9.517388e-01 -1.580244e+00 7.512841e-01 -9.664170e-01 -2.147063e+00 1.249086e+00 -9.072611e-01 -2.372039e-01 -4.957682e-01 9.290317e-02 -1.715457e-01 4.035950e-01 6.259186e-01 -2.374357e-01 5.395366e-01 -9.204946e-02 4.423291e-01 -4.015194e-01 -2.418804e-01 3.599015e-01 1.679754e-01 6.181709e-02 
-1.189223e+01 7.563468e-01 -4.831956e+00 -1.160273e+00 3.815349e+00 2.083233e+00 -3.962440e+00 -2.522556e+00 -8.674001e-01 -3.928723e+00 -6.277858e+00 -5.527036e+00 7.847041e+00 -6.195343e-01 4.761131e-01 1.124080e+00 9.565930e-01 -6.696946e-01 3.860627e-01 7.671693e-01 2.588489e-01 -1.967390e+00 5.698352e-01 3.778603e-01 4.338816e-01 -2.630157e-01 -3.504238e-02 -2.164962e-01 2.592832e-01 2.921179e-01 4.607932e-03 3.434192e-01 -5.028788e-02 5.168324e-01 2.513735e-01 -3.533973e-01 7.018399e-01 6.319094e-01 1.308135e-01 
-1.239305e+01 2.252023e-01 -3.548263e+00 1.385806e+00 2.174480e+00 -9.121702e-01 -1.363629e+00 1.211010e+00 -1.302932e+00 -1.096218e+00 -6.835898e+00 -1.819433e+00 7.802999e+00 -7.901317e-01 5.738978e-01 2.022448e+00 1.912945e+00 2.424026e-01 1.066465e+00 1.291083e+00 1.460492e+00 -1.168410e-01 8.446115e-01 1.787364e+00 1.807733e+00 -6.370004e-02 -6.648110e-02 -8.900318e-02 -7.659364e-02 -2.491476e-01 -5.474672e-02 1.691609e-02 -2.724346e-01 5.365469e-02 5.308959e-01 -3.871369e-01 6.713200e-01 3.169162e-01 8.134178e-02 
-1.394025e+01 9.131058e-01 -1.860533e+00 8.810598e-01 1.076178e+00 5.506659e+00 2.721213e+00 -3.519150e-02 -1.023603e+00 1.203076e+00 1.665587e+00 1.669787e+00 8.174630e+00 -9.612606e-01 9.334646e-02 9.753960e-01 7.222198e-01 -7.124155e-01 -7.880334e-01 8.065827e-01 3.976143e-01 -4.588280e-01 6.681538e-03 2.275663e+00 2.304915e+00 -2.515262e-02 4.405769e-02 -2.037939e-02 -3.272445e-01 -5.336846e-01 -1.864386e-01 -5.455744e-01 -5.382127e-01 -3.334205e-01 3.010984e-01 -9.048257e-02 -1.869441e-01 -3.628614e-01 -2.807536e-02 
-1.471823e+01 2.047484e+00 1.385997e+00 4.898223e+00 4.839190e+00 3.664235e+00 1.968276e+00 2.388970e+00 -1.387006e+00 -2.212799e+00 -3.555458e-01 3.476550e+00 7.941936e+00 -7.070475e-01 5.579044e-01 4.641910e-01 -1.525049e-01 -1.204190e+00 -9.085259e-01 -6.307343e-01 -7.675340e-01 -2.467498e-01 -4.049940e-01 1.500480e+00 4.119095e-01 -2.079946e-01 1.675035e-01 -4.576391e-02 -4.494765e-01 -6.535694e-01 -2.185704e-01 -3.014155e-01 -5.243130e-01 -4.423354e-01 5.230035e-02 3.754692e-01 -5.523900e-01 -9.054356e-01 -5.855377e-02 
-1.553593e+01 3.115728e-01 -2.421960e+00 6.941881e-01 -1.079108e+00 -4.145574e+00 -1.595838e+00 -1.123385e+00 -3.119944e+00 -3.337047e+00 1.860106e+00 3.349978e+00 7.651578e+00 -4.407879e-01 3.821925e-01 2.669552e-01 -6.789808e-01 -8.785644e-01 -1.354240e+00 -9.631261e-01 -2.943738e-01 -3.970562e-01 7.422038e-01 -4.133043e-01 -6.824367e-01 -3.311941e-01 2.612276e-01 -1.313482e-02 -1.083407e-01 -1.117663e-01 2.251087e-01 3.865668e-01 -7.827437e-02 1.436542e-01 3.259321e-01 5.710918e-01 -6.163408e-01 -6.469052e-01 4.562934e-03 
-1.513001e+01 3.315157e+00 -9.463822e-01 7.165356e-01 -2.768559e+00 -6.292143e-01 -2.358964e+00 -2.082424e+00 -1.488998e+00 -8.511772e-01 5.693184e-01 -5.998116e-01 7.024550e+00 -2.129704e-01 2.007916e-01 1.293391e-01 -6.543630e-01 -7.674039e-01 -1.576732e-01 -4.455061e-01 -4.052729e-01 1.137542e-01 2.354148e+00 3.699189e-01 -1.225607e+00 -2.034276e-01 1.970477e-01 -1.863771e-01 -5.834199e-02 3.124979e-01 3.111181e-01 4.282777e-01 4.535936e-01 4.620717e-01 5.575776e-01 2.710673e-01 -2.105398e-01 2.505693e-01 1.159171e-01 
-1.593810e+01 2.189961e+00 6.404462e-01 -4.231890e-01 4.872998e-01 8.822762e-01 6.930995e-02 7.287422e-01 -2.957309e+00 4.233338e+00 -8.634555e-01 2.952575e-01 6.977330e+00 9.793144e-02 2.061585e-01 6.009717e-01 4.141370e-01 1.948393e-01 7.693591e-01 3.225317e-01 9.348528e-01 9.907106e-01 1.482526e+00 -2.407768e-01 -1.108218e-01 -4.601244e-03 1.537084e-01 -7.000756e-02 -1.814246e-01 3.191934e-01 1.966687e-01 3.842770e-01 5.281412e-01 3.388186e-01 7.095246e-01 -3.256491e-01 1.074502e-01 5.095940e-01 1.543494e-01 
-1.558234e+01 2.112092e+00 5.011675e-01 2.184923e+00 2.189672e-01 3.620757e-01 -1.091735e+00 -5.632584e-01 -8.991002e-01 5.772910e+00 2.855813e+00 -1.123856e+00 7.262012e+00 8.823962e-03 -2.862000e-01 5.401119e-03 8.633044e-01 -1.852371e-01 1.709131e-01 9.943586e-01 9.283460e-01 1.847269e+00 5.802360e-01 3.614811e-01 1.378852e+00 2.083066e-01 7.756865e-02 8.726241e-02 -1.377676e-01 2.698335e-02 7.236069e-02 6.545155e-02 3.495637e-01 2.224038e-01 3.225246e-01 -5.498063e-01 2.144734e-02 3.512633e-01 1.001294e-01 
-1.482024e+01 1.944111e+00 -1.408943e-01 2.030802e+00 -1.598974e+00 -7.943034e-01 -6.165917e-01 2.791546e+00 1.538591e+00 7.637915e-01 -4.867258e-01 3.058297e+00 7.509918e+00 2.168005e-01 2.754987e-01 -5.781620e-01 1.580253e-01 -1.863132e-01 4.029968e-01 9.576427e-01 7.329994e-01 2.284011e+00 9.033234e-04 1.282017e-01 5.633296e-01 2.346211e-01 -1.953024e-02 1.002684e-01 -4.395721e-02 -1.791618e-01 3.937686e-02 -1.873345e-02 -6.680552e-02 -2.449099e-01 -4.070058e-01 -2.579077e-01 2.289567e-01 -2.133647e-01 3.007017e-02 
-1.564463e+01 2.007019e+00 -5.289774e-01 3.806276e+00 -2.651873e+00 1.063988e+00 2.955567e+00 1.528399e+00 5.499265e+00 3.785109e+00 2.188506e+00 4.912665e+00 7.799821e+00 1.152923e-01 6.025569e-01 3.014695e-02 -3.914849e-01 -2.149373e-01 3.527374e-01 9.846177e-01 8.075451e-01 1.079679e+00 3.459072e-01 2.926885e-01 1.935513e-01 1.775883e-01 2.309854e-02 2.896357e-02 1.451717e-01 -1.869326e-01 2.640969e-01 2.059395e-01 -3.693588e-01 -1.988072e-01 -8.976139e-01 -2.091518e-01 7.521013e-02 -3.424137e-01 -2.973813e-02 
-1.482275e+01 3.619834e+00 -1.735053e+00 -4.436100e-01 9.908205e-01 2.546389e+00 2.833831e+00 3.348467e+00 5.263122e+00 5.231712e+00 1.112389e-01 9.349857e-02 7.881548e+00 -5.282495e-02 2.632622e-01 3.689665e-01 1.457883e-01 4.065069e-01 5.848211e-01 -6.713013e-03 -2.294468e-01 -6.604903e-01 3.101711e-01 9.384257e-01 -5.850101e-01 1.611146e-01 -5.925789e-02 -2.515782e-01 1.317150e-01 1.185220e-01 2.057565e-01 1.570383e-02 -4.349307e-01 -2.933288e-01 -8.800572e-01 -2.169408e-01 4.830668e-02 9.100316e-02 -3.904622e-02 
-1.500460e+01 4.286995e+00 1.449384e+00 1.465178e+00 -2.151076e+00 4.557647e-01 2.106100e+00 3.196413e+00 2.636609e+00 5.268452e+00 4.019923e+00 1.325966e+00 7.964183e+00 2.593170e-01 -1.351757e-01 2.577668e-01 -6.511877e-02 8.387738e-01 1.109778e+00 -3.702759e-01 4.157203e-01 -1.168407e+00 -6.201214e-01 3.324949e-01 2.407316e-01 9.636145e-02 -6.760602e-02 -2.605911e-01 -1.419052e-01 1.498494e-01 7.808112e-02 -1.419803e-01 -2.326676e-01 -2.860494e-01 -1.765731e-01 -3.821565e-01 -4.001429e-01 1.658751e-01 -4.513161e-02 
-1.540425e+01 2.120252e+00 7.150444e-01 3.930343e+00 1.835528e-01 2.433811e+00 -2.251076e-01 8.107231e-01 -3.326333e-01 1.572713e+00 3.289577e+00 1.927087e+00 8.233201e+00 -1.514986e-01 -6.135803e-01 -3.333603e-02 5.873256e-01 3.156846e-01 1.028511e-01 -5.394689e-01 -5.375314e-01 -9.923507e-01 -6.008310e-01 3.497675e-01 9.949363e-01 8.005084e-02 -7.808560e-02 -6.550109e-02 -1.192453e-01 -8.400502e-03 -2.752475e-01 -3.770697e-01 1.402571e-01 1.380844e-01 5.177283e-01 -2.020743e-01 -5.284856e-01 1.015668e-01 -5.747383e-02 
-1.405730e+01 2.081148e+00 -4.647281e-01 1.293719e+00 1.945648e+00 6.669083e+00 2.633799e+00 4.875418e+00 2.454678e+00 2.513900e+00 2.261750e+00 5.200191e+00 8.105617e+00 -1.732883e-01 -2.620490e-01 -4.783434e-01 1.370065e-01 2.208807e-01 -1.160978e-01 8.784930e-02 -4.686438e-01 3.625772e-01 -1.109403e+00 -1.413725e+00 2.330669e-01 -7.482786e-03 -1.191158e-01 8.674901e-02 2.545320e-02 1.016120e-01 -4.971276e-01 -5.788444e-01 1.759103e-01 1.750879e-01 4.792651e-01 4.559947e-02 -2.636851e-01 -2.818120e-01 -7.413582e-02 
-1.605348e+01 1.655076e+00 -9.446574e-01 2.578702e+00 5.208981e-01 -4.592477e-02 -1.269684e-01 -1.790016e-01 3.923340e-01 3.604923e+00 2.739342e+00 3.130839e+00 8.211181e+00 -2.269654e-01 -8.961238e-04 1.408245e-01 2.688217e-03 -6.607630e-01 -6.876230e-01 4.654991e-01 9.033088e-01 1.162717e+00 -4.555756e-01 -8.308249e-01 -7.352031e-02 -7.430194e-02 5.086645e-02 1.486987e-01 6.918757e-02 -6.328458e-02 -2.824690e-01 -1.629031e-01 1.186907e-01 4.785054e-01 1.135758e-01 1.295180e-01 1.000848e-01 -2.841595e-01 -1.000716e-01 
-1.554680e+01 3.209405e+00 -1.124349e-01 2.825681e+00 -1.215318e+00 1.115365e+00 2.495975e+00 1.347950e+00 4.087462e+00 -1.294615e+00 -2.773821e+00 1.889304e+00 7.937622e+00 -2.985348e-01 -7.658405e-03 2.978614e-01 7.353205e-01 -1.158779e+00 -1.389302e+00 6.924341e-03 5.707528e-01 1.502097e-01 -4.647318e-01 -3.955354e-01 -6.340640e-01 -1.971209e-01 6.708907e-02 2.438163e-03 6.037109e-02 -1.318530e-01 2.420349e-02 -1.180493e-01 -3.558954e-01 1.346101e-01 -3.282891e-01 3.305704e-01 5.534300e-01 5.387609e-02 -7.802704e-02 
-1.579429e+01 1.551703e+00 1.242837e+00 3.178233e+00 -1.539950e+00 1.773077e+00 2.170990e+00 7.090734e+00 4.664955e+00 1.198923e+00 1.652979e+00 3.215094e+00 7.945568e+00 1.654264e-01 2.646023e-03 -7.551880e-02 -2.812006e-02 -4.068049e-01 -7.506526e-02 9.429332e-02 1.335306e+00 -3.182141e-01 -2.754731e-01 3.411312e-01 7.725311e-03 -3.254310e-01 5.507013e-02 -3.133181e-02 -6.275024e-02 -2.779336e-01 3.541634e-01 -7.755071e-02 -6.235435e-01 -4.680889e-01 -2.949659e-01 1.749036e-01 2.338964e-01 2.106623e-01 -3.030382e-02 
-1.567974e+01 2.094409e+00 -6.931458e-02 4.670509e+00 -2.817594e+00 -1.186815e+00 1.519410e+00 4.094539e+00 1.069981e+00 1.393166e+00 8.271756e-01 1.987917e+00 7.252705e+00 -3.422398e-02 -2.516372e-01 -6.831431e-02 -5.069440e-01 2.148546e-01 -1.012627e+00 -1.506073e+00 -1.175065e-02 -5.382488e-01 4.533819e-01 7.674865e-01 4.618151e-01 -2.720953e-01 3.086699e-03 -3.372766e-02 2.901073e-02 -3.705963e-01 4.084062e-01 -1.370480e-02 -5.397087e-01 -4.921881e-01 1.704044e-01 1.108694e-01 -3.116875e-02 2.820748e-01 4.969772e-02 
-1.515969e+01 2.225665e+00 -1.343952e+00 1.515653e+00 -7.117969e-01 7.300317e-01 8.329721e-01 5.124109e+00 3.100975e-01 8.835963e-01 2.644484e+00 3.120260e+00 6.926478e+00 -8.364940e-02 -3.556623e-02 1.020411e-02 -7.659350e-01 4.232940e-01 -1.263707e+00 -1.895711e+00 -1.145921e+00 3.216342e-02 -4.016645e-02 -2.428615e-01 4.320080e-01 -1.883675e-01 -7.725671e-02 -2.254706e-02 1.419622e-01 -1.683609e-01 2.003201e-01 -1.427885e-01 -3.772748e-01 -4.607544e-01 3.656081e-01 1.337232e-03 -2.228007e-01 1.215203e-01 8.713577e-02 
-1.603467e+01 1.613931e+00 8.392310e-01 1.122644e+00 -5.551562e-01 -3.425906e+00 -4.365186e+00 2.272639e+00 3.573369e+00 1.129915e+00 5.681176e-01 4.246181e+00 7.086754e+00 -1.585847e-01 -1.571800e-01 4.000815e-01 -7.489473e-01 4.681671e-01 -8.634769e-01 -1.696696e+00 -6.495622e-01 8.270950e-01 -2.807664e-02 -2.594392e-01 5.641812e-01 -1.721479e-02 -3.237808e-02 6.716453e-03 1.326430e-01 -4.671672e-02 5.515879e-02 6.985162e-02 -1.824989e-02 -7.792551e-02 3.525560e-01 -9.508854e-02 -2.070556e-01 3.367550e-02 6.809104e-02 
