-1.552926e+01 9.640110e-01 -2.619183e+00 2.034517e+00 3.395455e+00 1.035022e-01 1.508550e+00 7.088875e-01 9.620343e-01 5.172308e+00 1.825468e+00 2.314530e+00 7.173129e+00 -7.626822e-03 4.291584e-01 1.126861e+00 2.385487e-01 -5.636282e-01 1.584737e+00 -4.488799e-02 -8.309115e-02 6.058125e-01 3.532744e-01 5.643976e-01 -2.013947e-01 2.337686e-01 3.306155e-02 1.215664e-02 -1.142196e-01 -6.634597e-02 -6.846347e-02 -3.923269e-01 8.431610e-03 1.039622e-01 -7.931949e-02 -2.276899e-01 -1.309818e-01 -7.016323e-02 -2.154432e-02 
-1.577088e+01 2.316343e-01 -8.500082e-01 1.453872e+00 3.087493e+00 4.596353e+00 -1.903511e+00 8.270845e-01 2.777806e+00 3.796993e+00 3.281518e-01 1.325624e+00 7.860155e+00 -5.504904e-02 3.015788e-01 1.035376e+00 -1.902193e-01 -7.568351e-01 5.186903e-01 -6.283670e-01 -1.459038e-01 5.691585e-01 -1.594623e-01 4.659117e-01 -6.629191e-02 2.338223e-01 7.296175e-02 1.367558e-01 -2.319319e-01 -7.217487e-02 3.893389e-03 -5.309601e-01 1.715000e-01 1.198389e-01 -1.877628e-01 -2.903954e-01 -2.153567e-01 -8.072493e-02 -6.128910e-02 
-1.544688e+01 3.475802e+00 2.130600e+00 3.517761e+00 7.310076e-01 5.780460e+00 2.989887e+00 2.345439e-01 3.082891e+00 7.626159e+00 5.396236e+00 1.801999e+00 7.998638e+00 1.814079e-01 5.537385e-01 6.014680e-01 1.213029e-01 -8.092016e-01 1.560937e-01 2.888683e-01 4.680254e-01 2.275052e-01 -5.288630e-01 -4.137988e-02 -6.197671e-01 1.261045e-01 6.887800e-02 2.768166e-02 -3.908896e-01 -1.025216e-01 7.696701e-02 -5.548533e-01 6.941125e-02 7.051972e-02 -1.637209e-01 -3.057774e-01 -4.147826e-01 -2.799797e-02 -6.846457e-02 
-1.584578e+01 1.215465e+00 1.829024e-01 3.417420e-01 9.432920e-01 -1.420410e-01 -2.373725e+00 2.163996e-01 2.747347e+00 3.148080e+00 2.369999e+00 2.239287e+00 7.929396e+00 2.625980e-01 1.050559e+00 2.297306e-01 -6.364820e-02 -4.212041e-01 -3.557641e-01 6.456150e-01 2.405805e-01 -1.439296e-01 -6.576601e-01 -2.094419e-01 -3.959766e-01 -1.877204e-02 1.151605e-01 -3.295833e-03 -2.252348e-01 1.576297e-01 1.212269e-01 -3.928895e-01 2.374167e-02 -3.521252e-02 -2.066601e-01 -2.854249e-02 -2.767705e-01 1.719404e-01 -2.996632e-02 
-1.458492e+01 3.240837e+00 -1.282705e-01 3.197016e+00 4.213371e-01 3.253134e+00 3.187727e+00 3.354843e+00 2.114578e+00 2.852616e+00 5.978079e-01 -1.240938e+00 7.768938e+00 1.778921e-01 1.930282e-01 -4.248366e-01 -3.372865e-01 -3.464552e-01 -7.522885e-01 -3.347248e-01 7.609161e-02 1.438881e-01 -9.264861e-01 -1.171824e+00 -1.765409e-01 1.774245e-02 9.516572e-02 -2.671849e-01 -4.193385e-02 8.170820e-02 1.501840e-01 -3.194844e-01 -3.677398e-01 -1.203951e-01 -2.518406e-01 3.953772e-02 4.695847e-02 5.984049e-01 3.633890e-02 
-1.488874e+01 5.601480e+00 1.427976e+00 1.295918e+00 1.136356e+00 4.081302e+00 1.225764e+00 4.693828e-01 2.541992e+00 2.895578e+00 1.680202e+00 8.678156e-01 7.881093e+00 5.225208e-01 4.654357e-01 4.223640e-01 8.272062e-01 -3.821404e-01 -9.915686e-01 -1.978927e-01 -1.261135e-01 -4.221672e-01 -1.033024e-01 -3.526607e-01 5.716225e-01 1.381328e-01 5.120409e-02 -3.951212e-01 2.872189e-02 5.923049e-02 -5.603672e-03 -1.474307e-01 -4.046142e-01 1.432599e-01 -1.438048e-01 5.778629e-02 2.483209e-01 4.278680e-01 4.782924e-02 
-1.503592e+01 2.248075e+00 -6.160551e-01 1.354345e+00 -1.097970e+00 -9.253947e-02 -4.830066e-01 4.885639e-01 3.904803e+00 3.119877e+00 -1.177956e-01 1.605098e+00 8.111622e+00 5.272630e-01 -4.896778e-01 2.955255e-01 8.439041e-02 -7.797142e-02 -1.123393e+00 -1.128288e+00 4.956115e-02 -8.925263e-01 -6.083420e-01 2.650209e-01 1.888449e+00 2.293116e-01 -7.653010e-02 -1.461043e-01 6.833728e-02 2.356488e-02 1.951965e-01 3.175682e-01 -1.583503e-01 1.191070e-01 -1.733478e-01 -6.729191e-02 3.027880e-01 -1.418523e-01 -3.546378e-02 
-1.300786e+01 4.039168e+00 2.538871e+00 5.399517e+00 -2.078279e-01 -3.427212e+00 -1.527560e+00 1.018896e+00 -2.587972e-01 2.497849e+00 9.645982e-01 3.674275e+00 8.448709e+00 3.439516e-01 -5.836986e-01 1.309847e-02 2.173627e-02 -5.834768e-01 -9.074319e-01 -9.806741e-01 9.700963e-01 -3.446939e-01 -5.277797e-01 3.138203e-01 7.108675e-01 1.145595e-01 -3.146593e-01 -1.374349e-01 -2.669763e-01 -2.544374e-01 3.041081e-01 7.213149e-01 1.053084e-01 5.712022e-02 2.197273e-01 2.848108e-02 2.830072e-02 -7.514544e-01 -1.277222e-01 
-1.288901e+01 1.573752e+00 7.941622e-01 1.567100e+00 7.040982e-01 1.390541e+00 -1.077076e+00 3.327368e+00 -9.475722e-01 9.470684e-03 2.280984e+00 6.797830e+00 8.631763e+00 -1.154715e-01 -1.291781e-02 1.215756e-01 1.832771e-01 7.302248e-01 7.934738e-01 -7.349153e-01 1.237030e-01 -7.616338e-01 -1.050722e+00 8.898244e-03 -9.552935e-01 -1.478078e-01 -3.255939e-01 8.216433e-02 -2.236048e-01 -9.359609e-02 2.646146e-01 6.396203e-01 5.066926e-01 -4.574070e-02 2.709692e-01 4.420812e-01 -9.397369e-02 -9.162414e-01 -1.675468e-01 
-1.424235e+01 3.020299e+00 7.884281e-01 1.298335e+00 -2.681775e+00 -1.197287e+00 -3.381012e+00 3.900727e+00 3.244523e+00 1.812036e+00 2.049891e+00 1.825940e+00 8.193924e+00 -7.294256e-01 -4.602435e-01 -8.255657e-01 -4.944561e-01 7.342367e-01 1.656584e+00 1.320584e-01 1.225558e-01 6.109149e-01 2.603398e-01 -8.308116e-02 -1.763786e+00 -3.119619e-01 -2.097985e-01 8.892034e-03 -1.394133e-01 -1.107914e-01 2.802041e-01 3.072532e-01 4.999170e-01 -2.840042e-01 -6.037121e-02 4.758909e-01 -3.775194e-04 -1.343490e-01 -1.075541e-01 
-1.499620e+01 2.692928e+00 8.667947e-01 4.321637e+00 3.790125e+00 2.759690e+00 -3.230850e+00 -3.341500e-01 -1.655507e+00 -1.790722e+00 -6.159345e-01 -2.246944e+00 7.500057e+00 -5.640202e-01 -1.405912e-01 -4.030929e-01 -1.255252e-01 5.862170e-01 7.927386e-01 8.487228e-01 2.447393e-01 -1.564037e-02 1.207987e+00 -6.407010e-03 -1.455344e+00 -3.951934e-01 -1.491687e-02 -6.162348e-02 -1.004711e-01 -2.487907e-01 -2.219217e-01 -3.748477e-01 3.107238e-01 -1.877867e-01 -1.009165e-01 4.238838e-01 1.951140e-01 5.165619e-01 -2.367111e-03 
-1.560123e+01 1.178365e+00 -1.625265e+00 1.550176e+00 1.920569e+00 4.170876e+00 2.097088e-01 3.462672e+00 3.149705e+00 4.699725e+00 1.997700e+00 -6.223832e-01 7.454656e+00 -4.807860e-01 -4.753356e-01 -4.216153e-01 -3.777931e-01 8.895413e-01 6.291919e-01 7.267947e-01 -5.104467e-01 -1.019774e+00 7.223330e-01 3.195875e-01 2.892025e-01 -2.995577e-01 1.349543e-01 1.962896e-02 1.338196e-01 -4.051663e-02 -2.706971e-01 -5.934500e-01 3.612001e-02 -3.952539e-01 -2.159305e-01 -8.139424e-02 7.007319e-02 4.614698e-01 6.537639e-02 
-1.502974e+01 1.791542e+00 -1.435216e-02 8.139945e-01 1.334118e+00 2.669723e+00 1.370993e+00 4.770098e+00 -9.785228e-01 4.605629e+00 2.274895e+00 7.451795e-01 7.025524e+00 -3.143995e-01 -3.134472e-01 -5.827606e-01 -1.119055e+00 -4.571004e-01 -5.671037e-01 5.211501e-01 -4.986872e-01 -4.509073e-01 8.376745e-01 7.831075e-01 6.009372e-01 -1.658502e-01 1.422069e-01 4.933689e-02 1.235083e-01 2.349202e-02 -3.045282e-01 -2.794248e-01 -1.002372e-01 -2.671141e-01 2.140733e-01 -3.527937e-01 -1.432462e-01 1.598699e-01 8.971547e-02 
-1.662959e+01 1.094204e+00 -8.790612e-01 1.163348e+00 2.993951e+00 1.993988e+00 -2.047644e+00 -1.203521e+00 -2.192477e+00 2.225316e+00 2.202407e+00 1.776104e+00 6.933478e+00 -1.794097e-01 -2.756701e-01 -6.670912e-02 -2.002245e-01 -9.750327e-02 -6.307577e-01 4.762793e-01 -1.482178e+00 -2.510802e-01 3.843709e-02 -1.274442e-01 -4.845581e-01 -9.974827e-02 1.230155e-01 8.394173e-02 1.360520e-01 2.803281e-01 -4.563378e-01 -2.769867e-01 -8.818462e-02 2.054156e-01 4.487367e-01 -4.137588e-01 -2.669038e-01 -6.747183e-02 7.355867e-02 
-1.605386e+01 1.167716e+00 -2.420017e+00 -1.080253e+00 9.676385e-01 1.012994e+00 5.040032e-01 -4.948566e-01 -1.238901e+00 3.634896e+00 3.197525e+00 -4.411164e-01 6.931405e+00 -3.620463e-03 6.111341e-03 3.693605e-02 -9.677233e-02 -4.427419e-01 2.552954e-02 4.727910e-01 -6.050959e-01 6.705819e-01 -2.140257e-01 -4.991327e-01 -2.690522e-01 -4.653378e-02 1.920360e-02 1.231533e-01 1.565329e-01 5.760357e-01 -1.543671e-01 -1.647223e-01 -4.916027e-02 3.266868e-01 4.405869e-01 -2.732985e-01 -1.725699e-01 1.615010e-01 7.213636e-02 
-1.598645e+01 1.120906e-01 -7.559682e-01 1.495779e+00 1.616024e+00 1.845484e+00 3.024961e+00 -1.315497e+00 2.024182e+00 5.377367e+00 8.990688e-01 -2.451663e+00 7.003135e+00 -2.111762e-02 -2.153955e-01 -5.116637e-02 5.127699e-01 -1.399275e+00 -1.052071e+00 3.101146e-01 5.697016e-01 6.631886e-01 -8.205521e-01 -3.738070e-01 3.869183e-01 8.613825e-03 -1.203132e-01 2.019029e-01 4.179709e-02 3.291452e-01 9.198312e-02 3.693005e-03 2.765062e-02 4.031428e-01 3.852192e-01 -2.042918e-02 7.480679e-02 6.595635e-02 9.232038e-02 
-1.536937e+01 2.312999e+00 1.083585e-01 1.640429e-01 -1.907427e-01 2.871265e+00 1.198911e+00 1.801174e+00 2.658901e-01 1.959636e+00 4.307951e-01 1.513731e+00 6.758094e+00 -2.975564e-01 2.720508e-01 1.920414e-01 1.404596e+00 -5.779867e-01 -1.180115e+00 3.586321e-01 1.086452e-01 1.294846e+00 -9.931134e-02 4.350143e-02 9.727884e-01 1.406566e-01 6.055431e-02 -1.351860e-01 -2.538302e-01 -1.513022e-01 3.730961e-01 -2.953996e-02 -9.053000e-02 -1.895321e-01 1.083297e-01 2.016820e-03 3.072899e-02 -2.585204e-01 3.061623e-01 
-1.707734e+01 -5.557050e-01 -2.398992e+00 3.105144e+00 -3.423275e+00 -4.195664e+00 -8.447092e-01 4.973769e-01 3.710241e-01 -1.039544e+00 1.716446e+00 2.733251e+00 7.063047e+00 -6.340088e-01 6.008895e-01 6.463919e-02 6.948069e-01 4.300678e-01 -9.553677e-03 6.716179e-01 1.767640e-01 1.362740e+00 -1.210341e-01 -2.474374e-02 -7.756875e-01 2.682425e-01 4.114217e-01 -4.426757e-01 -5.028261e-01 -8.785309e-01 4.213341e-01 1.141570e-01 -3.726911e-01 -6.868902e-01 -2.332998e-01 -1.893500e-01 -2.202440e-01 -3.757594e-01 4.778303e-01 
-1.699625e+01 2.861938e+00 -6.382271e-01 5.138005e+00 5.977424e-01 -1.867129e+00 4.231732e+00 -8.577424e-01 6.062015e+00 6.346783e+00 3.006156e+00 1.830337e+00 7.604956e+00 6.056732e-01 -1.077988e+00 -1.290157e+00 -9.443031e-01 5.079840e-01 -6.434675e-01 -1.604739e-01 -1.356266e+00 8.623910e-01 -5.536646e-01 -5.200573e-01 -9.802535e-01 1.354441e+00 4.819388e-01 -6.820440e-01 -5.784072e-01 -1.234895e+00 -2.100951e-01 -1.450676e-01 -5.652721e-01 -7.089600e-01 -6.935089e-01 -3.511813e-01 -3.286864e-01 -3.656152e-02 5.050140e-01 
-1.834276e+01 2.842014e+00 -5.946076e-02 2.482996e+00 3.371963e+00 4.167340e+00 4.866904e+00 8.970696e-01 5.940177e+00 2.578502e+00 -5.124213e-01 -6.488392e+00 7.920897e+00 1.584451e+00 -1.753663e+00 -1.824167e+00 -2.705322e+00 1.644346e-01 -7.495574e-01 -1.293818e+00 -2.132103e+00 -2.870054e-01 -1.540082e+00 -1.193193e+00 -5.152536e-01 1.790843e+00 3.389184e-01 -2.064269e-01 -4.413076e-02 -6.071590e-01 -8.429220e-01 -5.614173e-01 -4.835750e-01 -5.760909e-01 -7.786233e-01 4.025435e-02 -3.241373e-01 3.400713e-01 4.153286e-01 
-1.170858e+01 -4.775459e+00 -7.511937e+00 -4.246198e+00 -1.048423e+00 -4.527246e+00 -2.459218e+00 -5.180231e+00 1.793280e+00 -2.617810e+00 -1.055213e+00 1.223509e+00 1.310158e+01 1.002957e+00 -1.960828e+00 -1.755554e+00 -3.069784e+00 -1.495667e+00 -1.535464e+00 -1.485035e+00 -2.281534e+00 -1.347786e+00 -1.145709e+00 -1.015814e+00 6.597791e-01 1.904467e+00 8.673044e-02 8.236292e-01 6.486427e-01 2.199989e-01 -9.000835e-01 -4.902628e-01 -4.866370e-01 4.807248e-01 -4.348546e-01 1.290146e-01 -8.383026e-02 -3.074550e-01 9.647544e-02 
-1.179910e+01 -5.505087e+00 -8.083058e+00 -5.729442e+00 -1.777537e+00 -6.613380e+00 -3.968505e+00 -8.001926e+00 1.070607e+00 -4.257751e+00 -2.218793e+00 4.603317e-01 1.326888e+01 8.619984e-01 1.014215e-02 7.663851e-02 -1.278167e+00 -2.782868e+00 -2.370633e+00 -1.083893e+00 -2.241236e+00 -1.425260e+00 3.762515e-01 -1.397558e+00 1.047108e-01 2.069856e+00 2.806972e-01 8.686445e-01 7.976434e-01 8.381542e-01 -8.795125e-01 -3.681711e-01 -6.878828e-01 1.074976e+00 4.017697e-02 -3.967591e-02 3.029110e-01 -9.722307e-01 -2.013800e-02 
-1.525345e+01 -2.768637e+00 -5.404448e+00 -6.104987e+00 -4.305729e+00 -4.154413e+00 1.224120e+00 -7.815818e+00 1.757908e+00 4.036315e+00 -1.219326e+00 1.654934e+00 1.445303e+01 1.400486e+00 2.158280e+00 1.002680e+00 -5.577902e-01 -2.518819e+00 -2.284291e+00 -2.698607e+00 1.101745e+00 -7.426820e-01 -8.667343e-01 -8.371052e-01 -2.827507e+00 1.697301e+00 6.524295e-01 1.321128e-01 6.392526e-01 1.152551e+00 -4.897388e-01 8.550010e-02 -8.243704e-01 9.602357e-01 3.694289e-01 -3.525634e-01 3.473269e-01 -9.122451e-01 -1.733479e-01 
-1.226020e+01 1.889444e+00 -7.303557e-01 -2.978531e+00 -8.913627e+00 -7.872526e+00 -2.394002e+00 -8.990531e+00 -1.168648e+00 1.132812e+00 -7.418227e+00 -6.180581e+00 1.759420e+01 2.789057e+00 5.299286e-01 7.850013e-01 2.295149e-01 -3.721559e+00 -2.216015e+00 -4.126387e+00 1.551185e+00 -3.886371e-01 -1.877954e+00 2.319705e-01 -3.632707e+00 1.793689e+00 3.260647e-01 -9.925081e-01 3.847290e-01 1.131639e+00 2.023282e-01 6.439714e-01 5.924797e-02 1.653860e-01 3.044343e-01 -1.862531e-01 4.303493e-01 2.712775e-01 -4.336466e-01 
-4.475223e+00 2.318496e+00 -6.175117e+00 -8.410643e+00 -1.007457e+01 -1.531936e+01 -1.673989e+01 8.229373e-01 -8.006794e-01 -9.646733e+00 -2.640965e+00 -9.593868e+00 1.942537e+01 3.301544e+00 -1.560091e+00 1.086595e+00 1.939147e+00 -3.474929e+00 -1.185262e+00 -4.085639e+00 6.233361e-01 -1.886843e-02 -1.781427e+00 -9.395011e-02 -2.032717e+00 1.175789e+00 -3.358814e-01 -1.457896e+00 4.021626e-01 1.060964e+00 8.197448e-01 7.423574e-01 1.404579e+00 -8.712179e-01 -3.332405e-02 6.762925e-01 6.051378e-02 1.398566e+00 -5.422856e-01 
-3.243016e+00 -5.398941e+00 -3.772893e+00 -3.428621e+00 -1.750111e+01 -1.211040e+01 -1.561807e+01 -4.565917e+00 4.063963e-01 -6.805960e+00 -3.483081e-01 -1.207884e+01 1.975105e+01 1.541853e+00 -3.093297e+00 1.958358e+00 3.131519e+00 -1.293064e+00 2.996828e-01 -9.403975e-02 -1.174999e+00 -2.649296e-01 -9.760089e-02 3.826570e-01 1.063707e+00 1.623505e-01 -6.031324e-01 -7.256446e-01 2.322959e-02 4.093655e-01 1.352870e+00 4.936729e-01 1.354609e+00 -2.274785e-01 -2.888713e-01 8.247636e-01 -1.538814e-01 1.457124e+00 -4.991848e-01 
-3.254413e+00 -6.924497e+00 1.549922e+00 3.815940e+00 -1.738664e+01 -7.961314e+00 -1.259182e+01 -6.911714e+00 8.755689e-01 -9.016958e-01 -5.224154e+00 -5.559583e+00 1.925371e+01 3.447693e-01 -3.319584e+00 2.426815e+00 3.296071e+00 3.656655e-01 1.696438e-01 2.308054e+00 -1.891178e+00 -9.711451e-01 1.624540e+00 -6.098185e-01 1.817074e+00 -1.984448e-01 -2.902907e-01 -4.341423e-02 -8.227258e-01 -5.626771e-01 8.132581e-01 2.143810e-01 -2.005670e-01 1.103408e+00 -4.175872e-01 1.849120e-01 1.363743e-01 4.000569e-01 -1.898723e-01 
-5.161337e+00 -8.955364e+00 5.199132e+00 6.565642e+00 -1.172330e+01 -1.005295e+01 -4.937977e+00 -1.099833e+01 -3.331755e+00 -3.727973e+00 -4.213378e+00 -2.879179e+00 1.849185e+01 1.251842e+00 -2.218518e+00 2.309385e-01 1.597901e+00 1.122445e+00 -4.250902e-01 -5.501998e-01 1.670931e+00 -1.356742e+00 5.429065e-01 -2.794616e-01 1.728068e+00 -1.506689e-02 2.677095e-01 4.554903e-01 -1.420855e+00 -1.096750e+00 -1.011119e-01 2.222203e-01 -2.036731e+00 2.165628e+00 -1.244490e-01 -5.182081e-01 3.457900e-01 -6.731591e-01 1.155248e-01 
-1.792307e+00 -1.250148e+01 1.473085e+00 3.072505e+00 -1.113471e+01 -1.550008e+01 -1.053944e+01 -5.416106e+00 -3.787663e+00 -3.062982e+00 -3.757863e+00 -5.108614e+00 1.906278e+01 1.995062e+00 -2.214581e+00 -2.163369e+00 -1.073604e-01 -6.164170e-01 2.490537e-01 -4.860492e+00 4.717488e+00 -1.560942e+00 -1.177181e+00 9.189324e-01 -3.645376e-01 3.152281e-01 1.672449e-01 6.939517e-01 -1.157614e+00 -9.386050e-01 -4.498870e-01 5.196666e-01 -1.961680e+00 1.842633e+00 2.272658e-01 -8.525178e-01 5.572651e-01 -8.467544e-01 1.517378e-01 
2.285306e+00 -1.370310e+01 -2.579426e+00 4.932100e+00 -1.501435e+01 -1.046664e+01 -1.939567e+01 3.041206e+00 -4.046077e+00 -3.010795e+00 -2.478591e+00 -3.664343e+00 1.977116e+01 2.055239e+00 -1.368393e+00 -2.850794e+00 -6.505572e-01 -1.307528e+00 1.371086e+00 -6.693377e+00 6.348752e+00 -5.923170e-01 -1.287848e+00 1.347110e+00 -1.211373e+00 4.831410e-01 -4.183150e-01 6.947135e-01 -1.183653e-01 -4.443868e-01 -1.107523e-01 3.344097e-01 -5.319952e-02 3.052363e-01 4.442033e-01 -4.208739e-01 3.065380e-01 -5.535141e-01 2.357007e-02 
2.997472e+00 -1.562370e+01 -5.377689e+00 4.095988e+00 -1.882308e+01 -6.509663e+00 -2.966528e+01 9.655578e+00 -6.571749e+00 -7.145967e+00 -1.496811e+00 -6.989685e+00 2.019013e+01 7.792549e-01 -2.749202e-01 -1.820302e+00 -2.727867e-01 -6.686779e-01 1.869814e+00 -4.428908e+00 4.983079e+00 -2.171336e-01 -1.722702e+00 1.363154e+00 -9.469026e-01 3.110934e-01 -7.731991e-01 7.063209e-01 6.973646e-01 -7.709301e-02 4.790332e-01 -2.990420e-01 1.807135e+00 -9.793147e-01 3.608716e-01 1.831716e-01 -1.455822e-01 5.282558e-02 -1.030315e-01 
2.719705e+00 -1.423624e+01 -5.629227e+00 2.801323e+00 -1.441679e+01 -7.692985e+00 -2.884159e+01 1.320927e+01 -4.900905e+00 -8.125662e+00 1.391989e+00 -7.995203e+00 2.034396e+01 -2.319012e-01 2.852681e-01 -5.323473e-01 -5.412768e-01 5.948743e-01 4.365494e-01 -1.032046e+00 3.064282e+00 1.923089e-01 -1.288703e+00 1.031171e+00 -7.482846e-01 1.048402e-01 -7.637597e-01 3.719526e-01 9.012883e-01 -4.281176e-02 3.667887e-01 -7.236437e-01 2.232755e+00 -1.523965e+00 -7.763860e-02 4.063774e-01 -3.963400e-01 1.968155e-01 -1.410024e-01 
1.886728e+00 -1.360967e+01 -6.103631e+00 2.773923e+00 -1.477729e+01 -7.537408e+00 -2.796090e+01 1.441457e+01 -4.445488e+00 -9.119063e+00 1.122622e+00 -7.677619e+00 2.033193e+01 -7.273815e-01 4.900892e-01 1.642577e-01 -5.474936e-01 8.275673e-01 -7.788635e-01 1.344521e+00 1.463276e+00 -1.489279e-01 -2.608921e-01 3.490150e-01 -3.319302e-01 -1.082477e-02 -4.257014e-01 1.563889e-02 7.838594e-01 -1.856563e-01 2.507363e-02 -6.920611e-01 1.586605e+00 -1.309404e+00 -3.168353e-01 5.948521e-01 -3.559815e-01 9.548018e-02 -9.670302e-02 
1.681252e+00 -1.328367e+01 -4.878436e+00 2.886747e+00 -1.406313e+01 -7.769594e+00 -2.540870e+01 1.598327e+01 -4.147281e+00 -8.468041e+00 1.367633e+00 -7.061996e+00 2.022434e+01 -1.010198e+00 1.088500e-01 6.633974e-01 -7.271993e-01 -2.218736e-01 -9.227677e-01 1.583621e+00 4.888195e-01 -1.014464e+00 1.312240e-02 -1.274442e-01 -5.347968e-01 -6.092478e-02 -2.225184e-01 -1.516904e-01 6.207914e-01 -2.391001e-01 -2.860716e-01 -3.062437e-01 8.007108e-01 -1.051323e+00 -3.885026e-01 5.095727e-01 -2.499366e-01 4.295711e-02 -4.428530e-02 
-1.201667e-01 -1.364917e+01 -4.931954e+00 1.315662e+00 -1.486229e+01 -1.036567e+01 -2.465899e+01 1.558513e+01 -7.693342e+00 -8.279325e+00 2.603028e-01 -9.116028e+00 2.019573e+01 -9.599956e-01 -1.085323e-01 1.501176e+00 -1.108078e+00 -1.350889e-01 -9.106882e-01 2.196432e+00 -2.762616e-01 -1.197734e+00 6.006628e-01 1.625423e-01 -5.763260e-01 -8.954570e-02 -8.746471e-02 -1.362742e-01 5.417023e-01 -2.270051e-01 -2.338915e-01 4.514043e-02 3.790002e-01 -8.910357e-01 -7.015096e-02 3.238878e-01 -1.160741e-01 1.348725e-01 -1.265888e-02 
-1.327951e+00 -1.367184e+01 -2.898245e+00 -1.051248e-01 -1.548377e+01 -1.089290e+01 -2.257427e+01 1.506828e+01 -8.349201e+00 -8.479902e+00 1.185832e+00 -9.950050e+00 2.010742e+01 -1.228095e+00 -1.737751e-01 1.903113e+00 -1.456513e+00 -3.541623e-01 -1.028753e+00 2.545568e+00 -1.322422e+00 -1.225745e+00 8.283811e-01 -1.253000e-01 -4.112712e-01 -7.724891e-02 -1.661438e-03 2.652091e-02 4.250885e-01 -1.353092e-01 4.399608e-02 1.654693e-01 2.786704e-01 -7.964509e-01 3.022949e-01 2.899500e-01 -1.516683e-01 3.935323e-01 4.376875e-03 
-1.408708e+00 -1.395834e+01 4.122682e-01 -1.270444e+00 -1.474227e+01 -1.052950e+01 -1.839606e+01 1.349076e+01 -8.332989e+00 -6.109868e+00 2.026115e+00 -9.115050e+00 1.994281e+01 -1.055740e+00 -4.994498e-02 2.252865e+00 -1.317897e+00 -2.757182e-01 -5.001935e-01 2.758665e+00 -2.086212e+00 -3.940519e-01 9.509635e-01 -2.325107e-01 2.805993e-01 -6.597237e-02 -1.558634e-02 1.830770e-01 1.504028e-01 -2.164556e-02 2.811986e-02 2.014404e-01 -5.065870e-02 -6.644263e-01 4.439996e-01 9.154486e-02 -3.024980e-01 5.137074e-01 1.123273e-02 
-3.815158e+00 -1.399784e+01 1.965075e+00 -3.102638e+00 -1.589381e+01 -1.283132e+01 -1.581262e+01 1.041816e+01 -9.956179e+00 -5.410613e+00 -1.418617e-01 -9.118471e+00 1.996479e+01 -9.707065e-01 2.121511e-01 2.412963e+00 -1.298858e+00 6.846465e-02 -3.006183e-01 2.696036e+00 -2.588570e+00 9.505072e-02 1.287752e+00 -6.882672e-01 1.004440e+00 -5.077591e-02 -6.146863e-03 3.126819e-01 -6.053679e-02 4.017726e-02 4.026893e-02 2.312975e-01 -3.766652e-01 -4.333130e-01 4.473105e-01 -1.211162e-01 -1.919039e-01 4.802688e-01 9.283045e-03 
-4.155448e+00 -1.373608e+01 3.900922e+00 -3.775155e+00 -1.603562e+01 -1.189747e+01 -1.424689e+01 7.478781e+00 -8.860623e+00 -5.059008e+00 -2.381260e-01 -8.128588e+00 1.993722e+01 -1.166691e+00 6.138256e-01 1.998222e+00 -1.295069e+00 -2.057203e-01 -2.676359e-01 1.867591e+00 -2.965303e+00 3.617298e-01 8.286662e-01 -1.068459e+00 1.284311e+00 -4.658748e-02 -1.035989e-01 3.849748e-01 -2.619092e-01 2.400205e-02 -3.330642e-02 1.240218e-01 -6.609762e-01 -1.804114e-01 1.949722e-01 -3.300150e-01 1.927805e-03 2.159407e-01 1.078526e-02 
-4.808022e+00 -1.272202e+01 7.422451e+00 -5.347449e+00 -1.449453e+01 -1.171164e+01 -1.116858e+01 5.131428e+00 -7.610315e+00 -2.566413e+00 -1.123062e+00 -5.421312e+00 1.985616e+01 -1.203321e+00 1.057870e+00 1.727794e+00 -1.266996e+00 -1.877721e-01 1.155928e-02 1.107642e+00 -3.049340e+00 6.327825e-01 2.840011e-01 -6.668990e-01 1.488133e+00 -4.051963e-02 -8.054689e-02 3.498984e-01 -3.940786e-01 6.239995e-02 -6.380454e-02 4.911638e-02 -8.236538e-01 1.252438e-01 -5.359668e-02 -4.485923e-01 2.855442e-01 -8.549605e-02 1.132862e-02 
-6.745557e+00 -1.152727e+01 7.674753e+00 -6.623578e+00 -1.647087e+01 -1.242745e+01 -1.138012e+01 1.307649e+00 -7.697763e+00 -3.388493e+00 -2.825375e+00 -4.541851e+00 1.976411e+01 -1.457438e+00 1.452046e+00 1.285993e+00 -1.213764e+00 -3.140428e-01 -3.623373e-02 2.479614e-01 -2.757792e+00 3.119553e-01 -1.972062e-01 -2.335459e-01 1.118512e+00 -1.721480e-02 1.227254e-01 2.489495e-01 -3.016309e-01 2.283780e-01 5.646769e-02 9.337699e-02 -6.708137e-01 4.908026e-01 -1.551126e-01 -1.799058e-01 5.142938e-01 -2.238177e-01 9.107254e-03 
-8.536880e+00 -9.813125e+00 8.716839e+00 -8.013338e+00 -1.661524e+01 -1.250838e+01 -1.170784e+01 -1.742665e+00 -7.374010e+00 -4.825747e+00 -2.182549e+00 -3.471350e+00 1.984869e+01 -1.228013e+00 1.542504e+00 7.987723e-01 -1.027551e+00 -1.963239e-01 -1.706844e-01 -6.123530e-01 -2.066135e+00 -1.480948e-01 -4.422001e-01 3.221014e-01 6.599916e-01 -8.784252e-03 3.967826e-01 4.974505e-03 -1.992970e-01 3.335533e-01 1.636500e-02 8.902594e-02 -5.049440e-01 6.566637e-01 -2.545402e-01 1.231535e-01 3.847039e-01 -2.805817e-01 -6.891050e-04 
-9.578589e+00 -7.930312e+00 9.683616e+00 -8.510976e+00 -1.654562e+01 -1.168021e+01 -1.273705e+01 -2.873314e+00 -7.419208e+00 -4.915098e+00 -8.763121e-01 -3.511415e+00 1.985491e+01 -5.407179e-01 1.616090e+00 9.546025e-01 -2.729810e-01 8.081722e-02 2.903343e-01 -6.264643e-01 -1.002909e+00 -2.334606e-02 2.922682e-01 1.008546e+00 5.794822e-01 -1.689262e-02 5.974886e-01 -2.322173e-01 -5.617838e-02 3.320596e-01 -4.276765e-02 9.052631e-02 -2.542499e-01 5.613470e-01 -2.086467e-01 2.910506e-01 1.403702e-01 -1.817748e-01 -1.400129e-02 
-9.531698e+00 -6.807701e+00 1.041223e+01 -9.541712e+00 -1.543892e+01 -1.293897e+01 -1.355143e+01 -3.109708e+00 -8.490198e+00 -4.014211e+00 -4.871954e-01 -2.636839e+00 1.976681e+01 3.222028e-01 1.000783e+00 8.968608e-01 -6.967077e-02 -3.034851e-01 2.934855e-01 -9.798813e-01 -6.435292e-01 -4.722542e-01 6.551122e-01 6.355264e-01 3.548420e-01 -4.411738e-02 5.715134e-01 -1.928970e-01 -1.563862e-01 4.322803e-01 -1.763716e-01 9.761550e-02 6.960669e-02 2.727509e-01 -3.291656e-02 3.256538e-01 -7.494708e-02 -1.830389e-01 -2.354195e-02 
-8.951740e+00 -4.949278e+00 1.160035e+01 -7.224370e+00 -1.665496e+01 -1.076051e+01 -1.359034e+01 -3.024171e+00 -7.256103e+00 -2.332889e+00 1.369662e+00 -2.062257e+00 1.972078e+01 7.548079e-01 5.618001e-01 9.560521e-01 -3.256398e-02 -4.744152e-01 1.843494e-01 -8.395610e-01 -6.623156e-01 -5.693041e-01 7.093335e-01 3.116021e-01 3.622769e-01 -6.957012e-02 3.196155e-01 2.793558e-02 -4.999205e-01 3.310396e-01 -7.573858e-02 -2.840009e-01 3.565888e-01 -1.415641e-01 1.970059e-02 1.329561e-01 -2.076415e-01 -3.955371e-01 -3.143657e-02 
-7.238895e+00 -6.299984e+00 1.224257e+01 -9.004988e+00 -1.807817e+01 -1.150106e+01 -1.618035e+01 -4.884738e+00 -9.816655e+00 -2.841318e+00 -1.282339e-01 -2.421859e+00 1.969508e+01 9.817804e-01 1.105115e+00 1.615870e-02 1.013614e+00 -8.006498e-01 3.703744e-01 -1.577785e-01 -8.728384e-01 -3.979873e-02 9.775325e-01 2.957793e-01 -1.466950e-01 -1.001779e-01 -6.776009e-02 3.924834e-01 -5.338664e-01 -2.337312e-03 2.301385e-01 -3.745851e-01 4.315756e-01 -1.424649e-01 1.690966e-01 -6.531598e-03 -2.228567e-01 -5.309227e-01 -3.627881e-02 
-6.951033e+00 -5.374895e+00 1.354843e+01 -8.942128e+00 -1.759764e+01 -1.147749e+01 -1.562026e+01 -5.297391e+00 -9.601966e+00 -1.954927e+00 5.021235e-01 -1.807702e+00 1.954291e+01 7.275810e-01 1.703549e+00 -1.104691e+00 8.406113e-01 -4.925433e-02 -1.168140e+00 7.453455e-01 -1.596188e+00 -1.410139e-01 7.958254e-01 1.402868e-01 -1.147539e+00 -1.460357e-01 -3.603169e-01 4.620921e-01 -2.986544e-01 -4.738228e-01 2.296368e-01 -1.291638e-01 8.954234e-02 1.120695e-01 5.153575e-02 -1.885566e-01 -3.707048e-01 -6.516687e-01 -3.746141e-02 
-5.623415e+00 -1.069262e+00 9.518854e+00 -3.614782e+00 -1.897087e+01 -1.072868e+01 -1.332509e+01 -6.337318e+00 -7.515990e+00 6.842136e-01 1.425333e+00 -3.497734e+00 1.935488e+01 -2.966363e-03 2.392348e+00 -7.421342e-01 -5.178664e-01 6.345715e-01 -9.032304e-01 3.854278e-01 -8.889000e-01 1.590912e-01 5.791681e-01 -3.931789e-01 -1.544987e+00 -1.873293e-01 -4.640396e-01 1.388234e-01 2.317597e-01 -8.933946e-01 2.013606e-01 1.617559e-01 -2.167240e-01 4.635532e-01 -2.752713e-01 -3.352874e-01 -5.473542e-01 -4.624551e-01 -3.253926e-02 
-6.121964e+00 9.526749e-01 7.438889e+00 -5.716547e+00 -1.645506e+01 -1.698748e+01 -1.129134e+01 -1.027878e+01 -9.111176e+00 -1.167800e-01 1.294564e+00 -7.261829e+00 1.916063e+01 -5.543722e-01 2.228585e+00 -1.579523e-01 -1.635830e+00 -4.386987e-02 1.753160e-01 -6.635660e-01 -9.384674e-02 -4.109211e-01 -3.420012e-02 -1.197481e+00 -2.196922e+00 -2.133190e-01 -2.689794e-01 -2.876431e-01 5.406393e-01 -4.751707e-01 -1.542954e-01 5.368832e-01 -1.795238e-01 6.953421e-01 -4.352621e-01 -3.625450e-01 -4.852026e-01 -2.556251e-01 -1.882755e-02 
-7.668409e+00 2.497811e+00 1.158659e+01 -1.320691e+01 -1.547651e+01 -1.326230e+01 -1.641765e+01 -6.838619e+00 -9.266421e+00 -8.645322e-01 -2.490479e+00 -7.419644e+00 1.894959e+01 -6.974565e-01 1.536599e+00 7.015697e-01 -2.215162e+00 2.033928e-01 5.073460e-01 -5.368813e-01 6.936060e-01 -1.281247e+00 -2.838692e-01 -1.772057e+00 -1.934363e+00 -2.291599e-01 2.804055e-02 -6.340542e-01 3.494720e-01 4.214604e-01 -4.694187e-01 2.403372e-01 3.776972e-01 2.194344e-01 -4.643976e-01 -4.731626e-01 -1.191786e-01 -2.216660e-02 3.641749e-03 
-8.700350e+00 3.984550e+00 1.172497e+01 -1.232526e+01 -1.956416e+01 -9.333999e+00 -1.739151e+01 -5.516159e+00 -1.078104e+01 -1.351612e+00 -3.527640e+00 -1.083098e+01 1.867905e+01 -2.700842e-01 6.931294e-01 8.767276e-01 -6.865955e-01 -6.051202e-01 8.109104e-01 3.088461e-01 1.089268e+00 -1.597180e+00 -5.853649e-01 -1.596231e+00 -2.231016e+00 -2.192258e-01 1.811921e-01 -6.534968e-01 1.814432e-01 9.180831e-01 -3.465303e-01 -1.365156e-01 6.156220e-01 -5.068414e-01 -2.379350e-01 -4.101244e-01 2.327676e-01 2.526008e-01 3.466089e-02 
-7.821132e+00 5.098229e+00 1.088358e+01 -1.138640e+01 -1.639911e+01 -1.201887e+01 -1.295901e+01 -5.250734e+00 -1.308711e+01 -1.175708e-01 -5.024086e+00 -1.138504e+01 1.844976e+01 -4.846899e-03 -1.019936e-02 4.878368e-01 1.114735e+00 -1.431792e+00 -1.932236e-02 1.787839e+00 -3.833873e-01 -1.569793e+00 -1.511062e+00 -7.897846e-01 -1.638773e+00 -1.661187e-01 1.954964e-01 -3.742278e-01 4.027342e-02 8.483548e-01 -3.109073e-01 1.840737e-01 1.872010e-01 -9.785829e-01 2.560920e-02 -2.748342e-01 3.083208e-01 4.128614e-01 5.789728e-02 
-7.395852e+00 3.118201e+00 1.217415e+01 -1.005990e+01 -1.901913e+01 -1.355420e+01 -1.147657e+01 -5.627099e+00 -1.518684e+01 -3.416958e+00 -5.419872e+00 -1.643413e+01 1.831460e+01 5.291642e-03 -2.654525e-01 8.561113e-01 1.289584e+00 -9.588050e-01 -2.440020e-01 1.252243e+00 -2.089511e+00 -1.456187e+00 -1.471208e+00 -5.248632e-01 -1.081793e+00 -7.150324e-02 1.072161e-01 -2.788921e-02 6.823099e-02 4.751592e-01 1.706116e-01 7.022603e-01 -2.855867e-01 -8.914297e-01 1.870771e-01 2.239174e-01 -2.401478e-02 6.486852e-01 3.625899e-02 
-8.344755e+00 2.879801e+00 1.380150e+01 -8.766041e+00 -2.290774e+01 -1.124884e+01 -1.043586e+01 -8.699704e+00 -1.491271e+01 -7.387135e+00 -5.492940e+00 -1.281172e+01 1.830133e+01 1.424072e-01 1.447523e-01 9.132088e-01 1.038482e+00 -1.174289e+00 1.955106e+00 -7.263495e-02 -2.609795e+00 -1.223767e+00 -1.215039e+00 -7.661983e-01 -4.447283e-01 -1.356335e-02 1.108074e-02 9.685507e-02 -1.844099e-02 3.433167e-01 8.450463e-01 1.103269e+00 -4.214227e-01 -1.813685e-01 1.806082e-01 7.834036e-01 -3.789118e-01 3.599714e-01 -6.309495e-02 
-8.411836e+00 3.766417e+00 1.454655e+01 -7.187299e+00 -2.110397e+01 -1.093926e+01 -1.239179e+01 -1.423942e+01 -1.714951e+01 -5.072714e+00 -5.917431e+00 -1.552681e+01 1.839586e+01 1.924459e-01 4.762157e-01 1.005177e+00 1.727289e+00 1.192475e-01 3.335011e+00 -1.888551e-01 -2.254717e+00 -8.349419e-01 3.861721e-01 -1.728137e+00 4.152772e-01 -1.141393e-01 -1.733126e-01 -2.965301e-01 -4.480094e-01 3.817874e-01 1.170383e+00 1.126637e+00 2.376916e-01 3.933465e-01 -1.223644e-02 7.990672e-01 -4.143523e-01 2.830790e-03 -2.242315e-01 
-6.600974e+00 5.497739e+00 1.426329e+01 -7.629734e+00 -2.122826e+01 -3.550966e+00 -1.286475e+01 -1.399317e+01 -1.822443e+01 -5.365015e+00 -8.606163e+00 -1.406202e+01 1.834134e+01 -4.302996e-02 1.032256e-01 3.211348e-01 2.612606e+00 2.254448e+00 3.707482e+00 4.012832e-01 -1.207696e+00 -9.773929e-01 1.477270e+00 -2.082672e+00 -5.874783e-01 -4.602751e-01 -4.931167e-01 -8.731323e-01 -7.449477e-01 1.881221e-01 1.180275e+00 1.787474e-01 6.481314e-01 5.272853e-01 -5.971281e-03 5.820807e-01 2.119275e-01 -5.766357e-01 -3.598303e-01 
-7.305651e+00 4.190316e+00 1.696904e+01 -1.991314e+00 -1.926303e+01 -7.282016e-01 -1.120639e+01 -1.425341e+01 -1.770563e+01 -2.497357e+00 -1.250400e+01 -1.373222e+01 1.772376e+01 -7.685898e-01 -1.727323e+00 -1.087860e+00 2.411530e+00 3.178780e+00 4.513030e+00 2.203726e+00 -8.239363e-01 -1.640498e+00 1.177940e+00 -1.938344e+00 -9.963979e-01 -9.692762e-01 -6.297771e-01 -1.167636e+00 -9.025589e-01 -4.098506e-01 5.821032e-01 -4.867370e-01 9.342666e-01 7.260821e-01 6.406645e-01 2.766923e-01 1.082664e+00 -4.630260e-01 -3.594947e-01 
-9.113256e+00 3.183813e+00 1.419562e+01 1.698863e+00 -1.255578e+01 2.183351e+00 -9.022477e+00 -1.473087e+01 -1.952190e+01 -1.288619e+00 -1.261302e+01 -1.664666e+01 1.633603e+01 -1.842621e+00 -3.119169e+00 -1.765056e+00 1.636950e+00 3.197361e+00 2.259826e+00 1.971920e+00 -6.888461e-01 -8.507698e-01 1.299497e+00 3.985537e-01 -2.621985e+00 -1.385165e+00 -4.203234e-01 -8.995031e-01 -5.910217e-01 -8.687310e-01 -2.856057e-01 -1.067939e+00 7.290467e-01 8.516322e-01 1.379393e+00 3.052861e-02 1.107039e+00 3.476154e-01 -1.727087e-01 
-1.099869e+01 -3.713306e+00 9.140783e+00 2.059493e-01 -9.546636e+00 8.758801e+00 -3.294422e+00 -1.799010e+01 -2.470343e+01 -1.221408e+00 -1.360553e+01 -1.921616e+01 1.455192e+01 -2.056675e+00 -3.750787e+00 -2.464561e+00 1.658894e-01 2.558300e+00 1.625072e+00 3.697305e+00 1.116372e+00 2.305228e+00 1.858473e+00 2.444430e+00 -8.826439e-01 -1.449173e+00 2.779508e-02 -9.757043e-02 -5.117746e-03 -7.990756e-01 -5.976469e-01 -1.331477e+00 2.232936e-01 9.581526e-01 1.817088e+00 -6.736869e-02 4.961894e-01 9.416807e-01 1.065914e-01 
-1.396784e+01 -6.146432e+00 9.352181e+00 -5.435298e-01 -1.009977e+01 3.004447e+00 -6.961320e+00 -1.556913e+01 -1.898001e+01 4.944422e-01 -6.062697e+00 -2.442990e+01 1.300145e+01 -1.500609e+00 -3.382484e+00 -1.945610e+00 -6.082050e-01 1.136804e+00 -1.882260e-01 3.299652e+00 2.080360e+00 3.946747e+00 1.289576e+00 1.261119e+00 1.093765e+00 -1.083867e+00 4.780335e-01 5.277470e-01 4.010641e-01 -2.435447e-01 -4.531482e-01 -9.647139e-01 -7.007316e-02 3.615367e-01 1.090686e+00 -2.467831e-01 -5.937065e-01 1.338010e+00 3.176366e-01 
-1.516194e+01 -9.898316e+00 7.068081e+00 -4.065349e-02 -7.699718e+00 6.986568e+00 6.249595e+00 -8.252836e+00 -6.450403e+00 5.903456e+00 -3.556926e+00 -1.425404e+01 1.214526e+01 -8.005589e-01 -2.083627e+00 -1.023112e+00 -4.612348e-01 1.220844e+00 -9.203518e-01 2.656081e+00 2.582431e+00 5.046160e+00 8.461127e-01 1.113769e-01 1.854143e+00 -5.869481e-01 6.148055e-01 8.922585e-01 5.792626e-01 2.885614e-01 -2.857491e-01 -8.811814e-01 -9.991005e-01 -7.085096e-01 -5.118192e-01 -5.747710e-01 -9.073229e-01 6.238509e-01 3.521397e-01 
-1.453510e+01 -1.063619e+01 5.504189e+00 -1.218867e+00 -7.795395e+00 2.128350e+00 2.703813e+00 -9.197895e+00 -8.914664e+00 1.596961e+00 -1.133172e+01 -1.365894e+01 1.212017e+01 -8.047715e-02 -1.314118e+00 -4.804845e-01 7.327879e-01 1.600289e+00 -1.291036e+00 2.142048e+00 3.859960e-01 3.232097e+00 5.717562e-01 -1.403400e+00 2.699703e+00 -2.280322e-01 4.809346e-01 9.192459e-01 4.139268e-01 3.330068e-01 -1.650110e-01 -3.485914e-01 -1.104316e+00 -9.112475e-01 -1.372234e+00 -5.976521e-01 -1.606129e-01 8.234941e-02 2.184106e-01 
-1.471810e+01 -1.188659e+01 5.949158e+00 -1.762441e+00 -4.594471e+00 4.595174e+00 5.153526e+00 -8.263723e+00 -4.505424e+00 2.458050e+00 -1.041402e+01 -1.533089e+01 1.205777e+01 3.073221e-01 -3.237585e-01 -3.008167e-01 9.381381e-01 8.977764e-01 -2.229460e+00 -7.192185e-01 -1.578979e+00 1.032771e-01 -6.565198e-01 -7.599135e-01 1.433540e+00 -1.163409e-01 3.512366e-01 7.400915e-01 8.063294e-02 2.455004e-01 -2.693353e-01 -3.194053e-02 -8.970769e-01 -5.393267e-01 -1.520968e+00 -5.359704e-01 2.578188e-01 -1.396503e-01 5.394997e-02 
-1.459208e+01 -1.172273e+01 7.509228e+00 3.981148e+00 -3.650937e+00 -2.255284e+00 4.296948e+00 -1.363340e+01 -3.791594e+00 5.075841e+00 -9.651154e+00 -1.039271e+01 1.190498e+01 3.500838e-01 3.338252e-01 -2.370351e-01 3.572516e-01 4.731434e-01 -1.276646e+00 -5.340273e-01 -3.951467e-01 -4.429934e-01 -9.473537e-01 8.937194e-01 1.715747e+00 -2.270657e-01 2.325179e-01 6.091445e-01 -1.500081e-01 1.287037e-01 -3.936304e-02 6.102508e-01 -4.490460e-01 5.933820e-01 -6.030461e-01 -2.677446e-01 5.234537e-01 -3.468569e-02 -3.934717e-02 
-1.359661e+01 -1.097387e+01 4.561877e+00 2.049829e+00 -5.283007e+00 -1.969275e+00 1.857100e+00 -1.392992e+01 -8.495111e+00 8.813651e-01 -8.196750e+00 -8.719293e+00 1.167093e+01 7.402542e-01 7.929621e-01 -7.416509e-01 9.541658e-01 4.376694e-01 -1.087260e+00 -4.912177e-01 2.764324e-01 -7.211269e-01 -1.074155e+00 2.518599e-01 1.647983e+00 -3.177075e-01 1.819732e-01 4.715594e-01 -2.169432e-01 3.801845e-01 4.476033e-01 9.806520e-01 3.029059e-01 1.080550e+00 3.999397e-01 1.463162e-01 2.416815e-01 4.491954e-01 -4.060967e-02 
-1.334522e+01 -9.423577e+00 5.012581e+00 -1.338945e+00 -5.085245e+00 -9.725662e-01 1.681729e+00 -8.340966e+00 -9.134758e+00 -2.351602e+00 -7.971746e+00 -8.386075e+00 1.117815e+01 8.656777e-01 1.173264e+00 -1.010146e+00 1.368266e+00 1.633546e+00 1.189158e+00 -2.172363e-01 2.425113e+00 6.291379e-01 -5.581117e-01 7.079861e-01 2.419089e+00 -3.240975e-01 1.177267e-01 2.636040e-01 -3.091429e-01 4.137736e-01 4.436611e-01 5.487360e-01 1.087613e-01 5.426553e-01 4.695696e-01 2.319795e-01 -3.701681e-02 3.726943e-01 1.120077e-02 
-1.164019e+01 -9.071473e+00 3.489210e+00 5.668282e+00 -1.689121e+00 -1.482903e+00 4.004846e+00 -9.528121e+00 -5.439348e+00 8.009757e-01 -9.994457e+00 -8.094386e+00 1.083257e+01 9.593775e-01 1.614309e+00 -9.990324e-01 2.333528e+00 2.555661e+00 1.440938e+00 6.368945e-01 2.413640e+00 1.566940e+00 -1.195517e-01 5.413288e-01 3.327846e+00 -2.708831e-01 -7.012554e-02 8.840336e-02 -9.182516e-02 5.495278e-03 -1.559081e-01 -1.380910e-01 -3.977878e-02 2.899226e-01 2.031730e-01 -4.942725e-02 1.359747e-01 -1.104527e-01 5.407782e-02 
-1.124194e+01 -6.807357e+00 2.994927e+00 9.013135e+00 2.719733e+00 3.447604e+00 2.136597e+00 -3.708469e+00 -2.174299e+00 2.325473e+00 -5.212556e+00 1.390118e+00 1.070383e+01 8.291299e-01 1.241038e+00 -1.654163e+00 1.736323e+00 1.632491e+00 2.029414e-01 -5.543222e-01 1.249455e+00 7.609676e-01 -2.648261e-01 5.639540e-01 2.739214e+00 -1.945248e-01 -1.281013e-01 -9.933867e-03 2.229011e-01 -3.329090e-01 -9.957350e-01 -9.759291e-01 -5.789026e-02 -1.639154e-01 -1.682542e-01 -3.256896e-01 1.753497e-01 -9.910297e-01 9.518098e-02 
-9.851147e+00 -4.210374e+00 5.755002e-01 8.541286e+00 3.592363e+00 3.025270e+00 4.813745e+00 -4.177629e+00 -4.140894e+00 -2.054821e+00 -6.869346e+00 3.032268e+00 1.055374e+01 4.078899e-01 1.201011e+00 -8.787171e-01 7.975791e-01 -3.412819e-01 -1.284629e+00 -5.216601e-01 2.313972e+00 2.288589e-01 -1.467958e+00 1.003814e+00 9.355077e-01 -1.120988e-01 -1.478729e-01 -3.855359e-02 6.238033e-01 -3.242385e-01 -9.634451e-01 -7.660289e-01 -4.186356e-02 3.471263e-02 -1.826182e-01 -1.361911e-01 5.232385e-01 -1.215272e+00 1.166115e-01 
-1.009375e+01 -5.648677e+00 -1.801112e+00 5.906423e+00 4.367138e-01 -2.212068e+00 -1.494130e+00 -4.768614e+00 -5.979265e+00 -2.248019e+00 -6.714511e+00 -2.530093e-01 1.034497e+01 5.009355e-01 1.330278e+00 4.426450e-02 4.714861e-01 -1.896650e+00 -2.327672e+00 7.244202e-02 1.655299e+00 4.569054e-01 -1.512316e+00 1.353542e+00 -1.339890e+00 7.240678e-02 -8.588031e-02 1.450624e-01 8.054743e-01 -9.545405e-02 -1.708167e-01 -1.824975e-02 1.243972e-01 9.579863e-02 7.496643e-02 2.747984e-01 4.293042e-01 -6.571330e-01 1.094360e-01 
-1.017483e+01 -3.645634e+00 1.493728e+00 1.120959e+01 -2.253789e+00 -5.076084e+00 3.212389e+00 2.571528e+00 -2.392427e+00 -4.252216e+00 -4.224397e+00 -2.595309e+00 1.045153e+01 3.840970e-01 1.376960e+00 1.270692e+00 1.344661e+00 -4.970087e-01 -1.123919e+00 1.141417e-01 2.384098e+00 8.057438e-01 -1.767378e-01 2.762809e+00 -7.089859e-01 1.787284e-01 -7.871702e-02 6.014637e-02 3.726459e-01 -3.593941e-01 6.133180e-01 7.335428e-01 -2.284000e-02 -2.075482e-01 4.776269e-03 7.178316e-01 2.796260e-02 1.412748e-01 2.721374e-02 
-8.575631e+00 -4.385659e-01 2.757151e+00 1.003662e+01 -3.840583e+00 -4.140270e+00 3.299526e+00 1.193599e+00 -7.638334e-01 -4.137299e+00 2.327573e-01 -2.495636e+00 1.111700e+01 4.117327e-01 1.878374e+00 1.298476e+00 9.855415e-01 8.561788e-01 3.120168e-02 -2.503741e-01 1.693589e+00 8.473961e-01 4.635415e-01 1.830963e+00 2.758197e-01 2.072419e-01 -1.896253e-01 -1.292008e-01 -1.908991e-01 -7.207497e-01 6.681501e-01 9.332032e-01 -9.489499e-02 -2.604706e-01 -1.701898e-01 7.612647e-01 -5.494136e-01 4.938481e-01 -7.640713e-02 
-8.689929e+00 6.949461e-02 4.649801e+00 1.319974e+01 3.245959e+00 -1.629836e+00 2.987695e+00 4.761803e+00 -2.720111e+00 -1.993936e+00 3.470950e+00 6.088630e-01 1.106123e+01 5.900956e-02 1.227633e+00 3.573744e-01 -1.256214e+00 1.348909e+00 1.203653e+00 -4.742524e-01 1.257199e+00 5.756362e-02 1.133298e+00 9.048840e-01 8.341807e-01 -4.347301e-02 -2.369119e-01 -2.022555e-01 -5.574301e-01 -9.021379e-01 5.170124e-02 4.634031e-01 -1.697657e-02 -6.734907e-01 -9.454943e-02 4.051489e-01 -9.015135e-01 -8.851368e-02 -8.994305e-02 
-8.777851e+00 1.885322e+00 3.113433e+00 9.839173e+00 1.967554e+00 -3.779223e+00 -2.633493e+00 2.604188e+00 -1.578376e+00 -1.059575e+00 -1.407506e+00 -4.758063e-01 1.107636e+01 -2.845562e-01 7.588409e-01 -4.535866e-01 -1.831758e+00 5.211812e-01 1.174452e+00 -1.078340e-01 9.166052e-01 -1.980561e-02 1.639022e+00 -4.645295e-01 3.578160e-01 -1.984985e-01 -4.422150e-01 -3.023701e-01 -2.929495e-01 -3.962619e-01 -2.432452e-01 -5.845938e-02 1.649851e-01 -9.051108e-01 2.618515e-01 -3.639987e-02 -4.975899e-01 -5.152733e-02 -2.183198e-02 
-9.778856e+00 1.330543e+00 3.102347e+00 5.027195e+00 1.586552e+00 7.615579e-01 3.807554e+00 8.152193e+00 -1.697757e+00 -1.246872e-01 1.120013e+00 5.658671e-01 1.025438e+01 -4.523327e-01 9.254162e-01 -6.403412e-01 -1.757447e+00 -7.089773e-02 6.215240e-01 -4.203402e-02 -5.947705e-01 7.666947e-01 1.261240e+00 -5.969532e-01 -1.192467e+00 -6.812029e-02 -4.126469e-01 -1.838286e-01 1.015391e-01 3.446282e-01 -2.941710e-01 -5.101051e-01 4.230918e-02 -1.018669e+00 6.873221e-01 -4.959669e-01 -2.416681e-01 2.858763e-01 7.621152e-02 
-9.453871e+00 2.724875e+00 1.262833e+00 4.963933e+00 -4.047357e-01 5.364439e-01 2.350879e+00 4.081133e+00 -1.374004e+00 3.123040e+00 -9.142959e-01 -6.849227e-01 1.052782e+01 -1.543698e+00 5.177425e-01 3.324899e-01 -7.452669e-01 3.498288e-01 2.994120e-02 3.586321e-01 -1.906092e+00 1.802172e+00 2.175215e-01 9.385350e-02 1.031524e+00 1.103711e-01 -1.915444e-01 -2.426278e-01 2.428860e-01 5.093312e-01 -2.864300e-01 -4.428139e-01 -1.047977e-01 -6.160080e-01 3.811952e-01 -6.793483e-01 1.055752e-01 5.165211e-01 5.952734e-02 
-1.061346e+01 4.276538e+00 2.372963e+00 6.850122e+00 4.078012e+00 -6.802716e-01 2.853375e-01 1.049482e+00 1.011162e+00 2.221362e+00 2.394262e-01 -5.248840e+00 1.099510e+01 -1.374695e+00 4.290647e-01 4.721330e-01 -7.637331e-02 -3.637386e-02 -7.745569e-01 -4.958158e-01 -2.424798e+00 2.583153e+00 -6.357663e-01 -5.826831e-01 1.926686e+00 1.831853e-01 2.314914e-01 -2.971830e-01 1.123111e-01 2.579961e-01 -5.662528e-01 -2.676095e-01 -1.509884e-01 1.055386e-01 -4.047003e-01 -3.741392e-01 2.521631e-01 3.358303e-01 -3.720571e-02 
-1.607926e+01 3.001062e+00 5.140644e+00 5.200865e+00 2.471142e+00 -2.908625e+00 9.205092e-01 -3.375133e+00 6.077736e+00 -1.144709e+00 -4.979237e-01 7.589345e+00 1.125776e+01 -7.810994e-01 -2.061153e-01 2.046850e-01 -1.256224e-01 -9.281875e-01 -3.414787e-01 -4.048057e-01 -1.248567e+00 9.779762e-01 -8.092632e-01 5.621884e-02 1.380964e+00 -2.655821e-02 6.892279e-01 -1.250657e-01 -2.411093e-01 -1.822107e-02 -5.267953e-01 7.199687e-02 -3.215633e-02 8.095757e-01 -9.498201e-01 2.282172e-01 3.643555e-01 -6.439615e-01 -1.098554e-01 
-1.333936e+01 3.338052e+00 3.523997e+00 4.527140e+00 -3.313107e-02 -1.389007e+00 2.043979e+00 -2.434286e-01 7.492132e+00 -1.169748e+00 -2.001619e+00 6.061525e+00 1.080520e+01 3.238381e-01 -1.986161e-01 -1.484627e-02 -7.773225e-01 -2.263110e+00 -5.307600e-01 -4.151118e-01 -3.957203e-01 -8.446261e-01 -9.606148e-02 6.826991e-01 3.119321e-01 -1.856647e-01 5.385979e-01 3.377560e-02 -2.217623e-01 -6.645525e-02 -3.488329e-02 2.220703e-01 2.058988e-01 9.128308e-01 -1.093308e+00 4.257522e-01 4.231874e-01 -7.124698e-01 -7.821298e-02 
-1.199676e+01 2.163570e+00 1.710861e+00 5.497836e+00 -2.990164e+00 -8.162043e-01 -5.526069e-01 -1.515602e+00 2.752244e-01 7.722465e-01 4.873359e-01 5.644013e-01 1.049009e+01 1.053159e+00 2.062455e-01 -6.294693e-01 -4.859079e-01 -1.170805e+00 2.680659e-01 1.575856e-01 1.127271e+00 -1.233138e+00 1.088712e+00 1.282931e+00 -1.380888e+00 -2.545052e-01 1.811698e-01 2.654902e-01 1.072133e-02 3.025872e-01 7.880281e-01 3.458124e-01 3.430378e-01 6.481623e-01 -3.293656e-01 3.531162e-01 -1.467502e-01 -2.605186e-01 1.348605e-02 
-1.103516e+01 3.702179e+00 4.013693e+00 2.815426e+00 -4.506908e+00 -4.380312e+00 -1.053510e+00 -1.859307e+00 -3.108729e-01 7.825258e-01 3.160411e+00 -1.767893e-01 1.045070e+01 4.011853e-01 3.917563e-01 -2.195596e-01 -2.283946e-01 -8.947938e-02 3.099160e-02 2.524009e-01 9.515967e-01 -1.777951e+00 5.439328e-01 9.198936e-01 -2.547135e-01 -9.389521e-02 -1.069016e-01 2.704959e-01 2.090464e-01 5.775294e-01 1.089210e+00 6.228163e-01 3.402364e-01 2.667268e-01 2.032239e-01 8.796169e-02 -6.251512e-01 9.144308e-02 7.790551e-02 
-1.196550e+01 3.850235e+00 1.748324e+00 3.627362e+00 -1.145809e+00 -7.211027e-02 3.257327e+00 3.069200e+00 3.813916e+00 3.322564e+00 3.335832e+00 3.804240e+00 1.016254e+01 8.607293e-02 8.260522e-01 3.607567e-01 1.112890e+00 1.925257e+00 1.106702e+00 9.766759e-01 1.318434e+00 -2.021387e-01 6.362972e-01 -7.962173e-01 3.615335e-01 -4.971710e-03 -1.580711e-01 1.102762e-01 3.771815e-01 3.688546e-01 4.903221e-01 2.926247e-01 1.852973e-02 -2.775860e-01 3.095788e-01 -1.820045e-01 -6.523232e-01 1.595436e-01 8.645535e-02 
-1.134907e+01 4.453449e+00 2.407751e+00 4.320428e+00 -1.402942e+00 -1.605871e+00 1.401135e+00 2.221603e+00 -3.166685e+00 2.748871e-01 1.173654e+00 3.168585e+00 1.049963e+01 2.729001e-01 8.440502e-01 5.353509e-01 1.310954e+00 1.635024e+00 2.164030e+00 8.766283e-01 8.423200e-01 -3.440691e-01 5.699887e-01 -1.403548e+00 -1.020856e-01 7.906529e-02 -3.587117e-02 -8.690605e-02 1.916836e-01 -4.277533e-02 -1.801704e-01 -4.799438e-02 -1.557443e-01 -3.743664e-01 4.756820e-01 -8.940518e-02 -1.645166e-01 -9.242845e-02 3.052181e-02 
-1.140964e+01 5.918202e+00 4.317603e+00 1.030981e+01 5.083907e+00 3.330136e+00 3.103330e+00 3.036022e+00 6.928127e-01 4.207373e+00 -2.500338e+00 6.997407e-01 1.044054e+01 3.268633e-01 5.315222e-01 8.789020e-01 5.886348e-01 4.186654e-01 6.648003e-01 -6.201183e-02 -2.059917e-01 -4.022782e-01 1.656377e-01 -8.169200e-01 -6.595969e-01 9.125469e-02 -4.086985e-02 -2.962399e-01 -7.991928e-02 -5.616935e-01 -7.884841e-01 -6.597659e-01 -3.592704e-01 -4.145649e-01 1.538158e-01 -2.215473e-01 4.476238e-01 -2.852809e-02 -6.713946e-03 
-9.948838e+00 6.888292e+00 5.405561e+00 6.028918e+00 5.533208e-01 4.738572e+00 3.406393e+00 2.368831e+00 -4.705390e-01 3.189987e+00 -9.392318e-01 8.648841e-01 1.070694e+01 1.013625e-01 1.045380e-01 4.797836e-01 -1.802140e-01 -2.369712e-01 1.187440e-02 -7.152120e-03 -1.582369e-01 7.004675e-01 3.322358e-01 1.076800e-01 -2.062804e-01 1.054694e-02 -9.703808e-02 -3.075572e-01 -1.982694e-01 -6.060660e-01 -6.932268e-01 -8.341077e-01 -2.825246e-01 -2.241568e-01 1.224900e-01 -2.363151e-01 5.682999e-01 1.676586e-01 -2.622676e-02 
-1.103125e+01 5.290255e+00 4.643684e+00 5.716232e+00 -3.056828e-02 7.914432e-02 1.944785e+00 1.966027e+00 4.545417e-01 2.693155e+00 3.078551e-01 1.657865e+00 1.051518e+01 -3.256436e-02 -2.853253e-01 -1.098072e-02 -9.500343e-01 -1.081275e+00 -1.116146e+00 -3.778515e-01 -2.543202e-01 4.485965e-02 -3.525153e-01 6.863221e-01 2.709339e-01 -4.273640e-03 -8.530010e-02 -2.023643e-01 -2.270419e-01 -3.847134e-01 -3.844110e-01 -4.689577e-01 -1.002372e-01 -1.927949e-02 2.382643e-02 -1.720996e-01 3.585154e-01 2.338426e-01 -2.058546e-02 
