-1.589130e+01 2.977063e+00 5.389917e-01 4.225325e+00 1.958975e+00 -1.105315e+00 -4.432849e-01 -1.053067e+00 9.609652e-01 -4.307364e-01 3.739310e-01 9.328468e-01 7.695336e+00 8.640054e-02 -2.568690e-01 -9.375206e-01 -1.037541e+00 -6.325799e-01 -8.734693e-02 -2.412186e-01 4.010167e-01 1.142943e-01 1.013540e-01 -1.769157e-01 -1.548261e-01 -2.800552e-02 -5.003285e-02 -8.605161e-02 2.135587e-01 2.952137e-01 6.772671e-02 -1.527376e-01 -1.547350e-02 2.650603e-01 2.026242e-01 5.090046e-01 1.922422e-01 9.303604e-03 -1.364160e-03 
-1.542577e+01 7.859148e-01 -1.780077e+00 1.676084e+00 -1.448953e+00 -2.344643e-01 -5.904114e-01 -1.727085e-01 -4.308797e-01 -3.532534e-01 9.638034e-01 -4.782975e-02 7.621244e+00 1.261484e-02 -1.457189e-01 -4.459894e-01 -6.680152e-01 -4.493609e-01 -3.608676e-01 -3.603940e-01 8.441000e-01 4.901137e-01 1.323396e+00 5.957701e-02 -3.245343e-01 -7.545742e-02 -8.192492e-02 -2.921488e-01 3.542448e-01 5.884137e-01 7.564875e-02 -2.523764e-01 8.757164e-02 2.871985e-01 1.540782e-01 4.381503e-01 1.881530e-01 9.696262e-02 2.516938e-02 
-1.569219e+01 2.788469e+00 -2.989156e+00 3.124452e-01 4.997477e-01 -1.977955e+00 -1.575732e+00 5.113966e-01 2.228299e+00 3.723869e-02 -8.061462e-01 6.491211e-01 7.592320e+00 -1.268401e-01 -7.426792e-01 -1.155263e-01 2.538232e-01 -3.856018e-01 -7.143828e-01 -2.588906e-01 1.504875e+00 9.394472e-01 2.035245e+00 6.660979e-01 -2.352869e-02 -1.108834e-02 -5.971044e-02 -2.700745e-01 3.158108e-01 5.555759e-01 -1.427984e-01 2.777724e-02 2.857951e-01 2.857421e-01 -3.056870e-02 -1.039218e-01 3.025913e-02 -1.444945e-02 5.899030e-02 
-1.592776e+01 2.342951e+00 7.308188e-02 2.841686e+00 4.418382e-01 -2.473846e+00 -1.678903e+00 2.384939e+00 2.777841e+00 5.952242e+00 1.261897e+00 -5.478072e-01 7.369601e+00 -2.166127e-01 -1.474780e+00 4.226817e-01 1.258882e+00 -3.779677e-01 -1.035691e+00 2.055509e-01 1.285095e+00 4.720561e-01 1.325053e+00 3.423376e-01 2.643110e-01 8.941960e-02 1.037822e-01 1.230795e-01 2.836448e-02 2.459387e-01 2.750372e-02 5.515805e-01 2.312618e-01 -1.580621e-01 -2.863476e-01 -7.881528e-01 -1.790675e-01 3.550772e-02 1.107961e-01 
-1.627457e+01 -1.514563e+00 -9.654492e-01 4.911571e+00 -9.144390e-01 -3.557579e+00 -1.193569e+00 5.192868e+00 4.053993e+00 6.592806e+00 3.555254e+00 1.065699e+00 7.765645e+00 -9.757180e-02 -9.427301e-01 2.071574e-01 7.768968e-01 -1.382279e+00 3.889154e-01 9.046982e-01 1.609283e+00 -2.952543e-02 -4.191943e-01 -1.669521e-01 -5.215408e-01 1.844805e-01 1.632896e-01 6.152717e-01 -5.481643e-02 -2.499563e-01 3.555903e-01 9.014509e-01 8.363824e-02 -6.178873e-01 -2.927171e-01 -6.299265e-01 -1.487507e-01 8.938660e-02 1.122909e-01 
-1.621754e+01 -4.436397e+00 -6.786621e-01 5.670933e+00 -2.631502e+00 -4.623065e+00 2.465614e-01 3.912853e+00 1.016343e+00 2.994181e+00 4.948964e-01 1.065699e+00 7.981688e+00 5.168171e-01 5.695501e-01 -4.655477e-01 3.000687e-01 1.863921e-01 1.845349e+00 2.141660e-01 1.523876e-03 -4.572263e-01 -1.390200e+00 -4.192492e-01 1.020916e-01 3.807302e-01 1.610169e-01 8.103492e-01 -5.868901e-02 -5.980445e-01 4.542000e-01 5.707971e-01 -5.062248e-01 -9.060999e-01 -5.370552e-02 2.228214e-02 5.874278e-02 4.045442e-02 7.932645e-02 
-1.603495e+01 1.464214e+00 -1.577452e+00 2.782340e+00 -4.875265e+00 1.041042e+00 1.985218e+00 7.794215e+00 2.961257e+00 -5.795485e-01 -1.257440e+00 -2.765645e+00 8.208857e+00 3.228222e-01 1.311422e+00 5.447163e-02 -5.165515e-01 1.110121e+00 2.352393e+00 1.550753e-01 -9.427199e-01 -5.959098e-02 2.431937e-01 3.031703e-01 5.045598e-01 4.047181e-01 1.250436e-01 1.675073e-01 6.470308e-02 -2.176670e-01 5.813905e-01 -5.629436e-01 -1.007077e+00 -1.011173e+00 7.058602e-02 6.133164e-01 2.437455e-01 7.815626e-02 7.978635e-03 
-1.346331e+01 3.701372e+00 -1.948401e+00 5.406992e+00 3.354318e+00 4.453961e+00 -2.197204e+00 1.092211e+00 1.037859e+00 2.587465e+00 1.571954e+00 1.878739e+00 9.051673e+00 3.782845e-01 1.449948e+00 2.055139e-01 -1.084609e+00 6.468429e-01 8.365810e-01 -1.950761e+00 -1.969316e+00 2.185154e-01 1.105251e+00 4.010886e-01 -4.635777e-02 3.759641e-01 4.471469e-02 -3.780750e-01 2.057075e-01 1.276421e-01 -4.799645e-02 -1.185062e+00 -6.743408e-01 -2.951774e-01 1.436460e-01 2.994244e-01 -1.236513e-01 -3.460118e-01 -5.042941e-02 
-1.603744e+01 9.735973e-01 -5.840186e-02 2.461021e+00 1.643690e+00 3.666117e+00 8.039328e-01 1.889141e+00 3.745361e+00 8.012115e+00 4.532282e+00 3.182116e+00 9.254145e+00 5.969976e-01 -5.454337e-01 1.951595e-01 3.808750e-01 1.294330e+00 -1.921427e+00 -3.048190e+00 -2.461210e+00 -1.449265e-02 1.399701e+00 6.417042e-01 -5.662481e-02 2.267996e-01 3.634887e-01 -3.804463e-01 3.000900e-02 3.912040e-01 -4.273793e-01 -8.465774e-01 1.185532e-01 1.944012e-01 -1.419835e-01 -4.047291e-01 -4.554787e-01 -3.617432e-01 -1.338522e-02 
-1.432488e+01 3.058604e+00 -4.106131e-01 4.088409e-01 -2.656780e+00 -1.752550e+00 -8.916184e+00 -2.981432e+00 1.717203e+00 4.224399e+00 -3.943987e-01 -2.139940e+00 9.338693e+00 6.032693e-01 -3.923000e-01 4.926421e-01 4.896041e-01 -1.456924e-01 -1.942993e+00 -1.556013e+00 -7.151095e-01 2.384064e-01 -4.713900e-01 -1.206833e+00 -1.347374e+00 2.175292e-01 4.495362e-01 -1.353964e-01 -1.055048e-01 1.581579e-01 -3.774398e-01 1.951280e-01 1.297114e+00 7.346230e-01 -2.640371e-01 -6.517344e-01 -3.062921e-01 7.209545e-02 5.776016e-02 
-1.261918e+01 -9.414933e-01 -1.370381e+00 7.185723e+00 4.602130e+00 -5.462789e+00 -9.896010e+00 -2.475306e+00 2.549277e+00 5.600352e+00 2.934476e+00 -1.038984e+00 9.199187e+00 2.027825e+00 3.303210e-01 6.093626e-02 6.523685e-01 -6.304594e-01 -4.907400e-01 5.504857e-01 -5.979111e-01 -7.793311e-01 -9.921040e-01 -1.170300e+00 -6.535629e-01 4.170262e-01 2.705007e-01 3.793933e-01 -1.376790e-01 -4.508228e-01 -4.770563e-01 8.423637e-01 1.477613e+00 8.252148e-01 -2.735397e-01 -5.846225e-01 1.887272e-02 2.088649e-01 9.608120e-02 
-1.215614e+01 2.697361e+00 1.170685e+00 5.492568e+00 1.146404e+00 -6.970814e-01 -4.627539e+00 -3.014251e-01 2.827928e+00 1.436688e+00 -3.662790e+00 -2.747624e+00 1.016660e+01 1.910567e+00 3.350610e-01 -2.548445e-01 -4.295463e-01 -2.778759e-01 1.096991e+00 2.735404e+00 7.721887e-01 -7.192000e-01 -9.575555e-01 -2.243288e-01 6.126658e-01 5.696474e-01 -3.390353e-02 1.214405e-01 -2.048922e-01 -3.899558e-01 -1.257288e-01 4.260674e-01 3.857810e-01 1.104259e-01 -2.870018e-01 -1.287968e-01 5.478295e-01 2.688492e-01 1.141990e-02 
-6.982633e+00 2.805780e+00 -5.443200e-01 3.181038e+00 -3.410522e+00 6.846874e-01 1.411974e+00 -2.440346e+00 -7.067091e-01 4.445659e+00 3.147776e-01 2.178749e-01 1.092531e+01 1.295810e+00 9.878383e-01 -1.194160e-01 -1.413649e+00 -1.024748e+00 7.703622e-01 2.194310e+00 9.212317e-01 -9.033515e-01 -1.280340e+00 2.447629e-01 7.755606e-03 5.310993e-01 -5.635073e-01 -1.907741e-01 -8.921874e-02 -1.552824e-01 -8.782552e-02 -2.948571e-01 -6.947361e-01 -1.606421e-01 -2.502550e-02 8.258428e-02 2.566830e-01 -1.312984e-01 -1.209831e-01 
-7.590254e+00 2.860445e+00 -2.097988e+00 2.632637e-01 -3.982176e-02 6.585691e-01 -8.932112e-01 8.617918e-01 -2.506383e-01 1.402175e-02 -2.066364e-01 2.949879e-01 1.132380e+01 7.997853e-01 -1.137959e-01 -4.416614e-01 -4.271874e-01 -5.771618e-01 -4.432373e-01 -4.489747e-01 -9.224908e-01 -1.134526e+00 -9.711429e-01 8.249431e-01 -3.338350e-01 2.175292e-01 -6.059567e-01 -3.768196e-01 -2.821233e-02 7.829394e-02 -3.143698e-01 -5.350645e-01 -1.100507e+00 -6.187611e-01 2.424352e-02 2.996776e-01 -7.883572e-03 -1.998837e-01 -1.682888e-01 
-8.423163e+00 3.916387e+00 -3.334379e-01 2.731847e+00 7.140125e-02 -2.288513e+00 -7.918710e-01 1.549075e+00 -4.284107e-01 -8.975515e-02 2.430010e+00 -2.522152e+00 1.127597e+01 -2.343213e-01 -3.990715e-01 -2.917148e-01 -1.252474e-01 -9.201320e-01 -1.194920e+00 -1.330806e+00 -5.539290e-01 -6.968341e-01 -5.723845e-01 -4.114616e-01 -8.367995e-01 -1.187397e-02 -3.869157e-01 -3.554775e-01 6.667421e-03 2.329206e-01 -1.103662e-01 -1.665070e-01 -6.593842e-01 -4.372030e-01 3.121454e-01 4.141757e-01 -1.568587e-01 4.379678e-02 -9.574196e-02 
-7.436946e+00 1.573088e+00 -1.142984e+00 3.581047e+00 -3.480381e+00 -1.426249e+00 -5.770974e+00 -6.908879e+00 -2.984241e+00 -1.151301e+00 -5.961184e-01 -3.046856e+00 1.107884e+01 -3.541001e-01 -8.554739e-01 -3.097939e-01 -6.822783e-01 -1.901965e+00 -5.956261e-01 -1.004648e+00 -1.584049e+00 -7.012340e-01 1.869384e-01 6.438703e-02 3.553702e-02 -3.514353e-04 -2.047766e-01 2.435512e-02 2.700825e-01 4.364602e-02 2.697850e-02 2.573453e-02 1.873632e-01 2.753804e-01 5.207211e-01 2.172581e-01 -1.377521e-01 -3.085418e-03 3.415403e-02 
-8.230906e+00 1.454192e+00 -2.480371e+00 8.957377e-01 -6.290831e+00 -4.247748e+00 -2.803414e+00 -1.324007e+00 -2.824105e+00 2.166483e+00 -1.547558e+00 -2.295004e+00 1.098850e+01 -6.184722e-02 -4.187090e-01 -1.520131e-01 -1.215720e-01 -9.140530e-01 1.411888e-02 -8.248354e-01 -9.341062e-01 4.407072e-01 2.114620e-01 -1.592790e-01 4.193883e-02 1.613831e-01 -6.129893e-02 1.715525e-01 3.063680e-01 2.995140e-02 3.527453e-01 1.670596e-01 6.348957e-01 4.002614e-01 5.871017e-01 -3.990532e-02 1.412325e-01 2.306926e-03 1.036177e-01 
-9.456743e+00 -1.862078e-01 -2.573426e+00 -2.229910e+00 -6.368503e+00 -1.340380e+00 -4.910803e+00 -5.620918e+00 -2.558857e+00 -1.795459e-01 2.104334e+00 3.591091e-01 1.146598e+01 -3.103206e-01 1.776564e-02 8.388834e-01 -2.108264e-01 -4.451197e-01 -9.191196e-01 2.348201e-01 6.444188e-01 9.002153e-01 -2.766918e-01 1.010249e-02 -7.887256e-01 3.016961e-01 -1.138903e-01 2.535031e-01 2.725227e-01 -3.508066e-03 5.828348e-01 -9.051068e-02 6.549512e-01 5.738298e-01 3.312195e-01 -1.789689e-01 3.890608e-03 8.430621e-02 1.504563e-01 
-7.722373e+00 2.702372e+00 -3.785362e-01 5.029606e+00 -3.054792e+00 -2.261321e+00 -5.346077e+00 -3.764856e+00 1.562711e+00 4.814374e-01 2.835392e-01 -4.015379e+00 1.188939e+01 -5.627906e-01 2.202204e-02 6.657628e-01 -2.112104e-01 1.151402e-01 -1.979333e-01 1.223788e+00 3.331512e-01 1.437912e+00 -5.401557e-01 3.218378e-01 -4.131933e-01 3.552235e-01 -1.993024e-01 -2.002595e-01 -2.232389e-02 -3.350494e-01 3.339688e-01 -2.677063e-02 5.110667e-01 8.470899e-02 -3.193313e-01 -1.222404e-01 -5.103206e-02 6.161875e-01 1.901320e-01 
-9.242985e+00 1.037829e+00 2.000240e+00 4.599897e-01 -7.324469e+00 -7.015221e+00 -3.325377e+00 -2.466566e+00 -6.763749e-01 -1.692563e+00 -1.461154e+00 -6.130120e+00 1.213703e+01 -6.730387e-01 1.916010e-01 6.439036e-01 -6.549590e-01 4.974120e-01 -9.423009e-01 1.245878e+00 6.515969e-01 4.563816e-01 -3.321187e-01 -1.565304e-01 6.847767e-01 6.550190e-01 1.176143e-01 -3.348678e-01 -3.668509e-01 -2.229327e-01 -5.688139e-02 -1.039114e-02 -2.515255e-01 -5.693247e-01 -6.679329e-01 -9.121123e-03 -3.060805e-01 6.378459e-01 3.381219e-01 
-1.115185e+01 9.526425e-01 -1.438346e+00 -1.505303e+00 -5.236969e+00 -2.399426e+00 2.523054e+00 -1.235813e+00 3.424383e+00 2.224147e-01 1.844126e+00 -1.116516e+00 1.242894e+01 -8.769947e-01 -1.506897e+00 -1.662024e-01 -1.574768e+00 2.845047e-01 -1.081531e-01 1.225003e+00 -5.141233e-01 -9.340587e-01 -3.720525e-01 -3.311800e-01 2.386207e+00 9.353309e-01 6.063816e-01 -2.809547e-01 -4.374858e-01 -6.271122e-02 -7.348510e-01 -7.425506e-01 -1.221811e+00 -5.496833e-01 -7.078715e-01 -1.330177e-01 -6.696700e-01 -2.447605e-01 4.578498e-01 
-1.110729e+01 1.646886e+00 1.176084e+00 -2.237123e+00 -2.790063e+00 -5.982651e+00 -2.615996e+00 -3.628194e+00 -1.207929e+00 -1.710745e+00 5.410892e-01 2.333454e+00 1.447146e+01 4.349150e-01 -8.920403e-01 -5.795005e-01 -6.436582e-01 -8.141025e-01 -1.016025e+00 -1.023314e+00 -1.778640e+00 -1.253505e+00 -4.063525e-01 -1.193892e+00 1.000881e+00 1.702260e+00 9.056538e-01 -1.903905e-01 -4.925772e-01 2.451159e-01 -1.360561e+00 -8.208544e-01 -1.525701e+00 -2.137405e-01 3.808429e-02 -3.423446e-01 -3.380542e-01 -1.289360e+00 3.552503e-01 
-1.117553e+01 -5.136562e+00 -7.974421e-01 -1.495794e+00 -3.899536e+00 -3.318578e+00 4.248226e-01 -5.754402e+00 -2.842094e+00 -1.369763e+00 -2.373711e+00 3.683351e+00 1.539882e+01 1.915179e+00 -8.409634e-01 -9.100185e-01 -5.304307e-01 -2.903308e+00 -3.873694e+00 -3.750651e+00 -1.200087e+00 -1.246447e+00 -1.168161e+00 -2.507830e+00 -1.795017e+00 2.120843e+00 7.971230e-01 4.168682e-02 -9.757397e-02 5.128282e-01 -1.354697e+00 -6.221065e-01 -1.326652e+00 3.423359e-01 5.812142e-01 -3.386866e-01 1.985171e-01 -1.597437e+00 7.871917e-02 
-7.056794e+00 -3.779902e-01 -1.217618e+00 -2.763037e+00 -1.206386e+01 -1.163602e+01 -7.392418e+00 -9.100240e+00 -3.811024e+00 -2.928095e+00 -5.321412e+00 -3.525879e+00 1.916346e+01 2.459164e+00 -1.093349e+00 -1.447021e+00 4.848870e-02 -4.711465e+00 -3.163718e+00 -3.894788e+00 -7.417224e-02 8.030522e-01 -1.645876e+00 -7.584704e-01 -3.671470e+00 1.838541e+00 2.137548e-01 -4.320578e-01 4.303437e-01 4.659667e-01 -2.673190e-01 4.171779e-01 -9.258739e-02 8.339536e-01 5.132842e-01 5.149055e-02 6.198494e-01 -4.481544e-01 -3.653906e-01 
-3.601452e+00 -2.239783e+00 -4.791499e+00 -3.894540e+00 -1.511651e+01 -1.894130e+01 -1.384157e+01 -4.500607e+00 -1.506332e+00 -5.009507e+00 -7.763982e+00 -7.162344e+00 2.068711e+01 2.096446e+00 -1.197727e+00 -2.203300e-01 6.433170e-01 -4.540404e+00 -2.144785e+00 -3.972434e+00 3.454192e-01 9.437553e-01 -1.445709e+00 4.436916e-01 -3.264775e+00 1.260790e+00 -1.829287e-01 -6.610664e-01 6.938118e-01 4.274792e-01 7.270511e-01 1.293954e+00 6.752494e-01 9.148079e-01 -1.042140e-01 3.657483e-01 6.937025e-01 6.208222e-01 -5.626014e-01 
-2.598409e+00 -5.268213e+00 -4.061986e+00 -7.954499e-01 -2.073879e+01 -1.398954e+01 -1.495692e+01 -4.625350e+00 2.139766e+00 -8.120017e+00 -5.559074e-01 -1.060100e+01 2.101997e+01 1.413006e+00 -2.873976e+00 1.227473e+00 1.099244e+00 -1.332092e+00 2.053648e-01 -1.375538e+00 1.618289e+00 2.177821e-01 -1.007962e-02 4.296051e-01 -5.049927e-01 3.053624e-01 -1.632558e-01 -5.387332e-01 3.917505e-01 7.030389e-02 1.341644e+00 8.753497e-01 4.154028e-01 1.076059e+00 -8.096115e-01 4.011755e-01 3.291323e-03 1.026629e+00 -4.496938e-01 
-2.922163e+00 -8.679753e+00 -4.769902e-01 7.370454e-01 -2.226466e+01 -1.286538e+01 -1.565531e+01 -6.264501e+00 -1.098584e+00 -6.002521e+00 -2.538543e+00 -9.103162e+00 2.077455e+01 1.523561e+00 -3.255988e+00 1.221831e+00 1.081580e+00 -9.577371e-01 9.115403e-01 -1.634101e+00 2.527817e+00 -1.474872e+00 -1.573046e-01 3.666168e-01 -2.741654e-01 7.444029e-02 -9.342973e-03 -1.618298e-01 -4.367696e-01 -3.373531e-01 1.173706e+00 2.879955e-01 -1.844636e-01 1.101401e+00 -6.106418e-01 1.218020e-02 -2.404060e-01 6.275960e-01 -2.011754e-01 
-3.312018e-01 -1.152779e+01 2.762464e+00 4.173657e-01 -1.515052e+01 -1.364714e+01 -1.336356e+01 -1.266247e-01 -2.926042e+00 -2.482218e+00 -5.785999e+00 -5.080293e+00 2.064639e+01 1.929321e+00 -2.757795e+00 -2.093182e-01 1.808617e-01 2.054774e-01 -3.150750e-01 -2.986891e+00 4.214926e+00 -2.035760e+00 -2.843141e-01 -7.034987e-01 -3.367494e-02 1.832759e-01 -1.232502e-01 4.365147e-01 -9.785861e-01 -5.648958e-01 5.786331e-01 -2.854002e-01 -6.918225e-01 4.875242e-01 -1.228405e-01 -3.405437e-01 -8.000924e-02 2.351978e-02 2.686665e-02 
2.882960e+00 -1.538986e+01 -2.094494e+00 9.068855e-01 -2.269990e+01 -1.455484e+01 -2.280957e+01 5.888891e+00 -6.347808e+00 -8.614845e+00 -3.315846e+00 -1.129376e+01 2.124602e+01 1.791649e+00 -2.064872e+00 -1.685829e+00 -5.842466e-01 5.593332e-01 -4.444724e-01 -4.089069e+00 4.554123e+00 -9.827319e-01 -1.247780e+00 -1.918039e-01 -3.625828e-01 3.158898e-01 -4.570538e-01 7.130546e-01 -6.497350e-01 -4.493235e-01 7.653483e-01 -2.041079e-01 1.160280e-01 -1.705460e-01 3.384153e-01 4.285184e-02 1.254044e-01 2.613623e-01 2.887535e-02 
4.145878e+00 -1.570236e+01 -4.299864e+00 2.358590e-02 -1.949374e+01 -1.472050e+01 -2.631496e+01 1.037252e+01 -5.414855e+00 -8.235263e+00 -3.684724e+00 -9.673966e+00 2.170058e+01 6.627283e-01 -1.287015e+00 -2.211656e+00 -8.922758e-01 8.024942e-01 -5.436581e-01 -3.607066e+00 3.042811e+00 -6.424778e-01 -1.167581e+00 3.087820e-01 -3.432566e-01 3.189276e-01 -6.197889e-01 6.795420e-01 9.321695e-02 -9.706296e-03 5.643209e-01 2.301566e-01 1.149199e+00 -7.069810e-01 3.341116e-01 3.676618e-01 5.040112e-01 4.165370e-01 -4.343788e-02 
3.797509e+00 -1.691729e+01 -5.374918e+00 -1.987281e+00 -1.729639e+01 -1.455091e+01 -2.962500e+01 1.125685e+01 -4.767962e+00 -9.364780e+00 -4.548098e+00 -8.619110e+00 2.182696e+01 -1.283773e-01 -4.261577e-01 -1.025670e+00 -6.284624e-01 2.570501e+00 5.283379e-03 -7.439862e-01 2.261184e+00 -4.794088e-01 4.987040e-01 4.875545e-01 1.187500e+00 1.509604e-01 -4.704460e-01 5.310544e-01 6.184556e-01 3.472861e-01 2.112427e-01 3.347130e-01 1.656655e+00 -6.843851e-01 -1.937902e-02 5.796901e-01 4.620613e-01 4.340955e-01 -9.223841e-02 
2.525243e+00 -1.719926e+01 -6.655773e+00 -2.596804e+00 -1.383975e+01 -1.636703e+01 -2.799074e+01 1.240338e+01 -6.928743e+00 -7.945191e+00 -3.626235e+00 -8.133801e+00 2.195067e+01 -2.096031e-01 -1.794799e-01 -7.328702e-02 1.543652e-01 2.021410e+00 6.106580e-01 1.086499e+00 1.826583e+00 -6.168121e-01 6.808089e-01 1.477045e+00 1.274105e+00 4.851459e-02 -1.853725e-01 3.760107e-01 7.596722e-01 4.087382e-01 -2.934048e-01 3.331242e-01 1.380783e+00 -4.137748e-01 -6.523950e-02 3.323472e-01 3.117114e-01 1.626957e-01 -8.667945e-02 
3.051225e+00 -1.677242e+01 -6.044724e+00 -9.249611e-01 -1.267420e+01 -1.370474e+01 -2.569166e+01 1.617986e+01 -7.987970e+00 -6.266299e+00 -9.075046e-01 -6.126348e+00 2.187591e+01 -1.244421e-01 3.662924e-02 3.373266e-01 6.288892e-01 1.005930e+00 6.518904e-01 1.847387e+00 1.740316e+00 -1.092361e+00 7.264594e-01 1.534307e+00 9.993107e-01 -1.009322e-02 -1.539692e-01 2.056928e-01 5.033922e-01 8.132906e-02 -8.115767e-01 4.616161e-02 5.701162e-01 -4.943795e-01 -1.064175e-01 -1.193421e-01 5.617958e-03 -4.060406e-01 -4.768885e-02 
3.470951e+00 -1.667220e+01 -4.331306e+00 2.642474e-01 -1.169802e+01 -1.208970e+01 -2.284925e+01 1.704433e+01 -6.888885e+00 -6.380425e+00 1.880016e+00 -4.549722e+00 2.191863e+01 -2.660491e-01 3.616636e-01 9.052281e-01 5.227385e-01 1.178263e-01 7.986738e-01 2.001133e+00 1.234196e+00 -6.622771e-01 3.802281e-01 1.343967e+00 5.642295e-01 -3.387154e-02 -3.208588e-01 1.193482e-01 3.089144e-01 -3.710686e-01 -7.801074e-01 -1.861775e-01 6.071774e-02 -7.539622e-01 -1.051092e-01 -1.797849e-01 -4.122244e-01 -6.162529e-01 -2.456543e-02 
2.702232e+00 -1.699746e+01 -4.850572e+00 -2.734703e-01 -1.333741e+01 -1.343032e+01 -2.295852e+01 1.763786e+01 -1.024963e+01 -6.514972e+00 3.706077e-01 -5.414729e+00 2.179247e+01 -8.699236e-01 3.317720e-01 1.002033e+00 -4.060121e-01 -5.354569e-01 1.420912e-01 1.649351e+00 8.544216e-02 -9.888734e-01 5.222379e-02 5.821515e-01 -4.878407e-01 -4.623208e-02 -4.067108e-01 3.481691e-02 2.316484e-01 -5.957956e-01 -5.517249e-01 -1.663935e-01 -1.245887e-01 -1.013254e+00 1.456875e-02 -1.085648e-01 -5.421987e-01 -4.697683e-01 -1.310494e-02 
1.369515e+00 -1.527825e+01 -2.726823e+00 -3.088810e-01 -1.291917e+01 -1.251081e+01 -1.935179e+01 1.784524e+01 -9.109276e+00 -5.920003e+00 2.454602e+00 -5.668280e+00 2.182273e+01 -1.441148e+00 2.696672e-01 1.138996e+00 -1.183518e+00 -1.108440e+00 -6.530567e-02 1.489088e+00 -1.115907e+00 -1.194108e+00 1.190011e-01 -1.080866e-01 -1.063762e+00 -5.623573e-02 -3.025300e-01 -4.702914e-02 1.147814e-01 -5.441436e-01 -3.300826e-01 -4.178832e-02 -2.608006e-01 -1.001019e+00 4.558999e-02 2.250725e-02 -5.803414e-01 -5.790016e-02 -1.204609e-02 
-2.476928e-01 -1.581078e+01 -1.836926e+00 -2.668609e+00 -1.474056e+01 -1.278416e+01 -1.919367e+01 1.620609e+01 -1.182242e+01 -6.235250e+00 1.716182e+00 -8.005978e+00 2.169257e+01 -1.570396e+00 2.568013e-01 1.378625e+00 -1.496924e+00 -1.139684e+00 2.519175e-01 1.480584e+00 -2.150987e+00 -7.536654e-01 3.142792e-01 -4.506289e-01 -5.355523e-01 -6.445863e-02 -5.797532e-02 -7.204603e-03 7.011408e-02 -2.892300e-01 -6.541619e-02 1.219688e-01 -2.601207e-01 -7.431012e-01 2.865296e-01 6.941517e-02 -4.315778e-01 4.702376e-01 -9.601391e-03 
-2.259699e+00 -1.591737e+01 -1.428818e-01 -4.455537e+00 -1.653851e+01 -1.273944e+01 -1.728652e+01 1.218091e+01 -1.207285e+01 -5.925317e+00 6.670394e-01 -8.572591e+00 2.168746e+01 -1.428420e+00 1.639344e-01 1.290860e+00 -1.652502e+00 -1.230586e+00 5.348437e-01 7.814362e-01 -2.652669e+00 -5.519145e-01 3.617525e-01 -1.041345e+00 2.987358e-01 -8.498970e-02 1.671509e-01 2.309971e-02 1.221105e-02 -9.251391e-02 1.999505e-01 2.615063e-02 -2.617232e-01 -3.868927e-01 4.284148e-01 -5.197701e-02 -1.990906e-01 6.595044e-01 -5.552846e-03 
-3.335345e+00 -1.539396e+01 7.505090e-01 -5.684746e+00 -1.722607e+01 -1.205642e+01 -1.658874e+01 9.715430e+00 -1.253633e+01 -4.940976e+00 -9.889236e-01 -6.640155e+00 2.153794e+01 -1.166112e+00 3.485074e-01 1.276670e+00 -1.617667e+00 -8.013789e-01 4.518090e-01 7.025750e-01 -2.861617e+00 1.226356e-01 2.779908e-01 -1.109144e+00 1.182306e+00 -7.985693e-02 2.477242e-01 5.532202e-02 -6.378172e-02 7.611816e-02 2.931768e-01 -1.788767e-01 -1.783450e-01 -4.799531e-02 3.756339e-01 -1.716527e-01 8.373647e-02 3.974187e-01 3.898948e-03 
-4.229016e+00 -1.466692e+01 2.433755e+00 -7.063139e+00 -1.782999e+01 -1.020059e+01 -1.674686e+01 7.826792e+00 -1.151202e+01 -4.758317e+00 -1.399342e+00 -4.857755e+00 2.147519e+01 -8.075132e-01 3.393174e-01 1.251031e+00 -1.585794e+00 -2.778759e-01 -3.452390e-02 5.693726e-01 -2.694955e+00 5.097297e-01 -1.227560e-01 -7.742747e-01 1.374843e+00 -7.634780e-02 2.073520e-01 1.566270e-01 -1.123746e-01 3.426786e-01 3.031559e-01 -2.540408e-01 7.844228e-02 2.219075e-01 2.973750e-01 -1.174005e-01 4.239186e-01 5.150650e-02 1.215175e-02 
-5.093397e+00 -1.469334e+01 3.257910e+00 -9.453032e+00 -1.810207e+01 -1.179417e+01 -1.595018e+01 4.074940e+00 -1.148945e+01 -5.428811e+00 -2.796426e+00 -3.952096e+00 2.139955e+01 -6.421717e-01 4.457275e-01 1.079609e+00 -1.149671e+00 -1.500749e-01 -3.576374e-01 6.948435e-01 -2.369722e+00 5.935099e-01 -3.017126e-01 -1.654633e-01 9.134299e-01 -4.926984e-02 1.315931e-01 2.697538e-01 -1.333821e-01 6.001703e-01 2.072160e-01 -6.622516e-02 1.660452e-01 4.521114e-01 1.440592e-01 5.199706e-02 6.416000e-01 -1.395875e-01 1.294589e-02 
-5.418085e+00 -1.457080e+01 4.858582e+00 -1.050027e+01 -1.748988e+01 -1.304320e+01 -1.475851e+01 1.526033e+00 -1.004752e+01 -6.295110e+00 -2.300933e+00 -3.042246e+00 2.137485e+01 -6.535470e-01 8.984538e-01 8.274881e-01 -1.730839e-01 -4.051111e-02 -3.305609e-01 1.177399e+00 -1.789081e+00 6.994727e-01 6.465133e-02 6.064307e-01 6.906953e-01 -3.952806e-02 9.425125e-02 2.575135e-01 -1.365915e-01 5.691974e-01 5.188262e-02 6.212499e-02 5.964941e-02 4.174061e-01 -1.472512e-01 1.977577e-01 4.675254e-01 -1.173942e-01 9.831623e-03 
-5.951545e+00 -1.321329e+01 4.936392e+00 -9.714678e+00 -1.814665e+01 -1.242315e+01 -1.410835e+01 1.017523e+00 -1.030077e+01 -5.681120e+00 -1.365445e+00 -2.981058e+00 2.134170e+01 -5.851108e-01 1.417638e+00 8.215166e-01 6.768354e-01 1.158471e-01 2.687335e-01 1.228758e+00 -1.053915e+00 7.480543e-01 4.442713e-01 1.408559e+00 8.263412e-01 -3.350491e-02 1.777083e-01 1.215103e-01 -2.139553e-02 2.932756e-01 -2.214895e-03 1.044923e-01 -1.370687e-01 2.502877e-01 -3.723876e-01 2.634626e-01 8.930629e-02 5.114998e-02 5.627365e-03 
-7.067699e+00 -1.091463e+01 5.732282e+00 -7.797911e+00 -1.801061e+01 -1.153907e+01 -1.178057e+01 4.104891e-01 -8.608763e+00 -4.308804e+00 9.172782e-01 -1.890161e+00 2.130632e+01 -3.647990e-01 1.140875e+00 6.970998e-01 3.469177e-01 -1.514887e-01 -3.718405e-02 6.007403e-01 -1.265995e+00 -3.037820e-01 4.929873e-01 7.763848e-01 8.315350e-01 -3.502379e-02 2.719181e-01 -1.659855e-03 4.112278e-02 -3.897876e-02 1.848747e-02 -2.605190e-02 -2.358891e-01 3.402419e-02 -5.221228e-01 2.758719e-01 -2.896531e-01 4.027616e-02 3.758806e-03 
-7.194210e+00 -9.433217e+00 6.928657e+00 -7.419869e+00 -1.726238e+01 -1.120310e+01 -1.129524e+01 -6.367240e-01 -8.468731e+00 -4.200831e+00 2.637379e+00 -3.965147e-01 2.126627e+01 1.018955e-01 9.320214e-01 1.037808e+00 5.666258e-02 -1.056839e-01 1.801411e-02 2.978869e-01 -1.379800e+00 -7.668649e-01 8.013561e-01 1.960900e-01 1.098720e+00 -2.339651e-02 2.456469e-01 -5.578217e-02 -3.983007e-02 -1.270338e-01 -8.095391e-02 -2.107278e-01 -2.450184e-01 -1.607669e-01 -3.817870e-01 1.670861e-01 -4.554434e-01 -1.740361e-01 6.133984e-04 
-6.620864e+00 -1.075611e+01 7.347880e+00 -9.913043e+00 -1.868944e+01 -1.383927e+01 -1.316149e+01 -3.976206e+00 -1.248237e+01 -4.570343e+00 -4.206521e-01 -1.764912e-01 2.123734e+01 3.625435e-01 1.133040e+00 9.249507e-01 -5.788149e-02 1.627828e-01 -3.355011e-01 4.633408e-01 -1.455887e+00 -1.153592e+00 1.265483e+00 -2.356667e-01 7.559213e-01 -2.580576e-02 6.209036e-02 6.968953e-02 -7.237566e-02 1.438233e-01 -1.132986e-01 -7.602259e-02 -9.914304e-02 -7.908033e-02 1.664730e-01 4.029118e-02 -9.153666e-02 -3.738202e-01 -4.011285e-03 
-5.665496e+00 -8.632378e+00 9.317595e+00 -8.373662e+00 -1.833555e+01 -1.118307e+01 -1.192831e+01 -3.687785e+00 -1.219842e+01 -1.543751e+00 2.835392e-01 1.655781e+00 2.125893e+01 2.795346e-01 1.142713e+00 5.084750e-01 2.440584e-01 -4.458266e-01 -6.357183e-01 7.245886e-02 -1.762848e+00 -7.360660e-01 8.933198e-01 -3.625597e-01 -6.135102e-03 -3.507617e-02 -1.665794e-01 4.604590e-02 -9.844927e-02 2.928185e-01 -1.577671e-01 3.522934e-02 -1.352234e-01 2.495252e-02 4.499678e-01 -1.721592e-01 2.252734e-01 -4.745813e-01 -1.528492e-02 
-6.019163e+00 -5.649956e+00 9.162292e+00 -7.610693e+00 -1.666031e+01 -1.322638e+01 -9.147558e+00 -5.343621e+00 -1.251200e+01 6.901100e-01 9.159489e-01 8.632774e-01 2.118083e+01 -1.431345e-01 1.383974e+00 5.998564e-01 9.723569e-01 -5.478977e-01 -9.048211e-02 2.178108e-01 -1.469852e+00 5.132129e-01 6.484973e-01 5.979559e-01 -4.851834e-01 -4.926984e-02 -2.972513e-01 -1.176811e-01 -1.130789e-03 2.142710e-01 -1.507642e-01 2.031853e-01 -2.659480e-01 1.264470e-01 3.940195e-01 -3.722847e-01 3.255302e-01 -3.243087e-01 -2.330416e-02 
-6.097063e+00 -6.272679e+00 8.563947e+00 -7.350687e+00 -2.050623e+01 -1.468794e+01 -1.293988e+01 -8.768119e+00 -1.213423e+01 -2.364176e+00 1.562597e-01 -9.467832e-01 2.111920e+01 -4.781215e-01 1.036690e+00 7.080568e-01 1.005601e+00 -5.392740e-01 7.159717e-02 -2.555771e-01 -1.248245e+00 6.495162e-01 2.489932e-01 9.055683e-01 -6.538045e-01 -8.813221e-02 -2.951252e-01 -1.217960e-01 9.597550e-02 5.997351e-02 1.121077e-01 2.809974e-01 -1.096321e-01 3.018464e-01 7.840158e-02 -2.556199e-01 2.583750e-01 -1.641030e-02 -2.781984e-02 
-7.120672e+00 -5.016300e+00 1.072390e+01 -5.562776e+00 -2.034400e+01 -1.253908e+01 -1.156690e+01 -8.785599e+00 -9.948404e+00 -9.177325e-01 2.633059e+00 -1.301335e+00 2.106091e+01 -7.449183e-01 5.976036e-01 8.194347e-01 6.326745e-01 -5.443634e-01 3.267818e-01 -7.023466e-01 -1.080931e+00 1.237356e-01 -2.737921e-01 7.578319e-01 -5.417125e-01 -1.157863e-01 -1.886717e-01 -1.018489e-01 -1.556013e-02 -8.803437e-02 1.605591e-01 1.790133e-01 -6.602486e-02 3.320575e-01 -2.539147e-01 -2.046880e-01 -5.526231e-02 1.697370e-01 -3.071611e-02 
-7.505187e+00 -3.765387e+00 1.207717e+01 -4.369633e+00 -1.919040e+01 -1.116876e+01 -1.199668e+01 -8.207963e+00 -1.023305e+01 5.052137e-01 3.953044e+00 -5.306243e-01 2.087824e+01 -8.951337e-01 9.269911e-01 8.786026e-01 7.138098e-01 1.128783e-01 5.607802e-01 -1.568010e-02 -4.480850e-01 -1.493293e-01 7.641608e-02 8.493368e-01 -6.000689e-02 -1.408740e-01 -9.693007e-02 -7.274348e-03 -1.090591e-01 -6.322317e-02 1.374932e-01 1.830987e-01 1.292364e-01 2.849514e-01 -1.425688e-01 -1.246604e-01 -2.062115e-01 2.147029e-01 -2.507929e-02 
-9.039821e+00 -3.915715e+00 1.150296e+01 -5.937867e+00 -2.004066e+01 -1.335197e+01 -1.313035e+01 -1.102781e+01 -1.284391e+01 -2.113544e+00 2.806532e+00 -2.053607e+00 2.072249e+01 -8.779171e-01 9.296030e-01 4.368710e-01 6.780971e-01 -7.133035e-02 5.601152e-01 -2.321617e-01 -2.095117e-01 -3.569467e-01 -2.887051e-01 3.497817e-01 6.657974e-02 -1.764367e-01 4.098128e-03 3.722312e-02 -1.582621e-01 3.302309e-02 7.538615e-02 2.099943e-01 2.103808e-01 2.135433e-01 9.771669e-02 -3.272985e-02 -2.387491e-01 1.299406e-01 -1.606349e-02 
-9.613478e+00 -2.187851e+00 1.256753e+01 -3.594205e+00 -2.009397e+01 -1.147753e+01 -1.223660e+01 -9.887636e+00 -1.143302e+01 -1.384029e+00 4.315940e+00 -8.709275e-01 2.058387e+01 -8.961790e-01 8.343176e-01 3.541456e-01 6.667963e-01 -8.829508e-02 8.704029e-01 1.555171e-01 -2.592362e-01 1.769003e-01 -3.667501e-01 7.847352e-02 1.156200e-01 -1.831408e-01 8.254527e-02 -7.960018e-02 -1.769353e-01 -5.508685e-02 -2.344248e-02 1.552195e-01 8.572634e-02 6.601128e-03 1.237112e-01 -9.356664e-02 -2.928963e-01 -9.462158e-02 -4.805423e-03 
-1.045636e+01 -1.156964e+00 1.266313e+01 -2.560082e+00 -2.024886e+01 -9.584481e+00 -1.260839e+01 -8.993771e+00 -1.113320e+01 -1.416757e+00 4.200624e+00 -7.980054e-01 2.032578e+01 -7.238894e-01 8.300612e-01 2.903759e-01 8.213320e-01 -6.694780e-02 1.221923e+00 2.639788e-01 -1.075829e-01 4.491403e-01 -2.159626e-01 -5.048088e-02 2.019685e-02 -1.749702e-01 1.556649e-01 -1.046387e-01 -6.301251e-02 -8.468842e-02 9.604475e-02 6.515122e-02 1.235063e-01 -8.553036e-02 9.740682e-02 -9.177402e-03 -1.787854e-01 -2.145010e-01 6.016648e-03 
-1.127774e+01 -9.733812e-01 1.326783e+01 -2.724676e+00 -1.952729e+01 -8.700393e+00 -1.147960e+01 -1.052089e+01 -1.020378e+01 -1.677178e+00 3.648304e+00 -5.804964e-01 2.016091e+01 -5.595317e-01 5.787401e-01 6.712697e-02 3.667215e-01 -6.581665e-03 1.005976e+00 1.649054e-01 -4.660954e-01 6.607939e-02 -4.278108e-01 -4.150119e-01 -5.099451e-01 -1.656998e-01 2.007536e-01 -9.623442e-02 -8.504608e-03 -9.132546e-02 9.105517e-02 -3.055342e-02 -1.173435e-02 -1.807546e-02 -1.020449e-01 1.687943e-02 -9.439207e-02 -2.809026e-01 8.056492e-03 
-1.182709e+01 -3.725237e-01 1.260469e+01 -2.265976e+00 -2.065836e+01 -8.630981e+00 -1.218899e+01 -1.124949e+01 -1.121292e+01 -3.046697e+00 2.887951e+00 -2.097611e+00 2.005901e+01 -2.680168e-01 5.342413e-01 2.652844e-01 4.046835e-01 3.679146e-01 8.181499e-01 3.806138e-01 -5.336999e-01 1.855166e-01 -3.040324e-01 -2.972808e-01 -6.930609e-01 -1.551200e-01 2.440584e-01 -1.124851e-01 2.950504e-02 -1.390646e-01 -1.324448e-02 -2.616538e-02 -3.766559e-02 -2.356840e-02 -1.688732e-01 -4.956532e-03 -2.075057e-02 -3.183370e-01 1.389574e-02 
-1.172582e+01 3.135197e-01 1.293245e+01 -1.907607e+00 -1.992254e+01 -6.924701e+00 -1.162124e+01 -1.109058e+01 -1.106266e+01 -2.707954e+00 2.896923e+00 -2.770674e+00 1.988880e+01 -1.203224e-01 5.009640e-01 3.242330e-01 4.184529e-01 1.496352e-01 9.196157e-01 3.866121e-02 -1.365563e-01 -2.014858e-01 -2.382493e-01 -2.701386e-01 -9.322227e-01 -1.527632e-01 3.765877e-01 -1.078819e-01 5.341195e-03 -1.219326e-01 -2.291531e-01 1.303287e-01 -2.134931e-02 -1.060456e-01 -2.165928e-01 7.537239e-03 3.124619e-02 -2.795210e-01 3.350004e-02 
-1.157251e+01 8.706453e-01 1.415740e+01 -9.452895e-01 -1.821191e+01 -6.381582e+00 -1.063470e+01 -1.137741e+01 -9.776276e+00 -2.421239e+00 3.090003e+00 -3.167974e+00 1.968633e+01 2.768291e-01 3.066205e-01 3.093315e-01 1.001652e-01 -2.111479e-01 1.134233e+00 1.387287e-01 -3.902688e-01 -2.615252e-01 -3.354327e-01 -2.267338e-01 -1.360177e+00 -1.119105e-01 5.885416e-01 -3.049952e-02 -2.512305e-01 -1.152590e-01 -4.624377e-01 1.381213e-01 6.193175e-02 -3.210607e-01 -4.091931e-01 -3.500912e-02 -7.775310e-02 -3.971722e-01 6.347484e-02 
-1.200688e+01 9.098217e-01 1.411262e+01 -1.292511e+00 -2.000251e+01 -5.227007e+00 -1.206384e+01 -1.113984e+01 -1.192930e+01 -3.180964e+00 2.196720e+00 -4.706462e+00 1.958353e+01 1.051026e+00 1.531966e-01 7.172891e-02 -9.068674e-02 -8.628761e-01 1.499434e+00 1.790429e-01 -1.068010e+00 -7.934473e-01 -3.744552e-01 -2.941887e-01 -1.573973e+00 -1.983500e-02 6.402776e-01 3.176339e-01 -4.109082e-01 8.405336e-02 -4.226961e-01 7.479735e-02 2.352438e-01 -6.363635e-01 -2.540525e-01 -6.100967e-02 -3.398872e-01 -5.332732e-01 8.989938e-02 
-1.030212e+01 8.624456e-01 1.356128e+01 -2.072529e+00 -2.167362e+01 -3.808745e+00 -1.127326e+01 -1.317547e+01 -1.208696e+01 -4.487546e+00 2.104666e+00 -7.930960e+00 1.965228e+01 2.089006e+00 5.557168e-01 -8.646565e-01 8.299455e-02 -1.437980e+00 1.218788e+00 6.201795e-01 -1.673187e+00 -1.564427e+00 -4.109921e-01 -6.739514e-01 -2.358013e+00 9.575699e-02 2.761704e-01 7.015467e-01 -3.482572e-01 4.622917e-01 -1.746179e-01 -6.213974e-02 2.319417e-01 -7.815517e-01 -9.502126e-02 -8.360539e-02 -5.533031e-01 -5.552882e-01 8.829553e-02 
-7.105715e+00 1.083382e+00 1.358923e+01 -1.797113e+00 -2.250595e+01 -7.138973e-01 -1.040637e+01 -1.553130e+01 -1.387421e+01 -3.547120e+00 1.918566e+00 -8.258691e+00 1.980669e+01 2.174966e+00 1.964586e+00 -1.143293e+00 8.472800e-01 -1.350470e+00 1.251375e+00 9.740607e-01 -2.676944e+00 -8.201213e-01 -5.055243e-01 -1.745899e+00 -3.099656e+00 1.929129e-01 -2.757456e-01 8.213690e-01 -2.738029e-01 5.155160e-01 3.522639e-01 -5.983223e-02 -2.581686e-02 -6.999068e-01 2.025210e-01 -8.838904e-02 -8.254488e-01 -4.464609e-01 4.813708e-02 
-3.577770e+00 3.562432e+00 1.009570e+01 -2.780606e-01 -2.414948e+01 -2.544330e+00 -8.362476e+00 -1.754707e+01 -1.662616e+01 -4.293419e+00 -1.408366e-01 -1.318177e+01 2.005344e+01 1.095789e+00 2.908733e+00 -8.243895e-01 1.942580e+00 -8.405392e-01 9.476423e-01 9.009429e-01 -3.493549e+00 -7.232332e-01 -6.878778e-01 -2.267329e+00 -3.373726e+00 2.231858e-01 -6.958899e-01 2.256748e-01 6.502138e-02 2.747358e-01 9.684765e-01 3.507803e-02 -5.997035e-01 -5.631660e-01 3.461276e-01 -1.411218e-01 -8.789614e-01 -3.463732e-02 -2.453429e-02 
-4.494188e+00 9.382413e+00 1.012905e+01 2.046585e+00 -2.551724e+01 3.977432e-01 -8.648793e+00 -2.233819e+01 -1.376063e+01 -5.805876e+00 -5.410142e+00 -1.757889e+01 2.034736e+01 1.689176e-01 3.083536e+00 -1.317400e+00 1.557091e+00 5.997658e-01 1.335740e+00 -9.034418e-02 -3.657339e+00 -2.013941e-01 -6.779357e-01 -3.624785e+00 -3.298354e+00 1.571407e-01 -5.851353e-01 -7.381349e-01 2.262374e-01 -3.306944e-03 1.507745e+00 -8.956499e-02 -6.403971e-01 6.814696e-02 1.133478e-01 -1.678539e-01 -4.738097e-01 6.709130e-01 -1.122476e-01 
-6.128846e+00 1.125651e+01 1.116948e+01 5.718475e+00 -2.437054e+01 3.737716e-01 -7.647600e+00 -2.723975e+01 -1.576022e+01 -6.797771e+00 -5.567663e+00 -2.013955e+01 2.049799e+01 -3.874266e-01 1.124720e+00 -4.525089e-01 1.101713e+00 2.429411e+00 1.352080e+00 -1.846275e+00 -3.998755e+00 -1.431879e-01 -1.030381e+00 -4.129380e+00 -2.431815e+00 -8.993337e-03 -2.219079e-01 -1.331074e+00 3.123095e-01 -2.021623e-01 1.407559e+00 -1.679823e-01 -1.775195e-01 8.252148e-01 2.146747e-01 -3.675374e-02 1.495873e-01 1.210593e+00 -1.859934e-01 
-4.985583e+00 1.265410e+01 6.465288e+00 2.989886e+00 -1.939676e+01 4.505840e+00 -1.121588e+01 -2.897107e+01 -1.531438e+01 -5.684477e+00 -1.349222e+01 -2.127151e+01 2.037028e+01 -9.151937e-03 -8.340951e-01 -1.979777e-01 1.251147e+00 4.553253e+00 6.013475e-01 -8.544360e-01 -2.083513e+00 -5.434815e-01 -1.173546e+00 -3.183981e+00 -2.159452e-01 -2.522760e-01 -8.322015e-02 -1.319113e+00 4.562051e-01 -3.435294e-02 8.139747e-01 -3.548144e-01 5.296654e-01 1.453407e+00 2.536148e-01 1.126369e-01 1.008820e+00 1.323075e+00 -2.211690e-01 
-5.269140e+00 7.550230e+00 9.665360e+00 4.758780e+00 -1.506274e+01 2.162343e+00 -1.631036e+01 -3.422461e+01 -1.656549e+01 -9.505760e+00 -1.674666e+01 -2.349438e+01 1.999693e+01 7.527120e-02 -1.787819e+00 1.775188e-01 1.084762e+00 4.220603e+00 4.749903e-01 3.955246e-01 -1.543057e-01 5.211876e-01 -6.239173e-01 -1.739829e+00 1.137976e+00 -5.021055e-01 -1.966630e-01 -7.107947e-01 1.080442e-01 3.170665e-02 -8.200435e-02 -2.443190e-01 1.029303e+00 1.652193e+00 3.191691e-01 5.142666e-01 1.276560e+00 8.645027e-01 -2.164197e-01 
-4.970003e+00 7.065536e+00 9.891170e+00 8.782154e+00 -7.404899e+00 2.510111e+00 -8.589576e+00 -2.926346e+01 -1.607556e+01 -1.031919e+01 -1.574039e+01 -1.698126e+01 1.933656e+01 -4.784905e-01 -2.055682e+00 6.485603e-01 1.393833e+00 3.774007e+00 2.480904e-04 1.437066e+00 1.687459e+00 7.344881e-01 -3.180341e-01 2.244921e-01 1.532110e+00 -7.021263e-01 -4.040714e-01 -3.648931e-01 -1.892958e-01 -2.831415e-01 -8.349927e-01 -1.152501e-01 7.589189e-01 1.105521e+00 3.748765e-01 6.565661e-01 8.253688e-01 1.124266e-01 -1.934209e-01 
-5.760222e+00 5.111724e+00 1.034406e+01 8.246076e+00 -9.263518e+00 3.746619e+00 -6.983394e+00 -2.786506e+01 -1.277372e+01 -7.600014e+00 -1.314262e+01 -1.659444e+01 1.850443e+01 -1.136106e+00 -1.818485e+00 -3.355429e-01 1.188937e+00 2.409054e+00 4.310028e-01 2.154438e+00 2.376816e+00 8.136852e-01 1.113204e+00 5.491685e-01 1.016704e+00 -8.662176e-01 -3.499404e-01 -2.701791e-01 -4.479895e-01 -4.555400e-01 -9.270810e-01 -2.479883e-01 6.130921e-01 5.500271e-01 5.039193e-01 6.046776e-01 2.239338e-01 -1.361560e-01 -1.806524e-01 
-7.132201e+00 3.594775e+00 9.368729e+00 8.215256e+00 -3.426149e+00 3.715133e+00 -8.693969e+00 -2.371434e+01 -1.353736e+01 -8.227430e+00 -1.417182e+01 -1.706089e+01 1.760576e+01 -1.423747e+00 -2.643356e+00 -8.879949e-01 -2.166413e-01 1.284151e+00 4.708577e-02 2.060666e+00 2.178570e+00 1.184555e+00 1.240711e+00 -2.016530e-01 4.067209e-01 -1.037327e+00 -4.983734e-02 -2.641810e-01 -5.282527e-01 -5.301930e-01 -7.843529e-01 -3.741066e-01 4.215699e-01 7.255796e-02 8.028043e-01 7.334422e-01 9.797829e-02 3.324877e-01 -1.590394e-01 
-9.868367e+00 1.928016e-01 8.248576e+00 1.098680e+01 -5.007170e+00 3.714776e+00 -5.486489e+00 -2.511513e+01 -1.376593e+01 -4.985451e+00 -1.478496e+01 -1.837097e+01 1.653133e+01 -1.201775e+00 -2.844858e+00 -1.294116e+00 -3.877991e-01 8.302033e-01 -7.882971e-01 3.149149e+00 2.350322e+00 2.815611e+00 1.620082e+00 -4.071097e-01 1.019966e+00 -1.237819e+00 3.678876e-01 4.384892e-02 -2.161121e-01 -4.373659e-01 -2.772106e-01 -3.056381e-01 9.553554e-02 8.695610e-02 6.267992e-01 4.593672e-01 4.043890e-01 9.241304e-01 -6.027048e-02 
-1.003476e+01 -3.691589e+00 6.498953e+00 6.328653e+00 -3.112242e+00 2.761276e+00 9.651004e-01 -1.974558e+01 -9.656349e+00 -5.422657e+00 -1.592748e+01 -1.405935e+01 1.513650e+01 -6.948055e-01 -2.863431e+00 -1.513366e+00 -4.687700e-01 6.414707e-01 -1.260664e+00 3.047425e+00 2.063591e+00 3.747644e+00 3.095729e+00 1.192566e+00 3.193076e+00 -1.311511e+00 5.656184e-01 6.417052e-01 1.841430e-01 -5.212486e-02 1.870631e-02 -2.521969e-02 -1.196841e-01 1.818341e-01 -3.607747e-02 2.248838e-01 4.532835e-01 7.604883e-01 1.168222e-01 
-1.031801e+01 -5.469107e+00 5.308294e+00 7.250642e+00 -5.269601e+00 2.818206e-01 3.933271e+00 -1.809849e+01 -6.361645e-01 -9.017884e-01 -1.430010e+01 -1.299527e+01 1.355010e+01 3.389321e-01 -1.489194e+00 -1.103464e+00 -8.718686e-01 1.344234e+00 -4.433323e-01 2.138754e+00 2.869102e+00 2.666200e+00 2.482554e+00 1.874101e+00 4.244301e+00 -1.030466e+00 5.528616e-01 9.542686e-01 3.967106e-01 -2.692970e-02 1.077309e-01 1.628986e-01 -6.080559e-01 1.839563e-01 -9.241250e-01 -4.397060e-01 9.716749e-02 4.562394e-02 2.928872e-01 
-1.038157e+01 -7.891669e+00 3.271884e+00 7.739506e+00 -8.762007e-02 -8.713230e-01 1.833818e+00 -1.690508e+01 -1.364185e+00 5.209300e+00 -8.451557e+00 -3.783621e+00 1.253886e+01 6.340134e-01 -1.127318e-01 -6.260394e-02 -2.352383e-01 1.120724e+00 -2.515163e-01 1.967446e+00 2.828252e+00 1.078867e+00 1.934002e+00 9.241212e-01 2.596984e+00 -5.568899e-01 3.556195e-01 9.287767e-01 4.465236e-01 1.005088e-01 -3.311525e-02 1.484105e-01 -6.466613e-01 3.072977e-01 -9.090103e-01 -9.798365e-01 -4.463484e-01 -9.570401e-01 3.620706e-01 
-8.000320e+00 -5.152962e+00 4.345033e+00 5.922086e+00 2.014678e-01 3.314413e+00 4.773296e+00 -1.219023e+01 -4.581371e+00 2.111098e+00 -9.152758e+00 -2.287460e+00 1.267792e+01 8.981662e-01 5.510734e-01 -3.592364e-02 -6.392146e-01 1.129348e+00 -4.783893e-01 6.488965e-01 2.887765e+00 -4.706092e-01 2.430774e-03 2.130396e-01 1.546121e+00 -1.506681e-01 -2.647427e-02 4.396881e-01 1.842226e-01 2.386617e-01 -3.333214e-01 -2.441677e-01 -6.784199e-01 -4.121237e-02 -4.142887e-01 -7.085754e-01 -1.296441e-01 -9.035623e-01 2.709939e-01 
-8.023379e+00 -4.413620e+00 6.667595e+00 5.816838e+00 -2.443434e-01 -1.299489e-02 1.038242e+01 -8.557564e+00 -2.289377e+00 2.740753e+00 -1.388038e+01 -6.428094e+00 1.278805e+01 8.036590e-01 7.603143e-01 1.855174e-01 -8.251286e-02 5.833666e-01 -5.009056e-01 5.589903e-01 3.590694e+00 7.710617e-01 -5.634367e-01 -2.086390e-01 -2.430019e-01 5.893725e-02 -2.123280e-01 1.063755e-01 -8.298548e-02 3.191107e-01 -3.078921e-01 1.328914e-02 -5.544938e-01 -3.463199e-01 -1.345122e-01 -3.368575e-01 6.482626e-01 -3.533650e-01 1.111698e-01 
-7.006314e+00 -4.452796e+00 3.430999e+00 5.015835e+00 4.556262e-01 -2.539678e+00 2.903385e+00 -7.832937e+00 -2.526407e+00 3.446533e-01 -1.052026e+01 -3.942457e+00 1.267213e+01 1.216947e-01 2.726661e-01 -3.063425e-01 2.450459e-01 -5.365877e-02 -1.539505e+00 -5.491527e-01 2.281804e+00 7.486959e-01 1.883468e-01 1.792216e+00 1.146431e+00 1.656574e-02 -3.222762e-01 9.359894e-03 -1.115706e-02 3.959212e-01 -2.204870e-01 4.293206e-01 -1.565900e-01 -3.915950e-01 2.638060e-01 2.839479e-01 8.143702e-01 -1.580819e-01 5.954363e-03 
-6.860173e+00 -4.440042e+00 4.656592e+00 7.780163e+00 2.701688e+00 -4.491358e-01 5.563872e+00 -1.130138e+00 1.463596e+00 3.275302e+00 -8.811131e+00 -4.171281e+00 1.283656e+01 -3.940407e-02 5.583287e-01 -3.423362e-01 9.182118e-01 1.726789e-01 3.454029e-01 -2.059851e-01 1.399683e+00 -2.033190e-01 1.567809e-01 3.375858e+00 1.029991e+00 -8.467545e-02 -2.087845e-01 8.206932e-02 -1.222152e-01 1.600594e-01 -1.190323e-01 5.348606e-01 -2.012170e-01 -4.623789e-01 5.399086e-02 2.761252e-01 4.792291e-01 -5.807842e-02 -3.079396e-02 
-7.973523e+00 -3.776320e+00 3.818463e+00 6.165699e+00 -1.539954e+00 -4.164742e+00 4.436920e+00 -4.495839e+00 -2.714056e+00 2.785788e+00 -2.726305e+00 2.316271e+00 1.273666e+01 -2.917511e-01 6.987899e-01 1.722046e-01 8.399839e-01 2.321968e-01 1.245104e+00 2.484054e-01 2.025351e+00 1.335524e+00 1.062086e+00 2.492646e+00 1.192436e-01 -4.911271e-02 2.257353e-02 1.264273e-01 -1.427718e-01 4.006602e-03 -2.102890e-01 1.937283e-01 -3.373803e-01 -3.809004e-01 6.996628e-02 1.366396e-01 -4.816004e-01 -5.414285e-01 -5.537275e-03 
-7.737018e+00 -1.960081e+00 4.762351e+00 9.832998e+00 1.617033e+00 2.526569e+00 8.586376e+00 -3.227742e+00 -3.212101e+00 2.304106e+00 -8.981996e-01 -4.407650e+00 1.233238e+01 -3.350122e-02 9.575598e-01 -6.648555e-01 4.203181e-01 -1.547402e-01 7.810028e-01 -8.459314e-01 1.407122e+00 7.475042e-01 3.803109e-01 1.837338e+00 -1.978423e-02 -6.220650e-02 5.842461e-02 -8.158791e-02 -1.875186e-01 -3.888588e-01 -5.739153e-01 -6.424201e-01 -7.566020e-01 -6.739818e-01 -2.430005e-01 -1.286280e-01 -1.033647e+00 -3.968157e-01 -1.293365e-02 
-8.026807e+00 -2.198784e+00 4.239275e+00 8.189681e+00 2.158901e+00 2.197764e+00 2.634162e+00 3.342368e+00 6.489192e+00 6.140495e+00 -2.013474e+00 -3.227904e+00 1.267858e+01 2.315739e-01 7.051745e-01 -8.589041e-01 5.139611e-01 -9.413379e-01 -7.886771e-01 -1.915969e+00 3.736095e-01 6.231171e-01 7.597652e-01 1.534870e-01 -1.035859e+00 -2.234900e-02 2.870756e-02 -1.350128e-01 1.398819e-02 -4.422842e-01 -5.220062e-01 -7.054793e-01 -6.095613e-01 -1.074883e+00 -7.706714e-01 -6.553361e-01 -8.372934e-01 -2.128966e-01 -6.998699e-02 
-7.001328e+00 -4.408547e-01 1.121776e+00 8.869698e+00 7.875483e-02 2.746649e-01 2.234906e+00 1.986076e+00 5.994241e-01 3.499359e+00 1.901053e-02 -1.497471e+00 1.255443e+01 -8.967472e-03 1.472957e-01 -7.643452e-01 -8.630912e-01 -2.110207e+00 -1.849698e+00 -2.906704e+00 -1.144228e+00 -1.062112e+00 -3.352670e-01 -6.227590e-01 -3.767151e-01 -1.627668e-01 -1.269648e-01 -1.474274e-01 3.460752e-01 -3.476652e-01 2.089472e-02 -2.283178e-01 -1.471207e-01 -6.878806e-01 -5.048390e-01 -5.921638e-01 -3.670666e-01 9.152571e-02 -9.465197e-02 
-7.183615e+00 -1.010280e+00 1.344409e+00 9.216919e+00 -5.477799e+00 -6.982305e+00 -1.967662e+00 -5.234768e+00 -1.504569e+00 5.986928e+00 -2.417246e+00 -4.317964e+00 1.251394e+01 -1.604741e-01 4.288954e-01 2.918551e-01 -7.296759e-01 -1.400234e+00 -9.670023e-01 -1.768960e+00 -2.073463e+00 -1.613009e+00 -1.856812e+00 -4.637992e-01 -7.666212e-01 -3.487510e-01 -1.308261e-01 6.184320e-02 2.998695e-01 -2.669785e-01 6.381578e-01 4.926068e-01 6.066821e-01 6.128079e-02 -4.317000e-02 -3.784190e-01 2.825227e-01 6.148950e-01 -6.805614e-02 
-8.203173e+00 -1.817953e+00 2.387704e+00 5.003704e+00 -5.115635e+00 -2.131803e+00 -3.646492e+00 -4.660311e+00 -4.525994e+00 7.043759e-01 -3.810342e+00 -5.746650e+00 1.160081e+01 -4.722187e-01 3.586647e-01 4.901220e-01 -6.961575e-01 1.791821e-01 -2.713725e-01 -1.654976e+00 -8.088161e-01 -6.586106e-01 -1.272221e+00 3.106143e-01 3.034465e-01 -3.722675e-01 -7.676842e-02 1.629738e-01 8.868125e-02 1.529652e-01 6.661695e-01 7.050105e-01 1.015123e+00 7.701190e-01 4.819531e-01 2.922489e-01 5.364783e-01 8.320149e-01 3.731501e-02 
-8.228101e+00 6.342199e-01 5.065653e+00 6.474231e+00 -2.244979e+00 -1.434120e+00 -3.269823e+00 -3.701292e+00 9.867140e-01 -1.746269e+00 -2.417578e+00 -4.936963e+00 1.141147e+01 -1.909722e-01 9.086112e-01 1.321852e-02 -9.043995e-01 1.104890e+00 8.852238e-01 4.915054e-01 5.123422e-01 2.054076e-01 -6.637684e-01 1.099343e+00 1.698557e+00 -2.578801e-01 -4.333108e-03 3.819956e-02 -2.771185e-01 2.189517e-01 3.397899e-01 4.034463e-01 7.676598e-01 8.153941e-01 2.960667e-01 5.476396e-01 1.091532e-01 6.200646e-01 8.515012e-02 
-8.840085e+00 5.299013e-01 1.711865e+00 6.760467e+00 -6.418967e-01 -3.856330e+00 -5.388812e+00 -2.824907e+00 -3.939415e+00 1.004797e+00 1.572286e+00 3.289344e-01 1.124437e+01 -3.775270e-01 7.222969e-01 -1.815970e-01 -1.092281e-02 -3.188737e-02 7.491760e-01 1.038784e+00 1.413648e+00 4.384156e-01 5.294414e-01 1.278001e+00 2.550843e+00 -2.161575e-02 8.039470e-02 8.325499e-02 -2.060858e-01 2.251499e-01 -1.149180e-01 7.425813e-03 3.768458e-01 2.750891e-01 1.623151e-03 8.441333e-02 -3.067151e-01 -2.359366e-01 4.081856e-02 
-7.820216e+00 2.358895e+00 1.748388e+00 3.816791e+00 -2.190286e+00 -1.694230e+00 1.361304e+00 -3.590850e+00 -7.709047e-01 2.518094e+00 3.882208e-01 1.137364e+00 1.140279e+01 -2.294637e-01 4.379886e-01 -7.578257e-01 2.243102e-02 4.042474e-01 5.398790e-01 7.225665e-01 8.923889e-01 -6.812514e-01 -1.952455e-02 -4.016125e-01 1.209966e+00 -9.834536e-02 1.654291e-03 9.255277e-03 -5.423289e-02 1.880337e-01 -8.826321e-02 -3.152086e-01 -4.225552e-01 -2.534810e-01 -2.731265e-01 -1.748887e-01 -2.023338e-01 -7.679961e-01 -4.132018e-02 
-1.029495e+01 9.316877e-01 3.138495e+00 6.277833e+00 -5.302233e+00 1.744091e+00 -7.680621e-01 2.352362e+00 -1.455187e+00 1.219904e+00 1.176490e+00 3.970429e+00 1.149691e+01 -5.102532e-02 1.010281e+00 -1.548071e-01 -3.379871e-02 -4.517641e-02 -6.150545e-02 1.135462e-01 3.766112e-01 -2.072605e-01 -1.172221e+00 -4.725031e-01 -6.319417e-01 -2.478765e-01 3.276433e-02 5.105434e-03 -2.988338e-02 -4.495759e-02 1.362677e-01 -2.708364e-01 -3.048448e-01 -4.597157e-01 -5.675964e-03 -7.749920e-02 6.628671e-02 -7.420594e-01 -9.586653e-02 
-8.648139e+00 2.623564e+00 5.631288e-01 6.827682e+00 2.106966e+00 -1.534658e+00 -1.967662e+00 -1.828545e+00 -3.661470e+00 -1.951306e+00 -4.227738e+00 -7.079005e-01 1.079360e+01 -3.459222e-01 8.109074e-01 -2.713348e-01 4.722696e-02 6.701694e-01 -2.854333e-01 -1.158725e+00 -2.365274e-01 -8.374456e-01 -6.872978e-01 9.628304e-01 -5.500470e-01 -3.513174e-01 -1.480062e-01 -2.726550e-01 3.977003e-02 -7.995290e-02 -1.847721e-01 -9.228859e-02 -3.226610e-04 -3.168296e-02 2.992342e-01 3.246089e-01 4.206402e-01 -9.791937e-02 -3.495151e-02 
-8.681480e+00 5.449279e+00 1.530519e+00 5.086001e+00 -3.015727e+00 -4.243812e+00 -3.156884e+00 -1.822983e+00 -3.530257e+00 -2.621799e+00 1.517785e+00 -1.908182e+00 1.030967e+01 -1.554936e-01 5.615209e-01 -5.741864e-01 -2.480751e-01 5.164973e-01 -1.924229e-01 4.551675e-01 -3.205762e-01 4.881888e-01 4.758373e-01 9.272134e-01 -2.794801e-01 -3.744672e-01 -1.210996e-01 -5.206343e-01 -5.056419e-03 5.445178e-02 -6.773591e-02 1.796563e-01 3.642201e-01 2.605661e-01 4.554422e-01 6.840299e-01 -4.613203e-02 1.475883e-01 8.357742e-02 
-1.035633e+01 4.155089e+00 1.195775e+00 4.648942e+00 1.762814e-02 -1.274863e-01 -3.238078e+00 -2.685861e+00 -3.920368e+00 1.002280e+00 5.031763e+00 1.326794e+00 1.023980e+01 -9.172694e-01 -7.008891e-01 -3.493487e-01 -2.701830e-01 -8.005307e-01 1.439913e-01 5.501543e-01 1.082412e+00 4.671979e-01 7.794836e-01 1.001654e+00 5.441785e-01 -2.097997e-01 1.446676e-01 -2.558115e-01 2.824695e-01 1.648498e-01 -2.091510e-01 2.143824e-01 5.243237e-01 2.154159e-01 3.885795e-01 2.843418e-01 -5.399778e-01 -7.617173e-02 1.718201e-01 
-1.021830e+01 2.972963e+00 -4.887405e-02 6.127009e+00 -1.675076e+00 7.859828e-02 2.143333e+00 1.178022e+00 1.115105e+00 2.122287e+00 1.183136e+00 1.556037e+00 9.901385e+00 -3.708863e-01 -8.369972e-01 -1.411109e-01 3.971679e-01 3.516567e-01 6.220587e-01 1.080203e+00 1.019767e+00 1.417655e+00 1.514531e+00 -7.226242e-01 -4.412163e-01 9.926613e-02 2.259496e-01 1.694950e-01 4.094954e-01 8.516867e-02 5.350204e-02 1.266216e-01 -1.006970e-01 -4.636690e-01 -3.833707e-01 -2.940298e-01 -3.884645e-01 -2.497072e-01 1.911441e-01 
-1.246587e+01 3.572516e-01 -3.937807e-01 4.956490e+00 -2.566239e+00 -2.975819e+00 -1.866932e+00 2.083011e+00 -3.648066e+00 -4.259811e-01 9.481842e-01 2.807388e-01 9.948555e+00 4.850893e-01 2.310694e-01 9.244576e-01 5.489058e-01 -2.931441e-01 3.791298e-01 1.150339e+00 1.702740e-01 6.408082e-01 2.150246e-01 -9.120474e-01 -8.499655e-01 2.709519e-01 3.438403e-01 5.027378e-01 1.483614e-01 -1.279480e-01 2.951026e-01 6.484860e-02 -3.237834e-01 -9.430524e-01 -7.873698e-01 -7.726200e-01 -1.661300e-01 -2.325497e-01 7.205464e-02 
-9.481048e+00 3.162923e+00 1.619763e+00 6.918176e+00 3.417371e-02 2.907653e-01 1.559101e+00 8.911901e-01 3.421914e+00 5.664688e+00 -5.343577e-02 -3.591257e+00 1.095157e+01 2.730784e-01 9.431460e-01 8.363633e-01 -2.317822e-01 5.303518e-01 3.230766e-01 -3.482445e-01 -2.182701e+00 -1.515387e+00 -7.120700e-01 -5.815401e-02 -8.308809e-01 3.408204e-01 3.124915e-02 1.972536e-01 -2.670657e-01 -4.268892e-01 -7.246288e-02 -1.188060e-01 -4.874319e-01 -5.620008e-01 -9.998016e-01 -9.881939e-01 1.405275e-01 1.463404e-01 -1.168723e-01 
-8.299769e+00 5.215131e+00 4.983714e+00 6.997521e+00 -2.302429e+00 1.662158e+00 2.805708e+00 -1.691088e+00 -1.869637e+00 3.057719e-01 1.089754e+00 -3.495764e-01 1.106949e+01 4.799243e-01 9.228314e-01 -9.629672e-02 -5.954377e-01 5.857699e-01 6.176885e-01 -3.544297e-01 -2.031569e+00 -2.003128e+00 -1.970400e+00 -1.611114e-01 -4.237019e-01 2.971191e-02 -2.029926e-01 -2.001200e-01 -4.601642e-01 -3.330016e-01 -4.698978e-02 -4.318795e-02 -3.482578e-01 3.665964e-01 -8.500219e-02 -3.157813e-01 1.555801e-01 3.128792e-01 -2.024367e-01 
-1.093591e+01 5.259774e+00 1.444133e+00 3.947613e+00 8.444471e-01 -6.251664e-01 -1.934085e+00 -7.848033e+00 -7.350952e+00 -1.803892e+00 8.215693e-01 -2.282850e+00 1.104502e+01 -2.120626e-01 -1.966990e-01 -9.660636e-01 -1.165086e+00 -4.500678e-01 -9.124215e-02 -6.044881e-01 -6.892685e-01 -2.259418e+00 -2.333781e+00 -3.954282e-01 7.745073e-02 -3.645159e-01 -1.187291e-01 -2.636928e-01 -3.760201e-02 7.141921e-02 -2.251702e-01 1.049084e-01 1.188931e-01 1.239890e+00 1.005492e+00 3.629062e-01 1.447577e-01 4.283467e-01 -1.630101e-01 
-9.338646e+00 3.923220e+00 -7.875967e-01 3.464651e+00 -4.257935e-02 5.701960e-01 -1.892573e+00 -3.705265e+00 -8.277555e+00 -6.543503e+00 -2.950342e-01 -2.491977e+00 1.005024e+01 -2.873240e-01 -1.996978e-01 -4.751351e-01 -6.494731e-01 -3.796640e-02 3.703893e-01 -4.628914e-01 1.256513e+00 5.877352e-01 -5.529975e-01 3.449618e-02 2.603249e-01 -3.885562e-01 -1.060700e-01 -3.370780e-02 4.471867e-01 3.127114e-01 -5.569965e-02 1.329767e-01 1.642485e-01 9.781431e-01 1.256520e+00 8.558756e-01 3.076574e-01 3.688526e-01 -9.904481e-04 
-1.002199e+01 2.825368e+00 -3.245453e-01 2.859391e+00 -3.346178e+00 3.805695e-01 8.857376e-01 -1.548069e+00 -4.671316e+00 -2.579561e+00 -1.338194e+00 -2.133234e+00 9.638618e+00 6.309656e-02 1.858935e-01 8.377329e-01 1.523354e-01 -2.836721e-01 9.712987e-01 3.004273e-01 2.372640e+00 2.216683e+00 3.937327e-01 5.679505e-01 9.688719e-01 -2.651079e-01 1.475325e-02 2.282205e-01 6.120366e-01 3.907835e-01 1.609968e-01 2.065520e-01 1.714840e-01 4.106647e-01 1.005527e+00 8.056191e-01 3.443195e-01 2.509341e-01 1.042717e-01 
-1.019337e+01 5.433791e+00 3.492612e+00 4.294507e+00 -3.969303e-01 3.011369e+00 -9.188516e-01 1.441811e+00 -2.707435e-01 -2.071306e+00 2.342277e+00 8.766884e-01 9.829741e+00 -1.880208e-01 5.630687e-01 1.237773e+00 3.094495e-01 2.239972e-01 7.511711e-01 1.436225e-02 1.328294e+00 2.041423e+00 9.452670e-01 8.956047e-01 9.747905e-01 -2.496776e-02 -5.261766e-03 1.902442e-01 3.825730e-01 2.074877e-01 1.031790e-01 5.414330e-02 6.683635e-02 -9.010781e-02 2.732053e-01 3.548022e-01 2.049682e-01 1.434883e-01 9.673519e-02 
