-1.649217e+01 4.090068e-03 -2.069510e+00 3.216929e+00 1.624983e+00 3.006193e+00 7.920806e+00 1.227529e+00 3.500043e-01 6.659299e-01 -1.566039e+00 3.682790e+00 8.225299e+00 4.847470e-01 2.375692e-01 3.558869e-03 -4.805562e-01 -3.921921e-01 -8.894615e-01 -1.672969e+00 -1.481665e-02 -2.757148e-01 6.926627e-01 1.855651e+00 2.133706e-01 -6.934620e-03 -2.018624e-01 -1.841081e-01 3.887416e-03 1.200440e-01 2.296766e-01 4.521723e-01 1.968134e-01 3.527039e-03 1.345241e-01 -2.900477e-01 -3.664554e-01 -8.308597e-02 -3.217395e-02 
-1.637700e+01 3.604812e+00 2.374046e+00 2.287314e+00 2.214140e-01 2.217609e+00 4.130656e+00 4.321081e+00 1.649552e+00 5.135493e+00 6.029639e+00 2.130847e+00 8.222507e+00 1.916156e-01 -1.555251e-02 2.388187e-01 -1.397857e-01 7.898906e-02 -1.025593e-01 -1.805588e+00 -4.576233e-01 -1.642687e-01 -9.903353e-02 1.647028e+00 1.777800e-01 -1.097094e-01 -2.762166e-01 -2.490833e-01 -1.459524e-01 1.782850e-01 3.953677e-01 7.817526e-01 5.080249e-01 2.603927e-01 2.960838e-01 -3.931130e-01 -8.035991e-01 -2.849438e-01 -3.034006e-02 
-1.412654e+01 -6.086422e-01 -4.273678e+00 1.278816e+00 3.656758e-01 -1.046475e+00 1.450622e+00 -3.928642e-01 -1.678182e+00 1.894479e+00 3.914055e+00 5.525082e+00 8.191791e+00 -3.780679e-01 -5.565354e-01 -9.458277e-02 -5.083577e-02 5.204625e-01 9.779264e-01 -6.224775e-01 2.243009e-01 3.412155e-01 -3.617039e-01 1.276078e-01 -1.842590e-01 -1.164136e-01 -2.590866e-01 -1.014650e-01 -3.230204e-03 1.259246e-01 2.219520e-01 5.992301e-01 4.605509e-01 2.959780e-01 2.002798e-01 -2.135207e-01 -8.006596e-01 -5.299598e-01 -8.700205e-03 
-1.671689e+01 2.321568e-01 2.266649e-01 3.486793e+00 2.650001e+00 4.520223e+00 2.127916e+00 -2.496855e-01 5.430104e-01 -4.435269e-01 3.929046e+00 3.650382e+00 7.693553e+00 -4.648649e-01 -6.108786e-01 -6.771311e-01 1.959752e-01 1.128347e+00 2.085596e+00 3.418884e-01 1.167693e+00 8.961602e-01 -7.457886e-01 -1.298342e+00 -1.012507e+00 -1.039323e-01 -1.080991e-03 1.251026e-01 4.442088e-02 9.771990e-03 -2.444056e-01 -3.020072e-01 2.588764e-01 5.799091e-02 -6.505439e-02 1.256146e-01 -5.132208e-01 -5.377318e-01 2.500015e-02 
-1.821280e+01 -1.092627e+00 -1.468613e+00 2.363178e+00 3.012825e+00 6.744868e+00 5.809591e+00 4.634614e+00 2.609717e+00 1.647133e+00 1.223058e-01 2.001546e+00 7.907568e+00 -4.825586e-01 2.783567e-02 4.453713e-01 -1.877372e-02 1.929673e-01 1.012618e+00 -4.437069e-01 6.524676e-01 1.954854e-01 -5.160168e-02 -6.749357e-01 -1.841312e+00 -5.329381e-02 2.851643e-01 2.876741e-01 1.871430e-01 1.021672e-01 -5.230865e-01 -1.024325e+00 -2.207061e-01 -7.176180e-01 -4.059478e-01 5.453942e-01 2.013074e-01 -1.532491e-01 3.803153e-02 
-1.665812e+01 7.923391e-01 -2.414200e+00 2.724758e+00 4.539505e+00 8.750015e+00 3.660598e+00 7.645422e+00 3.986305e+00 1.530331e+00 1.433693e+00 -1.169802e+00 7.844939e+00 2.382881e-01 3.178590e-01 1.908565e-01 -1.069443e-01 -9.793636e-01 -1.629893e+00 -6.003456e-01 -3.816912e-01 -4.167823e-01 3.739622e-01 -5.178110e-01 -1.682316e+00 -1.620646e-02 3.184934e-01 2.700952e-01 2.593360e-01 1.653948e-01 -4.453831e-01 -1.123359e+00 -3.787334e-01 -1.093644e+00 -3.808411e-01 5.684865e-01 4.572203e-01 3.400778e-01 4.737356e-02 
-1.656880e+01 -7.494761e-01 -7.259657e-01 1.565664e+00 3.857423e-01 1.901498e+00 -1.534330e+00 -1.078337e+00 -2.422229e+00 6.495710e-01 1.787227e+00 -1.271325e+00 7.849327e+00 6.960969e-01 4.176085e-01 4.070949e-01 6.114459e-01 -1.041028e+00 -2.286054e+00 -1.254865e+00 -2.589185e+00 -1.032067e+00 1.805421e+00 7.437864e-01 -6.157137e-01 2.986745e-02 2.265126e-01 1.819337e-01 -4.173006e-02 2.830748e-02 -3.648039e-02 -4.766544e-01 -1.345475e-01 -3.042523e-01 4.394064e-02 2.263886e-02 2.767137e-01 6.540750e-01 3.740584e-02 
-1.634738e+01 1.649954e+00 8.099531e-01 3.350540e+00 -9.332224e-01 -1.207497e+00 2.797655e+00 6.986198e-01 9.752469e-01 1.924906e+00 5.073833e-01 -3.124861e+00 7.641495e+00 5.383856e-01 5.446019e-01 6.387372e-01 7.077433e-01 -4.815520e-01 -1.881794e+00 -1.146265e+00 -2.679757e+00 -3.942005e-01 1.168209e+00 2.783259e-01 7.500406e-02 9.134687e-02 2.206938e-02 1.474879e-01 -2.453685e-02 -1.237870e-01 2.611693e-01 1.299011e-01 -8.539941e-02 4.546500e-01 1.148771e-01 -6.352693e-01 1.464780e-01 6.664672e-01 3.257302e-02 
-1.488766e+01 5.663744e-01 -1.045123e+00 5.107863e+00 5.435625e-01 2.938212e-01 -3.348947e-02 -4.837488e+00 -1.044830e+00 1.047698e+01 4.304441e+00 -1.000098e-01 8.158880e+00 4.999329e-01 8.241025e-01 1.277788e-02 -2.846215e-01 -2.383274e-01 -1.244791e+00 -8.434530e-01 2.802251e-01 4.039325e-01 -3.354369e-01 3.105230e-01 5.505055e-01 7.993537e-02 -1.221705e-01 8.700757e-02 -6.091066e-02 -4.029955e-01 1.739587e-01 3.614257e-01 3.325387e-01 1.122584e+00 2.023122e-01 -1.086913e+00 -1.813904e-01 4.242808e-01 7.437991e-03 
-1.480633e+01 2.857026e+00 9.393770e-01 4.492272e+00 2.052345e+00 1.446640e-01 -2.821460e+00 -3.873364e+00 1.326794e+00 2.457550e+00 1.566425e+00 -1.380454e+00 8.146913e+00 4.467123e-01 8.519228e-01 2.654255e-01 -2.779419e-01 -7.475732e-02 -1.501094e+00 -1.233077e+00 4.569769e-01 -5.604096e-01 -1.732031e+00 4.311796e-01 1.066894e+00 1.216586e-01 -2.126617e-01 -2.441434e-01 -1.646246e-01 -3.527991e-01 -5.179253e-02 5.155353e-01 5.100577e-01 6.631079e-01 1.188224e-01 -4.956412e-01 -1.051199e-02 4.042955e-01 -1.644568e-02 
-1.483924e+01 2.767166e+00 -7.268462e-01 -4.279322e-01 -2.298828e+00 -4.999139e+00 -2.942347e+00 2.608615e+00 -5.785338e-01 -1.293859e+00 2.810041e+00 6.089965e-01 7.996325e+00 1.310110e-01 6.989830e-01 2.891149e-01 -9.106107e-01 -3.746752e-01 -6.692739e-01 4.511752e-01 1.455317e+00 6.264606e-02 -2.179043e+00 -2.394546e-01 1.009652e+00 5.190589e-02 -2.674033e-01 -4.470796e-01 -6.081822e-02 1.447643e-02 -2.679032e-02 8.181953e-01 5.547215e-01 -1.612011e-01 1.094971e-01 3.163950e-01 -2.113825e-01 1.310209e-01 -4.227111e-02 
-1.413829e+01 4.809257e+00 1.977850e+00 4.728544e+00 1.140312e-01 -6.066545e+00 -1.913184e+00 -7.400624e-01 -2.060140e+00 -8.495533e-01 3.410300e+00 1.855049e+00 8.331010e+00 -3.404512e-01 -6.134733e-01 -3.226075e-01 -7.432869e-01 -6.722260e-01 4.081051e-01 7.567322e-01 4.813470e-02 3.704712e-01 -3.881600e-01 5.008304e-01 1.866893e+00 2.309187e-02 -2.157029e-01 -4.074270e-01 -1.535322e-01 6.509618e-02 -4.927860e-02 9.003459e-01 5.226736e-01 -5.026856e-02 1.252386e-01 5.819123e-01 -3.914631e-01 -1.551832e-01 -7.182904e-02 
-1.456657e+01 3.085618e+00 -1.184656e-01 4.363872e-01 -3.605140e-01 5.313575e-02 1.767951e+00 8.718132e-01 9.614608e-01 1.235545e+00 2.185110e+00 3.330932e+00 8.326222e+00 -4.435488e-01 -6.787718e-01 2.741994e-03 2.052456e-02 -7.345539e-02 1.891427e+00 9.353311e-01 -3.213751e-01 4.860314e-01 5.745555e-01 -7.812187e-01 8.055869e-01 -8.210783e-02 -6.283600e-02 -1.701785e-01 -1.675363e-01 2.542146e-01 2.360757e-01 2.334129e-01 -5.634106e-02 6.158286e-02 -1.400956e-01 3.312081e-01 -3.689264e-01 -4.201127e-01 -6.188290e-02 
-1.664496e+01 -3.695400e-01 -9.777701e-01 3.435389e-01 -2.277677e+00 -3.409442e-01 -1.392935e+00 -2.764439e+00 2.409007e+00 -7.478014e-01 4.383143e+00 6.593221e+00 8.097448e+00 -3.446309e-01 -4.964261e-01 -3.590167e-01 -4.181021e-01 -4.718467e-01 1.720429e+00 1.138121e+00 1.093908e+00 -1.458010e-01 -1.992829e-01 -1.255386e+00 3.929963e-01 -1.704756e-01 1.214360e-01 2.325787e-01 -9.991892e-02 -2.791056e-02 2.119877e-01 -2.612408e-01 -1.004069e-01 2.387157e-01 -3.062383e-01 1.767132e-02 -2.943721e-01 -6.472207e-01 -3.651055e-02 
-1.580392e+01 1.963152e+00 7.646107e-01 1.866855e+00 -1.470136e+00 1.595556e+00 1.473828e+00 2.013998e+00 -3.830948e-01 1.528041e+00 -1.582279e+00 2.268084e+00 7.702528e+00 -1.812074e-01 -2.102948e-01 -5.303270e-01 1.979791e-01 7.055736e-01 -1.582211e-01 -2.114277e-02 1.240306e+00 -3.797555e-01 -6.174769e-01 -1.205940e+00 -3.540345e-01 -1.607045e-01 5.279172e-02 1.884757e-01 -9.950295e-02 -2.921589e-01 -4.603334e-02 -5.725483e-01 -2.205268e-01 -1.814998e-01 3.624922e-02 -5.563347e-02 3.297111e-01 -1.954402e-01 1.168829e-02 
-1.524307e+01 2.888556e+00 -2.588950e-01 1.922714e+00 -1.690325e+00 1.764206e+00 3.924500e+00 4.158433e+00 -2.116501e+00 -1.992382e+00 -9.829574e-01 4.351452e+00 7.790688e+00 1.354693e-01 3.152643e-01 -5.557668e-01 -9.715064e-01 -1.849105e-03 1.266895e-01 7.328846e-01 4.608808e-01 -7.278072e-01 2.963894e-01 -7.586315e-01 -7.894849e-01 -1.201937e-01 -1.479743e-02 3.467139e-02 8.546274e-02 -2.026334e-01 -1.299530e-01 -5.148987e-01 -3.914688e-01 -6.343769e-01 3.474928e-01 3.406957e-01 8.341667e-01 -8.885232e-02 4.092259e-02 
-1.617343e+01 4.050461e-01 -3.129553e+00 6.364262e-01 2.873986e+00 -1.790565e+00 -9.962728e-01 3.612083e+00 1.325577e+00 -1.229733e+00 -1.161598e+00 2.681782e+00 7.676001e+00 -4.195856e-01 -1.422575e-01 -3.963596e-01 -1.163656e+00 -5.387187e-01 -1.744018e-01 3.513049e-02 -9.123369e-01 9.582372e-01 4.874219e-02 6.190230e-01 4.196660e-01 -4.880054e-02 -1.645611e-01 1.783261e-03 2.665461e-01 1.534455e-01 -1.359407e-01 -2.711235e-01 -2.917975e-01 -6.733871e-01 3.712445e-01 1.338939e-01 8.960255e-01 -5.955499e-02 6.746000e-02 
-1.578230e+01 1.985748e+00 -1.809781e+00 -3.898797e+00 -4.458958e+00 1.985823e+00 3.506790e+00 -1.259237e+00 -2.084063e+00 2.113033e+00 3.796487e-01 2.439053e+00 7.509856e+00 -2.993515e-01 -3.571804e-01 1.458334e-03 -7.504118e-01 -4.995424e-01 -8.462265e-01 -8.473989e-01 -1.001542e+00 9.225817e-01 1.171139e+00 2.003002e+00 -4.380395e-01 -2.176956e-02 -2.770702e-02 -1.804588e-01 2.930292e-01 3.906433e-01 -1.996118e-01 -2.892419e-01 -4.860580e-01 -3.573796e-01 5.856630e-02 -5.150191e-01 5.242339e-01 -2.750945e-01 2.810322e-01 
-1.763174e+01 1.703030e+00 -4.420254e-01 -1.040127e+00 -2.779339e+00 6.128988e-01 1.859157e+00 1.611927e-01 4.391780e+00 -2.809200e-01 8.315605e-01 5.322367e+00 7.598812e+00 -7.865570e-01 1.349367e-01 5.237913e-01 8.545831e-01 2.747523e-01 -1.027580e+00 -6.899024e-01 -1.395452e+00 6.512348e-01 -3.854199e-01 1.893269e+00 -8.274916e-01 1.273644e-01 1.954799e-01 -4.547952e-02 -6.715013e-02 1.703815e-01 -4.728535e-01 1.928601e-02 -2.318272e-01 -1.956999e-02 -6.902913e-01 -4.876752e-01 -4.000688e-01 -5.141650e-01 5.155323e-01 
-1.601030e+01 4.533921e-01 -1.595395e+00 -9.910608e-01 -1.361127e+00 -3.668166e+00 -1.739947e+00 8.758693e-01 9.630827e-01 3.389023e+00 8.035603e+00 8.411431e-01 7.720479e+00 1.806093e-01 -7.256195e-01 4.492223e-01 -2.734586e-02 -1.406634e+00 -8.930860e-01 -1.334815e+00 -1.084502e+00 -2.814745e-01 -2.061692e+00 1.225510e+00 -1.541441e+00 1.196907e+00 3.041563e-01 -1.412512e-01 -4.918502e-01 -2.805860e-01 -6.612614e-01 2.851430e-01 2.350796e-01 6.421416e-02 -6.042510e-01 -2.243508e-01 -1.302516e+00 -8.455442e-02 6.176473e-01 
-1.999267e+01 1.845965e+00 -6.176722e-01 3.455466e+00 2.698812e+00 -4.101230e+00 -1.821978e+00 -4.432693e+00 3.058173e+00 -3.795127e+00 4.477149e+00 -6.565665e-01 8.207348e+00 3.181191e-01 -1.855015e-01 -9.560354e-01 -6.733738e-01 -2.449600e+00 -5.453485e-02 -8.801678e-01 -9.688467e-01 -1.891271e+00 -7.732839e-01 -9.924706e-01 -1.599427e+00 1.919539e+00 7.593435e-01 -9.821624e-02 -5.094132e-01 -7.298128e-01 -7.170250e-01 -1.726046e-01 1.474262e-01 2.801901e-01 -3.754610e-01 4.511451e-01 -1.432582e+00 -7.302172e-02 5.307643e-01 
-1.369920e+01 -1.713767e+00 5.246922e-01 -6.283413e+00 -1.423079e+01 -1.227171e-01 -1.327095e+00 -4.384832e+00 -2.824866e+00 -6.438715e+00 4.684522e+00 -2.278617e+00 1.319012e+01 6.690686e-01 -9.033525e-01 -1.717946e+00 -1.389315e+00 -2.443682e+00 9.316304e-02 4.232101e-01 -8.936955e-01 -8.274596e-01 2.432884e-01 -3.066632e+00 -4.748381e-01 2.170378e+00 7.800733e-01 -1.081125e-02 -1.132760e-01 -4.388433e-01 2.271627e-01 -9.819629e-01 -2.440843e-01 3.063779e-01 4.872287e-02 5.734541e-01 -9.033741e-01 -1.990575e-01 1.182910e-01 
-1.719688e+01 1.859103e+00 -6.281950e+00 -1.760645e+00 -8.592654e+00 -1.432927e+00 -2.748064e+00 -2.052601e+00 -3.170736e+00 7.663731e-01 -2.455184e+00 -1.114907e+00 1.446184e+01 2.765850e+00 -2.672328e-01 -9.395812e-01 -2.113494e+00 -2.792009e+00 -2.383657e+00 -8.317866e-01 -8.977267e-02 -9.529850e-01 7.178903e-01 -3.123552e+00 -1.725806e+00 2.294478e+00 8.708128e-01 -3.800573e-01 6.835739e-01 -1.226109e-01 4.314769e-01 -1.206642e+00 -5.935619e-01 4.796689e-02 3.456197e-01 -2.325406e-01 2.505132e-01 -4.438586e-01 -1.709236e-01 
-1.406308e+01 -4.069581e+00 -7.353000e+00 -5.329642e+00 -7.933714e+00 -4.536837e+00 8.391678e-01 -4.782731e+00 -5.952565e-02 2.324717e+00 -3.831220e+00 -1.303733e+00 1.544495e+01 2.857105e+00 -7.388810e-01 -1.253906e-01 -1.501643e+00 -9.949403e-02 -4.638476e+00 -2.579517e+00 7.923913e-03 -5.070179e-01 5.998600e-02 -2.225896e+00 -2.473580e+00 1.600945e+00 4.775048e-01 -4.670617e-01 9.259890e-01 7.494979e-01 1.589208e-01 -2.517183e-01 -7.632484e-01 -2.071446e-01 3.048911e-01 -6.941638e-01 1.218526e+00 -4.473685e-01 -3.687891e-01 
-5.981280e+00 1.687265e+00 -1.377047e+00 -7.588573e+00 -1.440977e+01 -1.381297e+01 -7.064398e+00 -4.682141e+00 -3.089236e+00 -4.587549e+00 -6.882795e+00 -9.773117e+00 1.855225e+01 3.578230e+00 -2.167952e+00 1.665665e+00 -1.230341e+00 -1.464274e+00 -3.721999e+00 -2.346532e+00 -1.179856e+00 -3.233468e-01 -1.844375e+00 -1.601941e-01 -2.819264e+00 1.349678e+00 -2.618175e-01 -7.691964e-01 5.897045e-01 1.568541e+00 8.345709e-02 1.348005e+00 -7.930075e-02 -1.936121e-01 3.916886e-01 -2.976556e-01 1.359327e+00 4.238868e-01 -5.301495e-01 
-5.021770e+00 -5.321846e+00 -2.555069e+00 -1.087752e+01 -1.182010e+01 -1.712494e+01 -1.206666e+01 -3.030110e+00 -5.400444e+00 -3.462060e+00 -4.231288e+00 -1.031744e+01 1.914982e+01 2.650352e+00 -2.288171e+00 1.609418e+00 1.916638e+00 -2.312897e+00 -4.963340e-01 -2.635619e+00 -1.384326e+00 3.820821e-01 -1.946419e+00 1.544359e+00 -2.164880e+00 7.988594e-01 -4.485720e-01 -4.400926e-01 2.197269e-01 1.571410e+00 -2.089362e-01 1.977620e+00 2.020750e-01 3.351135e-01 1.267529e-01 2.934369e-01 7.521144e-01 9.794974e-01 -4.638707e-01 
-3.826730e+00 -8.354504e+00 -3.531015e-01 -5.138661e+00 -1.397047e+01 -1.374899e+01 -8.027721e+00 -8.827833e+00 -2.116906e+00 -5.561882e+00 -3.056067e+00 -1.070435e+01 1.935785e+01 1.560026e+00 -3.338424e+00 1.141465e+00 4.020042e+00 -1.268038e+00 2.285202e+00 -1.200308e+00 -3.616835e-01 5.609992e-01 2.327060e-01 1.787890e+00 2.391111e-01 4.477371e-02 -5.329809e-01 4.263753e-02 -2.926031e-01 6.920567e-01 3.342105e-01 1.173409e+00 -2.552652e-01 1.170031e+00 -3.725917e-01 7.257025e-01 -6.883474e-02 1.086622e+00 -3.532550e-01 
-1.888435e+00 -1.048961e+01 1.822030e-01 3.028590e+00 -1.971816e+01 -7.050474e+00 -1.185727e+01 -9.631743e+00 1.364503e+00 -6.920320e+00 1.977424e+00 -1.166237e+01 1.903633e+01 1.623139e+00 -2.354046e+00 1.235172e+00 3.730259e+00 -1.242236e+00 2.245979e+00 -2.142199e+00 1.274271e+00 -3.153929e-01 4.885734e-01 5.604605e-01 8.947028e-01 -6.598910e-02 -3.531156e-01 3.089468e-01 -3.742708e-01 -8.029198e-01 6.916462e-01 -1.545891e-01 -4.391221e-01 1.390393e+00 -7.080254e-01 3.999481e-01 -5.852190e-01 7.704763e-01 -1.306213e-01 
2.524817e-01 -1.242082e+01 2.961736e+00 5.558517e+00 -1.680147e+01 -7.424214e+00 -1.317084e+01 -3.190324e+00 -3.667038e+00 -1.694651e+00 -1.047606e+00 -7.905031e+00 1.883269e+01 1.426836e+00 -1.921894e+00 3.897071e-01 1.323157e+00 -3.285158e-01 7.737901e-01 -3.869513e+00 3.341027e+00 -1.837514e+00 5.665241e-01 -1.251496e-02 1.084086e+00 1.581704e-02 -3.174280e-01 5.960838e-01 -3.127080e-01 -1.511596e+00 5.144367e-01 -8.856573e-01 -3.726347e-01 8.406585e-01 -4.040349e-01 -3.327864e-01 -3.921447e-01 1.631119e-01 5.397554e-02 
1.054973e+00 -1.505935e+01 1.963763e+00 2.425454e+00 -1.661599e+01 -9.057316e+00 -2.020661e+01 5.221815e-01 -6.202474e+00 -2.952646e+00 -2.433322e+00 -7.243976e+00 1.908260e+01 9.513330e-01 -1.451687e+00 1.139536e-01 -7.494099e-01 6.755108e-01 -5.135503e-01 -3.496703e+00 3.716295e+00 -1.958742e+00 -1.134899e-01 -4.815072e-01 1.265012e+00 1.601724e-01 -4.770600e-01 5.566091e-01 -1.097634e-01 -1.221803e+00 3.354903e-01 -7.926459e-01 4.871579e-01 -3.890800e-02 8.088338e-02 -4.345091e-01 -1.370718e-02 1.515679e-02 5.900255e-02 
1.835838e+00 -1.567944e+01 7.051813e-01 1.778535e+00 -1.716430e+01 -8.876378e+00 -2.320073e+01 2.800467e+00 -7.520674e+00 -4.713185e+00 -9.136247e-01 -7.493318e+00 1.941389e+01 3.089239e-01 -8.092246e-01 1.384599e-01 -1.298138e+00 3.451751e-01 -7.632517e-01 -2.386164e+00 2.620649e+00 -6.374802e-01 -1.130062e+00 3.481409e-01 8.695199e-01 2.015391e-01 -5.097064e-01 5.838008e-01 2.939535e-01 -4.505103e-01 1.959937e-03 -4.053131e-01 1.207159e+00 -7.402974e-01 3.049708e-01 -2.005424e-01 1.659473e-01 -8.698989e-02 7.200665e-03 
2.076539e+00 -1.611928e+01 1.880562e+00 1.171247e+00 -1.615880e+01 -8.892480e+00 -2.432596e+01 5.954454e+00 -6.502120e+00 -5.978378e+00 -4.973162e-01 -5.543221e+00 1.954653e+01 -2.030807e-01 -1.272663e-01 8.121480e-01 -1.068138e+00 9.828133e-02 -9.487478e-01 -4.479961e-01 1.439994e+00 -5.110406e-01 -8.356445e-01 3.116729e-01 1.077767e+00 1.362083e-01 -4.486962e-01 5.775703e-01 5.440409e-01 1.220199e-01 -2.803319e-01 -2.317905e-02 1.220851e+00 -9.269531e-01 5.904452e-02 3.030140e-01 2.312569e-01 -1.863429e-01 -3.957422e-02 
1.285801e+00 -1.593746e+01 3.695579e+00 -3.052668e-01 -1.530354e+01 -1.132264e+01 -2.304207e+01 7.196823e+00 -6.704453e+00 -5.832129e+00 -2.746396e-01 -4.407620e+00 1.960816e+01 -5.444171e-01 3.348683e-01 1.510342e+00 -7.702280e-01 -3.025490e-02 -1.035218e+00 6.419553e-01 7.776871e-01 -1.036455e+00 -7.522312e-02 4.205842e-01 7.427691e-01 6.381664e-02 -3.561568e-01 5.129066e-01 6.315783e-01 2.469698e-01 -3.326675e-01 2.534873e-01 7.550209e-01 -8.021123e-01 -3.234941e-01 6.323038e-01 1.171249e-01 -2.334765e-01 -4.764332e-02 
3.140672e-01 -1.556646e+01 4.528910e+00 -1.873497e+00 -1.705474e+01 -1.257819e+01 -2.252560e+01 5.524107e+00 -9.165687e+00 -6.571222e+00 -1.194391e+00 -3.397683e+00 1.966640e+01 -8.655521e-01 8.640311e-01 2.148088e+00 -4.032956e-01 -5.384820e-01 -4.933568e-01 1.093514e+00 3.043964e-03 -1.464046e+00 8.740753e-01 6.385711e-01 3.966204e-01 3.115124e-02 -3.069389e-01 4.454837e-01 5.102553e-01 1.238076e-01 -2.407032e-01 3.665730e-01 1.958568e-01 -6.361729e-01 -2.644734e-01 5.123220e-01 8.704761e-02 -2.374879e-01 -3.394311e-02 
-5.142832e-03 -1.428214e+01 6.932938e+00 -5.498427e-01 -1.686710e+01 -1.220953e+01 -2.089092e+01 6.904382e+00 -1.137107e+01 -4.792689e+00 1.538005e+00 -4.852402e+00 1.967339e+01 -1.140572e+00 1.259570e+00 2.628294e+00 -3.957254e-01 -9.997211e-01 2.767175e-01 6.181077e-01 -6.715602e-01 -1.778454e+00 1.176430e+00 7.702339e-01 4.266587e-02 1.574572e-02 -2.702583e-01 4.041399e-01 2.143656e-01 -7.726012e-02 -3.259522e-02 3.151002e-01 -4.354581e-02 -5.903965e-01 5.956260e-02 1.556436e-01 -8.864488e-02 -4.286482e-02 -2.662914e-02 
-1.605894e+00 -1.262681e+01 1.100275e+01 -7.227066e-01 -1.806946e+01 -1.091627e+01 -1.993461e+01 6.115885e+00 -1.148865e+01 -2.127833e+00 1.789101e+00 -3.337827e+00 1.966979e+01 -1.439694e+00 1.637811e+00 2.804505e+00 -6.364135e-01 -6.203853e-01 2.283047e-01 5.433055e-01 -1.016280e+00 -1.462309e+00 1.100085e+00 5.720416e-01 2.404120e-01 -9.430884e-03 -1.509067e-01 3.134862e-01 -2.079773e-01 -1.600112e-01 3.439463e-01 3.127918e-02 -3.033203e-02 -5.022686e-01 3.411165e-01 -2.496808e-01 -2.905379e-01 1.173393e-01 -2.999486e-02 
-3.456748e+00 -1.110970e+01 1.360003e+01 -2.858972e+00 -1.979518e+01 -1.077050e+01 -2.124710e+01 3.543130e+00 -1.443484e+01 -2.171675e+00 2.084858e+00 -4.224416e+00 1.968515e+01 -1.608551e+00 1.968628e+00 2.254048e+00 -1.039972e+00 -1.521631e-01 1.795035e-01 6.994295e-01 -1.664532e+00 -7.394181e-01 5.900511e-01 1.064718e-02 6.066327e-01 -4.901450e-02 1.791100e-02 1.905228e-01 -5.536903e-01 -1.892509e-02 5.972594e-01 -1.470741e-01 1.459314e-01 -2.842460e-01 4.847827e-01 -3.867581e-01 -3.722068e-01 1.697020e-01 -3.318798e-02 
-5.158574e+00 -8.963557e+00 1.521783e+01 -3.900684e+00 -1.869315e+01 -1.215656e+01 -1.963131e+01 2.123511e+00 -1.494573e+01 -2.381395e+00 1.392156e+00 -2.509771e+00 1.961315e+01 -1.386055e+00 2.077026e+00 1.295388e+00 -8.812205e-01 7.575325e-01 -2.884437e-01 9.013613e-01 -2.011692e+00 -2.779090e-01 -8.108124e-02 -4.342794e-01 7.013242e-01 -8.638714e-02 1.767362e-01 1.593539e-02 -6.879545e-01 2.314451e-01 4.848180e-01 -7.037961e-02 1.752289e-01 -9.032290e-02 3.763854e-01 -3.647845e-01 -1.895701e-01 -9.021331e-02 -2.934760e-02 
-6.271343e+00 -6.270373e+00 1.609562e+01 -4.160357e+00 -1.731669e+01 -1.069211e+01 -1.754546e+01 5.777494e-01 -1.334005e+01 -1.715590e+00 1.789726e+00 -2.233643e+00 1.945678e+01 -1.078017e+00 1.992556e+00 6.142309e-01 -3.678938e-01 1.297598e+00 -2.004205e-01 1.168831e+00 -1.595042e+00 5.322938e-02 -1.668743e-01 -5.877081e-01 6.607156e-01 -1.117064e-01 2.234714e-01 -1.667072e-01 -5.675558e-01 4.152005e-01 2.194380e-01 -3.079702e-02 1.325383e-01 7.887430e-02 1.338864e-01 -2.743843e-01 9.356578e-02 -3.964027e-01 -1.875422e-02 
-7.128367e+00 -4.660768e+00 1.623209e+01 -4.478155e+00 -1.552102e+01 -1.239767e+01 -1.727886e+01 -2.459829e+00 -1.342561e+01 -2.761248e+00 -2.346639e-01 -8.268735e-01 1.935206e+01 -8.212480e-01 1.705416e+00 1.846716e-01 1.847312e-01 1.078755e+00 6.623827e-02 1.184443e+00 -1.502616e+00 2.333367e-02 -3.452634e-01 -7.674472e-02 -2.376914e-01 -1.248296e-01 1.738191e-01 -2.844191e-01 -3.170988e-01 3.898906e-01 -9.215260e-02 5.104473e-02 1.187266e-01 8.894009e-02 8.144131e-02 -2.127151e-01 3.360163e-01 -5.671008e-01 -4.687231e-03 
-7.861752e+00 -3.298674e+00 1.616386e+01 -4.409840e+00 -1.489299e+01 -1.165231e+01 -1.657890e+01 -2.140618e+00 -1.492911e+01 -2.815886e+00 -4.009517e-02 -1.762074e+00 1.925712e+01 -7.734609e-01 1.320976e+00 -2.841594e-02 5.030138e-01 7.842813e-01 -1.518782e-01 1.220472e+00 -1.524673e+00 -2.205860e-01 -6.496965e-01 2.997633e-01 -9.058281e-01 -1.236171e-01 1.700331e-01 -3.530436e-01 -1.742842e-01 3.385182e-01 -2.080221e-01 -9.755725e-02 9.959351e-02 -7.478566e-02 1.450051e-01 -1.964252e-01 3.106678e-01 -4.249120e-01 6.316085e-03 
-8.470084e+00 -1.922916e+00 1.610663e+01 -2.852178e+00 -1.451064e+01 -1.134552e+01 -1.419245e+01 -4.030333e+00 -1.403463e+01 -3.557596e+00 1.923082e+00 -3.933736e+00 1.908878e+01 -6.692488e-01 9.907361e-01 3.121591e-02 6.328206e-01 5.534843e-01 -5.738266e-02 1.469069e+00 -1.602167e+00 2.661563e-01 -9.031073e-01 8.019382e-01 -1.350943e+00 -1.039323e-01 2.248368e-01 -3.257184e-01 -1.637002e-01 2.823942e-01 -1.368092e-01 -2.449239e-01 1.047355e-01 6.784847e-03 1.227279e-01 5.763540e-02 4.849240e-02 -5.751348e-02 1.589544e-02 
-9.468143e+00 -1.034822e+00 1.601639e+01 -2.458517e+00 -1.390051e+01 -1.197732e+01 -1.298681e+01 -6.260351e+00 -1.413843e+01 -4.565628e+00 2.209470e+00 -5.209220e+00 1.897031e+01 -3.038098e-01 5.846747e-01 -1.803546e-01 1.100615e+00 5.199891e-01 -6.262978e-01 1.524656e+00 -1.919168e+00 6.568117e-01 -8.700373e-01 5.262101e-01 -9.072220e-01 -9.059513e-02 2.977636e-01 -2.066714e-01 -3.169601e-01 3.527256e-01 -6.088840e-02 -2.411664e-01 -1.849344e-02 2.776006e-01 -1.306507e-01 5.048483e-01 -2.521105e-01 3.191972e-01 1.803138e-02 
-9.671705e+00 -8.388110e-01 1.646189e+01 -2.289804e+00 -1.324971e+01 -1.252225e+01 -1.172936e+01 -8.410871e+00 -1.249018e+01 -6.402072e+00 2.650451e+00 -5.857709e+00 1.897589e+01 6.803790e-02 4.449964e-01 -5.579841e-01 1.297885e+00 5.268538e-01 -9.210463e-01 1.556053e+00 -1.271501e+00 1.983195e-01 5.308854e-02 5.245402e-02 -5.245534e-01 -6.185243e-02 1.611578e-01 1.345819e-01 -5.854885e-01 3.006474e-01 1.997837e-01 -2.755502e-01 -5.219873e-03 4.637969e-01 -5.271773e-01 8.230842e-01 -4.214126e-01 5.208043e-01 7.351691e-03 
-8.779891e+00 -9.165848e-01 1.508489e+01 8.123095e-01 -1.292322e+01 -1.419519e+01 -1.018751e+01 -9.546566e+00 -1.241760e+01 -5.743792e+00 2.227272e+00 -5.336206e+00 1.886061e+01 3.468192e-01 5.604580e-01 -1.318494e+00 1.934117e+00 4.930035e-01 -9.258358e-01 1.084249e+00 -3.018553e-01 -8.399847e-01 1.396298e+00 -5.860654e-01 2.769319e-01 -5.443496e-02 -1.548789e-01 5.659994e-01 -7.103242e-01 9.868588e-02 3.676687e-01 -1.026530e-01 2.124189e-01 4.095001e-01 -4.375105e-01 7.253892e-01 -4.787555e-01 5.048305e-01 -1.312311e-02 
-8.473845e+00 2.431923e-01 1.378272e+01 2.001975e+00 -1.236515e+01 -1.484182e+01 -7.811311e+00 -8.745090e+00 -1.390326e+01 -2.703010e+00 2.176677e+00 -6.492971e+00 1.883428e+01 -1.887307e-01 1.675722e+00 -2.327218e+00 1.719256e+00 1.565914e+00 -1.285307e+00 1.662938e+00 -9.182225e-02 -1.621387e+00 2.079052e+00 -7.490217e-01 6.610873e-01 -8.524599e-02 -4.921419e-01 8.409868e-01 -5.781860e-01 -3.021574e-02 1.812720e-01 3.409396e-01 3.389961e-01 2.175400e-01 6.163490e-02 7.593922e-02 -3.338220e-01 2.819129e-01 -4.496800e-02 
-8.332809e+00 1.226402e+00 1.076371e+01 5.066346e+00 -1.187759e+01 -1.544650e+01 -9.524244e+00 -7.602499e+00 -1.763160e+01 5.664681e-01 -4.838869e-01 -3.507142e+00 1.876886e+01 -9.498413e-01 2.799346e+00 -2.847217e+00 1.383273e+00 1.838847e+00 -9.574206e-01 2.533286e+00 -4.614296e-01 -6.209324e-01 1.743911e+00 -1.466884e+00 1.024056e+00 -1.445858e-01 -6.859720e-01 8.807285e-01 -1.654103e-01 -2.145356e-01 -1.806431e-01 8.161879e-01 2.429720e-01 3.512354e-01 5.976035e-01 -6.330317e-01 -8.919871e-02 -1.315448e-01 -6.281063e-02 
-1.083901e+01 6.468258e+00 6.986204e+00 4.179758e+00 -5.943336e+00 -1.832328e+01 -3.746465e+00 -9.841846e+00 -1.799004e+01 8.376977e-01 2.609712e-01 -3.467128e+00 1.859573e+01 -1.744389e+00 3.530458e+00 -2.684542e+00 1.422126e+00 7.603731e-01 7.995498e-01 2.526595e+00 -1.041197e-01 3.969842e-01 2.590675e-01 -1.176207e+00 5.113838e-01 -2.415835e-01 -4.918316e-01 3.688041e-01 3.613861e-01 -1.066629e-01 -4.925537e-01 1.058573e+00 -4.459981e-01 7.826862e-01 7.610761e-01 -9.396319e-01 -1.211931e-01 -2.557898e-01 -5.689904e-02 
-1.234667e+01 9.967559e+00 4.246731e+00 6.639860e+00 -6.940152e+00 -1.724147e+01 4.468228e-01 -1.130527e+01 -1.347873e+01 1.205444e+00 -4.149151e+00 -1.728674e+00 1.825686e+01 -2.305295e+00 4.036846e+00 -1.966976e+00 1.009884e+00 -7.530264e-03 2.112650e+00 1.867271e+00 1.460294e+00 1.138800e+00 -8.587935e-01 -8.185081e-01 -3.060848e-01 -2.902963e-01 -1.231014e-01 -2.704005e-01 7.142629e-01 -1.302792e-01 -2.923988e-01 8.661680e-01 -1.056283e+00 8.620849e-01 2.721328e-01 -5.294294e-01 -1.035983e-01 -2.732679e-01 -8.894381e-03 
-1.518854e+01 1.352466e+01 3.618541e+00 8.325849e+00 -1.103209e+01 -9.946750e+00 -1.646309e-01 -7.414299e+00 -1.399449e+01 -1.727042e+00 -1.871790e+00 -4.825285e+00 1.788228e+01 -1.970228e+00 2.901113e+00 -9.604698e-01 1.372697e+00 2.631998e-02 2.472639e+00 -2.340547e-01 2.860742e+00 1.304186e+00 -1.317616e+00 -1.679121e+00 4.721923e-02 -2.967865e-01 2.484217e-01 -7.587826e-01 7.432418e-01 -1.561065e-01 8.249722e-02 1.620716e-01 -1.255507e+00 3.947147e-01 -2.132239e-01 1.584630e-01 -2.785240e-01 -1.161798e-01 6.012446e-02 
-1.768439e+01 1.788263e+01 2.612203e+00 8.042397e+00 -9.370909e+00 -9.071723e+00 -1.978485e+00 -1.514769e+00 -1.393570e+01 -2.445195e+00 -3.510165e+00 -4.358677e+00 1.767405e+01 -1.452233e+00 1.762210e+00 -1.378771e-01 7.565044e-01 7.438031e-01 2.536715e+00 -1.367755e+00 2.366696e+00 2.860867e-01 -1.148127e-01 -1.733413e+00 -1.101971e-01 -1.614177e-01 4.923384e-01 -1.079208e+00 5.467677e-01 -2.115718e-01 6.613380e-02 -4.437633e-01 -8.323068e-01 -5.475855e-01 -5.730867e-01 4.850676e-01 -1.148028e-01 7.453940e-02 1.063168e-01 
-1.802147e+01 1.701608e+01 3.001356e+00 1.034209e+01 -4.596712e+00 -1.004548e+01 -3.703831e+00 -4.334248e-01 -1.124091e+01 -3.925016e+00 -8.454336e+00 -1.916177e+00 1.740319e+01 -9.288038e-01 8.738331e-01 1.171044e-01 7.683050e-01 7.973006e-01 1.397849e+00 -2.133277e+00 1.416277e+00 -2.427106e-01 6.792457e-01 -2.111235e+00 -1.674394e-01 -5.436862e-03 6.067248e-01 -1.120329e+00 3.642516e-01 -5.097392e-01 -1.834312e-01 -8.970328e-01 -7.822451e-02 -1.233020e+00 -5.750794e-01 4.279186e-01 4.953921e-01 1.806975e-01 1.059716e-01 
-1.819212e+01 1.703237e+01 3.865943e+00 9.414741e+00 -6.439032e+00 -4.508446e+00 -4.622361e+00 -2.962374e+00 -1.342520e+01 1.730563e+00 -9.524933e+00 -3.734659e+00 1.768941e+01 -3.641358e-01 -3.455045e-01 2.280827e-01 2.541990e-01 -6.232978e-02 4.312760e-01 -1.344594e+00 -5.554175e-01 -9.533507e-01 5.681304e-01 -1.176371e+00 1.740630e-01 9.555485e-02 8.684543e-01 -1.425401e+00 3.614323e-01 -7.036090e-01 -3.591780e-01 -1.275409e+00 2.995939e-01 -1.158216e+00 -1.433634e-01 -1.078150e-01 8.784307e-01 4.017168e-01 6.571241e-02 
-1.957897e+01 1.831879e+01 3.577160e+00 1.148118e+01 -8.511304e+00 -5.239401e+00 -9.509134e+00 3.911709e-01 -1.546312e+01 -4.186614e-01 -9.420622e+00 -5.974775e+00 1.784738e+01 5.192986e-01 -1.646717e+00 6.777138e-01 -9.246379e-01 -4.877066e-01 -9.600096e-01 -6.367174e-01 -1.843334e+00 -9.514307e-01 4.806366e-01 5.193929e-01 8.085606e-01 1.045414e-01 1.086862e+00 -1.632610e+00 4.643143e-01 -1.025722e+00 -4.083140e-01 -1.199281e+00 3.375611e-01 -5.951161e-01 1.465992e-01 -3.019071e-01 1.033631e+00 3.602421e-01 5.151598e-02 
-1.872664e+01 1.550317e+01 3.464905e+00 8.744043e+00 -7.724914e+00 -9.317917e+00 -5.798856e+00 -4.704043e+00 -1.659115e+01 -1.357659e+00 -8.908747e+00 -1.458828e+00 1.792956e+01 2.165794e+00 -4.104708e+00 1.388978e+00 -1.915110e+00 -4.094723e-01 -2.661448e+00 -6.181883e-01 -1.794632e+00 -7.631867e-02 -5.545494e-01 1.343538e+00 1.410348e+00 1.121728e-01 9.681312e-01 -1.286194e+00 4.892259e-01 -9.314451e-01 -4.647175e-01 -7.552252e-01 -1.392710e-01 3.884496e-01 3.813271e-01 -1.818358e-01 7.964209e-01 -1.108432e-01 7.155927e-02 
-1.515751e+01 9.547159e+00 6.590449e+00 6.054086e+00 -6.392391e+00 -1.244047e+01 -6.298597e+00 -8.779566e+00 -1.441497e+01 2.204578e-02 -6.165421e+00 9.889629e-01 1.780589e+01 3.240516e+00 -5.409669e+00 1.858214e+00 -3.275632e+00 -1.070617e+00 -3.052245e+00 -8.089684e-01 -9.397623e-01 5.176659e-02 -2.690134e-01 1.796925e+00 1.015599e+00 2.438329e-01 4.201564e-01 -3.902931e-01 3.060628e-01 -5.195714e-01 -4.963474e-01 -1.107343e-01 -2.148466e-01 9.026821e-01 3.917683e-01 2.097407e-03 3.723988e-01 -5.722225e-01 9.227140e-02 
-9.573450e+00 8.948115e-01 9.303949e+00 2.552649e+00 -9.546083e+00 -1.421553e+01 -9.318089e+00 -7.350213e+00 -1.433063e+01 -1.262451e+00 -4.434914e+00 -1.648257e-01 1.827102e+01 3.116102e+00 -4.895065e+00 2.084022e+00 -3.227428e+00 -2.094528e+00 -2.298740e+00 -1.954678e+00 9.351143e-01 4.516559e-01 3.362447e-02 2.167026e+00 -4.836660e-01 3.837664e-01 -3.284136e-01 7.545609e-01 4.044610e-02 9.285238e-02 -3.143843e-01 5.623755e-01 -4.426330e-02 7.610093e-01 1.978488e-01 3.765873e-01 5.522358e-02 -6.152372e-01 5.647826e-02 
-7.952954e+00 -1.425268e+00 9.948428e+00 -1.801407e+00 -1.295413e+01 -1.805166e+01 -1.179413e+01 -2.984683e+00 -1.633449e+01 -1.811453e+00 -2.672864e+00 -1.543486e+00 1.889571e+01 2.145175e+00 -3.202926e+00 1.860548e+00 -2.866284e+00 -2.127076e+00 -1.694874e+00 -1.042640e+00 1.305210e+00 7.434818e-01 1.969904e-01 1.969737e+00 -1.105526e+00 4.301256e-01 -6.941025e-01 1.152245e+00 -2.124143e-01 7.004306e-01 9.479265e-02 8.825364e-01 1.809689e-01 2.523317e-01 3.457544e-02 3.478561e-01 -2.732839e-01 -3.041053e-01 -2.509730e-02 
-6.748512e+00 -3.485751e+00 1.220586e+01 -3.465505e+00 -1.491631e+01 -1.800632e+01 -1.282491e+01 -2.925870e+00 -1.337330e+01 -2.727406e-01 1.797707e-01 -2.610964e+00 1.930340e+01 1.071288e+00 -1.435254e+00 1.589929e+00 -1.655608e+00 -1.453149e+00 -5.283072e-01 -7.224998e-01 8.880716e-01 5.670332e-01 1.095361e+00 1.533188e+00 -6.052130e-01 3.013183e-01 -6.098799e-01 9.063626e-01 -4.863040e-01 8.968409e-01 4.620555e-01 7.840689e-01 3.044370e-01 -4.621719e-02 -3.264432e-01 1.359525e-01 -5.032945e-01 1.066662e-01 -8.999529e-02 
-5.844476e+00 -4.276628e+00 1.444217e+01 -5.268498e+00 -1.434252e+01 -1.901949e+01 -9.758465e+00 -4.465548e+00 -1.117644e+01 5.124839e-01 1.375916e+00 -3.315671e+00 1.944022e+01 7.922284e-01 -1.378316e+00 1.043207e+00 -5.593755e-01 -9.173443e-01 4.752876e-01 -5.202248e-01 3.454212e-01 1.668696e-01 9.393650e-01 7.474003e-01 -4.440796e-01 1.595305e-01 -2.686447e-01 3.827782e-01 -7.609795e-01 9.646319e-01 5.541112e-01 4.908283e-01 4.889086e-02 2.319495e-01 -5.155804e-01 -1.546710e-01 -5.189296e-01 3.190897e-01 -1.100817e-01 
-5.271402e+00 -4.855728e+00 1.500653e+01 -3.991645e+00 -1.611759e+01 -1.637322e+01 -1.394905e+01 -2.169416e+00 -1.407477e+01 3.052685e+00 1.206644e+00 -2.305072e+00 1.950545e+01 7.430481e-01 -1.275539e+00 6.109018e-02 1.033515e-01 -3.891148e-01 5.365155e-01 -6.936769e-01 1.183894e+00 -8.922793e-01 3.423094e-01 2.617346e-01 -2.811806e-01 6.902313e-02 3.156538e-02 1.063947e-02 -1.001684e+00 7.613060e-01 5.552539e-01 -1.092852e-02 1.744086e-02 5.957799e-01 -2.806932e-01 -5.266100e-01 -4.986082e-01 3.138248e-01 -9.096617e-02 
-4.730297e+00 -7.631942e+00 1.376379e+01 -4.335109e+00 -1.694031e+01 -1.649187e+01 -1.383302e+01 -1.635639e+00 -1.514969e+01 1.222458e+00 5.504820e-01 -3.917202e+00 1.959221e+01 9.659616e-01 -1.368802e+00 -1.179976e+00 1.077236e+00 1.114190e-01 2.267513e-01 -8.125713e-01 2.317116e+00 -1.104749e+00 -1.997554e-01 1.081145e-02 3.278552e-01 -4.153069e-03 9.127223e-02 8.108860e-02 -1.058856e+00 5.220854e-01 6.152226e-01 -2.798224e-01 -6.835902e-02 7.508181e-01 1.526965e-01 -4.512914e-01 -5.239993e-01 2.982449e-01 -6.934790e-02 
-3.590731e+00 -8.186343e+00 1.285078e+01 -3.415684e+00 -1.556332e+01 -1.658763e+01 -1.425613e+01 1.578378e+00 -1.584832e+01 1.083735e+00 1.901220e+00 -3.716140e+00 1.957286e+01 1.142342e+00 -1.386821e+00 -2.306912e+00 1.332731e+00 8.086630e-01 -4.586652e-01 -4.893432e-01 2.881140e+00 -2.005641e-01 -9.681135e-01 -5.916506e-01 5.779186e-01 -7.162352e-02 3.466864e-02 1.503361e-01 -8.993108e-01 1.740039e-01 6.788937e-01 -1.548465e-01 -1.062664e-01 3.602153e-01 6.688189e-01 -1.948141e-01 -5.866675e-01 4.456156e-02 -4.539950e-02 
-1.855526e+00 -9.455424e+00 9.620465e+00 -1.701461e-01 -1.406267e+01 -1.777835e+01 -1.366734e+01 5.245862e+00 -1.581305e+01 4.984153e-01 1.082657e+00 -9.707251e-01 1.938577e+01 1.048997e+00 -9.173347e-01 -3.066956e+00 1.436376e+00 1.559996e+00 -4.263037e-01 -9.642346e-01 3.250748e+00 5.844952e-01 -6.617907e-01 -1.446021e+00 6.175980e-01 -1.169129e-01 -1.206809e-01 2.756137e-01 -5.645516e-01 -3.215616e-01 6.617075e-01 1.343792e-01 -1.610349e-01 -1.632895e-01 8.075036e-01 9.375077e-02 -4.811412e-01 -3.879859e-01 -9.994713e-03 
-9.970914e-01 -1.087795e+01 5.544052e+00 5.896246e-01 -1.351328e+01 -1.802285e+01 -1.647798e+01 8.795719e+00 -1.474584e+01 -1.426039e+00 -2.017326e+00 -8.883825e-01 1.925074e+01 8.748457e-01 -7.495479e-01 -3.491848e+00 7.936875e-01 2.281030e+00 8.876187e-02 -1.149181e+00 2.518072e+00 1.607166e+00 -4.008211e-01 -1.943186e+00 -2.032159e-01 -1.015074e-01 -2.172545e-01 3.516257e-01 -1.858388e-01 -5.524084e-01 4.689117e-01 4.075968e-01 -5.281340e-02 -5.643340e-01 5.655227e-01 3.370260e-01 -8.310656e-02 -6.223646e-01 2.098717e-02 
-7.822475e-01 -1.087217e+01 2.082182e+00 8.440138e-01 -1.016543e+01 -1.790547e+01 -1.754330e+01 1.100951e+01 -1.277806e+01 -8.315586e-01 -4.720052e+00 -2.243233e+00 1.916877e+01 4.963106e-01 -3.093236e-01 -3.410393e+00 -2.610203e-01 2.683682e+00 6.249272e-01 -1.287977e+00 1.682137e+00 2.028906e+00 -1.456326e-02 -1.719121e+00 -1.221497e+00 -3.924341e-02 -1.977040e-01 3.153108e-01 1.105131e-01 -4.929914e-01 -1.742020e-02 4.982919e-01 1.737342e-01 -6.665791e-01 2.332373e-01 2.212510e-01 4.360043e-01 -6.233674e-01 3.893768e-02 
2.468403e-01 -1.122531e+01 -8.395418e-01 4.574502e-02 -6.106037e+00 -1.607999e+01 -1.806355e+01 1.128695e+01 -9.329904e+00 -2.557274e-01 -4.913684e+00 -4.095776e+00 1.917355e+01 3.324691e-01 6.733189e-02 -3.064389e+00 -5.805275e-01 2.591482e+00 1.053782e+00 -5.915958e-01 8.437616e-01 1.904843e+00 3.934262e-01 -8.704997e-01 -1.614388e+00 -5.579506e-03 -1.341491e-01 2.382752e-01 3.114703e-01 -1.773706e-01 -5.517454e-01 3.630728e-01 2.930767e-01 -4.521902e-01 -1.691078e-01 8.618757e-02 6.111429e-01 -3.243771e-01 4.023219e-02 
4.259524e-03 -1.082855e+01 -4.239781e+00 -1.203178e+00 -4.347237e+00 -1.562532e+01 -1.931398e+01 1.241088e+01 -8.376632e+00 -1.598646e-01 -6.065169e+00 -5.474436e+00 1.922820e+01 3.316332e-01 2.506866e-01 -2.728303e+00 -3.413981e-01 1.317719e+00 1.582698e+00 -3.743947e-01 7.550442e-01 1.601772e+00 4.732491e-02 1.977513e-01 -1.793734e+00 2.986745e-02 -5.371239e-02 6.052796e-02 4.164783e-01 1.290295e-01 -8.513605e-01 1.914625e-01 3.333758e-01 -2.012137e-01 -3.863008e-01 -5.348534e-02 5.310929e-01 -1.605009e-03 3.481683e-02 
2.722267e-01 -1.056370e+01 -6.616956e+00 -1.289610e+00 -3.464854e+00 -1.389433e+01 -1.855034e+01 1.231394e+01 -7.422549e+00 2.052648e-01 -5.697581e+00 -7.344506e+00 1.919310e+01 2.864932e-01 1.618922e-01 -2.275521e+00 -5.283964e-02 2.052765e-01 1.425292e+00 -1.405519e-01 7.206894e-01 9.752421e-01 -7.683427e-04 1.541375e-01 -1.539025e+00 6.510043e-02 -5.104358e-02 -1.332405e-01 5.349358e-01 8.207921e-02 -7.236527e-01 -5.586427e-02 2.813577e-01 -8.017357e-02 -4.329674e-01 -9.429973e-02 1.875894e-01 2.799430e-01 3.406170e-02 
8.631647e-01 -9.949920e+00 -8.670570e+00 -1.950566e-01 -4.897709e+00 -1.108534e+01 -1.917205e+01 1.427139e+01 -5.722797e+00 -8.256695e-01 -3.339332e+00 -9.587599e+00 1.930818e+01 2.506877e-01 -5.389555e-02 -1.722497e+00 1.203845e-01 -3.801197e-01 1.396425e+00 1.535102e-01 7.375740e-01 5.621877e-01 -8.495516e-02 4.240339e-01 -1.267217e+00 9.947755e-02 -9.380660e-02 -2.380464e-01 6.496497e-01 -1.181887e-01 -3.025003e-01 -2.758076e-01 4.283834e-01 -2.593530e-01 -3.672914e-01 4.729755e-02 -1.226842e-01 4.397174e-01 2.493542e-02 
1.249602e+00 -1.085536e+01 -1.000135e+01 -7.227066e-01 -4.804427e+00 -1.122391e+01 -1.883745e+01 1.396029e+01 -5.780375e+00 7.373972e-02 -5.505823e+00 -9.734426e+00 1.945897e+01 1.179148e-01 -4.465514e-01 -8.924358e-01 -4.009578e-01 -1.778467e-01 8.675089e-01 5.511975e-01 4.516089e-01 2.598480e-01 -1.182318e-02 -4.561546e-02 -4.778117e-01 1.298607e-01 -1.020613e-01 -1.615893e-01 6.599101e-01 -1.751124e-01 3.239758e-03 -2.125989e-01 5.043178e-01 -3.981023e-01 -7.868374e-02 7.938518e-02 1.487907e-02 3.515747e-01 1.158042e-02 
7.691412e-01 -1.095205e+01 -1.116000e+01 -8.850024e-01 -5.578342e+00 -9.978106e+00 -1.840301e+01 1.527567e+01 -6.386965e+00 -5.187775e-01 -4.040779e+00 -1.061572e+01 1.959281e+01 -5.303204e-02 -6.353836e-01 -1.716024e-01 -7.584273e-01 -3.151037e-03 4.824071e-01 1.421546e+00 -4.072622e-01 1.229860e-01 2.893974e-01 -3.158404e-01 -1.258087e-01 1.221579e-01 -1.199982e-01 -5.749548e-02 5.926625e-01 -1.708314e-01 5.324418e-02 -1.106828e-01 4.258722e-01 -4.606271e-01 1.126454e-01 3.020205e-02 1.367647e-01 1.438072e-01 -3.414298e-03 
9.082960e-01 -1.229522e+01 -9.834505e+00 -2.949556e+00 -4.013699e+00 -1.011031e+01 -1.617846e+01 1.406981e+01 -5.791322e+00 -7.072963e-03 -5.575156e+00 -9.219537e+00 1.970031e+01 -7.211902e-02 -3.554506e-01 2.487379e-01 -4.891284e-01 3.294800e-02 8.193551e-01 1.747004e+00 -6.973264e-01 8.015361e-01 2.089900e-01 5.984070e-01 -3.518043e-01 1.117449e-01 -1.573615e-01 8.055456e-02 3.996548e-01 -5.053891e-02 -6.596198e-02 1.442620e-01 1.334949e-01 -2.529210e-01 1.521386e-01 -1.101511e-02 3.228522e-01 -9.662434e-02 -1.750286e-02 
7.686710e-01 -1.240663e+01 -9.612196e+00 -2.873692e+00 -5.308801e+00 -9.229778e+00 -1.339373e+01 1.218009e+01 -5.102420e+00 6.616765e-01 -4.883702e+00 -1.047386e+01 1.979824e+01 -2.543509e-01 -3.870187e-01 6.703619e-01 -6.897389e-01 -2.192718e-01 8.669912e-01 1.685069e+00 -9.910994e-01 8.544707e-01 -4.442076e-02 7.857575e-01 -6.111603e-01 9.156083e-02 -2.311572e-01 6.253061e-02 1.703196e-01 -6.629878e-02 -5.147258e-02 1.769472e-01 -2.968199e-01 -1.059013e-02 2.038815e-02 -6.409171e-02 2.126822e-01 -6.625254e-02 -3.553966e-02 
8.894913e-01 -1.190530e+01 -9.531636e+00 -2.173933e+00 -4.774599e+00 -7.501335e+00 -1.260634e+01 1.202150e+01 -2.415336e+00 5.285156e-01 -2.092281e+00 -1.156448e+01 1.991492e+01 -5.682411e-01 -1.679156e-01 6.848323e-01 -6.880689e-01 -3.996486e-01 1.396555e+00 1.086823e+00 -5.209650e-01 6.548004e-01 9.995348e-02 1.017954e+00 -7.183037e-01 5.761164e-02 -1.999383e-01 3.607907e-03 -1.178516e-01 -4.334112e-02 1.034771e-01 -1.268453e-01 -4.073732e-01 6.605190e-02 -2.269728e-01 9.782325e-02 -1.463286e-01 1.010789e-01 -7.202321e-02 
-4.931251e-01 -1.308190e+01 -7.959620e+00 -4.721599e+00 -6.294770e+00 -6.947505e+00 -1.176390e+01 1.134414e+01 -3.802467e+00 -1.008561e+00 -1.853676e+00 -1.249935e+01 1.994325e+01 -9.608476e-01 -4.164247e-01 4.618255e-01 -9.904318e-01 -4.433944e-02 1.078635e+00 2.674293e-01 -5.484879e-01 2.982461e-01 2.351450e-02 5.377912e-01 -2.739324e-01 -2.854514e-02 -3.745128e-02 1.250136e-01 -2.203638e-01 8.198512e-02 2.752016e-01 -3.334056e-01 -2.841442e-01 -6.496987e-03 -2.211942e-01 2.425085e-01 -2.986749e-01 2.606025e-01 -1.296072e-01 
-1.301728e+00 -1.279708e+01 -7.236342e+00 -5.465895e+00 -5.519228e+00 -4.269032e+00 -1.155937e+01 1.188319e+01 -3.167087e+00 1.327809e+00 -2.000774e+00 -1.179795e+01 1.991592e+01 -7.187077e-01 -3.227293e-01 -2.361355e-01 -5.553677e-01 4.629408e-01 7.931231e-02 4.190926e-01 -5.883083e-01 -5.538253e-02 6.642224e-01 -9.311683e-03 -1.494815e-02 -1.883774e-01 1.489930e-01 1.679595e-01 -7.038541e-02 1.024494e-01 1.573210e-01 -5.068690e-01 2.915987e-02 -1.159259e-01 -2.288857e-01 1.679059e-01 -3.376988e-01 1.879681e-01 -1.753249e-01 
-2.939618e+00 -1.404303e+01 -8.450461e+00 -6.179996e+00 -5.158031e+00 -5.452967e+00 -1.258043e+01 9.506745e+00 -3.235207e+00 3.796501e-01 -2.240628e+00 -1.172619e+01 1.965484e+01 -3.663650e-01 3.154085e-01 2.899868e-02 -3.461851e-01 7.254577e-01 -1.415226e-01 5.982062e-01 -9.899281e-01 1.036041e-01 8.859805e-01 -1.940338e-01 3.402144e-01 -4.335105e-01 2.765372e-01 1.888762e-01 1.595045e-01 2.265996e-01 -2.204089e-01 -5.434147e-01 3.571127e-01 1.854213e-01 -8.231027e-02 1.745740e-01 -2.465722e-01 -1.007790e-01 -1.580864e-01 
-1.480372e+00 -1.303881e+01 -1.046710e+01 -4.221501e+00 -3.028272e+00 -7.851770e+00 -1.010278e+01 9.998340e+00 -2.975703e+00 3.155418e+00 -1.945183e+00 -1.202580e+01 1.911731e+01 -1.204634e-01 3.060389e-01 5.493478e-01 -4.980345e-01 1.938335e-03 -5.277894e-01 1.067093e+00 -8.798365e-01 -3.923720e-01 5.083209e-01 -3.045879e-01 -8.547886e-02 -6.165223e-01 1.321733e-01 7.791241e-03 2.701511e-01 1.714165e-01 -5.912827e-01 -3.795767e-01 4.851249e-01 4.700619e-01 1.966532e-01 -1.507328e-01 -3.445152e-01 -1.313299e-01 -5.925073e-02 
-2.235382e+00 -1.138401e+01 -6.199190e+00 -7.074888e+00 -3.913367e+00 -5.863573e+00 -9.500499e+00 7.337162e+00 -3.379961e+00 2.507608e+00 -2.851192e+00 -1.068418e+01 1.817488e+01 1.229304e-01 2.134967e-01 8.665285e-01 1.139275e-01 -9.158056e-01 -1.334756e+00 1.729162e+00 5.244178e-01 5.533213e-02 9.743247e-01 -5.473797e-01 -7.425574e-01 -6.048968e-01 4.025452e-02 -2.388920e-01 -1.041710e-01 1.170802e-01 -4.476228e-01 -3.232140e-01 4.490711e-01 5.795744e-01 4.852210e-01 -4.262746e-01 -5.846226e-01 9.728243e-02 6.500044e-02 
-2.256067e+00 -1.259633e+01 -5.615461e+00 -7.508557e+00 -6.132069e+00 -6.702158e+00 -7.763819e+00 8.568986e+00 -5.056602e+00 2.805339e+00 -3.218468e+00 -1.274671e+01 1.757333e+01 -3.022773e-01 -2.329258e-01 6.959184e-01 7.173477e-02 -1.672820e+00 -1.221879e+00 2.279198e+00 1.004800e+00 9.520203e-01 -1.337098e-01 -1.555097e+00 -1.302691e-01 -3.989194e-01 -2.354864e-02 -2.399156e-01 -2.751325e-01 1.242310e-01 -1.153722e-01 6.262611e-02 2.253985e-03 3.521543e-01 3.095537e-01 -6.564821e-01 -9.303293e-02 4.156133e-01 1.699419e-01 
-1.937327e+00 -1.319698e+01 -6.543440e+00 -3.967112e+00 -8.184816e+00 -1.270192e+01 -5.104292e+00 1.284366e+01 -1.918224e+00 5.426353e+00 -4.341221e+00 -1.507843e+01 1.740240e+01 -7.420883e-02 -6.095814e-01 -5.651025e-01 -4.571474e-02 -6.754216e-01 -1.410482e+00 2.237508e+00 9.656628e-01 1.857485e+00 -9.244611e-01 -2.491767e+00 8.489833e-01 -2.172627e-01 -6.891840e-02 -1.622569e-01 -1.507128e-01 -3.776794e-03 4.382836e-02 6.611004e-01 -3.740697e-01 -1.399001e-01 -3.105821e-01 -7.363655e-01 5.097491e-01 4.210931e-01 1.859506e-01 
-3.140358e+00 -1.329683e+01 -6.815494e+00 -5.417206e+00 -9.256475e+00 -1.054211e+01 -9.050674e-01 1.226932e+01 1.053504e+00 1.027460e+00 -8.975893e+00 -1.048014e+01 1.750871e+01 -1.396897e-01 -4.820115e-01 -1.104535e-01 2.028774e-01 -6.950689e-01 -1.766024e-01 8.243287e-01 6.603732e-01 2.543625e-01 -1.824627e+00 2.024330e-01 1.196805e+00 3.935325e-02 -1.716986e-01 5.496501e-02 3.179409e-01 1.403202e-01 -2.875576e-02 8.704402e-01 -4.766110e-01 -3.524094e-01 -8.932970e-01 -2.196518e-01 1.073933e+00 -1.819904e-03 1.806215e-01 
-2.164394e+00 -1.408140e+01 -8.424489e+00 -8.349476e+00 -5.728028e+00 -1.099678e+01 -1.742646e+00 1.031512e+01 2.852191e+00 -1.225807e+00 -1.243128e+01 -7.572685e+00 1.712097e+01 -3.031132e-01 -4.732185e-01 5.160893e-01 2.943068e-02 -1.185424e+00 1.448204e+00 5.863683e-01 -2.909574e-03 -1.148724e+00 -1.861854e+00 1.122594e+00 6.993727e-01 1.056826e-01 -4.048781e-01 2.092589e-01 6.921706e-01 1.246073e-01 -3.971613e-01 7.421185e-01 -1.759826e-01 -3.090973e-01 -9.589331e-01 2.047820e-01 9.077837e-01 -3.350502e-01 1.915601e-01 
-2.840893e+00 -1.456433e+01 -5.227630e+00 -4.303027e+00 -1.083576e+01 -8.437805e+00 -5.323401e+00 1.313489e+01 -6.170036e+00 -2.991907e+00 1.839071e+00 -1.051552e+01 1.791061e+01 -1.046112e+00 -2.621937e-02 1.745135e+00 7.357976e-01 -1.561564e+00 1.700882e+00 7.215614e-01 -2.730636e-01 -2.011403e+00 -7.631739e-01 2.007437e+00 -6.466347e-02 3.427563e-01 -4.382692e-01 1.762372e-01 4.979612e-01 -2.299192e-01 -1.830656e-01 8.388438e-02 2.353785e-01 -3.273076e-01 -2.219913e-01 4.523087e-01 -3.364207e-01 -2.343361e-01 1.574283e-01 
-3.602954e+00 -1.492903e+01 -4.757037e+00 -4.376626e+00 -1.332238e+01 -6.512745e+00 3.612883e-02 1.239628e+01 -4.049807e+00 -1.873617e+00 -4.135721e+00 -1.156382e+01 1.772990e+01 -1.645192e+00 2.088840e-01 1.967909e+00 3.107529e-01 -2.227917e+00 1.361216e+00 1.408850e+00 -1.131964e-01 -1.804418e+00 -4.313399e-01 1.144606e+00 -1.955030e-01 5.888166e-01 -2.521973e-01 1.827347e-01 1.455003e-01 -3.808846e-01 9.118173e-02 -5.018246e-01 4.643943e-02 -2.298657e-01 1.946208e-01 4.208029e-01 -6.170430e-01 6.560995e-03 1.203191e-01 
-7.652079e+00 -1.300412e+01 7.611055e-02 -3.724801e+00 -1.326706e+01 -4.279202e+00 1.813824e+00 9.863273e+00 -5.552497e+00 -2.464498e+00 -3.086674e+00 -8.807493e+00 1.891805e+01 -1.660100e+00 5.796235e-02 1.653412e+00 -1.087397e+00 -1.089318e+00 2.862965e-01 1.589851e+00 -9.210232e-01 -5.277712e-01 -2.784620e-01 -1.490621e+00 4.725408e-01 5.848939e-01 2.185062e-01 1.106390e-01 -2.748090e-01 -3.971620e-01 1.827346e-01 -6.215504e-01 -2.693161e-01 -1.252399e-01 3.986228e-01 3.843295e-01 -5.460247e-01 9.155191e-02 -1.564539e-04 
-7.984922e+00 -1.381707e+01 -1.236618e+00 -7.084701e+00 -1.565172e+01 -6.269941e+00 1.733412e+00 1.138510e+01 -6.478602e+00 -3.645934e+00 -4.245342e+00 -9.404063e+00 1.956149e+01 -1.257183e+00 3.984370e-01 1.289436e+00 -9.633795e-01 -9.657525e-01 -3.535551e-01 3.844365e-01 -8.283042e-01 -9.173295e-01 -1.069424e-04 -2.135820e-01 4.635270e-01 5.861778e-01 5.208884e-01 1.523833e-01 -2.862249e-01 -1.346794e-02 1.446600e-01 -3.793193e-01 -5.416635e-01 -1.303355e-01 3.184806e-01 5.730065e-01 -2.895885e-02 2.493450e-02 -9.886267e-02 
-8.950544e+00 -1.483023e+01 1.278785e+00 -8.386086e+00 -1.511752e+01 -7.128018e+00 1.777666e+00 9.035838e+00 -7.594470e+00 -3.497723e+00 -5.559228e+00 -9.232764e+00 1.991951e+01 -1.476310e-01 4.321674e-01 7.102721e-01 -6.130348e-01 -1.278926e+00 -5.495363e-01 -1.129299e-01 -5.416560e-01 -4.617629e-01 9.430499e-01 -4.356208e-02 6.366710e-02 3.432556e-01 5.884156e-01 2.523383e-01 -2.310865e-01 3.668389e-01 -1.812373e-01 -7.146053e-02 -5.273734e-01 -3.723733e-02 2.322410e-01 5.968149e-01 4.505743e-01 -1.314015e-01 -1.304702e-01 
-9.240137e+00 -1.202407e+01 1.088171e+00 -6.862771e+00 -1.722558e+01 -6.855976e+00 1.976806e+00 8.668765e+00 -7.615961e+00 -1.357659e+00 -3.967386e+00 -9.033688e+00 2.016005e+01 2.029006e-01 7.835972e-01 1.008315e+00 6.274757e-03 -1.409593e+00 -1.174456e-01 -4.479961e-01 -9.544997e-01 -2.449048e-01 1.822996e+00 2.764368e-01 1.336403e-01 2.153755e-01 4.410725e-01 1.222989e-01 -1.547806e-02 2.269759e-01 -7.478360e-02 -2.153192e-02 -3.433372e-01 -1.022264e-01 2.417258e-01 3.772586e-01 9.820946e-02 -8.505584e-02 -1.402006e-01 
-7.762557e+00 -1.173924e+01 2.464731e+00 -6.900514e+00 -1.887483e+01 -6.733515e+00 1.127895e+00 8.513013e+00 -7.292797e+00 1.106310e+00 -3.443331e+00 -8.674555e+00 2.033517e+01 5.518997e-01 1.127099e+00 6.383871e-01 2.619919e-01 -1.773661e+00 -1.890292e-01 -6.307126e-01 -1.043998e+00 2.971490e-01 1.794083e+00 5.174217e-01 -1.950151e-02 1.179499e-01 7.513524e-02 5.042565e-02 2.128404e-01 -2.694773e-03 2.877256e-01 -1.446034e-01 -2.516778e-01 -1.386053e-01 -6.282268e-02 -3.638984e-02 -6.687503e-02 7.285605e-02 -1.153461e-01 
-7.564167e+00 -1.144444e+01 3.211780e+00 -7.796160e+00 -2.082128e+01 -7.053864e+00 -1.813609e-01 6.873961e+00 -7.853974e+00 3.166870e+00 -3.921165e+00 -9.014838e+00 2.043051e+01 5.982936e-01 6.625139e-01 1.248009e+00 -2.660300e-01 -1.092277e+00 -6.415724e-01 -1.073178e+00 -1.088210e+00 -8.811238e-02 1.460643e+00 -2.905133e-03 7.974327e-02 -2.156058e-03 -1.577339e-01 -6.083325e-02 2.814284e-01 -1.402526e-01 6.296663e-01 -2.568141e-01 -1.231274e-01 -6.730941e-02 -3.644221e-01 -3.188236e-01 -2.063980e-01 2.180533e-01 -1.065866e-01 
-7.028703e+00 -9.484327e+00 3.409437e+00 -6.609137e+00 -2.218797e+01 -7.973807e+00 -2.968517e-01 4.713302e+00 -5.989600e+00 3.210384e+00 -2.995480e+00 -9.339579e+00 2.037407e+01 3.028191e-02 7.448217e-01 1.654462e+00 -4.903530e-01 9.914752e-04 -1.010364e+00 -1.058595e+00 -1.167949e+00 -8.543383e-01 9.421995e-01 -2.382226e-01 4.548849e-01 -1.247583e-01 -3.151937e-01 -1.248294e-01 3.265837e-01 -9.730104e-02 7.538089e-01 -7.907851e-02 -8.807324e-03 -1.066955e-01 -5.694602e-01 -3.707814e-01 -2.317465e-01 3.717390e-01 -8.194777e-02 
-6.615469e+00 -9.839039e+00 6.855900e+00 -8.338531e+00 -2.103116e+01 -9.443769e+00 -2.676826e+00 5.127425e+00 -8.708310e+00 4.893382e+00 -4.205991e+00 -8.302525e+00 2.012994e+01 -3.248473e-01 6.707303e-01 1.907343e+00 -3.189101e-01 8.513901e-01 -9.908177e-01 -8.494577e-01 -1.229143e+00 -1.491290e+00 6.546794e-01 -3.777704e-01 9.867923e-01 -1.962941e-01 -2.527559e-01 -1.521710e-02 7.062666e-02 1.974791e-01 4.573476e-01 3.023864e-01 8.560244e-02 -1.781167e-01 -3.256461e-01 -3.928444e-01 6.443781e-03 3.249277e-01 -3.674787e-02 
-8.085057e+00 -8.817469e+00 8.914797e+00 -9.080939e+00 -1.876528e+01 -1.059041e+01 -2.916982e+00 3.546375e+00 -1.113711e+01 4.953910e+00 -4.492379e+00 -6.756534e+00 1.986167e+01 -5.625289e-01 4.989073e-01 1.941535e+00 -1.980095e-01 1.023482e+00 -4.098641e-01 -7.863219e-01 -1.507008e+00 -1.848485e+00 3.431598e-01 -4.539098e-01 1.385630e+00 -1.947963e-01 -2.119016e-02 5.327388e-02 -1.890278e-01 4.650205e-01 -3.712030e-02 5.514633e-01 -6.094495e-02 -1.805809e-01 -1.786970e-02 -3.211955e-01 1.589605e-01 1.525820e-01 6.510261e-03 
-8.660481e+00 -8.424395e+00 9.995971e+00 -8.154720e+00 -1.827555e+01 -1.069932e+01 -3.118282e+00 1.311489e+00 -1.273671e+01 5.568348e+00 -5.061719e+00 -5.372582e+00 1.970530e+01 -3.688727e-01 7.093616e-01 1.457596e+00 5.751535e-01 6.833224e-01 5.700421e-01 -7.813465e-01 -1.809272e+00 -1.219304e+00 -2.041017e-01 1.370533e-01 1.239086e+00 -1.509334e-01 1.334146e-01 2.141542e-01 -3.417794e-01 5.507354e-01 -3.123732e-01 4.625183e-01 -2.574177e-01 -1.663384e-01 1.776439e-01 -2.938964e-01 3.245136e-01 -5.819399e-02 2.845217e-02 
-8.818912e+00 -7.697104e+00 1.154686e+01 -7.691234e+00 -1.844801e+01 -9.395462e+00 -4.007669e+00 -9.136615e-01 -1.321760e+01 4.588453e+00 -4.837168e+00 -3.876196e+00 1.961235e+01 -5.358933e-02 9.918893e-01 9.343291e-01 1.387837e+00 -1.005592e-01 9.665352e-01 -1.397436e+00 -1.780773e+00 -1.079790e+00 -2.344316e-01 2.990240e-01 1.091706e+00 -1.148446e-01 1.319250e-01 3.399658e-01 -2.682922e-01 4.835089e-01 -2.789607e-01 1.208419e-01 -3.380158e-01 -8.877753e-02 2.171770e-01 -1.745859e-01 3.879487e-01 -2.028898e-01 2.484912e-02 
-8.093049e+00 -6.852626e+00 1.282833e+01 -6.157728e+00 -1.777334e+01 -7.191580e+00 -6.038473e+00 -1.689179e+00 -1.376459e+01 4.055809e+00 -3.348389e+00 -3.547156e+00 1.949986e+01 8.768215e-02 1.494962e+00 7.022200e-01 1.641884e+00 -1.483757e-01 6.336001e-01 -1.830980e+00 -1.923853e+00 -9.875433e-01 -5.259202e-01 8.682213e-01 8.427573e-01 -9.401858e-02 -1.305960e-02 3.038289e-01 -5.485606e-02 2.455585e-01 -1.437568e-01 -1.974660e-01 -2.660874e-01 6.095635e-02 1.279884e-01 -6.780618e-02 2.580964e-01 -2.490922e-01 4.136997e-03 
-8.636505e+00 -4.644477e+00 1.217021e+01 -3.139781e+00 -1.951913e+01 -7.511929e+00 -8.444351e+00 -3.857140e+00 -1.602187e+01 4.538068e+00 -3.854018e+00 -2.210494e+00 1.939016e+01 -1.313304e-01 1.806030e+00 9.776235e-01 1.686192e+00 4.454703e-02 1.625461e-01 -1.951590e+00 -1.893597e+00 -8.783829e-01 -3.687904e-01 1.120294e+00 5.693695e-01 -9.901111e-02 -6.364285e-02 3.556146e-02 1.478575e-01 -2.569948e-02 3.564665e-02 -2.086870e-01 6.808372e-02 2.594320e-01 2.291724e-01 -1.789269e-01 1.731472e-01 -3.404584e-01 -2.598188e-02 
-8.313065e+00 -2.475742e+00 1.319547e+01 -2.220734e+00 -1.848218e+01 -8.473399e+00 -1.005529e+01 -6.836311e+00 -1.627204e+01 2.964020e+00 -1.212193e+00 -1.991575e+00 1.934648e+01 -3.954830e-01 1.821310e+00 1.161654e+00 1.653796e+00 -1.080158e-01 -1.544215e-02 -1.834754e+00 -1.448155e+00 -6.799924e-01 -4.759372e-01 1.016804e+00 2.549085e-01 -1.381668e-01 2.709667e-02 -2.412062e-01 2.071088e-02 -5.919508e-02 -1.080589e-01 2.175671e-02 5.016870e-01 4.325553e-01 3.808090e-01 -2.976556e-01 -1.000076e-02 -3.332594e-01 -6.671572e-02 
-9.365188e+00 -8.556269e-01 1.625146e+01 -1.228466e+00 -1.787096e+01 -7.941603e+00 -1.175689e+01 -7.808141e+00 -1.635598e+01 3.290215e+00 -3.039967e-01 -1.807048e+00 1.919410e+01 -1.303552e-01 1.006448e+00 1.443825e+00 1.253355e+00 5.756636e-02 2.475921e-01 -1.054992e+00 -7.215309e-01 -8.765526e-02 -1.153967e+00 1.090479e+00 -3.166783e-01 -2.226118e-01 3.312789e-01 -4.178408e-01 -3.831910e-01 1.585263e-01 -3.407121e-01 1.944479e-01 9.087432e-01 5.500870e-01 5.601825e-01 -4.733096e-01 3.400756e-02 -3.396704e-01 -1.140731e-01 
-9.706023e+00 3.598531e-01 1.659615e+01 1.155395e+00 -1.913732e+01 -7.053864e+00 -1.355563e+01 -6.954342e+00 -1.699744e+01 2.300178e+00 -3.915824e-02 -2.474387e+00 1.890688e+01 2.225449e-01 6.887486e-01 5.725703e-01 1.562286e+00 -6.951873e-01 6.998764e-01 2.291703e-01 -3.472388e-01 5.211383e-01 -1.621483e+00 8.331496e-01 -3.805184e-01 -3.657548e-01 6.129934e-01 -3.059588e-01 -7.746139e-01 2.680927e-01 5.315277e-02 -1.203597e-01 9.288927e-01 8.733619e-01 6.279308e-01 -3.041000e-01 -8.817625e-02 -3.283168e-01 -1.716787e-01 
-8.591845e+00 -1.029567e+00 1.768921e+01 1.438847e+00 -1.890357e+01 -6.983946e+00 -1.196844e+01 -7.405781e+00 -1.609769e+01 -8.999386e-01 1.012075e+00 -3.552116e+00 1.849680e+01 1.216043e+00 2.831196e-01 -6.437559e-01 2.524704e+00 -1.365327e+00 7.770262e-01 1.560342e+00 3.062840e-01 1.321923e+00 -2.162508e+00 1.382142e+00 -8.112296e-01 -5.556848e-01 4.602506e-01 2.707183e-01 -1.127352e+00 8.313614e-03 8.140061e-01 -4.548300e-01 3.319408e-01 6.532510e-01 4.852210e-01 2.026697e-02 -4.923883e-01 -1.205493e-01 -2.010209e-01 
-7.587203e+00 1.055089e+00 1.533977e+01 4.256754e+00 -2.144171e+01 -5.452543e+00 -8.803777e+00 -8.773482e+00 -1.379540e+01 -3.048182e+00 2.295667e+00 -3.021684e+00 1.786633e+01 1.996380e+00 6.531444e-01 -1.667650e+00 2.358605e+00 8.693804e-01 -8.818242e-01 1.502010e+00 2.404760e+00 1.754907e+00 -1.492132e+00 4.301940e-01 -1.139444e+00 -8.300599e-01 -1.255220e-01 5.583003e-01 -8.970461e-01 -6.424984e-01 1.565764e+00 -5.355908e-01 -3.939800e-01 1.118701e-01 1.808719e-01 4.669876e-01 -7.050597e-01 2.933024e-01 -2.754335e-01 
-4.344330e+00 2.127133e-01 1.366078e+01 9.844258e+00 -2.354544e+01 -4.856762e+00 -6.330977e+00 -5.367208e+00 -1.134714e+01 -4.847982e+00 5.439062e+00 -5.589848e+00 1.693607e+01 1.284032e+00 2.377861e+00 -3.072791e+00 8.968872e-01 3.345301e+00 -1.235730e+00 -3.177978e-02 1.168766e+00 1.721537e+00 -1.117212e+00 -1.169801e+00 -5.399791e-01 -9.955978e-01 -9.328058e-01 4.541174e-01 -4.961485e-01 -1.236010e+00 1.647672e+00 -3.059113e-02 -5.055498e-01 -6.246035e-01 -1.110435e-01 8.270224e-01 -4.590306e-01 9.861591e-01 -3.464157e-01 
-1.848005e+00 3.004166e+00 1.027199e+01 8.745931e+00 -1.246982e+01 -1.252649e+01 -8.864759e+00 4.050137e+00 -1.059823e+01 -3.186578e+00 -1.019324e-01 -7.152704e+00 1.553710e+01 -4.389512e-01 2.433069e+00 -2.698079e+00 -8.363559e-01 4.778373e+00 -9.715303e-01 -9.446762e-01 -2.190913e-01 1.225653e+00 1.908488e-01 -1.416206e+00 9.503654e-01 -1.523023e+00 -1.350195e+00 -3.042677e-01 -7.181818e-02 -1.075354e+00 4.443208e-01 8.734257e-01 8.631993e-02 -1.120166e+00 -1.938160e-01 8.860063e-01 4.191337e-01 1.243460e+00 -3.309463e-01 
-5.041985e+00 9.885581e+00 4.859074e+00 3.678528e+00 -6.663560e+00 -9.625553e+00 -1.209688e+01 -7.974034e+00 -9.088646e+00 -6.417122e+00 -3.638212e+00 -4.186386e+00 1.468363e+01 -2.230062e+00 1.663757e+00 -2.609273e+00 -2.057831e+00 4.918509e+00 6.689388e-01 2.557628e-01 -1.504763e+00 1.031376e+00 1.131171e+00 1.015437e-02 3.074743e+00 -1.941254e+00 -1.013925e+00 -1.146008e+00 4.198985e-01 -3.784853e-01 -4.392582e-01 1.227456e+00 7.175320e-01 -2.441493e-02 -7.971989e-02 8.766083e-01 9.094027e-01 6.022853e-01 -2.032863e-01 
-9.433825e+00 8.383703e+00 6.250161e+00 3.158050e+00 -5.991061e+00 -7.926348e+00 -1.064461e+01 -8.565812e+00 -8.796704e+00 -1.309237e+00 -2.468440e-01 1.028315e+00 1.137748e+01 -2.997581e+00 -5.112733e-01 -2.258483e+00 -1.540942e+00 2.304228e+00 2.532961e+00 1.789724e+00 -1.859242e+00 1.130846e+00 1.813642e+00 1.935979e+00 3.270538e+00 -2.012005e+00 -2.680240e-01 -1.170930e+00 3.740037e-01 2.506863e-01 -8.809335e-01 1.022800e+00 7.547817e-01 9.111190e-01 9.311792e-02 2.259052e-01 4.702566e-01 -3.961519e-01 1.241163e-01 
-1.170167e+01 5.841863e+00 2.625410e+00 2.348835e+00 -2.191988e+00 -3.812238e+00 -4.162556e+00 -6.583213e+00 -7.090870e+00 -1.304186e-01 5.562424e+00 5.693074e+00 9.309732e+00 -2.506196e+00 -1.880091e+00 -1.193162e+00 -6.433157e-01 2.385895e+00 3.149253e+00 2.188612e+00 1.866697e+00 1.370377e+00 2.454350e+00 1.701155e+00 1.311475e+00 -1.767443e+00 4.115294e-01 -5.550008e-01 4.763310e-01 4.507661e-01 -9.103237e-01 3.560211e-01 2.760961e-01 1.055298e+00 4.433916e-02 -3.524776e-01 -3.242364e-01 -1.103693e+00 4.024570e-01 
-1.350599e+01 2.469733e+00 9.636056e-02 1.706446e+00 -3.183923e+00 -2.768138e+00 -3.883543e+00 -5.941545e+00 -5.942564e+00 2.738595e+00 4.977468e+00 4.260180e+00 8.163867e+00 -1.641013e+00 -1.649745e+00 -1.536016e+00 -2.900765e-01 1.640006e+00 2.902400e+00 1.862810e+00 2.650612e+00 1.521776e+00 6.588367e-01 8.957916e-02 -1.487613e-01 -9.892502e-01 7.506543e-01 2.935931e-01 4.596924e-01 1.951739e-01 -5.171445e-01 -5.182444e-01 -1.352650e-01 5.413995e-01 -2.882898e-02 -7.100957e-01 -7.813181e-01 -8.900877e-01 5.303975e-01 
-1.553689e+01 3.441907e+00 1.970366e+00 1.187477e+00 3.862668e+00 3.541803e+00 -4.533854e+00 4.762318e-02 -3.663794e+00 3.830712e+00 2.255067e+00 7.548321e-01 7.453011e+00 -8.507840e-01 -5.418324e-01 -5.886752e-01 -4.293461e-01 6.990640e-01 2.264231e+00 1.599459e+00 1.516707e+00 1.057707e+00 -5.377485e-02 -6.877488e-01 -7.341012e-01 -4.402861e-01 6.948576e-01 6.169115e-01 3.777474e-01 5.385258e-02 -6.777620e-01 -1.097880e+00 -2.651905e-01 -4.590400e-01 -3.548425e-02 -5.462117e-01 -4.446735e-01 -3.084748e-01 4.914113e-01 
-1.572071e+01 1.335180e+00 -1.102352e+00 2.288069e+00 -8.182468e-01 2.909156e+00 -1.144144e+00 1.372330e+00 -2.901501e+00 4.051050e-03 1.854686e+00 2.753542e+00 7.359467e+00 -7.197970e-02 2.874440e-01 -2.622755e-01 -6.720379e-01 5.618876e-01 3.842871e-01 1.407821e+00 1.022758e+00 1.143097e+00 -4.826457e-01 -7.761263e-01 -1.571247e-01 -2.355261e-02 4.574577e-01 5.440146e-01 5.537467e-01 2.633412e-01 -3.275939e-01 -1.174677e+00 -5.862674e-01 -6.015900e-01 1.831833e-01 1.951602e-01 -1.470528e-01 -1.067602e-01 3.125103e-01 
-1.484817e+01 3.699927e+00 2.812519e-01 -8.899821e-02 1.199969e-01 4.670228e+00 2.465214e+00 -2.656548e+00 -3.322790e+00 9.679140e-01 3.685132e+00 2.776029e+00 7.510454e+00 1.835350e-01 2.358395e-01 5.875625e-02 -1.830917e-01 -4.637984e-01 -1.081042e+00 1.090254e+00 3.855344e-01 1.382171e+00 2.940272e-01 -8.931141e-02 -2.268190e-01 2.067456e-01 1.292562e-01 9.372761e-02 5.244905e-01 2.810299e-01 -2.380522e-01 -5.846958e-01 -8.001992e-01 -2.772710e-01 8.857480e-02 2.263975e-01 -1.234511e-01 -1.469456e-01 1.503301e-01 
-1.421022e+01 3.778227e+00 -3.702700e-01 -1.015971e+00 1.496992e+00 -1.411316e+00 -3.443433e-01 5.242095e-01 -3.972864e-01 1.756737e+00 3.818349e-01 2.463855e+00 8.017267e+00 1.290605e-01 6.816854e-01 9.090060e-01 9.034554e-01 5.834287e-01 -1.298381e+00 -8.139438e-01 2.081970e-01 2.275385e+00 1.460737e+00 -9.449964e-01 -9.362148e-01 2.497527e-01 -2.627485e-01 -2.355987e-01 5.834650e-01 9.873293e-02 -3.263598e-01 4.509884e-01 -7.414845e-01 -2.334994e-01 -3.346128e-01 -9.090747e-03 -5.818413e-02 -2.144583e-01 -1.819326e-02 
-1.537423e+01 3.399342e+00 1.898171e+00 1.924224e+00 3.862846e-01 2.967874e-01 5.175205e-01 2.399323e+00 1.995422e+00 4.424865e+00 2.545202e+00 -2.339406e-01 8.157683e+00 -3.052030e-01 -2.704040e-01 1.448143e+00 1.879597e-01 -5.020279e-01 1.822219e-01 -1.290722e+00 5.375936e-01 9.344669e-01 1.064730e-01 -1.220642e+00 -1.079228e+00 1.747221e-01 -3.663355e-01 -6.732912e-01 2.070169e-01 -5.337318e-01 -2.473347e-02 6.603798e-01 -6.519011e-02 -1.738565e-01 -7.387512e-01 -5.353367e-01 -4.348629e-02 1.874666e-01 1.613334e-01 
-1.481244e+01 4.893862e+00 2.634655e+00 5.799319e+00 1.966114e+00 -1.396062e+00 -4.240809e+00 -1.150246e-01 5.816215e+00 5.579144e+00 -2.300279e+00 -4.227664e-01 8.284536e+00 -1.141408e+00 -6.374017e-01 1.960207e+00 -3.638860e-01 -1.050733e+00 2.007669e+00 -1.109207e+00 -2.207505e-01 -3.060676e-01 -4.342690e-01 -5.013018e-01 -8.032380e-01 -9.858318e-02 -4.254217e-01 -7.280306e-01 -5.943162e-01 -8.390028e-01 -5.421505e-02 7.250889e-02 7.349312e-01 -2.527956e-01 -1.000339e+00 -6.720560e-01 2.090184e-01 4.146463e-01 5.070101e-01 
-1.607283e+01 1.790262e+00 6.019927e+00 -2.556649e+00 -2.624773e+00 5.573646e+00 -2.040008e+00 3.510160e-01 -1.757656e+00 -4.108092e-01 -1.076650e+00 -1.176747e+00 8.250430e+00 -1.012954e+00 -2.471093e+00 5.682526e-01 -2.217918e+00 2.296581e-01 5.678415e-01 9.118267e-01 -2.692572e-01 -1.020730e+00 -1.435157e+00 -5.286528e-01 6.439889e-01 1.187563e+00 -3.772590e-01 1.494016e-01 -1.092966e+00 -2.316128e-01 2.752016e-01 -8.963122e-01 9.391170e-01 -3.379163e-01 -6.518740e-01 -4.542987e-02 3.318413e-01 3.817674e-01 7.351455e-01 
-1.956816e+01 1.395612e+00 7.369634e+00 -5.947571e-01 -2.251645e+00 5.988913e+00 -4.611567e+00 4.443052e-01 -5.101067e-02 2.003429e+00 -3.136782e-01 -1.081177e+00 7.478142e+00 -1.644356e+00 -1.858037e+00 -1.622488e+00 -2.088557e+00 -5.357133e-02 -1.128548e+00 1.759357e+00 -6.525285e-01 -1.748741e+00 -1.128739e+00 -2.458612e-01 2.754451e-01 2.278288e+00 -3.605013e-01 8.662649e-01 -9.764492e-01 5.883928e-02 -5.490447e-03 -1.092269e+00 7.036008e-01 -2.355877e-01 -2.249403e-01 4.157906e-01 3.941261e-01 2.334541e-01 5.964606e-01 
-1.806096e+01 -7.207338e+00 2.371845e+00 -5.968635e+00 3.643563e+00 -5.566289e-01 5.262359e+00 7.736568e-01 -1.746806e-01 -9.627566e-01 -1.091329e+00 3.315059e+00 1.449874e+01 -1.939996e+00 1.086882e+00 -2.225342e+00 -1.078350e-01 3.754746e-01 -2.731349e+00 1.970553e+00 -9.360535e-01 -1.603651e+00 2.265644e-01 3.108515e-01 2.903132e-01 2.662000e+00 -4.149326e-01 1.283886e+00 1.286769e-01 3.506556e-01 -5.468546e-01 -6.935015e-02 4.028097e-02 -6.150383e-02 2.510113e-01 7.415001e-01 3.648156e-01 -1.721957e-01 -1.490464e-01 
-2.204003e+01 1.023585e-01 -3.653852e+00 -2.937855e+00 -1.435969e+00 -3.973684e+00 9.050084e-01 -3.589034e+00 -3.718533e+00 2.118084e-01 -3.522346e+00 -1.291167e+00 1.655192e+01 -2.480422e+00 1.914861e+00 -1.525280e+00 -1.124580e+00 -1.151100e+00 -1.803997e+00 1.879452e+00 -1.065177e+00 -1.139216e+00 8.137934e-01 1.049576e+00 5.408412e-01 2.146557e+00 2.352017e-01 4.149988e-01 1.478760e+00 2.539324e-01 -4.979472e-01 5.847147e-01 -1.317971e-01 1.411068e-01 3.264111e-01 8.744065e-02 1.228763e-01 -2.083697e-01 -6.500641e-01 
-2.453636e+01 7.871867e+00 4.049530e-01 -1.924450e+00 -1.155038e+00 -3.101623e+00 5.055122e+00 -2.313000e+00 -7.942368e+00 1.617687e+00 2.081735e+00 3.801567e-01 1.702343e+01 -2.669480e+00 2.061891e+00 1.163054e+00 -9.466805e-01 -1.955813e+00 5.587803e-01 1.053025e+00 -3.703698e-01 -7.046752e-02 1.301151e+00 6.477703e-01 -3.497599e-01 5.081517e-01 1.308498e+00 -6.678173e-01 1.836444e+00 2.849346e-01 -4.396239e-01 2.552373e-01 -6.668057e-01 -5.189747e-02 1.226880e-01 -6.295857e-01 -4.864239e-01 -4.706488e-01 -6.787590e-01 
-2.873216e+01 3.430346e+00 7.267520e-01 -8.239643e+00 -5.607629e+00 -1.759208e+00 4.889981e+00 -3.338370e+00 -1.863485e+00 4.782142e+00 3.347838e+00 3.090518e+00 1.694864e+01 -1.034662e-01 -2.705481e-01 4.077079e+00 -3.993992e-01 -1.377637e+00 1.499898e-01 1.558969e+00 -2.299248e-01 -8.833197e-01 -1.228894e+00 2.000511e-01 -4.464028e-01 1.048980e-01 2.330962e+00 -8.275406e-01 1.272765e+00 7.834640e-01 -2.279964e-01 -7.742187e-01 -1.394281e+00 -1.283724e-01 -5.149029e-01 -7.318007e-01 -8.498654e-01 -6.064624e-01 -3.356497e-01 
-2.806224e+01 1.437652e+00 5.996595e+00 -8.050927e+00 -4.049493e+00 1.129864e+00 8.535498e+00 -1.203264e+00 -1.454766e+00 3.257825e+00 -1.287459e+00 -6.248200e-01 1.684113e+01 3.414110e+00 -1.159357e+00 4.155732e+00 9.542204e-01 -1.709393e+00 -2.432069e+00 -1.203224e+00 -1.613195e+00 -1.118188e+00 -1.900121e+00 -1.696452e+00 -1.569319e+00 2.890510e-01 2.374097e+00 -5.697314e-01 -5.638126e-02 4.478493e-01 -2.801034e-01 -1.395598e+00 -2.006779e+00 1.195134e-01 -8.225997e-01 -5.263504e-02 -6.214311e-01 -1.760638e-01 9.000601e-02 
-2.079375e+01 1.966305e+00 1.393548e+01 -1.871610e+00 -6.876156e+00 -5.339404e+00 6.959642e+00 -5.293388e+00 -1.137877e+01 -6.752805e+00 -8.374212e-01 -3.020692e+00 1.716724e+01 6.132680e+00 -6.123201e-01 3.342125e+00 1.842272e+00 -2.414212e+00 -4.179720e+00 -3.963702e+00 -1.085673e+00 -3.189951e+00 -1.244579e+00 -2.027703e+00 -1.881642e+00 5.778331e-01 1.032928e+00 -1.516650e-01 -1.152171e+00 -2.544763e-01 -3.775069e-01 -6.553165e-01 -1.808572e+00 6.934724e-01 -3.114190e-01 1.182358e+00 -2.013710e-01 2.261119e-01 1.491434e-01 
-1.143512e+01 2.807104e+00 1.457908e+01 -3.369711e-01 -9.067741e+00 -1.347186e+01 -1.996294e+00 -9.401360e+00 -8.775620e+00 -2.115401e+00 -4.307804e+00 -4.410927e+00 1.835958e+01 6.082943e+00 -6.160679e-01 1.248476e+00 1.717060e-01 -2.837931e+00 -4.254410e+00 -6.219437e+00 6.552004e-01 -3.030142e+00 1.045945e+00 -1.345570e+00 -5.124730e-01 7.216892e-01 -6.798896e-01 -1.500629e-01 -1.192427e+00 -8.056483e-01 -6.541348e-02 5.223812e-01 -2.132921e-01 1.013113e+00 3.716581e-02 1.280814e+00 4.062677e-01 6.901057e-01 2.286421e-02 
-6.382291e+00 -3.159391e-01 1.314617e+01 -2.885015e+00 -1.517012e+01 -1.535666e+01 -9.663482e+00 -4.667945e+00 -1.415303e+01 1.246014e+00 -5.280648e+00 -4.424154e+00 1.907881e+01 3.726607e+00 -1.300477e+00 -2.303007e-01 -1.280438e+00 -2.700755e+00 -2.215377e+00 -4.975592e+00 2.103179e+00 -1.484434e+00 3.209952e+00 -9.822858e-01 1.557566e-01 6.342487e-01 -1.693292e+00 -1.939434e-01 -7.593156e-01 -6.469676e-01 4.835382e-01 1.028976e+00 1.294394e+00 3.539920e-01 6.601710e-01 5.537629e-01 6.023668e-01 6.676133e-01 -1.130591e-01 
-4.853467e+00 -5.014403e-01 1.263375e+01 -6.685755e+00 -1.409250e+01 -1.513335e+01 -1.425019e+01 1.760089e+00 -1.521862e+01 4.488010e+00 -5.793772e+00 -2.484969e+00 1.949368e+01 1.217715e+00 -1.565563e+00 -2.024719e-02 -1.512665e+00 -1.893083e+00 -8.022149e-01 -1.763727e+00 1.857913e+00 -1.785036e+00 2.276716e+00 -1.877094e-01 8.625505e-01 3.752078e-01 -1.614842e+00 -5.682793e-02 -2.139857e-01 1.373093e-01 6.601077e-01 9.160451e-01 1.911555e+00 -5.241126e-01 5.821808e-01 -3.798662e-01 4.737926e-01 2.132898e-01 -1.788201e-01 
-5.451458e+00 -2.881953e+00 1.375675e+01 -5.099409e+00 -1.786771e+01 -1.558548e+01 -1.179143e+01 -3.579822e-01 -1.557990e+01 5.994987e+00 -5.006128e+00 -3.205219e+00 1.977172e+01 9.882783e-02 -1.107320e+00 1.798871e-01 -5.504693e-01 -4.688877e-01 -7.607922e-01 2.802966e-01 8.287994e-02 -5.115891e-01 9.089406e-01 4.051428e-01 7.688812e-01 1.857770e-01 -8.683199e-01 2.247461e-01 -7.528507e-03 5.243905e-01 7.443931e-01 5.175942e-01 1.239745e+00 -7.040021e-01 3.161293e-01 -9.118853e-01 3.122015e-01 -3.423321e-02 -1.652278e-01 
-5.811568e+00 -3.737466e+00 1.417275e+01 -6.793324e+00 -1.718436e+01 -1.736859e+01 -9.750369e+00 -2.266761e+00 -1.698730e+01 6.893414e+00 -5.383398e+00 -7.078240e-01 1.988900e+01 -1.773064e-01 -9.967596e-01 -2.654879e-02 4.933284e-01 -6.534071e-01 -4.015796e-01 7.104096e-01 -9.552805e-01 -6.057560e-01 2.970508e-01 3.296605e-01 2.474744e-01 5.183457e-02 -2.232749e-01 3.540734e-01 -1.266793e-01 5.692238e-01 5.262750e-01 4.413630e-01 2.674264e-01 -2.565129e-01 2.913813e-01 -7.356495e-01 2.018612e-01 -3.158171e-01 -1.073633e-01 
-5.409147e+00 -4.234588e+00 1.327603e+01 -5.583654e+00 -1.596844e+01 -1.804319e+01 -1.051185e+01 -2.239991e+00 -1.582643e+01 4.587799e+00 -3.459884e+00 -1.468418e+00 1.981001e+01 8.252728e-02 -4.611102e-01 -2.648428e-01 3.385845e-01 4.011582e-01 1.721251e-01 -1.393704e-02 -1.013190e-02 -4.935786e-01 -3.596253e-01 3.198864e-01 2.921717e-01 -3.018554e-02 -5.844688e-04 3.825557e-01 -1.423011e-01 2.874750e-01 2.964558e-01 4.311199e-01 -1.016027e-01 2.082260e-01 1.566020e-01 -5.797313e-01 2.858732e-01 -3.827927e-01 -5.508673e-02 
-5.761265e+00 -4.808959e+00 1.274117e+01 -3.976926e+00 -1.830917e+01 -1.591219e+01 -1.133864e+01 -2.075721e+00 -1.812385e+01 6.676496e+00 -4.918369e+00 -2.116246e+00 1.973362e+01 1.096949e-01 -1.183292e-01 -4.313685e-01 8.889830e-01 3.032765e-01 9.380570e-01 -2.793478e-01 6.220167e-01 -3.372432e-01 -7.673313e-01 8.643609e-01 -4.781834e-01 -5.365042e-02 2.740700e-02 3.536729e-01 -4.917121e-02 8.574867e-02 2.685740e-01 1.847711e-01 1.779961e-02 1.824141e-01 3.507208e-01 -5.617408e-01 4.836764e-01 -3.669263e-01 -1.871107e-02 
-5.064080e+00 -4.651309e+00 1.314837e+01 -4.814447e+00 -1.529920e+01 -1.545285e+01 -1.106718e+01 -5.044057e-01 -1.747914e+01 4.305445e+00 -3.639149e+00 -1.039840e+00 1.969852e+01 -4.745920e-02 3.662923e-01 -3.290258e-01 6.890405e-01 5.351388e-01 7.249889e-01 2.670861e-01 3.354661e-01 1.371568e-01 -1.457455e+00 1.567274e+00 -7.821438e-01 -3.688979e-02 -4.688521e-02 1.442392e-01 7.205943e-02 1.322756e-01 -1.140010e-01 -1.839208e-02 1.519703e-01 -1.454550e-01 3.449422e-01 -3.368589e-01 4.218602e-01 -3.337250e-01 -3.349573e-03 
-5.435944e+00 -4.121080e+00 1.207996e+01 -2.732910e+00 -1.600261e+01 -1.397357e+01 -1.086966e+01 -2.457457e-02 -1.784691e+01 3.197952e+00 -9.723389e-01 -3.312695e+00 1.967658e+01 2.470907e-02 3.579318e-01 -2.402198e-01 7.469303e-01 6.224867e-01 2.459093e-01 6.589402e-01 -2.161634e-01 8.325289e-01 -1.962860e+00 2.124398e+00 -1.049956e+00 -3.838755e-02 -3.974770e-02 -8.695684e-02 2.151513e-01 3.399985e-02 -2.899763e-01 -9.349089e-02 -6.267889e-02 -1.323821e-01 1.055119e-01 -3.607658e-02 3.030115e-02 2.826537e-02 -6.456392e-03 
-5.809217e+00 -2.747425e+00 1.196154e+01 -2.760840e+00 -1.444610e+01 -1.538760e+01 -9.410373e+00 -1.588589e+00 -1.527904e+01 -9.601392e-01 2.403414e+00 -4.780642e+00 1.965424e+01 -1.094570e-01 2.192565e-02 -5.871856e-05 1.071002e+00 -3.282790e-01 4.260981e-01 2.768653e-01 -3.184471e-01 6.462065e-01 -1.446117e+00 1.799142e+00 -1.090472e+00 -5.457760e-02 -8.094374e-03 -2.538897e-01 2.420504e-01 8.584276e-02 -4.442404e-01 1.354087e-01 -4.339801e-01 1.284097e-01 -2.627598e-01 3.259721e-01 -3.518854e-01 3.218476e-01 -1.189332e-02 
-5.265291e+00 -3.971313e+00 1.213411e+01 -1.269606e+00 -1.562352e+01 -1.471512e+01 -8.872315e+00 -2.614365e+00 -1.506129e+01 -5.050361e-01 2.682306e+00 -5.495601e+00 1.956368e+01 -5.804760e-02 -3.809646e-01 4.799134e-01 8.678309e-01 -7.147163e-01 6.198788e-01 -5.976006e-01 2.869594e-01 -6.415925e-02 -9.534683e-01 8.999255e-01 -1.825863e-01 -7.711530e-02 4.008366e-03 -2.088521e-01 2.051682e-01 2.195648e-02 -3.338559e-01 2.016027e-01 -5.727547e-01 3.332340e-01 -4.965711e-01 4.128817e-01 -4.550259e-01 4.025047e-01 -6.736869e-03 
-5.696389e+00 -4.616626e+00 1.312152e+01 -1.912823e-01 -1.713067e+01 -1.295150e+01 -1.068131e+01 -8.017144e-01 -1.564112e+01 -1.073342e+00 3.529289e+00 -5.400692e+00 1.948211e+01 -4.662328e-02 -5.337601e-01 5.211073e-01 1.057865e+00 -1.017356e+00 1.215071e+00 -1.274595e+00 7.258621e-01 -7.283558e-01 -3.323189e-01 4.200914e-01 3.933679e-01 -7.704398e-02 6.607370e-02 -4.494547e-02 4.076963e-02 -6.051232e-02 8.226869e-02 -1.206092e-02 -2.903625e-01 2.084766e-01 -3.773739e-01 2.449251e-01 -2.896006e-01 2.929084e-01 4.136997e-03 
-5.782420e+00 -5.091152e+00 1.389982e+01 3.216478e-01 -1.823433e+01 -1.209216e+01 -1.322211e+01 1.016614e+00 -1.798680e+01 -1.512741e+00 2.964322e+00 -3.915879e+00 1.937680e+01 1.314543e-02 -4.084966e-01 5.251916e-01 8.633779e-01 -7.021704e-01 8.596128e-01 -1.429347e+00 9.278920e-01 -9.630416e-01 -4.552448e-01 5.387768e-01 2.205259e-01 -6.092525e-02 7.215610e-02 1.260372e-01 -1.151247e-01 -6.554607e-02 3.702284e-01 -2.835799e-01 1.294291e-01 -1.142970e-01 -3.161862e-02 7.392535e-02 -3.965207e-02 -2.792963e-02 1.237870e-02 
-5.783831e+00 -4.856254e+00 1.368455e+01 1.732866e+00 -1.822782e+01 -1.062389e+01 -1.360798e+01 2.252783e-01 -1.745765e+01 -2.118018e+00 4.362844e+00 -3.603704e+00 1.936244e+01 1.853462e-01 -1.889611e-01 1.812874e-01 7.706429e-01 7.685862e-02 2.459093e-01 -7.590431e-01 4.033950e-01 -7.911642e-01 -4.704570e-01 5.316311e-01 1.723903e-01 -4.195364e-02 5.744662e-02 2.173140e-01 -1.600489e-01 -1.200705e-01 4.610956e-01 -4.621906e-01 3.568736e-01 -2.642815e-01 1.782815e-01 -7.407154e-02 2.088601e-02 -1.550399e-01 5.151028e-03 
-5.155754e+00 -5.894115e+00 1.447827e+01 2.085010e+00 -1.858576e+01 -1.158070e+01 -1.455565e+01 1.511858e+00 -1.896805e+01 -2.258704e+00 4.959354e+00 -5.291563e+00 1.931895e+01 1.866001e-01 7.684557e-02 7.416017e-02 6.838081e-01 5.893465e-01 -3.134268e-01 -2.081484e-01 -1.232491e-01 -1.909646e-01 -5.148653e-01 6.457990e-01 -2.117651e-01 -3.275312e-02 1.147329e-01 2.140652e-01 -1.610657e-01 -1.436178e-02 3.642406e-01 -2.976320e-01 2.452440e-01 -1.924844e-01 2.907038e-01 -1.179291e-01 -1.017117e-02 -6.081985e-03 -1.577685e-02 
-5.082885e+00 -5.160518e+00 1.373870e+01 2.779863e+00 -1.657044e+01 -1.197775e+01 -1.380982e+01 9.675362e-01 -1.910632e+01 -3.052762e+00 5.189839e+00 -3.850732e+00 1.930120e+01 1.538596e-01 3.102192e-01 -5.350566e-02 5.472105e-01 6.423707e-01 -5.092786e-01 -1.007488e-01 -7.005768e-02 -2.229630e-01 -6.729400e-01 4.710152e-01 -1.656739e-01 -6.534720e-02 2.023071e-01 1.436161e-01 -1.421162e-01 1.030140e-01 9.387849e-02 -3.367950e-02 -1.480602e-01 1.202234e-01 1.345241e-01 -1.366805e-01 -6.815311e-02 9.108630e-02 -3.862491e-02 
-5.199944e+00 -4.554617e+00 1.424319e+01 3.217306e+00 -1.611596e+01 -1.298201e+01 -1.416223e+01 2.937094e-02 -1.811777e+01 -3.619760e+00 5.780104e+00 -4.851079e+00 1.924356e+01 6.026126e-01 4.122751e-01 -1.627335e-01 9.032328e-01 8.362403e-01 -2.507750e-01 -5.322344e-01 2.023411e-01 2.064563e-01 -9.436417e-01 5.182430e-01 3.591712e-01 -1.280391e-01 2.671033e-01 8.954428e-02 -1.878261e-01 2.747260e-01 -2.001603e-01 2.378395e-01 -3.391518e-01 2.349150e-01 -5.668548e-02 -1.669780e-01 -2.141943e-01 2.536184e-01 -5.062068e-02 
-4.992622e+00 -3.974991e+00 1.353444e+01 3.903100e+00 -1.625100e+01 -1.246971e+01 -1.430902e+01 6.162819e-01 -1.899805e+01 -4.802177e+00 6.307594e+00 -4.652333e+00 1.907343e+01 9.888103e-01 3.615355e-01 -4.108299e-01 1.175871e+00 4.226992e-01 4.617414e-02 -1.337216e+00 8.417121e-01 -3.172213e-01 -9.393899e-01 2.547531e-01 3.424446e-01 -1.874502e-01 2.049139e-01 9.937956e-02 -2.221201e-01 2.999417e-01 -3.101792e-01 2.950773e-01 -2.155641e-01 -7.775110e-02 8.435050e-02 -1.031607e-01 -3.562734e-01 2.318424e-01 -4.168858e-02 
-2.187900e+00 -4.425344e+00 1.376687e+01 6.039743e+00 -1.456433e+01 -1.258878e+01 -1.696747e+01 2.699065e+00 -1.799004e+01 -6.102378e+00 6.991865e+00 -3.094768e+00 1.879259e+01 1.104725e+00 4.989073e-01 -6.862333e-01 1.743192e+00 -3.016486e-01 5.981318e-01 -1.285747e+00 5.954698e-01 -4.272960e-01 -1.216422e+00 -3.169903e-01 8.023345e-01 -2.248941e-01 -9.362040e-02 1.501581e-01 -1.613431e-01 -2.758125e-02 -1.660622e-01 1.001498e-01 7.334532e-02 -3.504046e-01 2.021528e-01 -3.701638e-02 -4.217108e-01 -7.789268e-02 -1.931517e-02 
-1.644914e+00 -3.416911e+00 1.192280e+01 7.247903e+00 -1.523303e+01 -1.194385e+01 -1.909379e+01 3.841250e+00 -2.075619e+01 -6.508404e+00 5.857556e+00 -3.017055e+00 1.858955e+01 9.273698e-01 7.638491e-01 -9.023550e-01 1.626967e+00 -3.397597e-01 5.414345e-01 -8.017627e-01 -6.553588e-01 5.156528e-01 -1.052206e+00 -8.926762e-01 7.718549e-01 -2.253221e-01 -3.641632e-01 1.617735e-01 1.071853e-01 -3.472008e-01 2.800467e-01 -1.298822e-01 1.550196e-01 -4.327687e-01 5.378655e-01 -6.405590e-03 -2.629741e-01 -4.145971e-01 5.123751e-04 
-1.350150e+00 -2.339112e+00 1.161729e+01 1.026094e+01 -1.813346e+01 -1.025439e+01 -1.819901e+01 1.394233e+00 -1.937514e+01 -8.848701e+00 4.419996e+00 -1.657244e+00 1.836098e+01 1.651446e-01 9.619067e-01 -7.236929e-01 5.398629e-01 3.871920e-01 2.291946e-03 -4.332415e-01 -8.011717e-01 8.007134e-01 -1.072237e+00 -1.016701e+00 -2.449396e-01 -2.056372e-01 -4.204565e-01 7.703878e-02 3.317601e-01 -5.629934e-01 7.702180e-01 -3.031396e-01 -1.627090e-01 -6.050143e-02 4.401884e-01 1.739027e-01 -3.743674e-02 -6.409888e-01 6.682862e-03 
-7.742555e-01 -1.198778e+00 1.009722e+01 9.926916e+00 -1.616477e+01 -1.092941e+01 -1.770197e+01 -2.007985e+00 -1.572709e+01 -8.690347e+00 3.129846e+00 -1.511739e+00 1.816252e+01 -3.621853e-01 9.389874e-01 1.438279e-01 4.156527e-02 1.478566e+00 -3.054012e-01 -9.884253e-01 -6.236392e-01 1.758107e+00 -1.043513e+00 -7.102539e-01 -1.206908e+00 -1.944397e-01 -2.439426e-01 8.242371e-02 3.060628e-01 -2.732470e-01 7.505179e-01 -2.846609e-01 -4.749368e-01 1.761491e-01 2.926167e-01 4.659583e-01 -1.639113e-02 -5.000178e-01 -3.937804e-04 
-1.797702e+00 -7.253031e-01 1.106130e+01 7.399631e+00 -1.216232e+01 -1.308456e+01 -1.982937e+01 1.617722e+00 -1.650073e+01 -1.037236e+01 3.271947e+00 -5.071982e+00 1.797782e+01 -3.528508e-01 7.965704e-01 4.494557e-01 -2.791665e-01 2.640245e+00 -4.940040e-01 -2.006148e+00 2.771995e-01 1.152514e+00 -3.514050e-01 -5.954288e-01 -1.413296e+00 -2.069210e-01 1.292562e-01 1.285294e-01 -1.691077e-01 1.644539e-01 2.378126e-01 -5.251854e-02 -1.947569e-01 -2.427716e-01 4.046006e-01 8.492644e-01 -2.212237e-01 1.569403e-02 -1.159127e-02 
-3.232031e+00 4.707335e-01 1.291990e+01 8.886335e+00 -1.082600e+01 -1.205571e+01 -2.322070e+01 6.114146e-01 -1.340290e+01 -1.096423e+01 2.880311e+00 -7.344176e+00 1.780889e+01 -3.324847e-02 1.258561e+00 4.148519e-02 6.700037e-01 2.286475e+00 -6.338056e-01 -2.389938e+00 -3.138599e-01 1.802814e+00 9.169719e-01 -1.185242e+00 -1.143997e+00 -2.266772e-01 3.832896e-01 1.278618e-01 -7.054250e-01 1.574443e-01 -3.024546e-01 9.278917e-02 6.452449e-01 -6.192573e-01 2.925768e-01 9.086064e-01 -2.944573e-01 3.330221e-01 -1.424501e-02 
-1.885614e+00 8.091551e-01 1.245327e+01 9.385678e+00 -7.601804e+00 -1.216123e+01 -2.547007e+01 1.470892e+00 -1.477462e+01 -9.468700e+00 1.567674e+00 -5.807444e+00 1.750312e+01 6.470559e-01 1.444798e+00 -1.517928e+00 1.047735e+00 1.172257e+00 -9.608701e-02 -7.062011e-01 -2.169900e+00 2.801440e+00 2.193852e+00 -1.885281e+00 -1.979191e-01 -2.474318e-01 3.093078e-01 -1.303924e-04 -8.208784e-01 -9.791261e-02 -3.487566e-01 4.326126e-01 1.320045e+00 -5.604497e-01 9.511051e-02 2.194609e-01 -2.492561e-01 3.877845e-01 -1.105189e-02 
-8.960161e-01 4.326848e+00 9.608580e+00 1.228436e+01 -7.012825e+00 -1.456003e+01 -2.683168e+01 -3.503857e+00 -7.575819e+00 -4.557121e+00 -1.943934e+00 -6.864340e+00 1.726637e+01 1.054430e+00 1.254236e+00 -2.399570e+00 1.652491e-01 7.001292e-01 -4.042523e-02 1.587964e+00 -2.496369e+00 2.396522e+00 2.226828e+00 -1.537602e+00 -1.495048e-01 -2.454348e-01 -5.501577e-02 -3.585176e-01 -3.536112e-01 -2.767283e-01 3.101682e-01 8.510865e-01 1.564111e+00 2.435607e-01 -8.822979e-01 -7.768219e-01 3.417797e-02 8.567812e-02 -3.448249e-02 
2.694060e-01 4.570680e+00 5.127166e+00 1.093919e+01 -8.207595e+00 -1.231292e+01 -2.155472e+01 -7.173775e+00 -5.406932e+00 -2.606820e+00 -3.742211e+00 -6.301831e+00 1.701167e+01 6.498423e-01 7.981560e-01 -2.434345e+00 -5.164034e-01 1.689598e+00 1.372348e+00 2.605343e+00 -1.433711e+00 1.331156e+00 9.107181e-02 -1.665405e+00 2.835529e-02 -2.528523e-01 -5.016379e-01 -6.632779e-01 2.832309e-01 -9.085595e-02 1.029290e+00 1.080912e+00 1.351196e+00 1.130353e+00 -1.336371e+00 -1.106783e+00 1.981548e-01 -3.617330e-01 -9.569113e-02 
9.623596e-01 4.861806e+00 4.585699e+00 8.935402e+00 -7.022045e+00 -1.218156e+01 -1.723892e+01 -7.548148e+00 -6.103944e+00 -3.261174e+00 -2.152869e+00 -7.844514e+00 1.682757e+01 -3.098006e-01 -2.107272e-01 -1.268315e+00 6.839497e-02 3.578583e+00 2.887514e+00 3.774900e+00 5.358368e-01 -1.873443e+00 -1.915617e+00 -1.124298e+00 -8.287926e-01 -3.964232e-01 -8.132679e-01 -8.836595e-01 4.971293e-01 2.707272e-01 1.105897e+00 1.019248e+00 9.223157e-01 1.504124e+00 -7.461239e-01 -1.976783e-01 4.254389e-01 -2.996283e-01 -1.741599e-01 
4.344173e-01 4.532318e+00 2.793133e+00 8.477954e+00 8.510678e-01 -6.488592e+00 -1.724000e+01 -3.675834e+00 -8.854687e+00 -9.661407e+00 -6.654809e+00 -5.175489e+00 1.645838e+01 -1.178885e+00 -1.139032e+00 -6.673285e-01 6.419494e-01 4.879450e+00 3.844637e+00 4.956296e+00 1.965857e+00 -1.745450e+00 -1.268862e+00 -1.101218e+00 -1.666984e+00 -6.504715e-01 -7.290453e-01 -8.520175e-01 3.986380e-01 3.522551e-01 3.229664e-01 2.729440e-01 4.866795e-01 9.665436e-01 2.889503e-01 1.167814e+00 9.280625e-01 -7.137420e-02 -1.917436e-01 
-2.527795e+00 3.292140e+00 4.433824e+00 1.385712e+01 6.350912e+00 -3.034672e+00 -1.011465e+01 -2.573804e+00 -1.521943e+01 -1.060793e+01 -6.108892e+00 -1.157143e+01 1.556103e+01 -2.097707e+00 -2.195340e+00 -7.973283e-01 9.397479e-01 4.634687e+00 3.819654e+00 5.023892e+00 3.324435e+00 2.042621e-01 1.918521e+00 3.073197e-01 -7.998927e-01 -9.174291e-01 -3.303376e-01 -5.098296e-01 -2.855784e-02 -1.649509e-01 -7.507117e-01 -4.780957e-01 -3.769396e-01 1.073175e-01 1.275285e+00 1.620755e+00 1.011947e+00 5.477737e-01 -1.369859e-01 
-3.880324e+00 -3.401120e-01 1.866475e+00 1.168801e+01 9.503519e+00 2.336681e+00 -3.357084e-01 1.676824e-01 -9.576433e+00 -5.277565e+00 -7.270059e+00 -1.277317e+01 1.439263e+01 -2.101469e+00 -2.469795e+00 -6.766642e-01 8.092732e-01 2.776475e+00 2.270962e+00 4.414322e+00 2.004702e+00 1.737171e+00 4.012987e+00 2.259099e+00 -3.429763e-01 -9.510930e-01 1.061058e-01 1.214088e-01 -2.253554e-01 -4.639650e-01 -1.347748e+00 -1.104880e+00 -1.485343e+00 -6.831605e-01 1.028124e+00 7.090992e-01 7.868780e-01 7.028561e-01 -3.825813e-02 
-7.369068e+00 -3.679135e+00 1.062198e+00 1.202959e+01 1.182527e+01 2.504059e+00 -5.715472e-01 7.152206e+00 -4.721679e+00 4.139566e+00 -3.083690e-01 -8.045245e+00 1.327329e+01 -1.500159e+00 -2.094581e+00 -1.406483e+00 -8.399184e-01 8.766002e-01 1.284066e+00 2.160990e+00 1.052916e+00 2.761670e+00 3.547266e+00 2.255404e+00 1.248007e+00 -9.309803e-01 4.368520e-01 5.838453e-01 -2.001202e-01 -5.260165e-01 -1.323386e+00 -1.107659e+00 -1.645642e+00 -1.225251e+00 1.109716e-01 -7.351572e-01 -2.868741e-01 1.137577e-01 4.696363e-02 
-7.652079e+00 -4.330754e+00 1.095214e+00 1.343817e+01 1.199610e+01 2.096843e+00 5.987461e-02 1.484683e+00 -5.417880e+00 3.029783e+00 1.740381e+00 -8.653721e+00 1.284706e+01 -9.473335e-01 -5.823376e-01 -1.489571e+00 -7.879289e-01 1.981032e-02 -4.119352e-01 -1.039037e+00 -3.141527e-01 2.116490e+00 1.462344e+00 1.859265e+00 8.233358e-01 -8.349098e-01 3.789451e-01 4.696937e-01 -1.834816e-01 -3.370392e-01 -8.051499e-01 -7.102380e-01 -1.283548e+00 -7.285192e-01 -6.582105e-01 -1.312063e+00 -1.118942e+00 -4.055715e-01 8.176431e-02 
-8.142412e+00 -5.185216e+00 -2.213460e+00 8.782541e+00 9.487249e+00 3.505785e+00 4.926954e-01 2.032250e+00 -3.490251e+00 2.974490e+00 6.629134e-01 -7.391134e+00 1.167885e+01 -4.903606e-01 -2.198085e-01 -1.391430e+00 -8.916852e-01 -6.038153e-01 -3.772437e-01 -4.778483e-01 -1.642377e+00 5.695016e-01 -4.819843e-01 -9.271731e-01 -8.142961e-01 -7.406223e-01 1.749984e-01 1.870961e-01 2.260583e-02 1.348850e-02 -3.686396e-01 -5.025967e-01 -4.675228e-01 -2.505403e-01 -9.537524e-01 -1.084675e+00 -1.001530e+00 -6.864390e-01 1.143859e-01 
-8.229854e+00 -2.498863e+00 -3.943955e+00 9.371713e+00 1.077150e+01 -2.239915e-01 -6.062758e+00 1.156954e+00 3.901463e-01 2.616558e+00 1.540503e+00 -8.983091e+00 1.101527e+01 -7.114630e-01 -1.058743e+00 -1.601716e+00 -8.500491e-01 -5.090110e-01 -4.494746e-01 -6.838977e-01 -2.902410e-01 -4.577403e-01 -5.327232e-01 -1.744254e+00 -1.339699e+00 -6.374196e-01 5.440542e-02 -4.071764e-02 1.920884e-01 9.619252e-02 -1.353008e-01 -1.081092e-01 3.811487e-01 2.250998e-01 -7.565650e-01 -7.117068e-01 -6.283327e-01 -2.265999e-01 1.257560e-01 
-9.532080e+00 -5.693900e+00 -3.375635e+00 9.604211e+00 9.418372e+00 1.778189e+00 1.003504e-01 -8.958149e-01 -4.778445e+00 1.936685e+00 -4.844351e+00 -1.195205e+01 1.048592e+01 -7.430889e-01 -9.209384e-01 -1.237390e+00 -7.412831e-01 -7.022887e-01 -1.210229e+00 -3.539785e-01 -2.118690e-01 -7.200362e-01 -8.786355e-01 -9.505816e-01 -1.102645e+00 -4.578312e-01 9.221854e-03 3.547410e-01 5.772718e-01 -3.858964e-02 9.598105e-02 -3.275299e-02 8.823324e-02 4.044045e-01 -1.215246e-01 -3.179733e-01 1.791541e-01 4.272893e-01 1.295101e-01 
-1.051416e+01 -9.370294e+00 -6.332135e+00 8.776880e+00 9.485622e+00 7.129019e-01 -3.163615e+00 1.497662e+00 -7.062487e+00 8.851383e-01 -4.227540e+00 -1.307145e+01 1.025614e+01 -5.488755e-01 -4.354520e-01 -6.062964e-01 -3.822549e-01 -6.074844e-01 -5.359445e-01 8.049418e-01 9.615340e-02 -1.021553e+00 -1.897853e+00 -1.270745e+00 -1.654880e-01 -3.474964e-01 9.656311e-03 8.156198e-01 1.038022e+00 -1.557772e-01 1.798093e-01 1.758663e-01 -1.418850e-02 9.361797e-02 1.599496e-01 -1.720350e-01 3.591920e-01 6.912876e-01 1.118400e-01 
-1.071537e+01 -6.354978e+00 -7.205967e+00 5.373198e+00 6.619369e+00 -3.013484e+00 -2.727016e+00 8.028604e-01 -3.363743e+00 -5.524768e-01 -1.206259e+00 -1.086044e+01 9.769076e+00 -5.254695e-01 1.242272e+00 9.971117e-01 -1.318511e+00 -7.463896e-02 -4.978874e-01 -7.810034e-01 1.865301e-01 2.439402e-01 -1.389237e+00 -2.680377e-01 7.350562e-01 -2.380174e-01 2.362101e-02 6.699152e-01 8.981655e-01 1.774444e-03 -2.738452e-02 3.536533e-01 -1.700633e-01 -1.215644e-01 5.199073e-02 -9.421022e-02 1.027679e-01 5.178316e-01 8.329615e-02 
-1.038252e+01 -4.345469e+00 -5.060347e+00 9.576282e+00 9.133645e+00 -5.074748e-01 -6.244355e-01 7.886642e-01 -5.424773e+00 -5.627971e+00 -6.632323e+00 -1.035646e+01 9.636239e+00 -7.717890e-01 1.937636e+00 2.471220e+00 -1.340331e+00 7.626684e-02 7.374614e-02 -5.414989e-01 -2.135578e-02 -1.399499e-01 -1.137621e+00 -2.894750e-01 1.197827e+00 -1.881634e-01 8.587254e-02 2.221204e-01 2.494915e-01 1.127521e-01 -4.949762e-01 1.099296e-01 -9.628135e-02 -4.734495e-01 -1.759623e-01 8.036973e-02 1.637746e-01 2.136838e-01 4.605747e-02 
-1.222491e+01 -1.994384e+00 9.741542e-01 2.611905e+00 9.221504e+00 -1.011063e-01 -5.074070e+00 3.915765e-01 -4.377836e+00 -1.752889e+00 -4.982080e+00 -9.634226e+00 9.605722e+00 -5.136272e-01 1.242128e+00 1.714678e+00 -2.534501e-01 -1.180926e+00 2.534172e-01 -5.312050e-01 -7.608633e-01 -9.009646e-01 -1.729763e+00 -9.274195e-01 8.047506e-01 -1.210496e-01 2.314778e-01 -3.812144e-01 -7.061183e-01 5.544049e-01 -7.474665e-01 -1.092930e-01 4.174417e-01 -5.304612e-01 -3.007785e-01 1.506313e-01 -1.180832e-01 -2.231616e-01 -2.486568e-03 
-1.361881e+01 -1.861958e+00 1.933828e+00 3.456221e+00 8.565818e+00 -3.748436e-01 -4.697376e+00 1.596630e+00 -7.255493e+00 -4.203116e+00 -3.786872e+00 -7.695703e+00 9.397094e+00 -1.254790e-01 6.754871e-01 2.823465e-01 -3.509721e-01 -2.529137e+00 -3.618396e-01 1.986318e-01 -1.797462e+00 -1.328921e+00 -1.325648e+00 -1.222476e-01 8.680331e-01 -1.756821e-01 2.037967e-01 -5.501944e-01 -1.012546e+00 4.580109e-01 -3.895738e-01 -3.312438e-01 3.333160e-01 -2.588936e-01 2.465231e-02 4.538751e-01 -7.471388e-02 -3.572202e-01 -5.031863e-02 
-1.166500e+01 -1.386381e+00 -2.129819e+00 7.166000e+00 9.985836e-01 -1.813024e+00 -3.346565e+00 -3.405295e+00 -6.953009e+00 -9.913661e+00 -7.265999e+00 -8.166941e+00 9.283404e+00 3.087846e-01 -3.256183e-02 -1.439042e+00 9.587848e-01 -2.509371e+00 -8.265507e-01 9.361889e-01 -1.577669e+00 -6.655474e-01 -5.419828e-01 -9.421217e-01 -2.158538e-01 -2.566324e-01 -1.485950e-02 -3.390695e-01 -5.757365e-01 -8.951676e-03 5.042439e-01 -2.080693e-01 1.386967e-01 3.972624e-01 5.950928e-01 9.069505e-01 3.426197e-01 -5.504219e-02 -8.041593e-02 
-1.128985e+01 -1.272348e+00 -2.096803e+00 5.544552e+00 5.999656e-01 -1.460894e+00 -4.949131e-01 -6.300101e+00 -1.078191e+01 -8.175697e+00 -6.101709e+00 -6.749589e+00 8.919002e+00 -1.639315e-01 -1.759879e-01 -1.014734e+00 3.437055e-01 -1.207438e+00 -1.042596e+00 3.914706e-01 -9.073594e-01 -1.344644e-01 5.378950e-01 -6.556339e-01 -7.804479e-02 -3.718884e-01 -1.756087e-01 -1.321279e-01 1.017311e-02 -6.822760e-02 1.039255e+00 1.637702e-01 -1.734713e-01 7.044988e-01 9.518074e-01 7.938607e-01 5.287924e-01 1.436281e-01 -4.099818e-02 
-1.184553e+01 -2.452094e+00 -4.205885e+00 6.361693e+00 6.574534e-01 -3.691048e+00 -2.494416e+00 -3.548474e+00 -5.942564e+00 -2.476277e+00 -8.535225e+00 -1.118617e+01 8.561579e+00 -5.686590e-01 -2.751669e-02 -5.153899e-01 -6.455422e-01 6.794166e-01 -4.466268e-01 6.584059e-02 7.805175e-01 1.477161e+00 1.873262e+00 1.052451e+00 1.002590e+00 -4.250232e-01 -1.302390e-01 1.139767e-01 4.133354e-01 -1.768531e-01 9.792402e-01 6.083922e-01 -5.042176e-02 4.024833e-01 3.676578e-01 1.604322e-01 6.877847e-01 4.938351e-01 3.565826e-02 
-1.434844e+01 -2.208788e+00 -2.101645e+00 5.576634e+00 2.698812e+00 -4.649128e+00 -3.166313e+00 -2.868679e+00 -8.432993e+00 -5.232415e+00 -6.430259e+00 -6.575975e+00 7.898393e+00 -5.647581e-01 1.212367e-02 -1.285414e-01 1.100311e-01 1.072837e+00 2.670090e-01 -2.335400e-01 5.459871e-01 2.358673e+00 1.435982e+00 1.524482e+00 9.770351e-01 -2.965012e-01 8.562428e-02 2.028503e-01 3.244114e-01 6.189717e-02 3.066944e-01 6.639314e-01 -8.617669e-02 -7.858644e-02 -5.062798e-02 -2.909427e-01 3.356755e-01 3.397913e-01 1.151842e-01 
-1.297898e+01 -1.055317e+00 -4.704651e+00 3.922349e+00 3.346362e+00 -2.452027e+00 -1.681662e+00 -1.218677e+00 -7.415348e-01 -2.019211e+00 -1.839310e+00 -3.240934e+00 7.668621e+00 -1.420581e-01 4.434108e-01 1.846716e-01 1.912995e-01 1.246704e+00 1.560563e+00 9.965798e-01 -2.918026e-01 -7.385021e-02 -1.887005e-01 1.406700e+00 1.725831e+00 -1.161283e-01 1.316147e-01 2.229659e-01 3.995624e-01 1.203733e-01 -3.401178e-01 4.257152e-01 -3.463697e-02 -3.172835e-01 -5.931323e-01 -4.619872e-01 -3.912075e-01 3.310051e-02 1.640950e-01 
-1.354689e+01 -1.910304e+00 -2.489917e+00 7.314331e+00 4.619228e+00 -7.451940e-01 -2.068610e+00 -4.734869e+00 -1.588572e+00 -1.224171e+00 -1.827442e+00 -5.837206e+00 7.883035e+00 5.090141e-02 6.026930e-01 2.573735e-01 2.347168e-01 4.229824e-02 1.273581e+00 -5.047840e-01 -7.640841e-01 3.879332e-01 1.142208e-01 8.457162e-01 1.259344e+00 4.955227e-02 1.303734e-01 1.946172e-01 2.165841e-01 -2.105839e-01 -5.009639e-01 1.727264e-01 -1.759658e-02 4.867692e-02 -2.743567e-01 -2.551496e-02 -4.296349e-01 -3.000694e-02 1.469644e-01 
-1.295595e+01 -3.847795e-01 -3.087733e+00 6.449635e+00 5.930600e+00 2.159557e+00 1.939569e+00 -4.074544e+00 -9.734162e+00 -5.423813e+00 -3.803112e+00 -2.926445e+00 7.988546e+00 -2.185454e-01 7.921019e-01 1.289553e+00 -1.060537e-01 -5.059336e-01 1.178697e+00 2.826790e-02 -1.508696e-01 -5.029953e-01 2.242022e-01 -5.642174e-01 1.026843e+00 2.225077e-01 5.868793e-02 4.174745e-02 6.540399e-02 -2.438913e-01 -4.873430e-01 -2.668513e-01 -1.490767e-01 4.526452e-01 6.539940e-01 4.897219e-01 -2.362624e-01 -3.457233e-01 9.035122e-02 
-1.410539e+01 4.696825e-01 -1.623129e+00 5.486805e+00 1.617933e+00 -5.871383e-01 -7.500997e+00 -5.260940e+00 -1.997291e+00 -2.958535e+00 -1.220000e+00 -4.366555e-01 7.986153e+00 1.255775e-01 8.108410e-01 4.019603e-01 -7.942745e-01 -5.558805e-01 1.321605e+00 1.627747e-01 7.188349e-01 1.201425e+00 1.101975e+00 3.616932e-01 1.176454e+00 2.690096e-01 9.437549e-02 -8.918201e-02 -1.004735e-01 -6.309976e-02 -2.256196e-01 -3.931141e-01 3.867092e-01 6.048850e-01 4.046803e-01 2.187001e-01 -1.612394e-01 -4.193964e-01 -1.564539e-04 
-1.379229e+01 1.715116e+00 1.310040e+00 4.306198e+00 2.317548e+00 3.362136e+00 1.175926e+00 -1.709459e+00 -3.052338e+00 -3.128405e-02 -4.963966e+00 -8.067012e-01 8.729320e+00 1.142925e-01 5.480614e-01 4.394198e-01 -5.137316e-01 -8.910689e-01 2.021566e-01 -8.256298e-02 1.229961e+00 2.789372e+00 1.766115e+00 4.674834e-01 3.876298e-02 2.258598e-01 1.108849e-01 -2.001294e-01 -2.721283e-01 2.151678e-01 -2.134156e-01 -6.308669e-01 1.809091e-01 3.159425e-01 9.542933e-02 -2.233215e-01 -7.799427e-02 -3.849416e-01 -9.832329e-02 
-1.250134e+01 1.093976e+00 -2.679211e+00 4.414521e+00 3.646817e+00 5.261348e+00 -8.732265e-01 -2.323140e+00 1.077832e+00 1.589550e+00 5.617251e-01 -1.014707e+00 8.857569e+00 3.562930e-01 2.787952e-01 1.800038e-01 1.229450e-01 -8.933177e-01 -2.037861e-01 1.483995e+00 1.569898e+00 7.651494e-01 4.367007e-01 -4.764148e-01 -3.435339e-01 4.698468e-02 -8.280571e-03 -1.938989e-01 8.832256e-04 3.591706e-01 -2.104446e-01 -6.240726e-01 1.576504e-01 1.856969e-04 -6.587285e-01 -6.206353e-01 -4.422878e-01 -2.436482e-01 -1.254648e-01 
-1.318725e+01 2.043553e+00 -3.627863e-01 4.417163e+00 4.605848e-01 2.463621e-01 -1.787439e+00 6.065474e-01 2.674999e+00 1.132484e+00 -2.356494e+00 -2.443633e+00 8.682249e+00 2.205944e-01 5.738576e-02 3.985144e-02 5.111406e-01 -1.404149e+00 -1.212947e+00 2.722331e-01 1.003336e+00 1.921941e-01 -5.597461e-01 -5.350594e-01 -1.378890e-01 -1.582082e-01 -4.918163e-02 -1.114783e-01 7.594176e-02 2.371846e-01 -1.378605e-01 -3.474577e-01 1.001316e-01 -1.530984e-01 -8.724545e-01 -6.483819e-01 -4.503823e-01 4.058601e-02 -9.976882e-02 
-1.262640e+01 1.699351e+00 1.130888e-01 6.045782e+00 -1.920277e+00 -4.771483e-02 1.400432e+00 1.430332e+00 -1.035099e+00 -1.357005e+00 -4.905877e+00 -1.335810e+00 8.244845e+00 3.097851e-02 8.679170e-02 6.060622e-01 4.890980e-01 -1.351361e+00 -1.091268e+00 7.735455e-01 8.330258e-01 -7.936326e-01 -8.381956e-01 -1.348363e+00 4.656875e-02 -1.662676e-01 -8.400027e-02 -3.551072e-02 1.418491e-01 7.102378e-02 -8.634769e-02 -1.653469e-01 -9.197640e-02 -1.644172e-01 -4.103315e-01 -2.828425e-01 -2.557317e-01 9.645867e-02 -4.347931e-02 
