-1.563352e+01 3.537941e+00 -2.898111e-02 2.905612e+00 2.241257e+00 4.556171e+00 -6.173789e-02 -7.716668e-01 -3.460885e+00 6.670690e-01 2.322277e+00 1.251276e+00 7.739252e+00 -4.113212e-03 -3.084353e-01 -4.320610e-01 -6.131204e-01 -5.153847e-01 -8.773585e-01 6.163335e-01 4.849414e-02 1.983115e+00 5.825314e-01 -9.255435e-01 6.064119e-02 -6.041909e-02 1.566714e-02 -4.882379e-02 2.260150e-02 1.269428e-01 1.100410e-01 3.484947e-02 -2.007882e-01 9.527197e-02 2.419478e-01 1.078514e-01 4.177746e-01 -6.516716e-02 3.272321e-03 
-1.572152e+01 4.049961e+00 -4.096655e-01 1.006066e+00 -1.264389e+00 -3.099052e-01 -1.838513e-03 1.181717e+00 4.722726e-01 1.397111e+00 7.150124e-01 2.567221e+00 7.545492e+00 1.032722e-01 -3.581146e-01 -5.521131e-01 -4.672885e-01 -3.478723e-01 -1.014208e+00 6.097163e-02 1.892634e-01 3.427304e+00 1.120406e+00 -3.132999e-01 -1.335189e-01 -4.699864e-02 2.553151e-03 1.133191e-02 1.045428e-01 1.907600e-01 4.481530e-02 2.797224e-01 -1.848753e-01 5.629668e-02 -3.721621e-01 -7.945314e-02 6.447904e-01 1.018892e-02 4.676259e-03 
-1.561040e+01 1.740476e+00 -1.998790e+00 7.899701e-01 1.416762e+00 2.601991e+00 2.990135e+00 -1.506328e+00 4.487945e+00 3.214785e+00 -1.501725e+00 8.965260e-01 7.534145e+00 2.049595e-02 -5.276086e-01 -2.590335e-01 -5.132757e-02 -4.908499e-02 -6.346909e-01 -1.100003e-01 4.542636e-01 2.470670e+00 8.527460e-01 8.573624e-01 -1.681690e-01 -5.078389e-02 -5.820367e-02 1.211179e-01 1.662549e-01 1.864597e-01 1.290714e-02 3.113737e-01 -3.041594e-01 4.836466e-02 -9.737477e-01 -3.748001e-01 3.976701e-01 1.289806e-01 5.486807e-04 
-1.512868e+01 2.646320e+00 -1.804817e+00 1.627080e+00 9.136879e-01 4.624137e-01 -1.283086e+00 5.418338e-01 9.700845e+00 4.995738e+00 2.668064e+00 7.610469e-01 7.606805e+00 -3.706449e-03 -1.420356e-01 4.128420e-03 5.987241e-02 -5.246150e-01 3.997299e-01 5.518352e-02 1.270839e-01 -1.215385e-01 5.006739e-02 1.407022e+00 2.260400e-01 -4.183694e-02 -6.887622e-02 1.456041e-01 1.104323e-01 -7.916218e-03 9.769491e-02 3.260310e-01 -8.390371e-02 -1.244848e-01 -1.440397e+00 -5.457996e-01 -1.795514e-01 1.312906e-01 -7.257215e-03 
-1.582813e+01 1.601681e+00 -6.264585e-01 2.338308e+00 9.070743e-01 9.965565e-01 2.871017e-02 1.819993e+00 4.277768e+00 3.131289e+00 5.632589e+00 1.313558e+00 7.454721e+00 -2.416628e-01 1.892169e-01 1.209411e-01 5.571658e-02 -3.625724e-01 -2.756760e-02 -9.014875e-01 3.213148e-01 -1.111225e+00 -7.562180e-01 2.025891e-01 5.257719e-01 -6.024703e-02 5.761893e-03 1.319357e-01 3.823286e-03 -7.564677e-02 3.242090e-01 5.980941e-02 -1.120671e-01 -1.269957e-01 -7.135684e-01 -2.894454e-01 -7.072236e-01 -3.639675e-02 3.581187e-03 
-1.563183e+01 3.408465e+00 -1.075085e+00 5.310745e-01 -3.632938e+00 2.491755e+00 1.754411e+00 1.541557e-01 -3.007556e-02 1.688691e+00 4.183241e+00 3.488928e+00 7.375952e+00 -1.100750e-01 1.147166e-02 -1.900511e-01 -5.604799e-01 2.973921e-01 3.124786e-01 3.722553e-02 -3.665061e-01 -1.983714e+00 -8.040090e-01 -8.837053e-01 1.758571e-01 -7.865712e-02 1.911016e-01 -6.556214e-02 -3.253817e-02 -1.266489e-01 1.339439e-01 -5.352461e-01 -1.517233e-01 1.167196e-02 2.042546e-01 2.477495e-01 -5.268525e-01 -2.830103e-01 4.412692e-02 
-1.656763e+01 2.305464e+00 -1.758139e+00 1.616170e+00 1.877068e+00 1.449525e+00 -3.035742e+00 2.939126e-01 3.797216e+00 1.086734e+00 -1.246175e+00 2.161426e+00 7.348677e+00 1.022553e-01 5.547821e-02 -1.429831e-01 -1.195840e-01 1.161106e+00 -2.921778e-01 -6.613550e-01 6.618646e-02 -1.658485e-01 -1.675470e-01 -1.533407e+00 -3.251186e-01 -1.456591e-02 4.360820e-01 -2.508534e-01 -6.104692e-02 -1.201124e-01 -6.684956e-01 -6.976981e-01 1.934114e-02 3.484029e-02 3.526790e-01 4.107996e-01 2.129706e-01 -3.354060e-01 8.885639e-02 
-1.530918e+01 2.352546e+00 -2.189132e+00 -8.137556e-01 1.915427e+00 1.797938e+00 4.354270e-01 -5.280293e-01 2.233887e-02 1.997757e+00 1.688764e+00 1.216603e+00 7.266852e+00 7.797190e-01 -4.029807e-01 -2.674213e-02 -4.858009e-01 -6.169177e-01 -2.144060e+00 -8.234221e-01 3.128533e-01 4.270685e-01 9.944658e-01 -3.591721e-01 -7.636217e-01 1.559425e-01 3.585839e-01 -2.503417e-01 4.743996e-02 1.629476e-02 -9.296802e-01 -5.779966e-01 -1.957997e-01 -3.991468e-02 3.072184e-01 1.106946e-01 5.889192e-01 -1.233380e-01 9.770120e-02 
-1.547784e+01 2.407475e+00 -7.846448e-01 2.412997e+00 3.938305e+00 -1.171595e-01 -2.618243e+00 2.492005e+00 3.422011e+00 2.139831e+00 -7.868512e-01 8.242919e-01 7.436611e+00 1.493995e+00 -8.576577e-01 -2.658936e-01 -5.822666e-01 -3.248058e+00 -2.287661e+00 -3.743241e-01 1.558019e-01 -5.532364e-01 3.985811e-01 1.005237e+00 -6.815197e-01 2.667472e-01 3.345473e-02 -4.926235e-02 4.496465e-02 3.568935e-02 -3.998131e-01 2.031963e-01 1.081885e-01 -4.645343e-01 -1.754471e-01 -4.465769e-01 5.290043e-01 4.294939e-02 4.547470e-02 
-1.227784e+01 1.343219e+00 -1.696420e+00 -2.296216e+00 -7.747476e+00 -7.445504e+00 -2.571522e+00 6.194765e-01 2.292766e+00 6.134517e+00 2.157704e+00 3.395208e-01 8.111717e+00 9.871681e-01 -7.835686e-01 1.085547e-01 -2.474073e-01 -2.146579e+00 -1.579783e+00 -1.085223e+00 -6.109934e-01 -2.540355e-01 -5.334939e-01 7.915508e-01 -2.626460e-01 2.692420e-01 -4.570642e-01 3.144494e-01 4.342825e-02 3.673325e-01 8.814180e-01 1.210622e+00 3.276865e-01 -3.325433e-01 -1.961000e-01 -8.167760e-01 -1.360391e-01 2.030767e-01 -4.041823e-02 
-1.061325e+01 -1.478286e+00 -3.334816e+00 -5.540208e-01 -9.531824e+00 -5.367057e+00 -3.404722e+00 4.989964e-01 -1.042861e-01 1.011107e+00 3.545291e+00 -8.075567e-01 8.259873e+00 1.657103e-01 -7.332844e-04 1.422804e-02 -6.026891e-02 -7.318626e-02 4.417974e-01 1.051117e-02 -1.794327e+00 -7.024760e-01 -1.636444e+00 5.362572e-01 -3.607075e-01 1.562867e-01 -6.869077e-01 5.215224e-01 1.584875e-01 4.742393e-01 1.306315e+00 1.123049e+00 1.945732e-01 1.236332e-01 1.289284e-01 -1.303990e-01 -4.542941e-01 4.158797e-01 -8.343489e-02 
-1.280525e+01 3.780318e-01 -3.712859e-01 -5.674481e-01 -2.082271e+00 -3.475678e+00 -4.597918e+00 -2.586900e+00 5.148269e-01 -1.058140e-01 3.480202e+00 7.193117e-01 8.201396e+00 -8.414347e-01 7.410178e-01 5.024368e-02 1.089889e+00 2.202589e+00 2.544397e+00 6.227153e-01 -3.747112e-01 -4.789053e-01 -2.071974e+00 -8.048697e-01 9.136542e-02 9.091925e-03 -3.972142e-01 1.375639e-01 -2.622186e-02 6.133987e-01 3.128213e-01 2.302804e-01 4.668367e-02 4.716147e-01 -1.221028e-02 3.932180e-01 -4.301459e-01 3.197333e-01 -5.235171e-02 
-1.438579e+01 2.886636e+00 -1.375380e+00 1.247338e+00 7.395300e-01 1.066526e-01 -1.552633e+00 -4.876557e+00 7.986951e-01 -2.921941e+00 1.233139e+00 -1.169369e+00 8.173031e+00 -1.026309e+00 9.876951e-01 5.557966e-01 1.120113e+00 1.108801e+00 1.265491e+00 -2.555936e-01 6.556740e-01 2.036421e-01 5.156540e-01 -4.680896e-01 1.220822e+00 -2.041584e-02 -2.730210e-02 -3.726267e-01 -6.463185e-02 5.187909e-01 -4.495921e-01 -6.914846e-01 -5.061657e-01 4.288161e-01 -1.395000e-01 6.039646e-01 -1.223703e-01 3.429387e-01 2.624075e-02 
-1.459901e+01 2.865057e+00 -2.425115e+00 2.252289e+00 -1.870195e+00 2.539190e+00 -3.839965e-01 1.433386e+00 -5.526630e-01 -2.258783e+00 -7.102972e-01 9.771072e-01 8.200523e+00 -4.029443e-01 -5.900085e-01 -2.935247e-01 2.229342e+00 -1.173469e+00 -8.402248e-01 -7.189393e-01 5.219560e-01 -7.682915e-01 3.565009e-01 -8.569658e-01 5.452306e-01 9.580863e-02 2.358845e-01 -8.038034e-01 -2.583036e-01 1.914051e-01 -3.962051e-01 -1.082240e+00 -4.603212e-01 -9.224315e-02 1.522910e-01 2.878447e-01 1.074931e-01 -6.670718e-02 9.523027e-02 
-1.484833e+01 2.216694e+00 4.715100e-01 3.636562e+00 -4.093685e+00 -2.046955e+00 -6.789636e+00 1.767518e+00 1.447389e+00 4.666126e+00 3.300097e+00 5.167648e+00 8.158411e+00 -1.900039e-01 -1.198537e+00 -1.368852e-01 1.963999e+00 -6.331562e-01 -1.323483e+00 -1.849550e+00 -9.855724e-02 -1.255124e+00 1.690941e-01 -4.947732e-02 1.126943e+00 2.441217e-01 2.199803e-01 -6.913130e-01 -2.426835e-01 2.876579e-02 4.208355e-01 -3.916999e-01 2.063185e-01 -1.321885e-01 2.815075e-01 -4.017817e-01 8.698992e-02 -4.465326e-01 1.055913e-01 
-1.458886e+01 -2.236507e+00 -2.762233e+00 9.384295e+00 -5.533245e+00 -6.600029e+00 -5.574277e+00 -3.299607e+00 -3.650823e+00 -2.117583e+00 -1.837897e+00 2.769179e-01 8.687543e+00 -7.997450e-02 -2.184730e+00 -8.951192e-01 1.624984e+00 1.092563e+00 -1.572512e+00 -8.820453e-01 -4.589421e-01 1.012047e+00 -4.594028e-01 -4.766186e-01 -1.952234e-01 3.530338e-01 2.354948e-02 1.714060e-01 1.347587e-01 -6.234686e-01 9.609065e-01 6.077065e-01 7.623883e-01 2.141951e-01 5.607743e-01 -1.495473e-01 3.464691e-01 -4.510826e-01 3.758457e-02 
-1.534077e+01 -5.547864e-01 -1.890912e+00 7.501113e+00 -5.946526e-01 -1.941395e+00 -8.205657e+00 -3.002958e+00 -3.928463e+00 -2.147309e+00 1.549340e+00 4.815467e+00 9.150341e+00 -8.770300e-02 -1.671263e+00 -3.567902e-01 1.566047e+00 2.080031e+00 -3.268446e-01 8.576533e-01 4.852893e-01 7.209291e-01 -1.085345e+00 -2.232844e-01 -6.416636e-01 3.790144e-01 1.422729e-01 9.719227e-01 3.752052e-01 -9.230312e-01 1.137617e-01 6.766915e-01 7.525375e-01 3.332324e-01 4.171669e-01 1.961073e-01 1.900754e-01 -5.441490e-01 -2.624220e-03 
-1.475300e+01 -6.673034e+00 -5.719020e+00 8.445221e+00 1.843119e+00 -5.375742e+00 -4.086377e+00 1.524416e+00 7.195331e+00 -1.148856e+00 -2.218448e+00 1.770744e-01 9.469784e+00 -3.362352e-01 5.036230e-01 4.904348e-01 -6.891848e-01 2.274380e+00 1.700059e+00 1.739376e+00 1.300931e+00 1.047553e+00 2.361217e-01 9.622460e-01 -8.259236e-01 2.163345e-01 2.374888e-01 8.538772e-01 4.266746e-01 -1.075737e+00 -7.635436e-01 6.458899e-01 -6.485857e-03 -2.633324e-02 -4.742227e-01 2.981732e-01 1.538531e-01 -1.842739e-01 1.219051e-01 
-1.520483e+01 -3.921662e+00 1.655102e-01 1.193674e+01 2.618232e+00 -4.293427e+00 -3.244791e+00 1.781975e+00 -3.705099e-01 -1.244592e+00 2.374052e+00 2.009252e+00 9.662453e+00 6.495548e-01 2.317002e+00 1.046295e+00 -1.494031e+00 -6.552063e-01 4.236201e-01 6.022343e-01 6.875971e-01 8.127244e-01 8.019492e-01 1.812666e-01 -1.278423e+00 2.993520e-01 2.936418e-01 -2.754127e-01 -1.004812e-01 -8.806297e-01 -1.020162e+00 1.749969e-01 -6.913750e-01 -4.811402e-01 -4.552557e-01 2.049851e-01 -1.248193e-01 4.284438e-02 2.683077e-01 
-1.633862e+01 1.965098e+00 -1.338556e+00 3.720902e+00 4.232390e+00 3.076339e+00 6.426788e-01 8.122447e-01 -1.919894e-01 -1.388415e+00 2.561184e+00 -2.449358e+00 9.513206e+00 7.386360e-01 9.037402e-02 5.365501e-01 -2.223568e+00 -1.357562e+00 1.281850e+00 -7.867641e-01 -6.916345e-01 -1.404941e+00 8.793951e-02 9.021381e-02 -7.983571e-01 1.002463e+00 4.740986e-01 -1.000643e+00 -3.656808e-01 -1.206715e-01 -7.315227e-01 -4.021618e-01 -9.166824e-01 -9.489008e-01 -6.702754e-01 -3.034294e-01 -3.433491e-01 1.422108e-01 3.969366e-01 
-1.130086e+01 6.711092e+00 1.150414e+00 2.393276e+00 -5.065443e+00 -4.049238e+00 -7.559343e+00 7.913614e-01 3.829391e+00 1.982893e+00 6.596772e-02 -2.633932e-01 1.062514e+01 8.431740e-01 -2.841906e+00 -8.821612e-01 -2.069928e+00 -1.204749e+00 7.571744e-01 -1.336190e+00 -9.241988e-01 -3.292327e-01 1.354785e-02 -4.113834e-01 -4.412733e-01 1.327478e+00 7.234737e-01 -5.298501e-01 -7.105172e-01 1.599374e-02 -3.115865e-01 -2.018450e-01 -2.676606e-01 -8.807083e-01 -7.752263e-01 -9.221494e-01 -1.385451e-01 -1.054527e-01 3.521790e-01 
-1.301114e+01 -1.153771e+01 -3.528270e+00 2.099134e+00 -1.103018e+00 9.113742e-01 -5.862993e+00 -1.438859e+00 -1.929450e+00 -2.323481e+00 -6.130329e-01 -2.678260e+00 1.400068e+01 1.937366e+00 -1.920175e+00 -3.739405e-01 -1.004650e+00 -1.108515e+00 -4.774569e-01 -1.874929e+00 -2.637789e+00 -1.732720e+00 -8.868167e-01 -4.581776e-01 -5.333607e-01 1.686905e+00 1.170256e+00 1.239663e+00 -5.556822e-01 -3.119941e-01 -8.876810e-01 -2.669533e-01 2.143382e-01 -3.817903e-01 -3.366366e-01 -1.098429e+00 6.494901e-02 -4.289973e-01 1.101962e-01 
-1.265295e+01 -1.138028e+01 -3.150178e+00 2.397472e+00 -7.375063e-01 5.753220e-01 -6.673431e+00 -1.713553e+00 -1.147904e+00 -7.099567e-01 1.904373e+00 -8.296843e-02 1.405632e+01 3.667532e+00 6.729451e-01 -2.051050e+00 -2.023458e+00 -2.337680e+00 2.940416e-01 -1.920727e-01 -2.742918e+00 -2.899502e+00 -3.321303e+00 -2.372305e-01 -1.938226e+00 1.717962e+00 1.060950e+00 1.896259e+00 -1.268560e-01 -6.872858e-01 -1.282530e+00 4.594868e-02 4.901629e-01 3.039581e-01 -6.868985e-02 -9.298667e-01 2.538630e-01 -5.163236e-01 -4.564088e-02 
-5.975988e+00 1.409429e+00 -1.057970e+00 -1.304272e+00 -3.474212e+00 -1.623048e+00 -9.174829e+00 -1.112439e+01 -6.367032e+00 -4.476450e+00 -6.489061e-01 -5.206453e+00 1.623241e+01 5.177844e+00 4.531254e+00 -1.657546e+00 -3.806688e+00 -5.229490e+00 1.787453e-01 -2.870571e-01 -1.691251e+00 -1.803154e+00 -3.736694e+00 3.278731e-01 -2.194859e+00 1.358277e+00 1.816846e-01 8.141145e-01 2.613409e-01 -5.742726e-01 -9.461981e-01 3.344218e-01 5.473107e-01 1.228066e+00 8.911617e-01 -3.396159e-02 3.726676e-01 -4.343184e-02 -2.352006e-01 
3.519656e+00 3.602189e+00 -1.034065e+01 -6.022297e+00 -1.556783e+01 -1.311715e+00 -6.863911e+00 -8.080791e+00 -8.449597e+00 -1.354733e+01 -1.102313e+00 -8.690705e+00 1.809910e+01 4.527633e+00 3.413556e+00 -8.745388e-01 -4.105278e+00 -5.556823e+00 6.588868e-01 3.206946e-01 1.223403e-01 -6.375265e-01 -3.210692e+00 4.649133e-01 -2.192213e+00 1.263731e+00 -9.044743e-01 -4.858480e-01 1.015286e+00 1.807832e-01 2.050326e-01 6.416412e-02 8.002512e-02 1.138817e+00 1.163203e+00 1.136576e+00 2.596153e-01 5.593467e-01 -3.323531e-01 
4.791646e+00 3.627201e+00 -8.220438e+00 -1.272463e+01 -1.983536e+01 2.748304e+00 -7.202942e+00 -6.711602e+00 -7.294404e+00 -1.458775e+01 2.529379e+00 -9.348839e+00 1.877049e+01 2.415720e+00 7.800392e-01 3.446572e-01 -2.834979e+00 -4.230057e+00 1.012306e+00 6.052026e-01 2.069906e+00 1.592263e+00 -1.112096e+00 1.053875e+00 -6.234850e-01 7.380112e-01 -1.390389e+00 -1.304857e+00 8.268213e-01 8.827297e-01 1.242273e+00 -3.452319e-01 -8.226190e-02 4.910168e-01 5.092322e-01 1.387069e+00 -1.272683e-01 7.118789e-01 -3.096374e-01 
4.601553e+00 4.578656e+00 -3.941628e+00 -1.241874e+01 -2.034108e+01 1.684027e+00 -6.055869e+00 -3.308174e+00 -3.871897e+00 -1.170780e+01 2.639957e+00 -8.972900e+00 1.910586e+01 5.265090e-01 1.192533e-01 2.024434e+00 -1.605483e+00 -1.812238e+00 1.982210e-01 -2.383776e-01 1.070546e+00 1.218731e+00 1.049320e+00 6.976166e-01 7.276019e-02 3.661962e-01 -1.082629e+00 -9.686286e-01 2.013360e-01 8.991140e-01 1.346680e+00 -5.347681e-01 -2.401286e-01 -2.999022e-01 -3.395268e-01 8.932769e-01 -2.558689e-01 5.504216e-01 -2.575232e-01 
5.562173e+00 4.820934e+00 -2.533511e+00 -1.228111e+01 -2.223786e+01 1.940576e+00 -6.552434e+00 -3.161456e+00 -6.948566e-01 -1.095634e+01 2.749795e+00 -8.182499e+00 1.941920e+01 2.263180e-01 -3.457378e-01 1.027239e+00 -6.429669e-01 -8.904073e-01 -1.316991e+00 -4.188480e-01 2.897763e-01 -1.851890e-01 1.068557e+00 -4.247531e-01 2.320141e-01 2.587466e-01 -5.743228e-01 -4.978353e-01 -4.971283e-01 5.748675e-01 1.052685e+00 -3.704574e-01 -1.286116e-01 -6.325333e-01 -1.010357e+00 1.599788e-02 -1.571688e-01 2.000666e-01 -1.270412e-01 
5.766932e+00 3.601698e+00 -3.062009e+00 -1.427087e+01 -2.342787e+01 8.293524e-02 -8.381163e+00 -4.503872e+00 -5.655026e+00 -1.011657e+01 2.276048e+00 -8.909976e+00 1.960597e+01 2.092340e-01 -8.665965e-01 -2.091070e-01 -7.058081e-01 -4.933346e-01 -8.503522e-01 -3.677939e-01 -4.870190e-01 -1.446365e+00 1.651866e-01 -7.494905e-02 1.321604e-01 2.158184e-01 -3.036724e-01 -4.229148e-01 -9.467813e-01 4.494262e-01 7.346179e-01 1.555068e-01 4.074787e-02 -2.611551e-01 -7.067644e-01 -5.417379e-01 3.324016e-01 4.154937e-02 -5.122856e-02 
5.341055e+00 2.386877e+00 -3.524639e+00 -1.501315e+01 -2.274402e+01 -3.036405e+00 -8.134976e+00 -4.665048e+00 -7.328655e+00 -1.004051e+01 5.874225e-01 -8.220060e+00 1.981435e+01 -2.971859e-01 -1.216414e+00 -1.024318e+00 -4.104922e-01 3.739692e-01 -3.156785e-01 2.698503e-02 -3.139420e-01 -2.127036e+00 -5.898512e-01 6.543953e-01 3.471447e-01 1.779658e-01 -3.119035e-01 -4.258385e-01 -7.465372e-01 4.634454e-01 8.245358e-01 5.126463e-01 -1.712356e-01 6.103306e-02 -2.309030e-01 -2.880528e-01 8.224277e-01 -8.123238e-02 -3.718917e-02 
5.758471e+00 1.462396e+00 -4.490872e+00 -1.458138e+01 -2.255443e+01 -7.907803e-02 -7.104108e+00 -4.991682e+00 -7.786892e+00 -1.133972e+01 3.346325e+00 -8.293258e+00 1.998717e+01 -7.301851e-01 -1.559872e+00 -1.683843e+00 5.254515e-01 1.228624e+00 4.750360e-01 -2.576713e-01 6.669927e-02 -1.343889e+00 -8.301588e-01 1.820102e+00 2.228822e-01 1.505227e-01 -2.980222e-01 -4.380451e-01 -4.229544e-01 5.977884e-01 1.002568e+00 1.430800e-01 -5.726591e-01 3.268412e-01 2.447778e-01 2.493162e-01 6.127827e-01 -1.758737e-01 -4.213104e-02 
4.079783e+00 -1.908794e-01 -6.940426e+00 -1.417814e+01 -2.080492e+01 4.433730e-01 -7.055589e+00 -4.487272e+00 -1.026438e+01 -1.329466e+01 5.486508e+00 -6.755153e+00 2.011874e+01 -8.633999e-01 -2.128347e+00 -1.967966e+00 1.058531e+00 2.371298e+00 5.834509e-01 -1.330105e+00 3.181097e-01 -1.391085e+00 1.259619e-01 2.739965e+00 -2.194614e-01 1.054438e-01 -9.294178e-02 -3.758428e-01 3.830692e-02 6.011856e-01 9.592717e-01 -3.291938e-01 -8.559984e-01 5.556142e-01 7.987953e-01 6.793390e-01 -7.031505e-02 -2.530848e-01 -4.255222e-02 
2.746873e+00 -2.908902e+00 -9.772738e+00 -1.206123e+01 -1.825427e+01 7.179604e-01 -1.020869e+01 -4.259163e+00 -1.090737e+01 -1.264068e+01 8.927000e+00 -8.527938e+00 2.020624e+01 -9.978351e-01 -2.601074e+00 -1.851916e+00 1.548668e+00 3.520809e+00 -5.844436e-01 -2.552435e+00 8.311870e-01 -5.904741e-01 1.053829e+00 1.946308e+00 -4.639751e-01 4.143863e-02 6.686749e-02 -1.927443e-01 4.482695e-01 4.014773e-01 5.504977e-01 -7.775167e-01 -7.738445e-01 7.127137e-01 1.129484e+00 5.314334e-01 -1.015227e+00 -1.532634e-01 -3.463401e-02 
2.530268e+00 -6.068811e+00 -1.072341e+01 -1.098034e+01 -1.303747e+01 -5.176830e-01 -1.323301e+01 -3.440970e+00 -1.272371e+01 -8.759655e+00 1.149692e+01 -9.200197e+00 2.023177e+01 -6.282910e-01 -2.574944e+00 -7.487699e-01 2.083888e+00 4.024200e+00 -1.432027e+00 -3.105571e+00 2.081957e+00 1.490220e+00 1.864773e+00 2.395865e-01 -5.749237e-01 1.975946e-02 1.296472e-01 9.787425e-02 7.026290e-01 1.844385e-01 -1.311306e-01 -8.992894e-01 -3.464045e-01 7.959714e-01 1.295912e+00 -7.562350e-02 -1.697755e+00 1.117604e-01 -2.110004e-02 
1.544264e+00 -8.604389e+00 -1.185924e+01 -8.436697e+00 -8.834311e+00 -2.520635e+00 -1.677726e+01 -1.358003e+00 -9.509303e+00 -8.337805e+00 1.007309e+01 -9.390574e+00 2.013794e+01 -5.131770e-01 -2.300419e+00 -5.189591e-02 2.020040e+00 3.154504e+00 -2.404775e+00 -3.239142e+00 2.748368e+00 2.862820e+00 9.576457e-01 -2.005729e+00 -3.657429e-01 2.018960e-02 1.662687e-01 3.367428e-01 8.081285e-01 -6.635800e-02 -7.695757e-01 -6.389626e-01 2.423121e-01 6.231790e-01 7.386428e-01 -5.352390e-01 -1.533160e+00 4.243148e-01 -6.751798e-03 
1.540316e+00 -1.021843e+01 -9.641003e+00 -5.571223e+00 -5.393918e+00 -5.097815e+00 -1.929902e+01 4.472162e+00 -3.512262e+00 -6.122324e+00 6.111514e+00 -9.198271e+00 2.025163e+01 -4.574505e-01 -1.789187e+00 6.453593e-01 1.745125e+00 1.898844e+00 -3.002680e+00 -2.718806e+00 3.339522e+00 3.361777e+00 -2.039163e-01 -3.772730e+00 2.901341e-01 1.055441e-02 8.570141e-02 4.554462e-01 6.239312e-01 -2.798705e-01 -1.178913e+00 -2.707238e-01 6.085630e-01 5.344343e-02 -3.197770e-01 -8.065637e-01 -7.425916e-01 5.624618e-01 -1.132864e-02 
6.755882e-01 -1.233566e+01 -1.057352e+01 -4.665298e+00 -6.303949e+00 -9.016197e+00 -2.337158e+01 5.525961e+00 -1.198762e+00 -9.171452e+00 1.591130e+00 -1.035755e+01 2.029745e+01 -2.520352e-01 -1.310444e+00 1.491822e+00 1.386338e+00 7.354882e-01 -2.993981e+00 -1.534173e+00 3.318496e+00 2.167139e+00 -5.880478e-01 -3.713142e+00 1.225175e+00 1.227498e-02 5.905490e-02 6.221718e-01 5.506108e-01 -2.714848e-01 -1.148697e+00 3.616122e-01 7.953509e-01 -4.507246e-01 -9.910890e-01 -4.361325e-01 2.836496e-01 4.586853e-01 -2.382368e-02 
6.772804e-01 -1.314881e+01 -8.139011e+00 -4.140794e+00 -4.808394e+00 -1.228319e+01 -2.353031e+01 9.813980e+00 -7.003507e-02 -9.362049e+00 -3.126001e+00 -7.265607e+00 2.020493e+01 -3.303371e-01 -7.928512e-01 1.598916e+00 1.001357e+00 -6.608470e-01 -2.491117e+00 -9.151415e-01 2.064137e+00 2.391479e-01 -1.395085e+00 -2.619471e+00 1.442037e+00 -3.288997e-02 -2.102412e-02 8.271251e-01 4.397340e-01 -2.562616e-01 -1.135110e+00 9.882659e-01 6.360949e-01 -1.181782e+00 -1.084479e+00 5.000050e-02 8.417348e-01 2.418807e-03 -3.915469e-02 
7.156376e-01 -1.369075e+01 -5.151105e+00 -2.220267e+00 -5.449913e+00 -1.389764e+01 -2.233293e+01 1.256307e+01 -3.943818e-01 -9.658438e+00 -3.874159e+00 -4.230811e+00 2.022260e+01 -2.815256e-01 3.121258e-01 2.224331e+00 1.034478e+00 -1.309188e+00 -8.524296e-01 -1.641711e-01 1.132341e+00 -5.312979e-01 -6.274227e-01 -1.164125e+00 1.351742e+00 -7.710861e-02 -4.159783e-01 1.134847e+00 5.868016e-01 -4.328340e-01 -8.368872e-01 1.156878e+00 7.858789e-01 -1.839854e+00 -5.092666e-01 2.207679e-01 8.253893e-01 -3.397111e-01 -6.591375e-02 
-1.316036e-01 -1.350487e+01 -4.358099e+00 -1.786817e+00 -9.125750e+00 -1.511257e+01 -2.439406e+01 1.127420e+01 -2.718780e+00 -1.285445e+01 -4.253231e+00 -5.051391e+00 2.012441e+01 -5.479553e-01 1.535027e+00 2.477583e+00 6.397998e-01 -2.754239e+00 8.679264e-01 -2.232395e-01 -1.476379e+00 -7.114246e-01 6.569716e-02 -8.386399e-01 2.389271e-01 -1.405116e-01 -1.191726e+00 1.220220e+00 1.039613e+00 -6.007197e-01 6.736524e-02 1.226554e+00 1.183261e+00 -1.828099e+00 1.900444e-01 -6.065306e-02 6.880749e-01 -1.584435e-01 -7.484280e-02 
-3.273378e-01 -1.059705e+01 -1.342705e+00 -6.702511e-01 -1.069141e+01 -1.186396e+01 -2.376093e+01 1.045761e+01 -2.530918e+00 -1.056247e+01 -3.665947e+00 -4.705951e+00 1.995182e+01 -2.223005e+00 3.199884e+00 3.986429e+00 -5.968750e-01 -2.402463e+00 1.110854e+00 2.049262e+00 -4.110611e+00 9.611459e-02 -2.147369e-01 -4.766186e-01 1.281492e-01 -2.635323e-01 -2.050832e+00 6.802077e-01 8.626707e-01 -5.862275e-01 1.111596e+00 1.029211e+00 1.387035e+00 -9.684170e-01 5.027292e-01 -5.496873e-01 6.830630e-01 1.510309e-01 -5.962411e-02 
-1.540664e+00 -7.020756e+00 2.344851e+00 -1.717162e+00 -1.595848e+01 -8.960746e+00 -2.393284e+01 3.484761e+00 -2.558423e+00 -8.581735e+00 -7.423380e+00 -5.833766e+00 1.963783e+01 -5.318064e+00 3.864451e+00 5.916029e+00 -1.186373e+00 2.223534e-01 2.659953e+00 3.894334e+00 -4.454970e+00 8.755090e-01 -1.904705e+00 4.771306e-01 1.261617e+00 -3.138590e-01 -2.019094e+00 3.947279e-02 -2.416592e-01 -3.589109e-01 1.995159e+00 5.095131e-01 1.445825e+00 5.887688e-01 3.918173e-01 -1.185620e-01 7.610890e-01 4.217598e-01 -3.943548e-02 
-9.695501e+00 -9.338970e-01 1.142941e+01 -5.240156e+00 -1.404538e+01 -1.141934e+01 -1.231715e+01 -4.095311e+00 5.732321e-03 -1.286800e+01 -4.671874e+00 -3.198666e+00 1.914820e+01 -8.150558e+00 2.548552e+00 4.818409e+00 -9.836192e-01 2.760337e+00 3.397434e+00 4.712239e+00 -2.220482e+00 1.188999e+00 -2.390580e+00 1.593276e+00 1.595573e+00 -2.886526e-01 -7.983069e-01 -3.702877e-01 -2.076376e+00 3.151262e-01 1.644451e+00 1.156241e-01 5.233781e-01 1.482062e+00 -5.004153e-01 1.140521e+00 2.985714e-01 1.289806e-01 -1.627050e-02 
-2.203803e+01 9.856879e-01 1.883616e+01 -5.434013e+00 -6.336576e+00 -2.035263e+00 -1.064416e+01 -3.724232e+00 3.902778e-01 -2.122545e+01 -1.364519e+00 5.029305e-01 1.895705e+01 -7.679527e+00 2.057948e+00 8.536402e-01 -9.614547e-01 4.640235e+00 2.271996e+00 5.674253e+00 5.225970e-01 7.012999e-01 5.608901e-01 1.932016e+00 1.614092e+00 -3.251287e-01 1.102384e+00 -3.160525e-01 -3.349796e+00 8.260940e-01 4.323360e-01 -6.158082e-01 -6.019592e-01 1.109714e+00 -1.116572e+00 2.267946e+00 -5.938866e-01 -3.790516e-01 -1.927493e-02 
-3.083141e+01 -1.856906e+00 1.450341e+01 -3.730002e+00 -1.700446e+00 1.660310e+00 -6.844144e+00 2.959467e+00 1.939358e+00 -1.619341e+01 1.270861e+00 1.032350e-01 1.884904e+01 -5.033940e+00 2.251680e+00 -3.864409e+00 8.662297e-01 3.610889e+00 1.882871e+00 3.776197e+00 8.109305e-01 -2.318853e+00 4.255075e+00 2.886859e-01 5.967790e-01 -3.392374e-01 2.520508e+00 -1.607804e-02 -2.738223e+00 9.002321e-01 -7.260543e-01 -9.191511e-01 -1.371275e+00 3.130227e-02 -1.015114e+00 1.801019e+00 -1.223448e+00 -4.083470e-01 -3.053451e-02 
-2.937045e+01 3.730684e+00 5.076028e+00 -7.279010e+00 1.070210e+00 -4.140433e+00 1.701700e+00 2.570183e+00 -1.865855e-02 -4.114926e+00 -7.350755e-01 5.854378e-01 1.816194e+01 -1.364329e+00 2.432691e+00 -6.491454e+00 2.019158e+00 1.958670e+00 3.381866e-01 1.352611e+00 -4.221472e-01 -2.953194e+00 6.112162e+00 -1.839990e+00 -1.342870e-01 -3.849185e-01 2.427455e+00 -3.344720e-01 -8.580969e-01 8.517672e-01 -1.270015e+00 -5.683843e-01 -1.547139e+00 -3.716898e-01 -1.942334e-01 7.512530e-02 -8.969920e-01 -2.767802e-01 -4.384384e-02 
-3.119918e+01 8.951916e+00 -1.012329e+00 1.370310e-02 3.056781e-01 -9.522794e-01 3.911014e-01 -3.187694e+00 -1.138377e+01 -1.482177e-01 -3.543165e+00 -2.560093e-01 1.784948e+01 1.294274e+00 2.280731e+00 -5.200418e+00 2.027218e+00 4.708871e-01 -2.314135e-01 1.659611e-02 -1.591635e+00 -2.059488e+00 3.838782e+00 -2.638143e+00 4.280518e-01 -4.115013e-01 1.501454e+00 -8.455396e-01 9.123476e-01 1.312002e-01 -9.907906e-01 -4.206428e-01 -9.089153e-01 -1.042268e-01 1.051207e+00 -1.371785e+00 5.902587e-02 8.834503e-02 -7.209108e-02 
-2.867607e+01 7.744941e+00 -5.863203e+00 2.789802e+00 2.453774e+00 9.618154e-01 -7.498246e+00 -2.761462e+00 -7.714238e+00 1.312741e+00 -8.157484e+00 1.109643e-02 1.753243e+01 1.293461e+00 3.710877e-01 -2.768695e+00 2.716960e+00 -1.396784e-01 4.872408e-01 -1.815354e-01 -1.345829e-01 -3.996668e-01 1.144752e+00 -1.089554e+00 3.144575e-01 -5.081973e-01 3.905318e-01 -9.731603e-01 1.617128e+00 -3.814018e-01 -6.012404e-01 -3.254235e-02 2.988664e-02 2.067767e-01 1.240155e+00 -1.534661e+00 7.901921e-01 4.994949e-02 -7.736988e-02 
-2.470667e+01 7.539447e+00 -6.028650e+00 1.371541e+00 -3.822882e-02 -2.047957e+00 -2.161211e+00 -2.333089e+00 -4.510212e+00 2.867476e-01 -8.208521e+00 2.530943e+00 1.710651e+01 1.144382e+00 -9.451551e-01 -1.164188e+00 1.173257e+00 -2.938582e-01 -2.947746e-01 -1.361879e-03 1.459301e-01 1.660244e+00 -1.200566e-01 2.084672e-01 8.140677e-01 -6.381003e-01 -3.091831e-01 -8.042420e-01 1.156208e+00 -6.099655e-01 -1.349077e-01 2.530099e-01 3.283179e-01 2.073473e-01 6.637381e-01 -8.089427e-01 8.579665e-01 -1.792688e-01 -2.823205e-02 
-2.615014e+01 6.292747e+00 -6.259447e+00 5.627162e+00 5.433266e-01 -1.156383e+00 2.070081e+00 1.469798e+00 -5.454191e+00 1.391428e+00 -3.850120e+00 7.642574e-01 1.599261e+01 6.631814e-01 -8.201833e-01 -4.238670e-01 5.390524e-01 -6.651202e-01 2.071798e-01 1.510968e+00 -2.571471e-01 1.387600e+00 4.182686e-01 6.877046e-01 -7.761786e-02 -6.584030e-01 -2.108979e-01 -1.717665e-01 6.829973e-01 -6.440243e-01 1.634843e-01 3.246502e-01 3.221296e-01 -2.246336e-01 -8.176028e-03 -3.305271e-01 1.716225e-01 -2.176293e-01 8.343719e-02 
-2.674017e+01 4.952863e+00 -6.635463e+00 4.461503e+00 -2.084187e-01 -1.367167e+00 -4.400250e+00 -4.574018e+00 -4.212851e+00 -7.877696e-01 -4.654122e+00 3.437882e+00 1.542878e+01 6.340944e-02 -1.144732e+00 -5.915588e-01 6.629506e-02 5.911432e-02 1.173565e+00 8.119420e-01 -4.935575e-01 3.655830e-01 1.573717e-01 7.631977e-01 -2.721193e-01 -4.775712e-01 3.320459e-03 2.743943e-01 5.984953e-01 -2.701517e-01 3.101153e-01 3.880060e-01 3.687950e-01 7.107648e-02 -3.589153e-01 -8.804084e-02 -1.240789e-01 -3.152807e-01 1.696951e-01 
-2.434285e+01 4.937169e+00 -7.679493e+00 3.939936e+00 -7.864469e-01 1.657303e+00 1.175783e+00 -2.926922e+00 -9.247535e-01 3.941330e+00 -6.496226e+00 -8.303506e-01 1.507945e+01 7.793123e-01 -3.876815e-01 3.599020e-01 5.042734e-02 5.013128e-01 1.376373e+00 1.022392e+00 -9.380450e-01 2.066731e-01 -6.465091e-01 -5.090058e-01 -2.304709e-01 -1.713098e-01 1.617346e-01 3.642989e-01 6.573052e-01 -6.020850e-02 3.210668e-03 -1.806026e-01 -2.755539e-01 2.641269e-01 -3.660204e-01 -2.976849e-01 -1.506192e-01 -5.494701e-02 1.780907e-01 
-2.529275e+01 2.493793e+00 -8.276452e+00 2.546432e+00 9.220652e-01 2.412920e+00 2.345019e+00 -2.602964e+00 -4.947172e+00 -2.015501e-01 -3.069418e+00 1.967517e+00 1.517524e+01 1.103299e+00 2.105325e-01 1.436369e+00 6.692473e-02 6.734403e-01 1.060606e+00 2.086959e+00 8.416998e-01 4.562237e-01 -2.793114e-02 1.864531e-01 -6.858723e-01 -3.314806e-02 6.348147e-01 5.319017e-01 5.873991e-01 -1.341746e-01 -8.486696e-01 -1.105766e+00 -7.822431e-01 -3.152614e-02 -2.441498e-01 -3.402753e-01 -3.295094e-01 -2.493048e-01 2.153512e-01 
-2.297722e+01 5.583569e+00 -3.639259e+00 6.836461e+00 2.484637e+00 3.835296e+00 3.809559e+00 -4.206152e+00 -4.053532e+00 -2.134632e+00 -7.187431e+00 3.469048e-01 1.526252e+01 9.519831e-01 3.234712e-01 1.848548e+00 2.378176e-01 -9.563866e-01 -6.393651e-01 -5.044824e-01 3.959303e-01 -4.877095e-01 -9.774393e-01 2.231048e-01 -1.454672e-01 9.866181e-03 9.983791e-01 -6.643925e-02 1.815335e-01 -5.153148e-01 -1.534188e+00 -1.736828e+00 -1.430633e+00 -2.391281e-01 -4.333383e-01 -3.052862e-01 -1.438417e-01 -3.280909e-01 2.975097e-01 
-2.190660e+01 5.682638e+00 -1.473404e+00 3.347455e+00 1.523021e+00 2.846848e+00 4.718233e+00 2.741003e-01 -3.673961e-01 2.110542e+00 -3.376743e+00 -5.802601e-01 1.517131e+01 3.151147e+00 1.159080e+00 1.601393e+00 -6.982520e-01 -3.455569e+00 -3.347400e+00 -2.335900e+00 -1.318173e+00 -5.079160e-01 -1.378854e+00 -1.250337e+00 -1.561257e+00 5.086593e-01 1.080621e+00 -7.597282e-01 -2.280764e-02 -6.727507e-01 -1.528945e+00 -1.680854e+00 -1.569240e+00 -5.025395e-01 -4.877706e-01 -2.237612e-01 -6.592964e-02 -3.120257e-01 3.797524e-01 
-2.127597e+01 4.960219e+00 -1.838529e+00 4.728371e+00 -5.868774e+00 -1.755999e+00 -2.533186e+00 -2.385564e+00 -5.652950e+00 -2.101408e+00 -5.226983e+00 -2.836187e-01 1.513051e+01 4.746878e+00 -1.194067e+00 1.185403e+00 -2.143474e+00 -5.105224e+00 -5.103851e+00 -3.919468e+00 -1.053686e+00 -1.478118e+00 -1.497730e+00 -5.098126e-01 -1.433239e+00 1.045305e+00 5.398778e-01 -1.203769e+00 8.347129e-03 -7.218606e-01 -5.828622e-01 -7.525568e-01 -4.876637e-01 8.899484e-02 -2.931070e-02 4.150354e-01 4.248938e-01 -2.248744e-01 3.294633e-01 
-1.038762e+01 8.600270e+00 -1.170516e+00 1.089532e-01 -1.217903e+01 -1.152891e+01 -6.163088e+00 -1.010432e+01 -6.687227e+00 -7.112033e+00 -1.030137e+01 -5.523641e+00 1.778467e+01 4.608782e+00 -2.829185e+00 1.653988e+00 -2.106197e+00 -4.896859e+00 -5.111382e+00 -4.051853e+00 -9.459937e-01 -1.487355e+00 -8.866665e-01 2.233353e-01 -1.602137e+00 1.347781e+00 -8.362537e-01 -1.269773e+00 -1.358924e-02 -3.086828e-01 5.486937e-01 6.194430e-01 4.994455e-01 7.863845e-01 2.622997e-01 7.438627e-01 8.995994e-01 2.497323e-01 4.053284e-02 
-5.002394e+00 -1.846607e+00 2.135837e+00 -2.261808e+00 -1.619039e+01 -1.449592e+01 -1.034766e+01 -4.285401e+00 -8.284570e+00 -5.011523e+00 -6.273961e+00 -4.347349e+00 1.918245e+01 2.922750e+00 -3.701065e+00 1.864174e+00 -2.667613e+00 -3.150115e+00 -3.520085e+00 -2.084785e+00 6.547766e-01 -1.444873e-01 8.518443e-01 1.610680e+00 -1.249321e+00 1.237665e+00 -1.631673e+00 -2.352114e-01 -2.163086e-01 1.668501e-01 1.239398e+00 1.513274e+00 1.228158e+00 6.945671e-01 5.198296e-01 5.426322e-01 4.449413e-01 3.251234e-01 -2.322804e-01 
-6.999785e+00 -5.059975e+00 4.809445e+00 -3.688041e+00 -1.780058e+01 -1.634020e+01 -1.163430e+01 -3.505761e+00 -6.488467e+00 -8.677682e-01 -1.736934e+00 -6.558997e+00 1.988440e+01 -1.178035e-01 -3.936225e+00 1.193978e+00 -1.979633e+00 -1.689681e+00 -1.042123e+00 -7.558942e-01 1.759521e+00 1.369606e-01 1.165642e+00 2.187425e+00 -4.045749e-01 6.151626e-01 -1.381879e+00 5.409652e-01 -4.545359e-01 4.447388e-01 1.291714e+00 1.743437e+00 1.333235e+00 5.660570e-01 3.910345e-01 4.193503e-02 -1.417914e-01 4.695005e-01 -3.581013e-01 
-8.356386e+00 -6.714721e+00 4.492554e+00 -6.710867e+00 -1.880805e+01 -1.695050e+01 -1.022127e+01 -2.410731e+00 -6.474975e+00 -9.643786e-01 -1.456236e+00 -6.012586e+00 2.026908e+01 -1.047867e+00 -1.816519e+00 3.337954e-01 -1.372630e+00 -5.117952e-01 4.277749e-01 5.734422e-01 1.066443e+00 3.088604e-01 1.893827e-01 7.328852e-01 -4.063672e-01 2.503158e-01 -6.555876e-01 8.674725e-01 -4.212473e-01 6.387707e-01 9.081396e-01 1.197664e+00 8.280609e-01 1.323641e-01 5.625162e-02 -3.906989e-01 -5.786231e-01 3.125932e-01 -3.111256e-01 
-9.300085e+00 -8.646567e+00 3.621751e+00 -7.564761e+00 -1.931818e+01 -1.551209e+01 -1.000563e+01 -2.244201e+00 -6.907783e+00 -3.307508e+00 -1.773177e+00 -6.713738e+00 2.031730e+01 -3.150835e-01 -1.066517e+00 1.462854e-01 -5.298779e-01 2.425233e-01 1.631894e+00 1.285231e+00 1.678367e+00 2.410242e-01 -3.456362e-01 -4.694167e-02 3.239308e-01 5.090177e-02 6.310070e-02 7.656537e-01 -1.371841e-01 4.653375e-01 5.000985e-01 2.437163e-01 4.004315e-01 -1.742453e-01 -8.205707e-02 -3.501975e-01 -4.830555e-01 4.735945e-02 -1.644421e-01 
-9.091941e+00 -9.136027e+00 4.398679e+00 -7.186697e+00 -1.799061e+01 -1.277090e+01 -8.294309e+00 4.154636e-01 -6.530503e+00 -2.844565e+00 -2.591233e+00 -6.301844e+00 2.021758e+01 -2.567130e-01 -7.985239e-01 2.819633e-01 -1.986707e-01 4.243938e-01 1.131368e+00 1.035155e+00 1.357213e+00 8.456801e-02 -3.460870e-01 -1.651950e-01 -5.056347e-02 -3.590097e-02 2.844341e-01 2.622609e-01 5.947509e-02 3.230389e-01 3.387858e-02 -4.573923e-01 -8.504035e-02 -2.817555e-01 -3.670440e-01 -7.945314e-02 -1.000152e-02 -1.004127e-01 -8.570927e-02 
-8.207471e+00 -9.182619e+00 5.587410e+00 -6.099504e+00 -1.699637e+01 -1.027088e+01 -6.171474e+00 3.472980e+00 -5.255431e+00 -1.655951e+00 -1.403721e+00 -4.794559e+00 2.016456e+01 -1.981391e-01 -6.168250e-01 5.340728e-01 -2.399771e-01 3.428597e-01 -1.753235e-01 1.015416e+00 7.428535e-01 -1.610855e-01 -3.175326e-01 2.211454e-01 -3.456868e-01 -6.386022e-02 2.321874e-01 1.931147e-01 3.275881e-02 3.776963e-01 -3.587722e-01 -7.145327e-01 -4.144135e-01 -5.421996e-01 -6.682282e-01 2.423743e-02 3.229474e-01 -2.980255e-01 -6.114036e-02 
-1.018625e+01 -1.043913e+01 4.919397e+00 -8.437117e+00 -1.784732e+01 -1.391468e+01 -6.962146e+00 1.516919e+00 -6.878202e+00 -3.520838e+00 -2.466971e+00 -7.224835e+00 2.016609e+01 3.158059e-01 -7.301075e-01 4.374594e-01 9.765270e-02 -3.924854e-01 -9.555211e-01 2.831461e-01 1.255455e-01 -1.325125e+00 -2.218003e-01 5.487050e-01 -5.735582e-01 -1.208111e-01 3.546776e-01 3.957290e-01 1.091520e-01 6.465974e-01 -3.188588e-01 -3.543131e-01 -4.928417e-01 -3.803636e-01 -8.737344e-01 1.832838e-01 5.133992e-01 -1.233030e-01 -8.068318e-02 
-9.743448e+00 -1.107915e+01 6.031888e+00 -8.139198e+00 -1.767580e+01 -1.581675e+01 -5.594644e+00 9.198735e-01 -7.539351e+00 -4.557323e+00 -7.298980e-01 -7.980564e+00 2.002361e+01 5.596603e-01 -1.349876e-01 2.322275e-01 1.210408e+00 -1.142872e+00 -8.973536e-01 -4.106853e-01 -4.167626e-01 -2.395350e+00 -2.867240e-01 1.210855e+00 -9.047825e-01 -2.123454e-01 3.733023e-01 7.731092e-01 2.912154e-01 8.231698e-01 1.028250e-01 4.281541e-02 -3.406582e-01 -2.548780e-01 -9.654986e-01 3.433166e-01 3.392930e-01 6.723868e-03 -1.376550e-01 
-6.744823e+00 -1.183836e+01 6.363301e+00 -5.678642e+00 -1.961315e+01 -1.477552e+01 -7.167002e+00 2.319584e+00 -1.201430e+01 -2.502713e+00 -1.847743e-01 -7.576695e+00 1.968409e+01 1.137670e+00 9.392191e-01 9.786468e-01 2.309059e+00 -4.268425e-01 -2.791940e-01 -7.158226e-01 3.516079e-02 -3.167094e+00 5.550290e-01 1.906890e+00 -3.875059e-01 -3.650459e-01 2.006581e-01 1.456311e+00 3.405509e-01 7.107586e-01 9.264051e-01 3.424940e-01 -1.433247e-01 -6.404082e-01 -9.686942e-02 1.414478e-01 -2.759733e-01 1.962166e-01 -2.425853e-01 
-7.129523e+00 -9.158097e+00 6.025664e+00 -1.427216e+00 -2.182782e+01 -1.432689e+01 -8.122397e+00 9.878778e-01 -1.466408e+01 -3.599088e+00 3.509788e+00 -9.142731e+00 1.934370e+01 1.257462e+00 2.413782e+00 1.719540e+00 2.770356e+00 8.742841e-01 -2.994488e-01 -1.885108e-01 -4.863780e-01 -4.067439e+00 1.010546e+00 1.238401e+00 -4.051723e-01 -6.300136e-01 -1.317955e-01 1.541830e+00 -2.161266e-02 1.796221e-01 1.514564e+00 5.994219e-01 -5.371959e-02 -9.725257e-01 1.132133e+00 -1.657943e-01 -1.118142e+00 5.430715e-01 -3.875841e-01 
-5.804510e+00 -6.703932e+00 9.815911e+00 -2.481297e-01 -1.790552e+01 -1.605492e+01 -9.277856e+00 1.658283e+00 -1.915148e+01 -1.224921e+00 4.948041e+00 -8.581552e+00 1.868060e+01 9.702874e-01 5.276958e+00 1.396733e+00 2.871481e+00 3.231081e+00 4.580272e-01 -5.447023e-01 -3.041764e+00 -9.733877e-01 -1.631887e-01 -8.447486e-01 1.577639e-01 -1.124849e+00 -7.392241e-01 8.398433e-01 -7.762409e-01 -4.026885e-01 1.252590e+00 7.574661e-01 -2.517728e-02 -9.257895e-01 2.124138e+00 -4.666536e-01 -1.338665e+00 9.207969e-01 -5.129838e-01 
-3.926139e+00 -1.577355e+00 1.290288e+01 2.997086e+00 -1.415870e+01 -1.667391e+01 -5.482033e+00 -1.181834e+00 -2.430833e+01 -1.438462e-01 2.896246e+00 -9.504222e+00 1.737511e+01 -1.550257e-02 5.405368e+00 -8.505316e-02 1.827360e+00 4.601092e+00 1.731350e+00 -7.649474e-01 -3.741124e+00 2.168293e+00 -7.566689e-01 -3.003968e+00 1.537879e+00 -1.770407e+00 -9.050324e-01 -8.000026e-01 -1.729833e+00 -7.600048e-01 4.604107e-01 8.316556e-01 3.811717e-01 1.438342e-01 2.395818e+00 -2.480156e-01 -5.520259e-01 9.506873e-01 -2.753251e-01 
-3.495749e+00 1.075576e+01 9.908230e+00 6.466790e+00 -7.292020e+00 -1.131178e+01 -1.121141e+01 -1.180443e+01 -1.205893e+01 -5.046058e+00 -4.101972e+00 -6.607153e+00 1.504410e+01 -1.921797e+00 3.642528e+00 -2.000170e+00 7.671194e-01 3.972579e+00 2.492851e+00 -5.536071e-01 -2.966380e+00 4.335587e+00 -8.946316e-01 -2.665228e+00 3.244952e+00 -2.359874e+00 -6.972315e-01 -2.722719e+00 -2.108385e+00 -7.157112e-01 -3.549951e-01 2.775450e-01 9.629422e-01 1.589287e+00 1.239794e+00 3.253869e-01 8.301733e-01 6.063524e-01 2.870644e-01 
-8.362027e+00 9.139264e+00 5.554736e+00 4.352406e+00 -4.129399e+00 -8.042113e+00 -1.098020e+01 -1.098624e+01 -7.369133e+00 -5.471406e+00 -6.985136e+00 -2.440369e+00 1.230986e+01 -1.821733e+00 -7.691289e-01 -5.231288e+00 2.234399e-02 2.805462e+00 2.841597e+00 1.721714e+00 1.950327e-01 5.257149e+00 1.361814e-01 -6.113538e-01 2.804571e+00 -1.389129e+00 -2.431946e-01 -2.789088e+00 -1.431515e+00 -3.510413e-01 -6.302735e-01 -4.524003e-01 1.045728e+00 1.899834e+00 -9.621134e-03 6.804995e-01 1.684814e+00 1.338107e-01 8.470110e-01 
-1.319559e+01 6.150519e+00 3.488978e+00 2.910228e+00 -3.056674e+00 -7.907158e+00 -9.296425e+00 -8.271418e+00 -5.943565e+00 -3.034289e+00 -3.437395e+00 4.111104e+00 9.413925e+00 -1.612861e+00 -5.249546e+00 -6.572061e+00 1.955036e-01 2.354034e+00 1.290679e+00 3.026563e+00 2.936701e+00 3.681329e+00 1.017309e+00 2.109857e+00 2.556217e+00 1.198106e-01 -2.046199e-01 -1.306392e+00 1.881059e-01 -1.591487e-02 -6.915529e-01 -1.116600e+00 5.026660e-01 1.408049e+00 -8.488665e-01 3.524845e-01 1.068580e+00 -4.481776e-01 1.001079e+00 
-8.184343e+00 -3.120282e+00 -1.004399e+01 4.886981e+00 -2.248933e+00 -4.168493e+00 2.168915e+00 -1.973255e+00 -1.080440e+00 -4.682122e-01 -4.928395e-01 -8.403029e-01 1.324462e+01 -1.386090e+00 -4.094030e+00 -4.956692e+00 3.579589e-01 2.258996e+00 7.046023e-02 2.673488e+00 2.806573e+00 2.447288e+00 1.689990e+00 3.032717e+00 2.551352e+00 1.224846e+00 -7.425724e-01 8.365541e-01 1.861501e+00 -3.896585e-01 -1.064134e+00 -1.077408e+00 -4.197178e-01 2.547112e-01 -1.294080e+00 -2.230068e-01 -1.700677e-02 -5.311638e-01 4.388582e-01 
-1.164889e+01 -9.362121e+00 -1.515263e+01 7.176759e+00 3.537962e+00 -6.794778e+00 -2.653584e+00 -1.627343e+00 3.203532e+00 -2.461184e+00 3.201723e+00 5.374077e+00 1.517567e+01 -3.162831e+00 -1.227072e+00 -1.196965e+00 5.197845e-01 7.881349e-01 -1.704687e+00 1.483957e+00 2.768111e+00 1.496138e+00 9.094524e-02 8.556336e-01 1.130613e+00 1.338490e+00 -7.015563e-01 1.952249e+00 2.243894e+00 -7.533392e-01 -1.631096e+00 -1.391797e-01 -4.989038e-01 -6.298512e-01 -1.279087e+00 -3.257690e-01 -8.366784e-01 -8.625835e-01 -2.116706e-01 
-1.606561e+01 -3.574920e+00 -9.907586e+00 4.008750e+00 3.867760e+00 -8.245549e+00 -9.344718e-01 -2.758243e-01 2.937522e-01 2.691515e+00 4.858913e+00 9.685009e+00 1.555316e+01 -4.759782e+00 1.402491e+00 1.388539e+00 -2.088063e+00 -1.732071e+00 -1.047706e+00 3.944559e-01 1.552854e+00 -1.206725e-01 -5.156099e-01 -6.930147e-02 8.616049e-01 1.957737e-01 -8.854720e-02 1.151220e+00 1.259233e+00 -6.672892e-01 -1.535259e+00 7.196545e-01 -5.378653e-01 -1.019034e+00 -9.668835e-01 -9.784704e-02 -7.752258e-01 -1.112557e+00 -5.081262e-01 
-2.506938e+01 2.426702e-01 -2.564630e+00 5.948579e+00 -2.174420e+00 -1.439203e+01 -3.246962e-01 4.720083e+00 8.500717e-01 -4.159515e+00 -1.835308e+00 4.501490e+00 1.495224e+01 -3.433939e+00 1.763654e+00 1.474862e+00 -2.348243e+00 -3.805806e+00 1.153830e+00 1.671551e+00 4.142636e-01 -1.430199e+00 4.911574e-01 -5.224908e-01 -9.118661e-01 -4.239754e-01 8.780513e-01 -1.217708e-01 -1.726920e-01 -2.350178e-01 -5.745187e-01 9.408951e-01 -5.648921e-01 -1.306013e+00 -5.476221e-01 4.260601e-01 -6.541706e-02 -7.584570e-01 -3.527102e-01 
-2.527244e+01 -9.103559e-01 -9.395165e+00 -4.939300e+00 -8.053465e+00 -5.608574e+00 2.976958e+00 2.617304e+00 -5.069950e-01 -2.197145e+00 1.679519e+00 3.904033e+00 1.433539e+01 -1.693400e+00 1.666979e-01 3.556743e-03 -1.544405e+00 -3.120373e+00 2.239537e+00 -1.097035e-01 -1.111635e+00 -9.240260e-01 1.000778e+00 -1.545914e-01 -1.990201e+00 -4.344709e-01 1.138378e+00 -7.035927e-01 -6.459031e-01 8.245890e-01 7.579571e-01 7.324529e-02 -7.363985e-01 -8.314043e-01 -6.911133e-02 3.596216e-01 8.249062e-02 -4.338624e-01 3.306389e-02 
-2.421537e+01 -1.876524e+00 -8.034763e+00 -9.035864e-02 -9.530501e+00 -2.343923e+00 3.748461e+00 -1.002989e+00 -3.547032e+00 2.438405e+00 2.179154e+00 3.705309e+00 1.366465e+01 -3.059313e-01 -1.218133e+00 -1.367896e+00 -9.272006e-01 -1.390380e+00 1.356248e+00 -1.088340e+00 -2.429841e+00 -8.404576e-01 1.463208e+00 5.712953e-01 -1.235751e+00 -1.098855e-01 7.577235e-01 -2.809678e-01 -4.431836e-01 7.485157e-01 1.359364e+00 -7.927582e-01 -6.822187e-01 4.248698e-02 3.359399e-01 -2.460427e-01 -1.621807e-01 1.251656e-01 2.093985e-01 
-2.495882e+01 -1.681819e+00 -7.155144e+00 -6.937489e-01 -8.055670e+00 -3.072148e+00 -3.520328e+00 -2.972436e+00 -2.127691e+00 4.396404e+00 2.078931e+00 1.321287e-01 1.402446e+01 -6.319518e-01 -6.247324e-01 -4.194841e-01 1.324379e+00 8.498411e-01 -7.825766e-01 -1.907728e+00 -1.182019e+00 -7.610749e-01 7.965389e-01 -2.035755e-01 -1.145797e+00 2.041185e-01 4.528233e-01 4.111517e-01 2.393192e-01 4.240111e-01 9.483913e-01 -1.024461e+00 6.520711e-01 5.834048e-01 3.511135e-01 -5.720268e-01 -5.687702e-01 5.400965e-01 1.297110e-01 
-2.675540e+01 -5.462136e+00 -1.052373e+01 -8.099791e-01 -9.124867e+00 -8.878903e+00 -2.517612e+00 -4.633990e+00 -2.541816e+00 -1.403490e-01 8.211525e-01 2.088574e-01 1.455817e+01 -1.761739e-01 7.544260e-01 -5.298177e-01 -3.999348e-02 1.006072e+00 -1.298943e+00 -8.404897e-01 6.619561e-01 1.679921e-01 -6.370411e-01 -1.308657e+00 -7.081474e-01 3.036534e-01 6.304201e-01 4.778127e-01 1.012043e+00 1.407470e-01 3.978910e-01 -3.916999e-01 1.686856e+00 7.681808e-01 6.065360e-01 -2.785947e-01 -7.381492e-01 4.190997e-01 -1.017142e-01 
-2.716153e+01 -2.241412e+00 -1.024782e+01 2.042068e+00 -4.006827e+00 -6.253621e+00 -3.428083e+00 -1.476877e+00 -4.815357e+00 3.074897e+00 1.340388e+00 -7.654762e-02 1.490903e+01 5.061709e-01 1.236263e+00 7.812278e-01 1.321587e-01 4.235392e-01 -1.554984e+00 3.026563e+00 2.595199e-01 3.273349e-01 -8.092691e-01 -2.058286e+00 4.465717e-01 7.285327e-03 1.133076e+00 -8.566276e-02 1.049685e+00 -1.096195e-01 -2.020501e-01 4.066994e-01 1.733521e+00 4.533540e-01 7.930149e-01 7.854877e-02 -7.743420e-02 3.903643e-01 -3.705683e-01 
-2.399481e+01 2.175987e+00 -9.137918e+00 -1.658418e+00 -6.524843e+00 -7.248082e+00 -5.002013e-01 1.559221e+00 -1.363789e+00 -8.570508e-02 -3.995092e+00 2.688919e-01 1.474080e+01 2.277217e+00 2.404432e-01 3.092327e+00 3.726932e-01 8.122362e-01 -2.158330e-01 4.878907e+00 6.904176e-01 1.647975e+00 8.731849e-01 -2.192215e+00 6.354292e-02 -5.199832e-01 9.438305e-01 -5.098225e-01 8.353569e-01 2.516530e-01 -1.380083e-01 8.649532e-01 3.110789e-01 1.216930e-01 4.912286e-01 5.614323e-01 7.902490e-01 2.849078e-01 -5.077893e-01 
-2.380923e+01 6.801433e-01 -3.942147e+00 3.913465e-01 -7.238229e+00 -1.166286e+01 1.060395e+01 -4.771605e+00 -1.079921e+00 3.230311e-01 -5.804651e+00 2.334787e+00 1.396969e+01 3.806645e+00 -7.962892e-01 3.017818e+00 5.697803e-01 -6.344320e-02 7.095238e-01 3.900122e+00 1.070674e+00 2.463742e+00 4.340486e-01 -1.489438e-01 4.202000e-01 -1.236858e+00 2.919677e-01 -2.346267e-01 -1.082485e-01 5.912627e-02 2.733910e-02 1.022891e+00 -1.719719e+00 3.962320e-01 1.197159e-01 3.824254e-01 1.225144e+00 -4.913693e-02 -4.680297e-01 
-1.704597e+01 -5.721579e+00 1.784716e+00 1.879261e+00 -3.447757e+00 -7.253760e+00 1.486040e+01 4.652620e-01 3.830429e+00 5.601630e+00 -6.567233e+00 -6.791406e-01 1.242812e+01 2.892446e+00 -7.784115e-01 2.528463e+00 9.993422e-01 5.594293e-01 1.893518e+00 2.781000e-01 8.647767e-01 1.555891e+00 1.548270e+00 1.687902e+00 7.295760e-01 -1.613147e+00 -7.675448e-01 4.335913e-01 -8.389772e-01 -1.142639e-01 6.375725e-02 4.958648e-01 -2.404734e+00 9.641327e-02 -5.890484e-01 -2.694848e-01 9.500030e-01 -6.226211e-02 -1.974628e-01 
-1.160208e+01 -2.274271e+00 -6.202348e-01 3.122547e+00 -5.862601e+00 -2.703359e+00 8.392460e+00 4.423434e+00 4.906741e+00 2.401684e+00 1.881814e+00 2.498518e+00 9.881088e+00 1.658327e+00 5.725552e-01 5.220676e-01 1.145279e-01 6.866019e-01 2.504796e+00 -3.271497e+00 2.153496e+00 9.719229e-01 7.652794e-01 2.127376e+00 -1.322387e-01 -1.786236e+00 -1.482745e+00 5.111432e-01 -6.086026e-01 -2.083556e-01 2.078514e-01 -3.546848e-01 -1.217703e+00 -2.205250e-01 -8.828867e-01 -4.949117e-01 1.336347e-01 -2.969055e-01 1.985601e-01 
-1.563578e+01 -2.389426e-01 1.843322e+00 1.973253e+00 -4.415988e+00 -2.260411e+00 1.996405e+00 1.286133e+00 3.422530e+00 6.616257e+00 6.011060e-01 3.835330e+00 8.719399e+00 -4.863307e-01 1.723945e+00 1.451420e-01 2.901851e-02 7.561709e-01 1.365856e+00 -3.558973e+00 6.311868e-01 -5.513601e-01 -6.395959e-01 1.419815e+00 2.855143e-02 -1.232557e+00 -1.064493e+00 1.721369e-01 -3.214667e-01 -1.535261e-01 7.413022e-02 -8.626460e-01 4.643991e-01 -2.601280e-01 -5.613506e-01 -7.712265e-01 -2.707906e-01 -1.795488e-01 4.594680e-01 
-1.622242e+01 8.022630e-01 -1.361377e+00 9.166904e-01 -3.321217e+00 -1.635073e+00 6.786184e-01 5.585398e+00 3.983521e+00 3.641444e+00 1.247932e+00 -5.834705e-01 6.892642e+00 -1.917729e+00 5.084363e-01 1.166157e+00 1.315079e-02 8.773609e-01 -8.001048e-01 -2.696928e-01 8.490442e-02 -8.968915e-01 -9.464803e-01 6.532428e-01 -7.136948e-01 -4.342988e-01 -2.427063e-01 -1.017747e+00 1.093227e-01 -1.526661e-01 -4.305938e-01 -7.706660e-01 1.109316e+00 -2.198972e-01 -5.526198e-01 -5.781195e-01 -4.613563e-01 2.796917e-02 7.959639e-01 
-1.716724e+01 1.359894e+00 2.881647e+00 3.127163e+00 -9.376777e-01 -9.586263e-01 9.224089e-01 3.040323e+00 1.535092e+00 1.783553e+00 8.488895e-01 1.004396e+00 7.759544e+00 -6.419175e-01 1.144401e-01 5.990534e-01 2.823983e-01 8.346282e-01 -7.673856e-01 1.099418e+00 5.984945e-01 -3.165314e-01 -1.451893e+00 1.071048e+00 1.226871e-01 8.231640e-03 7.217298e-01 -1.938721e+00 1.145294e-01 -4.695160e-01 -9.572476e-01 -8.910050e-02 5.894927e-01 7.616754e-01 -3.441632e-01 -1.851746e-01 -5.009388e-01 -2.991805e-01 8.857878e-01 
-2.042534e+01 -5.312452e-01 4.691713e+00 2.611470e+00 -3.215400e+00 -7.354643e+00 7.580824e+00 3.971500e+00 1.365913e+00 8.609527e-02 5.024596e+00 3.452996e-01 8.189613e+00 5.226448e-01 -3.711379e+00 8.416350e-01 -7.754498e-01 -1.505588e+00 -2.817908e-01 -5.404854e-02 1.070418e+00 -1.908517e+00 -1.719102e+00 -5.218742e-03 -3.946861e-02 1.573176e+00 1.340319e+00 -1.662502e+00 -2.306484e-01 -8.575798e-01 -1.036229e+00 3.660200e-01 -4.912631e-01 7.927186e-01 -5.155889e-01 2.020258e-01 -8.596876e-01 -4.093620e-01 9.050218e-01 
-1.674362e+01 9.999106e-01 1.812204e+00 2.537620e+00 -2.957181e-01 -3.237836e+00 4.042567e+00 5.085271e+00 3.149041e+00 1.134821e+00 4.068225e+00 3.984293e+00 8.111935e+00 1.902181e+00 -5.859965e+00 8.801278e-01 -1.924222e+00 -2.838850e+00 6.612239e-01 -7.193846e-01 3.946830e+00 -1.766349e+00 -1.179123e+00 -7.557704e-01 -1.804405e+00 2.192667e+00 9.232527e-01 -7.177727e-01 -2.878366e-01 -9.194618e-01 -8.382403e-01 7.536954e-02 -5.694387e-01 1.992441e-01 -4.668768e-01 5.273717e-01 -1.067055e+00 -6.353253e-01 7.281256e-01 
-1.382115e+01 -1.757504e+01 3.381619e+00 -2.665887e+00 -1.117067e+01 -1.904316e+00 -1.151907e+00 9.914648e+00 -6.365994e+00 -4.629890e+00 -3.878089e-01 -2.270859e+00 1.458217e+01 3.511742e+00 -4.816872e+00 -1.277384e-01 -3.171476e+00 -2.467246e+00 3.158544e-01 -1.816603e+00 2.374265e+00 -2.749830e+00 -7.256614e-02 -2.731847e+00 -1.797065e+00 2.998582e+00 1.665477e-01 1.252527e+00 -5.278563e-01 -3.412795e-01 -3.658997e-02 -2.251056e-01 -3.509131e-02 -7.260054e-01 1.548801e-01 6.430734e-01 -6.421829e-01 -1.980990e-01 1.031204e-01 
-1.095790e+01 -1.941812e+01 7.936866e+00 -3.855044e+00 -1.115436e+01 -3.777169e-01 1.691517e+00 1.980258e+01 -3.431305e+00 -1.754310e+00 -2.236061e-01 -6.709565e+00 1.552675e+01 2.479988e+00 -2.921668e+00 -3.554563e-01 -3.116946e+00 -2.875771e+00 -6.893528e-01 -8.664619e-01 9.427255e-01 -2.230233e+00 3.616107e-01 -2.900813e+00 -2.175144e+00 2.936125e+00 -6.108047e-01 2.001002e+00 -5.705341e-01 3.394232e-01 2.267933e-01 -3.252109e-01 2.446486e-01 -1.619128e+00 3.294971e-01 2.991016e-01 -6.217073e-02 3.833992e-01 -3.236768e-01 
-5.758820e+00 -1.440679e+01 9.911909e-01 -1.004923e+01 -1.012176e+01 -7.205657e+00 -3.270921e-01 8.483880e+00 -9.093620e+00 1.167170e+00 -6.488829e+00 -3.293052e+00 1.947484e+01 1.066690e+00 1.082068e+00 -1.180005e+00 -1.885561e+00 -1.670194e+00 -7.320696e-01 -1.560083e-01 -1.057660e+00 -9.020875e-01 7.257541e-01 -2.143576e+00 -8.446995e-01 1.717015e+00 -1.001085e+00 1.436430e+00 -5.507203e-02 8.997591e-01 1.773526e-01 2.189155e-02 5.065179e-01 -9.934114e-01 6.695185e-01 -6.018886e-02 7.245820e-01 3.881243e-01 -6.947938e-01 
-8.375001e+00 -1.519248e+01 1.229767e+00 -9.355630e+00 -1.519879e+01 -4.033872e+00 -7.020622e-01 1.051384e+01 -6.638964e+00 4.412877e-02 -7.384918e+00 -6.380177e+00 2.034610e+01 7.093456e-02 1.195523e+00 -1.446406e+00 -8.701524e-01 -2.103333e+00 -4.409724e-01 -3.263866e-01 -2.432661e+00 -1.042956e+00 -8.278561e-02 -1.360638e+00 -3.635239e-01 1.215125e+00 -5.235409e-01 5.944694e-01 3.172488e-01 7.602557e-01 3.816550e-01 1.144026e-01 3.008491e-01 -4.398822e-01 4.849664e-01 1.245836e-02 8.715784e-01 4.122047e-01 -6.811756e-01 
-9.779549e+00 -1.427683e+01 8.350791e-01 -9.343881e+00 -1.749944e+01 -3.736903e+00 -7.350069e-01 9.270481e+00 -9.272659e+00 -1.899882e+00 -7.525082e+00 -6.658840e+00 2.075763e+01 -2.890507e-01 3.066249e-01 1.422836e-01 2.039412e-01 -1.966589e+00 3.010528e-01 4.461037e-01 -9.049680e-01 4.030592e-03 -1.514664e-01 1.208721e-01 -7.621709e-01 3.850364e-01 -1.097937e-02 -2.055356e-01 6.712182e-01 3.077296e-01 3.733679e-01 -2.840007e-02 7.326842e-02 1.468586e-01 3.151664e-01 2.774002e-01 7.414970e-01 1.463409e-01 -4.296180e-01 
-8.593298e+00 -1.350536e+01 7.832147e-01 -8.558382e+00 -1.798223e+01 -4.316811e+00 2.629167e-01 7.245881e+00 -8.555983e+00 -6.343296e-01 -6.508800e+00 -6.844402e+00 2.096099e+01 5.401356e-01 4.384727e-01 5.695168e-01 -3.603703e-01 -8.191290e-01 -6.339119e-01 3.370200e-01 -1.333173e+00 -2.583655e-01 8.625146e-01 3.247612e-01 -1.554526e-01 1.962899e-01 9.769931e-02 -5.649858e-02 6.874357e-01 2.963673e-03 4.155926e-01 -1.645114e-01 -1.798235e-01 3.796832e-01 2.507990e-01 5.052642e-01 4.961993e-01 6.926976e-02 -2.793123e-01 
-7.095114e+00 -1.371674e+01 1.926305e+00 -9.428221e+00 -1.856291e+01 -5.559135e+00 1.420772e+00 5.593430e+00 -8.114871e+00 7.488162e-01 -6.322408e+00 -6.871690e+00 2.109300e+01 7.768717e-01 4.329719e-01 1.167872e+00 -6.017864e-01 -4.453030e-01 -7.775130e-01 -1.212797e-01 -8.733013e-01 2.815816e-01 1.640246e+00 7.212442e-01 -2.169864e-01 7.843088e-02 -1.375154e-01 2.505659e-01 3.368806e-01 2.450844e-02 1.545208e-01 -1.113520e-01 -5.733538e-01 1.210082e-01 -5.303453e-02 2.974769e-01 1.867151e-01 9.569514e-02 -1.276309e-01 
-7.016707e+00 -1.328025e+01 3.532026e+00 -1.111545e+01 -1.876308e+01 -6.292370e+00 -9.468255e-02 5.686601e+00 -8.509277e+00 3.032056e+00 -6.362349e+00 -7.050831e+00 2.115977e+01 2.619063e-02 8.498308e-01 1.478102e+00 -4.523024e-01 -7.861394e-01 -7.242793e-01 -9.418558e-01 -5.499678e-01 7.244410e-02 1.547669e+00 8.201345e-01 -2.897857e-01 -2.807238e-02 -4.206519e-01 3.034854e-01 1.912640e-01 3.462178e-01 -1.247602e-01 2.356442e-01 -5.946342e-01 2.712775e-03 -1.718945e-01 -1.906870e-01 5.492523e-02 8.855504e-02 -1.049432e-01 
-6.682775e+00 -1.222482e+01 5.300082e+00 -1.107433e+01 -1.933582e+01 -6.636440e+00 -1.162089e+00 5.683923e+00 -7.888088e+00 4.468534e+00 -3.992134e+00 -7.640903e+00 2.105023e+01 -7.198126e-01 1.353843e+00 1.372342e+00 3.725673e-01 -1.210561e+00 -2.103798e-01 -1.781132e+00 -6.915063e-01 -4.265126e-01 9.931133e-01 8.067647e-01 -2.165597e-01 -1.409417e-01 -3.504084e-01 2.784145e-01 3.702659e-02 4.408255e-01 1.572588e-02 3.582134e-01 -3.680007e-01 -3.537143e-01 -3.298928e-01 -5.178316e-01 -1.109227e-01 2.534074e-01 -7.529206e-02 
-8.668321e+00 -1.000215e+01 6.486738e+00 -9.997204e+00 -2.152668e+01 -7.399405e+00 -3.154942e+00 4.450743e+00 -8.307404e+00 5.244477e+00 -3.573121e+00 -7.908972e+00 2.084207e+01 -8.147918e-01 1.495489e+00 1.423411e+00 8.834827e-01 -1.060313e+00 2.606732e-01 -1.806362e+00 -1.410609e+00 -7.636729e-01 2.326651e-01 5.566577e-01 2.870617e-01 -2.187975e-01 1.573689e-02 1.008711e-01 -2.340513e-02 2.168632e-01 4.007097e-01 2.506732e-01 -5.971852e-02 -5.921313e-01 -2.864192e-01 -6.082344e-01 -1.171306e-01 3.352385e-01 -2.713698e-02 
-9.868672e+00 -8.586734e+00 7.310863e+00 -8.124931e+00 -2.323343e+01 -6.057535e+00 -5.955238e+00 2.753848e+00 -1.034845e+01 4.608422e+00 -3.682959e+00 -7.525329e+00 2.054707e+01 -5.546669e-01 1.502194e+00 1.380154e+00 9.343601e-01 -2.295881e-01 5.209987e-01 -1.528978e+00 -2.211507e+00 -9.497172e-01 -2.912326e-01 2.984827e-01 7.615804e-01 -2.026242e-01 3.099645e-01 -2.287571e-02 -1.427209e-02 -9.448230e-02 6.622890e-01 -3.429486e-02 1.982357e-01 -5.535555e-01 -1.230620e-01 -4.657832e-01 -2.418288e-02 3.564138e-01 2.795355e-02 
-9.498075e+00 -7.622036e+00 9.643722e+00 -8.172767e+00 -2.211573e+01 -5.278869e+00 -6.729737e+00 9.900257e-02 -1.109782e+01 4.125371e+00 -3.733625e+00 -5.673246e+00 2.031752e+01 2.232638e-02 1.279754e+00 1.357287e+00 3.511584e-01 7.271126e-01 1.634244e-01 -1.366614e+00 -2.750610e+00 -1.097946e+00 -8.511989e-01 4.887715e-01 8.973644e-01 -1.329411e-01 3.435168e-01 -2.609181e-02 -1.626200e-01 -6.739008e-02 4.474444e-01 -2.518711e-01 9.890598e-02 -3.487497e-01 -3.810177e-02 -3.091159e-01 8.596477e-02 2.732877e-01 5.926137e-02 
-9.041174e+00 -5.903533e+00 1.062240e+01 -7.314677e+00 -2.018941e+01 -5.091468e+00 -7.019650e+00 -3.197868e+00 -1.124157e+01 3.571500e+00 -2.419633e+00 -4.950905e+00 2.029919e+01 4.111918e-01 1.347311e+00 1.333849e+00 1.664128e-01 1.207258e+00 -3.334664e-01 -1.009829e+00 -2.789328e+00 -8.746644e-01 -7.936393e-01 7.199764e-01 1.260422e+00 -4.398765e-02 1.903343e-01 3.654906e-02 -2.156258e-01 2.168202e-01 -2.210164e-02 -2.360986e-01 -1.452823e-01 -1.965665e-02 4.776162e-02 -1.248286e-01 1.703126e-01 1.962866e-01 4.859144e-02 
-8.970100e+00 -4.944721e+00 1.161716e+01 -8.646919e+00 -1.941342e+01 -7.065023e+00 -9.455757e+00 -6.327137e+00 -1.335061e+01 1.506399e+00 -1.760973e+00 -4.709162e+00 2.030137e+01 4.199372e-01 1.442200e+00 6.335446e-01 9.304562e-01 4.584091e-01 -5.713299e-01 -1.571276e+00 -2.865354e+00 -9.915736e-01 -1.061750e+00 7.758759e-01 1.404144e+00 -1.833692e-03 -1.096830e-01 8.369417e-02 -1.106385e-01 4.455989e-01 -3.871287e-01 9.783324e-03 -2.785218e-01 3.440748e-01 2.399005e-01 6.700180e-02 1.507776e-01 4.546942e-02 1.060088e-02 
-8.076041e+00 -3.188453e+00 1.299364e+01 -7.055781e+00 -1.854880e+01 -6.831190e+00 -9.641445e+00 -7.980124e+00 -1.359503e+01 1.949233e+00 -1.069398e+00 -1.705186e+00 2.033498e+01 1.982514e-01 1.603959e+00 6.638435e-01 1.728880e+00 -2.059996e-01 -2.919181e-01 -2.153204e+00 -2.252405e+00 -7.641059e-01 -8.100205e-01 1.006505e+00 1.489574e+00 -2.523344e-02 -3.221575e-01 -3.932168e-02 6.724244e-02 2.348386e-01 -4.167255e-01 2.477524e-01 -1.657418e-01 6.450919e-01 4.358930e-01 7.779445e-02 7.725091e-02 -3.021205e-01 -3.932316e-02 
-7.880871e+00 -1.768137e+00 1.162546e+01 -3.649438e+00 -2.064443e+01 -7.265786e+00 -1.327554e+01 -1.183709e+01 -1.487893e+01 -3.724761e-01 -5.294522e-01 -2.749506e-01 2.029046e+01 -4.194182e-01 1.570094e+00 1.138907e+00 1.797892e+00 -5.018812e-01 1.915992e-01 -2.187636e+00 -1.298814e+00 4.631995e-02 -5.080955e-01 1.099171e+00 1.010191e+00 -8.923863e-02 -2.281972e-01 -2.263672e-01 1.471352e-01 -1.747699e-01 -1.845739e-01 3.983617e-01 3.914015e-01 8.101805e-01 6.533213e-01 4.866593e-02 -2.782789e-02 -6.500955e-01 -8.394031e-02 
-8.594426e+00 5.276163e-01 1.393705e+01 -1.168740e+00 -2.060386e+01 -6.450709e+00 -1.587577e+01 -1.170483e+01 -1.429822e+01 4.607337e-01 1.997569e+00 2.798073e-01 2.017853e+01 -7.796068e-01 1.086710e+00 1.417314e+00 9.069065e-01 -3.960749e-01 5.239850e-01 -1.530314e+00 -3.471471e-01 7.857343e-01 -6.815258e-01 9.444965e-01 -5.320916e-02 -1.969463e-01 1.624322e-01 -4.490090e-01 -1.601447e-01 -2.572506e-01 -1.227307e-01 4.603367e-01 9.826440e-01 6.825835e-01 4.946005e-01 -8.082466e-03 -2.099645e-01 -7.635671e-01 -1.237841e-01 
-1.080842e+01 1.047483e+00 1.684042e+01 -2.600848e+00 -2.089574e+01 -6.297381e+00 -1.727682e+01 -1.095839e+01 -1.276730e+01 -2.898546e-01 2.201713e+00 -6.512101e-01 1.993327e+01 -2.319005e-01 5.689452e-01 9.923671e-01 4.676476e-01 -3.694097e-01 1.012436e+00 7.447723e-02 2.328532e-01 1.500179e+00 -8.827590e-01 6.677651e-01 -1.074875e+00 -3.357102e-01 6.973852e-01 -5.567484e-01 -6.843130e-01 3.414014e-01 7.607906e-03 1.125970e-01 1.224875e+00 6.569043e-01 6.877161e-03 1.019908e-01 -3.199413e-01 -5.370089e-01 -1.678958e-01 
-1.051059e+01 8.375747e-01 1.747265e+01 -3.045628e+00 -2.040369e+01 -4.695621e+00 -1.529235e+01 -1.015519e+01 -1.072210e+01 -1.499451e+00 2.287143e+00 -1.783520e+00 1.952895e+01 9.167981e-01 -1.404885e-01 -6.371056e-02 1.107772e+00 -8.857921e-01 1.599435e+00 1.628956e+00 3.946482e-01 9.818819e-01 -6.631909e-01 1.725071e-01 -1.285848e+00 -5.209295e-01 8.562179e-01 -2.335303e-01 -9.314173e-01 7.900141e-01 4.716856e-01 -6.193132e-01 9.145719e-01 7.954578e-01 -2.302407e-01 2.122382e-01 -4.251340e-01 -1.359382e-01 -2.467129e-01 
-8.082810e+00 9.214401e-01 1.481979e+01 -3.727520e-01 -2.259191e+01 -3.081167e+00 -1.319468e+01 -1.144781e+01 -9.166274e+00 -3.805860e+00 2.664366e+00 -4.617665e+00 1.893676e+01 2.219456e+00 -6.001506e-01 -1.542067e+00 3.404435e+00 -2.191613e-01 2.166580e-01 2.357219e+00 1.614905e+00 -1.733059e-02 -7.041363e-03 -1.144821e-01 -1.058574e+00 -7.667129e-01 2.437668e-01 3.914896e-01 -9.315880e-01 2.780142e-01 1.149593e+00 -1.171193e+00 1.990946e-02 3.527486e-01 -4.038340e-01 8.841301e-02 -4.941044e-01 4.787756e-01 -3.376319e-01 
-5.373556e+00 -1.114280e-01 1.462892e+01 3.255981e+00 -2.418402e+01 -6.137348e-02 -9.772026e+00 -9.486928e+00 -1.118864e+01 -1.097710e+00 2.628862e+00 -4.165961e+00 1.807226e+01 2.275996e+00 5.036230e-01 -1.972730e+00 3.388442e+00 1.887050e+00 -2.174702e+00 1.901146e+00 2.939265e+00 3.934391e-01 -5.813867e-02 -7.901168e-01 -7.410052e-01 -1.214921e+00 -7.814959e-01 7.837077e-01 -7.727414e-01 -9.027765e-01 1.581875e+00 -9.842063e-01 -7.250322e-01 -3.047527e-01 -1.003617e-01 -2.036265e-01 -1.846203e-01 8.434808e-01 -4.254623e-01 
-2.280167e+00 -1.479267e+00 1.055187e+01 1.127083e+01 -2.010123e+01 -7.531020e+00 -8.251181e+00 -3.218215e+00 -1.262096e+01 -5.259162e-01 1.458733e+00 -4.752502e+00 1.682809e+01 3.074672e-01 2.204236e+00 -2.710955e+00 7.175013e-01 3.991894e+00 -2.956457e+00 3.767077e-02 7.242638e-01 -2.247361e-01 -7.429929e-01 -1.321450e+00 1.046633e+00 -1.676722e+00 -1.509183e+00 5.862099e-01 -1.378669e-01 -1.782413e+00 1.040226e+00 3.847665e-01 -5.774583e-01 -7.024947e-01 3.835681e-01 -1.970117e-01 3.762557e-01 9.243320e-01 -3.657388e-01 
-2.031974e+00 4.556096e+00 9.742264e+00 8.075130e+00 -1.221386e+01 -1.334412e+01 -8.258368e+00 4.261729e-01 -7.027661e+00 -3.430347e+00 -1.060522e+00 -5.421229e+00 1.450842e+01 -2.034674e+00 2.375620e+00 -3.342849e+00 -2.062624e+00 4.918169e+00 -1.734940e+00 -8.366309e-01 -6.838140e-01 5.838134e-01 -1.313329e+00 -1.470997e-01 1.879089e+00 -2.193151e+00 -1.345816e+00 -3.779624e-01 3.297107e-01 -1.187417e+00 -2.604545e-01 1.500529e+00 2.280410e-01 -6.126176e-01 3.703816e-01 3.346128e-01 7.204813e-01 5.915822e-01 -9.376788e-02 
-8.216496e+00 9.609106e+00 3.708883e+00 8.050758e-01 -8.617384e+00 -1.122192e+01 -1.376312e+01 -1.278273e+01 -1.237082e+01 -6.354451e+00 -2.097885e+00 1.242929e+00 1.233473e+01 -3.171170e+00 1.394928e+00 -1.546259e+00 -2.782087e+00 3.466453e+00 1.920654e+00 8.386564e-01 -8.612134e-02 1.805298e+00 -3.647225e-01 1.445402e+00 2.252986e+00 -2.106348e+00 -4.080960e-01 -1.171755e+00 7.140667e-01 8.006898e-02 -1.283038e+00 1.456663e+00 1.132996e+00 5.984128e-01 6.637983e-01 1.095958e+00 6.818670e-01 -3.615174e-02 2.405940e-01 
-1.257849e+01 6.223104e+00 1.336607e+00 -1.824161e+00 -5.335278e+00 -6.890984e+00 -1.119943e+01 -8.123094e+00 -8.394588e+00 -4.749669e+00 3.671402e+00 2.231733e+00 9.352830e+00 -2.713765e+00 -9.812542e-01 -9.067433e-01 -7.988735e-01 8.476189e-01 2.889507e+00 2.640985e+00 2.813148e-01 1.230133e+00 1.425787e+00 1.428690e+00 1.613666e+00 -1.469049e+00 4.582642e-01 -1.000278e+00 5.613656e-01 8.014960e-01 -1.320696e+00 6.860383e-01 1.008345e+00 8.828812e-01 4.795473e-01 1.136111e+00 -7.834546e-02 -3.283359e-01 4.953807e-01 
-1.286222e+01 4.661541e+00 7.024053e+00 2.309775e+00 -6.207831e+00 -1.154378e+00 -2.587695e+00 6.259021e-01 -2.911312e+00 -1.690049e+00 6.319726e+00 2.685685e+00 8.874103e+00 -1.393412e+00 -1.975871e+00 -3.586958e-01 4.859081e-01 -3.878702e-01 2.014657e+00 3.963940e+00 3.233881e+00 2.771025e+00 3.367034e+00 1.299833e+00 9.984984e-01 -8.357938e-01 6.876892e-01 -3.505525e-01 -2.061513e-01 4.681328e-01 -4.749044e-01 -2.467198e-01 -5.791243e-03 2.098011e-01 8.406991e-02 5.724571e-01 -6.330705e-01 -5.251437e-01 4.685936e-01 
-1.327851e+01 2.123510e+00 3.550697e+00 3.328153e+00 -9.180422e+00 -3.930651e+00 -6.409649e-01 -4.871202e+00 -5.606763e+00 1.366511e+00 1.874047e+00 1.925782e+00 8.893740e+00 -6.323586e-01 -9.401700e-01 -1.129697e+00 3.109854e-01 2.418395e-01 1.648254e+00 2.642469e+00 2.070675e+00 2.498670e+00 2.501536e+00 -4.661303e-01 8.645920e-01 -3.516255e-01 4.136906e-01 -8.507802e-02 -1.747405e-01 3.389502e-01 2.863251e-01 -7.526099e-01 -5.047133e-01 1.175843e-01 1.506050e-01 -3.582050e-01 -3.785462e-01 -5.118435e-01 3.401332e-01 
-1.483366e+01 1.778730e+00 8.086283e-01 6.582145e-01 -8.634139e+00 -2.628532e+00 7.774524e-01 1.760557e+00 9.032194e-02 7.422801e+00 5.300116e+00 6.388566e+00 8.385338e+00 -7.735053e-01 -3.785708e-01 -2.465515e+00 -9.963385e-01 1.394940e+00 1.307688e+00 8.088254e-01 6.798133e-02 1.591253e+00 1.959754e+00 -7.725978e-01 1.753075e-03 -3.220317e-01 -2.172168e-02 -2.448597e-01 6.775458e-02 4.366972e-01 1.122960e-01 -1.257172e+00 -4.935995e-01 -2.431226e-01 -2.549881e-01 -1.192139e+00 -1.248193e-01 -4.530427e-01 2.544369e-01 
-1.475469e+01 2.963635e+00 -1.203709e+00 5.562508e-01 -2.912938e+00 2.087223e+00 3.306030e-01 1.663102e+00 2.597911e+00 3.201670e+00 1.850378e+00 4.703424e+00 7.839187e+00 -9.553283e-01 -2.205186e+00 -7.272368e-01 1.636948e+00 1.387761e+00 -5.200438e-01 1.694852e+00 2.452214e+00 2.573001e+00 3.386169e-01 5.721021e-01 -4.472474e-01 -2.523344e-02 -2.014810e-01 -4.570493e-01 7.591344e-01 2.905712e-01 -6.173636e-01 -1.185479e+00 -9.047096e-02 2.520862e-01 -5.235972e-01 -1.006576e+00 1.837536e-01 -5.728494e-01 2.136384e-01 
-1.599228e+01 2.349113e+00 -2.926124e+00 -1.285810e+00 -2.366655e+00 2.374838e+00 9.709274e-01 -2.301496e+00 9.424456e-01 7.191111e+00 2.468358e+00 1.305853e+00 7.791183e+00 -1.340533e+00 -2.567725e+00 -2.209217e-01 2.006313e+00 -3.993226e-01 -3.187180e+00 1.969713e+00 1.827341e+00 1.458900e+00 -1.512007e+00 1.567169e-01 -6.106833e-01 2.731993e-01 5.144172e-01 -4.723988e-01 1.020920e+00 -3.900885e-01 -1.221082e+00 -5.300416e-01 -2.794059e-01 2.208147e-01 -1.009394e+00 -7.064126e-01 -2.528503e-01 -4.806581e-01 5.381446e-01 
-1.747579e+01 -9.187523e+00 1.782122e+00 1.248517e+01 -5.374959e+00 -9.032900e+00 7.736562e+00 9.420948e+00 6.832063e+00 3.175442e+00 6.150716e+00 2.230770e+00 9.064590e+00 -1.356193e+00 -2.130754e+00 1.543845e+00 2.625007e-01 -1.947615e+00 -2.031880e+00 1.609663e+00 2.451573e+00 -5.326933e-02 -7.954428e-01 -1.213414e-02 -1.693371e+00 4.190176e-01 1.325252e+00 -7.379950e-03 4.089206e-01 -1.723671e+00 -1.191936e+00 7.551826e-01 -9.877856e-01 -6.816090e-01 -1.550164e+00 -2.897144e-02 -8.374758e-01 -4.969333e-01 8.007653e-01 
-2.017546e+01 -4.983956e+00 -1.789258e+00 4.725014e+00 -9.399993e+00 -1.300440e+01 6.923129e+00 7.018307e+00 5.267415e+00 -1.241744e-01 3.933609e+00 4.571155e+00 9.138558e+00 1.999194e+00 -2.777959e+00 1.503446e+00 -2.259585e+00 -3.042770e+00 -5.865210e-01 -5.454444e-01 1.172469e+00 -2.142479e+00 -1.005242e+00 -1.744788e+00 -1.778375e+00 2.146470e+00 1.671029e+00 -7.886510e-02 -8.041133e-03 -1.477949e+00 -6.646621e-01 1.423896e+00 -1.082506e+00 -6.232316e-01 -1.031612e+00 3.296807e-01 -6.907641e-01 -4.074020e-01 8.632406e-01 
-1.944442e+01 -4.023674e+00 5.947349e+00 -1.136850e+00 -9.134567e+00 -3.827276e-01 5.402882e+00 9.260843e+00 1.697220e-01 2.881676e+00 1.057102e+00 -5.396188e+00 9.260313e+00 4.001078e+00 -2.136942e+00 4.551814e-01 -4.848543e+00 -3.250280e+00 1.955451e+00 -1.986387e+00 -6.283011e-01 -3.377098e+00 -5.964153e-02 -2.664421e+00 -2.348053e+00 3.041940e+00 9.339950e-01 -4.509604e-02 -5.144555e-01 -4.883085e-01 -7.002025e-02 5.959169e-01 -6.135782e-01 -5.416289e-01 -1.508802e-01 1.085474e-03 -2.609377e-01 1.429458e-01 5.232068e-01 
-5.012548e+00 -1.412283e+01 2.508223e+00 -5.772633e+00 -1.570054e+01 -4.883022e+00 -5.888524e-01 3.641117e+00 -6.438648e+00 2.311194e+00 -3.708847e+00 -3.772366e+00 1.842574e+01 4.336048e+00 -2.958970e+00 2.829162e-01 -2.828053e+00 -3.071316e+00 1.938572e+00 -1.644889e+00 2.510584e-01 -2.037261e+00 -2.315689e-01 -1.971037e+00 -2.320487e+00 3.277916e+00 -8.077238e-01 5.761231e-01 -3.411838e-01 5.638586e-01 5.844917e-01 -4.688104e-02 2.269675e-01 -5.149884e-02 6.517558e-01 -1.473423e-01 4.428910e-01 3.339085e-01 -3.698663e-01 
-5.051469e+00 -1.530332e+01 1.909190e+00 -6.508618e+00 -1.847605e+01 -3.316003e+00 1.560936e+00 7.967690e+00 -4.200396e+00 1.659839e+00 -3.350485e+00 -5.337759e+00 1.963063e+01 2.145222e+00 -2.265867e+00 -4.179596e-01 -1.895006e+00 -2.283324e+00 -3.148995e-01 -9.083145e-01 2.041353e-01 -8.600869e-01 -1.176869e+00 -1.203543e+00 -7.076353e-01 2.469248e+00 -1.513577e+00 8.519037e-01 -6.992389e-02 1.035779e+00 9.134389e-01 -5.910076e-01 5.325975e-01 -2.884409e-02 7.620053e-01 -2.792910e-01 7.101158e-01 4.790556e-01 -8.156729e-01 
-5.691695e+00 -1.413950e+01 1.644682e+00 -6.728910e+00 -2.008580e+01 -1.844856e+00 6.199170e-01 8.920286e+00 -2.734349e+00 -6.706131e-01 -3.718092e+00 -7.060141e+00 2.034305e+01 -1.111525e+00 1.668698e-01 2.341331e-01 -9.171258e-01 -6.037560e-01 3.140367e-01 5.043430e-02 4.986226e-01 -1.423223e-01 -1.183181e+00 -2.606276e-01 -9.290205e-01 5.835041e-01 -1.157895e+00 9.597892e-01 -3.048964e-02 6.193331e-01 8.650693e-01 -4.813963e-01 4.032731e-01 -4.128906e-01 4.107241e-01 -5.084685e-02 6.487771e-01 3.217283e-01 -8.390344e-01 
-8.378386e+00 -1.534452e+01 4.289764e+00 -1.013357e+01 -1.835877e+01 -3.476012e+00 2.569268e-01 7.641591e+00 -5.983524e+00 -1.511692e+00 -4.956270e+00 -7.290648e+00 2.064809e+01 -8.428584e-01 5.593188e-01 1.298973e-01 -6.250842e-01 8.304466e-02 -1.872686e-01 -1.711465e-01 -8.962501e-01 -5.145553e-01 -9.801444e-01 3.085661e-02 -6.484911e-01 3.107938e-01 -1.511874e-01 6.155202e-01 -3.475741e-02 4.848611e-01 4.426526e-01 -9.334900e-02 2.272201e-01 -4.058716e-01 3.313637e-01 2.791410e-01 5.504188e-01 3.444427e-02 -5.145843e-01 
-8.907488e+00 -1.326750e+01 2.489033e+00 -8.545794e+00 -1.877851e+01 -3.232491e+00 3.150292e-01 6.297569e+00 -6.258570e+00 -2.018787e+00 -4.209221e+00 -7.441216e+00 2.083443e+01 4.042733e-02 4.272992e-01 -1.433642e-01 -3.662892e-01 7.073762e-02 -5.323784e-01 2.793689e-03 -1.263045e+00 -1.564669e-01 -5.839900e-01 6.556632e-01 -7.413466e-01 1.619645e-01 5.186025e-01 7.930858e-02 -7.077745e-02 2.549213e-01 2.666260e-02 -2.510214e-01 9.536977e-02 -2.415819e-01 3.166718e-01 4.645887e-01 3.465830e-01 1.107104e-01 -1.196003e-01 
-7.658625e+00 -1.294234e+01 2.136356e+00 -8.725804e+00 -1.871414e+01 -3.558522e+00 8.577176e-01 4.797726e+00 -5.011003e+00 -2.566974e+00 -2.950334e+00 -8.389891e+00 2.093895e+01 8.132769e-01 6.815401e-01 -4.029055e-01 2.539372e-01 -4.073563e-01 -3.583953e-01 2.515341e-01 -9.445834e-01 8.037758e-01 -8.098217e-02 1.090296e+00 -6.292032e-01 1.071644e-01 2.277928e-01 6.695583e-02 8.217967e-02 2.188413e-01 -1.627569e-01 -1.571296e-01 5.362980e-02 1.764182e-01 3.017390e-01 5.823213e-01 1.604597e-01 2.085717e-01 -5.709702e-02 
-5.849072e+00 -1.320374e+01 2.004102e+00 -9.264576e+00 -1.955407e+01 -4.465462e+00 3.335980e-01 4.026653e+00 -4.002674e+00 -3.063141e+00 -1.442553e+00 -1.021757e+01 2.100746e+01 6.532157e-01 5.025916e-01 1.464759e-01 -8.192960e-02 -2.253148e-01 -8.554159e-01 3.159454e-01 -6.850961e-01 7.819816e-01 6.901363e-01 9.425371e-01 -3.852016e-01 8.737784e-02 -2.083170e-01 1.378562e-01 2.269426e-01 1.752358e-01 -1.783163e-01 -8.649830e-02 -1.867697e-01 2.302874e-01 -7.995389e-03 4.918024e-01 -6.348065e-02 3.014631e-01 -4.097981e-02 
-5.840611e+00 -1.196881e+01 2.518078e+00 -8.504253e+00 -2.000820e+01 -4.651526e+00 1.505829e+00 4.053962e+00 -3.092427e+00 -1.394535e+00 -8.881835e-01 -9.048345e+00 2.109736e+01 -1.021466e-02 8.565349e-01 3.959176e-01 3.269790e-01 -5.825606e-01 -8.114007e-01 -5.968824e-02 -3.030446e-01 5.249258e-01 1.294437e+00 6.897792e-01 2.162253e-01 6.260164e-02 -3.941450e-01 1.030639e-01 2.993242e-01 1.328343e-01 -1.073404e-01 1.222621e-02 -4.091724e-01 8.699757e-02 -3.961268e-01 1.968616e-01 -2.318346e-01 2.828078e-01 -6.257237e-02 
-6.550217e+00 -1.124149e+01 3.031016e+00 -9.066103e+00 -1.925822e+01 -6.963473e+00 1.571119e+00 3.244336e+00 -3.308313e+00 8.449894e-01 -5.276031e-01 -9.037750e+00 2.119206e+01 -5.894451e-01 1.029123e+00 5.920027e-01 4.733147e-01 -7.331508e-01 -7.383018e-01 -7.753363e-01 -4.324036e-01 -5.702197e-02 1.187133e+00 5.384471e-01 3.433041e-01 -2.058790e-02 -2.461941e-01 7.287638e-02 2.034699e-01 2.051662e-01 -7.312087e-02 2.777043e-01 -4.995353e-01 -7.906117e-02 -5.857368e-01 -2.302019e-01 -2.867375e-01 1.673762e-01 -9.149350e-02 
-7.359665e+00 -9.640200e+00 3.602561e+00 -7.190054e+00 -2.177491e+01 -6.366529e+00 -5.934191e-02 3.673780e+00 -2.733830e+00 1.951419e+00 4.118938e-02 -7.898378e+00 2.115955e+01 -5.363625e-01 9.335464e-01 8.709810e-01 6.405554e-01 -6.902471e-01 -3.557985e-01 -1.248477e+00 -6.357371e-01 -7.573223e-01 6.548190e-01 1.332045e-01 4.205414e-01 -1.517813e-01 3.041438e-03 -4.896998e-02 1.590850e-01 8.914272e-02 1.442042e-01 3.536994e-01 -3.754520e-01 -2.392422e-01 -6.651574e-01 -4.708314e-01 -2.982990e-01 4.984448e-02 -9.180237e-02 
-8.037120e+00 -9.222344e+00 4.422018e+00 -7.555110e+00 -2.233663e+01 -7.299525e+00 -2.760804e+00 2.055063e+00 -4.467658e+00 1.199956e+00 7.849096e-01 -9.075954e+00 2.087327e+01 -3.146767e-01 8.283432e-01 9.262431e-01 7.872689e-01 -5.370929e-01 3.053375e-01 -1.587304e+00 -9.141988e-01 -1.505541e+00 -1.409464e-01 -2.129113e-01 3.495343e-01 -2.630162e-01 1.365530e-01 -4.268396e-02 1.077863e-01 5.258974e-02 2.249893e-01 3.620370e-01 -1.445877e-01 -2.913995e-01 -4.220183e-01 -4.820302e-01 -1.682747e-01 5.701958e-02 -4.631477e-02 
-7.778773e+00 -8.310616e+00 6.177108e+00 -6.057124e+00 -2.191997e+01 -6.262640e+00 -2.570923e+00 1.469798e+00 -6.299568e+00 1.702242e+00 -8.785681e-01 -6.926588e+00 2.049797e+01 -1.322435e-01 7.123103e-01 1.024381e+00 6.156204e-01 4.048284e-02 4.353055e-01 -1.530908e+00 -1.258430e+00 -2.076375e+00 -3.956815e-01 -4.261362e-01 4.624459e-01 -2.753182e-01 9.246767e-02 6.520160e-02 1.278562e-02 -3.552448e-02 1.901496e-01 1.814758e-01 -2.726112e-02 -3.461818e-01 -4.099198e-02 -4.032323e-01 1.185990e-01 4.000934e-02 2.186046e-02 
-7.914152e+00 -7.764755e+00 6.374193e+00 -5.696685e+00 -2.187103e+01 -5.488317e+00 -5.110057e+00 -2.249550e-01 -9.053142e+00 2.644529e-01 -1.132269e+00 -7.776061e+00 2.020798e+01 -1.086513e-01 9.263266e-01 1.054108e+00 7.486070e-01 2.646650e-02 6.761553e-01 -1.357116e+00 -1.578045e+00 -1.507561e+00 -6.976064e-01 -2.342930e-02 6.075325e-01 -1.904081e-01 4.601067e-02 1.836126e-01 -3.492812e-02 -7.276553e-02 6.939474e-02 -8.665761e-02 5.924986e-02 -3.530295e-01 2.971026e-01 -2.031043e-01 2.906549e-01 6.895476e-02 7.672636e-02 
-8.082246e+00 -6.807905e+00 7.747561e+00 -5.040844e+00 -2.180533e+01 -5.095142e+00 -6.539855e+00 -1.478483e+00 -1.082278e+01 4.406247e-01 -1.130789e+00 -6.236351e+00 2.011569e+01 -1.769875e-01 1.210822e+00 8.711716e-01 4.821301e-01 -2.139418e-02 3.661018e-01 -1.499889e+00 -2.034712e+00 -9.612638e-01 -1.082940e+00 6.314593e-01 4.916339e-01 -7.874315e-02 5.591591e-02 2.219865e-01 -7.743518e-02 -2.623572e-02 -1.231254e-01 -2.280264e-01 -1.791541e-02 -2.957935e-01 4.487786e-01 -1.056804e-01 3.388374e-01 9.523909e-03 9.202929e-02 
-8.428024e+00 -5.342468e+00 8.907248e+00 -4.320385e+00 -2.226123e+01 -4.502207e+00 -7.561739e+00 -4.361438e+00 -9.743351e+00 -1.657263e+00 7.937854e-01 -6.383709e+00 2.011220e+01 -6.228031e-02 1.497208e+00 8.279147e-01 4.900639e-01 -1.591645e-01 -9.326572e-02 -1.306655e+00 -2.291123e+00 -5.776286e-01 -8.128759e-01 7.116779e-01 6.796491e-01 2.225428e-02 6.512361e-02 1.433382e-01 -4.285490e-03 -3.062208e-02 -1.093699e-01 -3.039684e-01 -1.157296e-01 -1.037132e-01 3.674311e-01 7.222405e-02 2.198619e-01 -1.581645e-02 6.684264e-02 
-8.406025e+00 -3.468004e+00 9.266150e+00 -4.334651e+00 -2.183135e+01 -4.925446e+00 -8.844784e+00 -6.635566e+00 -1.076050e+01 -2.751452e+00 1.315610e+00 -5.164397e+00 2.015213e+01 1.242205e-01 1.536917e+00 7.501667e-01 6.137314e-01 -4.823950e-01 -3.200930e-01 -1.645928e+00 -2.380995e+00 -2.974796e-01 -8.663778e-01 9.005837e-01 4.738821e-01 7.843088e-02 1.887588e-02 -4.940854e-02 2.218213e-01 -9.607343e-02 -7.481211e-02 -1.462959e-01 -4.715233e-02 1.581004e-01 3.446105e-01 1.821233e-01 1.006018e-01 -7.594731e-02 1.806983e-02 
-8.063631e+00 -1.948619e+00 9.755230e+00 -3.599505e+00 -2.265408e+01 -6.039830e+00 -1.049082e+01 -9.101927e+00 -1.197278e+01 -2.203264e+00 1.202813e+00 -4.913985e+00 2.030116e+01 6.646016e-02 1.479675e+00 1.092982e+00 5.296073e-01 -2.897558e-01 -5.004383e-01 -1.862759e+00 -1.923687e+00 -2.320029e-03 -4.446748e-01 9.413846e-01 5.372081e-01 6.526852e-02 -1.081484e-01 -2.276098e-01 3.129810e-01 -2.948787e-01 5.733052e-02 1.007543e-01 1.116616e-01 4.081015e-01 2.618782e-01 1.693578e-01 -4.647908e-03 -1.909589e-01 -3.741381e-02 
-7.643395e+00 -8.206052e-01 1.107466e+01 -2.332302e+00 -2.402089e+01 -5.926922e+00 -1.330489e+01 -1.101354e+01 -1.119591e+01 -3.618322e+00 3.167699e+00 -4.601613e+00 2.041353e+01 -1.466836e-01 9.722240e-01 1.847596e+00 -1.795498e-02 -3.300955e-01 -1.618203e-01 -1.457740e+00 -1.428045e+00 4.741209e-01 -3.564568e-01 1.019529e+00 1.831114e-01 -9.920369e-03 -1.615810e-01 -3.248968e-01 1.688155e-01 -4.239323e-01 2.154620e-01 2.467434e-01 4.311839e-01 5.780978e-01 8.388928e-02 2.128185e-01 -2.109327e-01 -2.671550e-01 -7.442161e-02 
-8.477098e+00 7.326204e-01 1.346820e+01 -2.673020e+00 -2.261572e+01 -6.503823e+00 -1.464544e+01 -1.179051e+01 -9.537327e+00 -3.447396e+00 4.574887e+00 -3.979115e+00 2.030770e+01 -4.676196e-01 6.414873e-01 1.844356e+00 -6.684056e-01 5.125149e-02 3.313051e-01 -8.422706e-01 -7.268910e-01 3.458095e-01 -2.208986e-01 6.289236e-01 -1.297637e-01 -1.205530e-01 -1.321154e-02 -3.850525e-01 -2.466099e-01 -2.726459e-01 2.176042e-01 3.155160e-01 5.773054e-01 5.836901e-01 -9.807367e-02 1.568244e-01 -4.298042e-01 -2.884003e-01 -8.071126e-02 
-8.933435e+00 5.286965e-02 1.664749e+01 -4.887269e+00 -2.350106e+01 -5.502347e+00 -1.405543e+01 -1.243146e+01 -9.607386e+00 -3.911651e+00 4.727255e+00 -4.716225e+00 2.009954e+01 -4.167742e-01 3.315505e-01 1.218561e+00 -9.067992e-01 4.242229e-01 4.977577e-01 -3.229869e-04 -8.881364e-02 -5.211467e-02 8.583550e-02 2.042430e-03 -5.283253e-01 -2.007315e-01 1.979376e-01 -2.301680e-01 -7.100050e-01 2.373759e-01 1.112812e-01 3.253406e-01 4.415400e-01 5.032287e-01 -7.555410e-02 6.357834e-02 -4.014414e-01 -1.950540e-01 -6.209504e-02 
-9.756422e+00 8.223711e-01 1.619056e+01 -5.663956e+00 -2.265761e+01 -4.596075e+00 -1.432677e+01 -1.202718e+01 -1.103762e+01 -3.161500e+00 3.567851e+00 -5.505342e+00 1.985538e+01 1.356099e-01 -1.253612e-01 1.746787e-01 -3.892093e-01 4.209752e-01 7.474365e-01 2.951675e-01 3.251610e-01 -2.294991e-01 1.184476e-01 -6.989488e-01 -5.489788e-01 -2.429715e-01 3.080114e-01 -7.287145e-02 -8.241254e-01 6.700343e-01 -1.407143e-01 2.340510e-01 2.858834e-01 1.973039e-01 9.599204e-02 -3.988013e-02 -2.187923e-01 -3.310670e-02 -3.505519e-02 
-9.087993e+00 7.924542e-01 1.580573e+01 -5.371072e+00 -2.187852e+01 -4.392305e+00 -1.346602e+01 -1.133911e+01 -1.070601e+01 -3.332426e+00 3.681387e+00 -6.480021e+00 1.963630e+01 5.415593e-01 2.048598e-01 -8.676787e-01 1.029315e+00 4.133749e-02 1.256792e+00 1.811863e-01 5.620842e-01 3.839132e-01 -2.081243e-01 -3.237883e-01 -5.825194e-01 -2.591449e-01 1.646643e-01 7.353422e-02 -5.982746e-01 6.878808e-01 -2.280389e-01 7.712204e-02 1.446873e-01 -1.355554e-01 1.543382e-01 -6.616543e-02 -7.760506e-02 1.401458e-01 -1.652321e-02 
-7.722366e+00 -2.639550e-01 1.476273e+01 -4.377031e+00 -2.132166e+01 -3.321682e+00 -1.346482e+01 -1.071101e+01 -1.013568e+01 -3.144888e+00 1.602595e+00 -5.841793e+00 1.932450e+01 5.934216e-01 3.406613e-01 -1.233171e+00 1.713642e+00 -4.606868e-01 1.122149e+00 4.964157e-01 -6.599312e-02 6.077726e-01 -2.733485e-01 -3.020048e-01 -2.681081e-01 -2.666293e-01 -1.116362e-01 7.770053e-02 -1.038100e-01 3.827708e-01 -2.059964e-01 -5.527182e-02 2.938147e-02 -2.878615e-01 -7.001452e-02 6.781416e-02 -5.881048e-02 1.847714e-01 -1.523158e-02 
-7.242902e+00 1.620318e+00 1.302372e+01 -3.845009e-01 -2.396269e+01 1.447341e-01 -1.358043e+01 -1.027942e+01 -8.138743e+00 -4.960376e+00 4.091155e+00 -7.460157e+00 1.906921e+01 1.777098e-01 4.661487e-01 -1.068909e+00 1.481167e+00 -2.752267e-01 6.958908e-01 6.222700e-01 -5.709934e-01 3.010665e-01 -4.912150e-02 -5.843837e-01 3.187989e-02 -2.714469e-01 -1.998766e-01 -1.881394e-01 3.170781e-01 6.906009e-02 -4.842869e-02 -1.655204e-01 1.091747e-03 -3.438992e-01 -3.825187e-01 8.626609e-02 -1.011268e-01 1.247455e-01 -3.746996e-02 
-7.712213e+00 2.111740e+00 1.141541e+01 4.110679e-01 -2.391904e+01 -1.253925e+00 -1.178764e+01 -1.288714e+01 -9.282519e+00 -3.714496e+00 1.852967e+00 -6.356099e+00 1.880584e+01 -2.406459e-01 1.326616e-01 -2.435982e-01 1.298814e+00 -4.506019e-01 7.514615e-01 2.215546e-01 -5.475319e-01 -5.380815e-01 3.781421e-01 -8.628439e-01 6.772483e-02 -3.129987e-01 3.875612e-02 -2.909816e-01 4.382829e-01 9.107789e-02 1.840612e-01 -2.246807e-01 9.536977e-02 1.069703e-01 -4.396606e-01 -1.201286e-01 2.524962e-01 -2.042941e-01 -7.770683e-02 
-8.204650e+00 1.935181e+00 1.213477e+01 -3.597443e-01 -2.195568e+01 -1.946740e+00 -1.119344e+01 -1.310615e+01 -9.627625e+00 -3.293082e+00 6.343904e-01 -6.063632e+00 1.853811e+01 -4.072188e-02 -6.319522e-01 2.230806e-01 1.582166e+00 -2.058287e-01 6.146120e-01 3.241081e-01 -9.167629e-01 -9.557791e-01 -1.024731e-01 -5.488846e-01 -1.266059e-01 -4.233733e-01 4.253397e-01 9.509671e-02 6.195040e-02 1.622917e-01 6.405846e-01 -5.673753e-01 1.542225e-01 6.299126e-01 -2.290364e-01 -3.587852e-01 2.014660e-01 -4.242373e-01 -1.369530e-01 
-8.444383e+00 2.416893e-01 1.398892e+01 2.104589e+00 -2.457819e+01 1.481594e+00 -1.355108e+01 -1.203522e+01 -1.208176e+01 -2.087857e+00 -9.828590e-01 -6.201679e+00 1.802491e+01 8.964599e-01 -5.652548e-01 3.122622e-01 2.118520e+00 4.249066e-01 3.929906e-02 1.122422e+00 6.418278e-01 -9.622741e-01 -8.474417e-01 9.426523e-01 -1.210318e+00 -5.792568e-01 5.370179e-01 8.416706e-01 -5.146262e-01 -2.145911e-01 1.280890e+00 -1.157917e+00 4.043214e-02 8.351749e-01 3.611690e-01 -4.436757e-01 -2.844594e-01 -3.609564e-01 -1.660988e-01 
-7.081012e+00 -6.048113e-01 1.285205e+01 6.679948e+00 -2.466197e+01 1.850049e+00 -1.107843e+01 -1.528871e+01 -1.151818e+01 -6.286255e+00 2.764588e+00 -8.170620e+00 1.734282e+01 1.735815e+00 1.290412e+00 -1.036895e+00 1.882771e+00 2.490095e+00 -1.784798e+00 9.429908e-01 1.983880e+00 -6.318974e-01 -1.230221e+00 -4.797306e-01 -1.450223e+00 -8.231476e-01 -1.083986e-02 1.119205e+00 -7.531096e-01 -7.261610e-01 1.588246e+00 -1.043154e+00 -3.398373e-01 4.503866e-01 3.592422e-01 -3.200245e-01 -1.120591e+00 -1.886254e-03 -1.665200e-01 
-3.791889e+00 5.555714e-01 1.261814e+01 7.484329e+00 -2.044161e+01 -2.956233e+00 -6.232572e+00 -8.586272e+00 -1.314873e+01 -6.454995e+00 5.500931e+00 -1.135406e+01 1.650734e+01 1.556026e+00 3.379692e+00 -2.186537e+00 7.548826e-02 4.605878e+00 -3.838448e+00 1.142519e-01 2.177983e+00 1.106008e+00 -1.276659e+00 -2.319804e+00 -1.075217e+00 -9.435875e-01 -9.803681e-01 3.537735e-01 -6.119315e-01 -9.851712e-01 9.326063e-01 -8.575480e-02 -5.781529e-01 -4.140889e-01 6.627747e-01 2.940165e-02 -1.205508e+00 6.625282e-01 -2.122041e-01 
-1.851469e+00 8.230477e+00 7.635015e+00 6.364406e+00 -1.157322e+01 -8.651752e+00 -1.013741e+01 -4.911362e+00 -1.225354e+01 -7.260664e+00 -5.006567e+00 -1.073830e+01 1.518113e+01 -4.249095e-01 2.991540e+00 -2.292869e+00 -1.027192e+00 5.644968e+00 -2.662374e+00 -8.709143e-01 5.670842e-01 -1.938490e-01 -1.487962e+00 -4.520515e+00 -2.036726e-01 -1.073749e+00 -1.698498e+00 -1.197703e+00 1.340758e-01 -6.562373e-01 -2.731388e-01 1.242857e+00 -1.254794e-02 -7.735405e-01 9.075395e-01 4.198515e-01 1.785139e-01 1.181166e+00 -2.626336e-01 
-3.279144e+00 1.272242e+01 5.664170e+00 2.639584e+00 -8.092706e+00 -1.245956e+01 -1.344985e+01 -6.334098e+00 -6.183841e+00 -7.983712e+00 -8.696321e+00 -1.029366e+01 1.438798e+01 -2.924875e+00 3.530381e-01 -2.119270e+00 -1.352481e+00 3.510382e+00 4.929660e-02 -8.614159e-01 -7.200961e-01 2.132643e+00 -5.715163e-01 -3.064593e+00 1.479077e+00 -1.514989e+00 -1.119948e+00 -1.731356e+00 6.136886e-01 1.392957e-02 -1.282136e+00 1.518691e+00 6.173404e-01 -2.341634e-01 6.143636e-01 9.401031e-01 1.572104e+00 1.046309e+00 -1.354087e-01 
-9.461974e+00 8.269222e+00 4.864421e+00 3.966371e+00 -2.611799e+00 -6.709930e+00 -1.182478e+01 -1.357950e+01 -1.596977e+01 -1.296155e+01 -1.273926e+01 -9.719319e+00 1.303340e+01 -4.516335e+00 -3.184676e+00 -4.004282e-01 -6.845252e-01 1.672361e+00 2.485710e+00 1.368046e+00 -4.348395e-01 3.392520e+00 5.165557e-01 7.852117e-01 3.178468e+00 -1.850672e+00 4.185734e-01 -7.203310e-01 7.426608e-01 2.942695e-01 -1.699310e+00 4.536453e-01 8.997324e-01 8.259304e-01 4.440820e-01 1.081104e+00 2.034621e+00 3.116832e-01 1.638267e-01 
-1.461142e+01 2.301540e+00 3.407033e+00 1.921222e+00 -7.370942e+00 -3.680449e+00 -9.695953e+00 -7.852683e+00 -6.273925e-01 -6.462427e+00 -5.955910e+00 -4.468381e+00 1.000633e+01 -1.998065e+00 -2.189028e+00 -6.447279e-02 -2.626665e-02 1.816718e-01 1.181096e+00 2.081319e+00 1.507982e+00 2.384647e+00 2.421734e+00 2.887955e+00 2.465324e+00 -1.232213e+00 1.509406e+00 6.600340e-01 4.278696e-01 3.180075e-01 -8.403261e-01 -3.589864e-01 4.864373e-01 8.285554e-01 -1.021677e+00 3.588092e-01 8.529546e-01 -6.849210e-01 5.135196e-01 
-1.876696e+01 -2.482709e+00 6.761620e+00 3.300459e+00 -3.572534e+00 -6.128867e-01 -5.174150e+00 -6.326066e+00 1.931054e+00 -5.438619e+00 -2.450699e+00 2.241364e+00 8.118699e+00 1.204380e+00 6.609120e-01 3.930592e-01 -2.188202e-01 -1.187314e+00 -9.599356e-01 2.156268e+00 3.582727e+00 1.900701e+00 2.420982e+00 2.676228e+00 8.616049e-01 -3.961022e-01 1.297629e+00 1.202751e+00 -3.018349e-01 9.795845e-02 -9.473671e-03 -3.201126e-01 -1.190764e-01 1.869752e-01 -1.479234e+00 4.373381e-02 -3.182896e-01 -1.046476e+00 5.251442e-01 
-8.617554e+00 7.153470e+00 4.394011e+00 2.840993e+00 -6.703851e+00 -9.602786e+00 -6.369143e+00 -2.420370e+00 -3.210749e+00 3.636861e-01 5.996267e-01 -3.947333e+00 1.068428e+01 1.761848e+00 1.730477e+00 -3.767989e-01 4.839124e-03 7.385650e-01 -2.289343e-02 1.176741e+00 1.414008e+00 -2.229800e+00 2.702367e-01 2.545699e-01 -7.871769e-01 3.253326e-01 -1.849490e-01 1.545946e-01 -5.433910e-01 -2.907395e-02 7.369856e-01 6.508288e-01 -1.054999e-01 -4.442192e-01 -6.282470e-01 -1.004582e-01 -4.926806e-01 -3.141257e-01 1.282790e-01 
-6.436838e+00 9.148092e+00 6.336332e+00 2.412158e+00 -8.881487e+00 -8.548531e+00 -2.706894e+00 1.618122e+00 -5.174993e+00 -4.269677e+00 -2.635612e+00 -5.671641e+00 1.071417e+01 9.188285e-02 8.694274e-01 -1.753397e+00 -2.102567e-01 1.346566e+00 1.487255e+00 1.224827e+00 5.469560e-01 -1.696348e+00 1.810971e+00 5.104398e-01 -4.276181e-01 -3.640290e-03 -1.098394e+00 -8.153521e-01 -5.382697e-01 -1.060503e-01 7.453855e-01 9.271937e-01 -8.579811e-02 -6.074247e-01 4.148186e-01 2.143852e-01 2.206318e-02 4.859507e-01 -1.985298e-01 
-1.196703e+01 5.139230e+00 1.735444e+00 2.389500e+00 -1.023654e+00 1.731282e-01 -5.045965e+00 -4.754470e+00 -8.223852e+00 -5.696101e+00 -4.590512e+00 -4.447834e+00 1.033560e+01 -2.366389e+00 -1.520334e+00 -1.708234e+00 -1.758766e-01 2.599833e+00 3.211635e+00 2.019431e+00 8.047767e-01 1.041780e+00 2.224408e+00 1.507410e+00 1.539245e+00 -7.870156e-01 -7.068577e-01 -9.928955e-01 -9.783515e-02 -2.430056e-02 -1.126396e-01 2.571520e-02 -5.485623e-02 -4.293911e-02 1.214083e+00 2.270346e-01 4.623690e-01 5.106261e-01 -2.328139e-01 
-1.663250e+01 2.871432e+00 -6.762483e-01 2.475099e+00 3.197871e-01 1.935565e+00 2.880745e-01 -2.424118e+00 -4.044190e+00 6.645983e+00 2.696171e+00 3.533256e-01 8.274929e+00 -2.223412e+00 -1.790390e+00 -1.632582e+00 -6.588346e-01 1.608945e+00 2.058802e+00 1.306158e+00 8.500331e-01 2.339038e+00 2.515663e+00 2.160109e+00 2.128126e+00 -8.325247e-01 3.324257e-01 -8.288013e-01 2.714982e-01 4.054336e-01 -6.201260e-01 -8.159657e-01 -6.494455e-01 -4.587137e-01 -4.322411e-03 -9.295185e-01 -2.569509e-01 -3.242759e-01 6.701111e-02 
-1.535149e+01 2.689479e+00 -6.414992e-01 1.930034e+00 1.694533e+00 1.213354e+00 2.230611e+00 3.625053e+00 1.433377e+00 6.027852e+00 5.470606e+00 7.363269e-01 7.968578e+00 -6.146644e-01 -1.904016e+00 -9.265614e-01 1.077274e-01 4.407239e-02 -1.799976e-01 8.618088e-01 1.047726e+00 1.823050e+00 1.052927e+00 1.741612e+00 4.880494e-01 -4.243196e-01 9.095806e-01 -1.329541e-01 4.253089e-01 7.135538e-01 -7.249268e-01 -1.117025e+00 -1.074233e+00 -1.252885e+00 -1.493444e+00 -1.316081e+00 -9.316196e-01 -9.786102e-01 3.085446e-01 
-1.586085e+01 1.420709e+00 -6.378687e-01 -6.522081e-01 -2.196024e+00 1.225045e+00 1.850476e-01 1.678630e+00 1.691816e+00 2.447148e+00 3.134045e+00 2.376844e+00 7.734888e+00 8.779522e-01 -3.082567e+00 -7.870723e-01 1.675232e+00 -4.764124e-01 -8.967044e-01 -1.443641e+00 -1.868174e+00 -2.108561e+00 -2.250814e+00 -8.915428e-01 -1.523364e+00 1.500066e-01 6.147252e-01 4.438974e-01 4.044822e-01 5.264025e-01 -2.715040e-01 -6.426800e-01 -7.088034e-01 -1.013213e+00 -1.375547e+00 -1.201946e+00 -1.108118e+00 -7.032962e-01 2.200684e-01 
-1.542594e+01 -3.655843e+00 -2.916270e+00 4.491714e+00 4.547045e-01 -3.717040e-01 -6.852904e-01 -1.567371e+00 -1.976675e+00 1.668145e+00 3.898475e+00 -3.019205e+00 8.483963e+00 6.306404e-01 -1.538900e+00 -4.637291e-03 2.224809e+00 1.774902e-02 -8.956657e-01 -1.976889e+00 -4.100355e+00 -4.201524e+00 -1.972634e+00 -1.624691e+00 -1.527972e+00 2.644244e-01 2.822019e-01 8.836992e-01 3.948370e-01 -6.399281e-02 1.835538e-01 2.667088e-03 -2.281939e-01 -1.752155e-01 -1.378743e-01 -3.678951e-01 -6.183196e-01 8.543895e-03 1.190691e-01 
-1.220507e+01 -9.368986e+00 -3.473293e+00 9.570179e+00 -1.442075e+00 -1.755331e+00 -5.471849e+00 -9.169395e+00 -1.288199e+01 -2.427960e+00 -9.754624e-01 -5.385594e+00 8.767185e+00 2.277417e-01 2.464598e-01 -7.133292e-02 9.147144e-01 2.644024e-01 -7.968588e-01 -8.185245e-01 -1.642020e+00 -1.526613e+00 -1.981351e+00 -1.697418e+00 -3.802516e-01 -7.650641e-02 2.032390e-01 1.064459e+00 4.298328e-01 -4.327050e-01 3.977782e-01 2.657023e-01 3.270550e-01 9.441688e-01 1.420311e+00 6.176004e-01 3.382678e-01 3.672640e-01 8.734013e-02 
-1.402647e+01 3.893120e-01 7.531334e-01 7.942536e+00 1.406621e+00 -1.775040e+00 -4.824936e+00 -1.145316e+01 -1.228727e+01 -1.397595e+00 -5.982399e-01 -3.022415e+00 8.774604e+00 1.121400e+00 8.498308e-01 6.899500e-01 1.680500e-01 5.915644e-01 -2.167418e-01 -5.917493e-01 5.875055e-02 8.427455e-01 -9.212323e-01 -9.470965e-01 -4.074878e-02 2.842970e-01 1.852421e-01 3.838879e-01 1.397093e-01 -5.112724e-01 1.077296e-01 2.728716e-01 3.042591e-01 1.131741e+00 1.381293e+00 8.035124e-01 5.855020e-01 2.613875e-01 1.271839e-01 
-1.542199e+01 6.306088e-01 -2.829138e+00 2.195643e+00 -1.349484e+00 -2.057644e+00 -1.837155e+00 -1.588254e+00 -7.856737e-01 -5.926480e+00 -3.104921e+00 4.769261e-01 7.207066e+00 1.648971e+00 1.045282e+00 1.014663e+00 5.400599e-01 1.225718e+00 9.227304e-02 -5.009204e-01 7.729818e-01 2.471102e+00 3.117157e-01 4.608794e-01 -4.306905e-01 5.767078e-01 -1.948542e-01 -1.081533e-02 2.328435e-02 -4.062148e-01 -9.527618e-02 4.510962e-01 3.325488e-01 4.456502e-01 3.343141e-01 1.045592e+00 6.322037e-01 5.729959e-02 2.699887e-02 
-8.210855e+00 -4.406707e+00 2.106322e-01 9.018820e+00 3.366009e+00 -1.304032e+00 -5.461667e+00 -5.064506e+00 -3.811180e+00 -1.189074e+00 2.275817e-01 -6.154165e+00 1.068559e+01 8.462247e-01 -1.878284e-02 1.508588e-01 -1.442671e-01 7.586555e-02 2.397816e-02 -6.143081e-01 3.509302e-01 7.062072e-01 8.984330e-01 2.235658e-01 -1.959061e-01 5.736969e-01 -9.044743e-01 2.003000e-02 -3.626080e-01 -7.179474e-01 -4.964396e-01 4.373417e-01 6.255494e-01 2.645263e-01 7.720139e-03 6.960502e-01 4.473903e-01 4.116096e-01 -3.436689e-01 
-6.868920e+00 -1.744105e+00 1.871329e+00 1.173198e+01 3.707270e+00 -1.529514e+00 -7.658177e+00 -8.498456e+00 -4.765018e+00 -9.739959e-01 9.165677e-01 -5.973098e+00 1.069519e+01 -6.087663e-01 6.268758e-01 3.145489e-01 -9.603213e-01 4.578170e-02 1.338330e+00 8.554271e-01 4.401610e-01 2.133124e-01 2.336822e+00 8.783391e-01 -1.625474e-02 -8.622763e-02 -1.042799e+00 5.686897e-02 -3.608156e-01 -8.239080e-01 -7.047446e-01 2.504608e-01 7.510851e-01 4.010255e-01 -7.742070e-02 1.259551e-01 2.307400e-01 6.410379e-01 -4.887238e-01 
-1.407216e+01 1.482504e+00 -8.427329e-01 2.453279e+00 -7.423562e-01 -1.918680e+00 -4.986066e+00 -6.243604e+00 -6.767146e+00 6.181080e-01 -1.491000e+00 -7.767369e-01 9.899199e+00 -2.272020e+00 1.159080e+00 -7.729709e-01 -2.671642e+00 -1.300642e+00 1.347159e+00 1.857809e+00 1.547726e+00 2.010249e+00 1.546467e+00 1.081191e+00 1.810130e+00 -1.102654e+00 -3.994463e-01 9.984777e-02 2.080904e-02 -1.960566e-01 -3.967125e-01 -5.203234e-02 5.031711e-01 3.702675e-01 1.214620e-01 -5.055883e-01 3.472095e-01 4.933708e-01 -3.109852e-01 
-1.553537e+01 8.199189e-01 -7.296686e-01 6.770967e-01 9.339697e-01 4.940995e+00 2.201859e+00 1.202065e+00 1.758761e+00 4.854101e+00 2.145869e+00 -2.293332e+00 7.169318e+00 -2.006201e+00 7.406740e-01 -3.274441e-01 -2.315878e+00 -1.609685e+00 6.830368e-01 2.018244e+00 2.179649e+00 1.432054e+00 6.175480e-01 1.185729e+00 1.771469e+00 -1.028670e+00 2.305133e-01 -1.502040e-01 2.260037e-01 4.225060e-01 -2.417944e-01 -8.663104e-01 -1.609427e-01 4.728043e-02 -2.748583e-01 -8.615133e-01 1.785708e-01 2.700326e-01 9.817854e-02 
-1.523811e+01 1.068181e-01 -2.353542e+00 1.188594e+00 -1.751150e+00 2.196123e+00 -1.102789e+00 -2.176197e+00 2.978305e+00 3.629641e+00 5.018678e+00 1.056404e+00 6.935409e+00 -4.523660e-01 4.235173e-01 5.759958e-01 -4.467613e-01 -1.079799e+00 9.136418e-02 1.319960e+00 1.332597e+00 7.041866e-01 -7.698941e-01 1.805810e+00 1.377089e+00 -5.100039e-01 5.705701e-01 -2.963173e-01 3.309057e-01 7.764680e-01 2.819843e-01 -7.659927e-01 -2.137965e-01 -1.292782e-01 -6.478763e-01 -4.790709e-01 -2.794180e-02 -3.329210e-01 3.650953e-01 
-1.631662e+01 2.647301e+00 9.896349e-01 7.853544e-01 -3.837519e+00 -1.719434e-01 4.917324e-01 3.662006e-01 -2.477466e+00 6.076164e-01 3.590040e+00 1.967517e+00 7.033598e+00 -3.663356e-01 2.437093e-01 7.701753e-01 3.972292e-02 -1.273635e+00 -2.365434e+00 3.196557e-01 7.840074e-01 -5.080604e-01 -8.125753e-01 1.408981e+00 1.550425e+00 1.084548e-01 4.813532e-01 -2.561161e-01 -3.919590e-02 6.940733e-01 6.630219e-01 -2.645635e-01 -2.429702e-01 -3.295759e-01 -1.550349e-01 1.856048e-01 -4.992302e-01 -5.853795e-01 2.846215e-01 
-1.594376e+01 2.686536e+00 1.177903e+00 1.655997e-01 -3.755510e+00 1.094766e+00 2.468412e+00 8.374116e-01 -1.128184e+00 -1.108201e+00 6.816033e+00 3.978515e+00 7.416973e+00 -2.392222e-01 -7.379103e-02 3.324615e-01 3.279654e-02 -5.882806e-02 -9.585074e-01 1.637861e+00 1.599264e+00 -2.589428e-01 -1.338829e-01 8.299313e-01 2.559961e-01 1.543080e-01 1.966123e-01 -1.036437e-01 -3.160039e-01 2.980538e-01 6.456584e-01 3.519469e-01 -2.516213e-01 -2.729675e-01 1.582520e-01 4.251317e-01 -9.268355e-01 -5.950047e-01 8.607659e-02 
-1.701381e+01 7.483146e-01 1.355279e+00 1.387486e+00 -4.432302e+00 -6.335463e+00 2.014374e+00 3.615414e+00 1.271463e+00 3.159704e+00 8.292008e+00 3.997777e+00 7.470868e+00 2.942474e-01 -2.914172e-01 -4.015716e-01 9.147144e-01 1.194951e+00 -1.148189e-01 6.443836e-01 3.986226e-01 1.138482e+00 1.227560e+00 -8.225040e-01 -5.948945e-01 6.225752e-02 1.672453e-01 2.916665e-02 -3.080658e-01 6.480274e-02 4.778305e-01 9.877879e-01 -3.979322e-01 -6.191800e-01 7.979480e-02 -2.073190e-02 -9.690948e-01 -4.465676e-01 -6.647532e-02 
-1.608535e+01 6.870095e-01 -8.738515e-01 1.051803e+00 -1.747182e+00 4.851290e-01 6.325333e+00 4.195325e+00 -1.909515e-01 1.684319e+00 6.817142e+00 1.321263e+00 7.488324e+00 2.006919e-01 1.727144e-01 -4.179596e-01 6.060494e-01 9.142820e-01 7.257535e-01 -1.003534e-01 1.604173e-01 6.720004e-01 3.356112e-01 -1.712631e+00 -5.251675e-01 -5.654781e-02 7.509861e-02 1.387333e-01 -3.398921e-02 -6.132659e-02 7.269657e-03 3.668166e-01 -9.803342e-01 -8.485237e-01 -1.425709e-01 -4.879487e-01 -6.859800e-01 -1.709037e-01 -5.603002e-02 
-1.477444e+01 2.190210e+00 7.842585e-03 4.915934e+00 1.133259e+00 -4.408520e-01 1.784960e+00 6.799843e-01 2.746332e+00 5.349393e+00 -5.231652e-01 3.215426e-01 7.309183e+00 2.501136e-01 2.664002e-01 -3.949020e-01 7.725134e-02 6.291692e-01 1.731350e+00 -8.007150e-01 -1.592404e+00 -5.747419e-01 -1.151020e+00 -2.165360e+00 -2.918340e-01 -1.184883e-01 -3.853269e-02 1.097884e-01 1.662549e-01 -2.477469e-01 -2.677268e-01 -1.209642e-01 -8.193102e-01 -4.581430e-01 -3.365162e-01 -7.299708e-01 -6.091775e-02 -1.643586e-01 4.644444e-04 
-1.605996e+01 2.828764e+00 -2.385131e-01 1.431544e+00 -1.967194e+00 1.776224e+00 2.081462e+00 3.107256e+00 1.494614e+00 -5.250418e-01 2.660298e+00 3.190681e+00 7.215139e+00 1.581852e-01 3.408332e-01 1.594340e-01 1.448781e-01 2.604710e-01 -4.769252e-02 -2.541304e+00 -1.648045e+00 -1.153322e-01 -1.384114e+00 -1.928507e+00 -7.499665e-01 -3.547083e-02 1.741102e-02 1.756699e-03 1.893009e-01 -2.064526e-02 -8.264822e-02 -5.048693e-01 -5.422224e-01 -1.280799e-01 6.816948e-03 -1.664325e-01 1.883668e-01 -3.400961e-01 4.715943e-02 
-1.577567e+01 1.009229e+00 -9.371260e-01 1.583441e+00 -1.176649e+00 1.676010e+00 1.335341e-01 -3.802410e+00 -2.444772e+00 -1.490708e+00 -4.565965e-01 1.603778e+00 7.014833e+00 1.227968e-01 1.735739e-01 1.411403e-01 -9.351556e-02 1.830393e-01 -3.329470e-01 -2.231714e+00 -9.877886e-01 -1.504050e-01 -1.562353e+00 -1.019017e+00 -1.304283e+00 5.408482e-02 3.959319e-02 -1.907486e-02 1.411603e-01 1.465094e-01 6.533575e-02 -5.714114e-01 -2.145542e-01 2.485482e-01 2.746433e-01 2.813459e-01 2.227096e-01 -3.824817e-01 5.513379e-02 
-1.479418e+01 2.981781e+00 3.963066e-01 3.442286e+00 7.099892e-01 -8.116452e-01 -5.555110e+00 -1.803512e+00 1.827782e+00 -1.816823e+00 -2.858617e+00 -3.069608e+00 7.458212e+00 3.513976e-01 2.277226e-01 2.602396e-01 5.881668e-01 7.240359e-01 -7.663469e-01 -2.096065e+00 -7.822756e-01 4.938944e-01 -2.909320e-01 -1.344041e+00 -1.719487e+00 9.288366e-02 6.149634e-02 -1.717444e-02 3.207597e-02 1.567873e-01 1.467974e-01 -1.870815e-01 1.025685e-01 1.937089e-01 1.862510e-01 3.458116e-01 8.437008e-02 -2.354096e-01 2.955404e-02 
