-1.594639e+01 2.670779e+00 -4.958063e-01 2.490580e+00 -1.431667e+00 -1.521390e+00 3.029943e+00 3.578110e+00 -1.005067e+00 -8.701617e-01 5.554927e+00 5.667674e+00 7.616765e+00 2.951672e-01 -1.979177e-01 3.833702e-01 -6.316254e-01 -2.273546e-01 1.262663e+00 -3.340340e-01 -3.749290e-01 5.083660e-01 1.426180e+00 -3.361250e-01 -1.266131e+00 -5.131495e-02 -6.098513e-02 7.809355e-04 -9.449456e-02 2.419962e-01 1.359954e-01 -5.660188e-01 -2.363676e-01 -9.899122e-02 1.691351e-01 1.111636e-01 -1.790879e-01 1.181293e-01 2.334355e-03 
-1.500377e+01 6.886956e-01 -3.773852e-01 1.749743e+00 1.396324e+00 1.798840e+00 5.518912e-02 2.980897e+00 2.226242e+00 -1.586520e+00 2.309645e+00 3.195196e+00 7.554342e+00 1.793434e-01 -1.312574e-01 5.579074e-01 1.717599e-01 5.596948e-02 -1.903594e-01 -1.463936e+00 -8.296616e-01 7.488583e-01 1.851991e+00 -5.409619e-01 -9.528072e-01 -5.870122e-02 -7.184572e-02 1.049572e-01 -3.096621e-02 2.671232e-01 1.381285e-01 -6.279041e-01 -1.124716e-01 6.823510e-02 8.518215e-02 -1.107669e-01 -2.227134e-01 2.289012e-01 1.322169e-02 
-1.494198e+01 2.671802e+00 1.361713e+00 -2.968931e-01 -3.981982e+00 3.131783e+00 2.847087e+00 2.001542e+00 -7.886767e-02 6.618519e+00 5.497018e+00 5.731556e-01 7.391411e+00 4.825177e-02 -2.273542e-01 -1.765500e-01 1.767139e-01 3.109816e-01 -8.409548e-01 -9.510126e-01 -6.426528e-01 1.233807e+00 1.769144e+00 -1.129175e+00 -8.321004e-01 -3.596046e-02 -1.093641e-01 4.975325e-02 -4.303467e-02 2.258346e-01 1.445935e-01 -4.365173e-01 -4.008303e-02 2.011792e-01 2.151752e-02 -6.341975e-01 -1.733610e-01 4.545699e-01 4.163343e-02 
-1.555256e+01 2.013495e+00 1.365379e+00 4.743228e+00 1.236064e-01 -4.799877e+00 -4.197991e+00 2.178450e-01 2.276006e+00 4.645297e+00 2.879283e+00 3.450841e+00 7.436031e+00 5.930769e-02 3.414394e-01 5.083779e-01 2.998580e-01 1.941438e-01 -8.251000e-01 -5.879939e-01 1.000772e-01 5.714887e-01 7.008777e-01 -1.053195e+00 -3.386111e-01 7.103733e-03 -4.183099e-02 1.656476e-01 2.149623e-03 -9.619212e-02 -2.582556e-02 2.815977e-01 4.077654e-01 2.907636e-01 -3.889144e-01 -8.082478e-01 2.294759e-01 3.639640e-01 4.772166e-02 
-1.543081e+01 8.715207e-01 -2.249567e+00 1.877039e+00 7.594774e-01 -2.426753e+00 4.016748e-01 1.746419e+00 5.139154e+00 4.859629e+00 -3.758482e-01 1.379072e+00 7.496201e+00 -1.916879e-01 -1.856136e-01 1.928493e-01 4.335000e-01 4.263834e-01 -6.025854e-01 -9.722524e-01 1.660134e-01 7.045159e-01 -1.169317e+00 -9.468790e-01 6.996545e-01 1.239859e-01 -5.299911e-03 2.163133e-01 1.032350e-01 -1.809000e-01 -2.511476e-01 5.006292e-01 3.678888e-01 8.639018e-02 -8.044996e-01 -8.344712e-01 4.846262e-01 3.276511e-01 3.816173e-02 
-1.446283e+01 3.296341e+00 3.970361e+00 2.162218e+00 -3.762979e-03 4.526409e-01 -1.662328e+00 3.609143e+00 2.475064e+00 2.797580e+00 -1.972588e-02 1.099063e+00 7.537440e+00 9.010632e-02 6.759872e-01 3.840608e-01 -4.374730e-01 -1.308274e-01 1.098413e+00 5.857155e-01 2.198234e-01 -9.310397e-01 -7.200387e-01 5.152491e-01 1.011789e-01 9.994691e-02 -2.634129e-03 1.385377e-02 -2.338611e-01 -1.694019e-01 -1.883029e-01 4.561886e-01 5.074121e-01 -1.363637e-01 -5.488267e-01 -4.555115e-01 2.998494e-01 2.448718e-01 6.405938e-03 
-1.644536e+01 1.102440e+00 1.023649e+00 3.161246e+00 -1.786446e+00 -2.507418e+00 -3.282139e+00 1.135855e+00 3.344735e+00 1.695711e+00 2.212342e+00 5.247473e+00 7.960653e+00 6.397229e-03 6.868896e-01 4.019191e-01 -3.591515e-01 -7.823086e-01 7.004799e-01 3.016316e-01 -2.705299e-01 -2.037408e+00 -1.692779e+00 5.098019e-01 5.862632e-01 1.084075e-01 3.054004e-02 -6.973106e-02 -1.551747e-01 -8.682480e-02 -2.753205e-02 2.866437e-01 3.695054e-01 -1.611820e-01 1.190088e-02 2.592014e-02 -1.162604e-01 -1.593293e-01 -4.079379e-02 
-1.459472e+01 5.278083e+00 1.649025e+00 1.913923e+00 7.423972e-01 7.327113e-01 5.723670e-01 1.622285e+00 -1.481936e+00 2.627121e+00 4.161560e+00 2.022681e+00 7.703526e+00 -5.269928e-02 -2.550412e-02 -7.653789e-01 -1.507266e-01 -1.430344e-01 8.044345e-01 1.311957e+00 -3.634659e-01 -8.016643e-01 -1.314929e+00 -2.822156e-01 9.423912e-01 4.694483e-02 -1.838579e-01 -4.556166e-01 -2.610392e-01 2.293725e-01 1.797734e-01 -9.317445e-02 -2.123877e-01 -2.043808e-01 6.681457e-01 3.098112e-01 -3.844815e-01 -1.742069e-01 -3.512676e-02 
-1.533304e+01 3.315101e+00 9.204537e-01 2.059945e-01 -3.525209e+00 9.355013e-01 7.925012e-01 1.387009e+00 -3.070050e+00 -3.519106e+00 8.230473e-02 3.848926e+00 7.955019e+00 3.245761e-02 -1.834331e-01 -8.228646e-03 -1.440032e-01 2.948767e-01 9.775882e-01 5.121927e-01 -3.483081e-01 6.994035e-01 -7.421679e-01 -1.129457e+00 -5.176089e-01 -5.346368e-02 -1.682088e-01 -2.417776e-01 -1.846700e-01 4.670129e-01 3.213135e-01 -1.663051e-01 -4.776480e-01 -7.587890e-02 6.349134e-01 8.792886e-01 1.139610e-01 -3.803442e-01 -2.464786e-02 
-1.528278e+01 2.062272e+00 1.949835e-01 2.885962e+00 1.509347e-01 2.752997e+00 2.860036e+00 1.665949e+00 1.674001e+00 -1.169723e+00 -3.659997e-01 6.510701e+00 7.774962e+00 -8.422760e-01 -1.166829e+00 -7.159480e-01 6.017025e-01 2.294311e-01 4.938982e-01 -5.815606e-01 -7.632517e-01 1.041309e+00 3.537403e-01 -5.876396e-01 -2.179042e-01 5.223592e-03 6.399909e-03 1.084116e-01 3.695504e-02 3.045924e-01 5.678831e-03 -3.479244e-01 -6.024869e-01 9.871890e-02 5.162533e-02 8.123462e-01 5.465441e-01 -5.520723e-01 1.096254e-02 
-1.593901e+01 1.793491e+00 1.709646e+00 1.954856e+00 -1.645112e-02 1.370414e+00 -1.865197e+00 -6.272731e-01 5.263807e+00 -1.167623e-01 -1.171608e+00 4.153458e-01 7.657779e+00 -4.400512e-01 4.878792e-02 -5.461467e-01 1.599594e+00 6.381071e-01 2.418865e-02 -1.139823e+00 -4.500546e-01 2.157064e-01 1.869237e+00 1.232225e+00 -7.352081e-01 5.984601e-03 2.278079e-01 1.186396e-01 -8.518890e-03 7.973658e-02 -1.302495e-01 -5.303005e-01 -4.287902e-01 2.310514e-01 -2.470182e-01 4.632771e-01 4.177225e-01 -2.113307e-01 5.423142e-03 
-1.850307e+01 2.046866e-01 -2.325413e+00 4.047822e+00 1.348305e-01 2.984838e+00 -1.006242e+00 -1.186595e+00 -4.421966e-01 2.694370e+00 1.850310e+00 2.649797e+00 7.878174e+00 2.155383e-01 4.006238e-01 -3.116215e-01 5.003800e-01 -2.863377e-01 -4.584860e-01 -8.745284e-01 1.809817e-01 -3.014823e-01 1.441143e+00 1.269605e+00 -1.709190e+00 7.201338e-02 4.110063e-01 8.463670e-02 2.499874e-01 -3.059718e-01 -1.824615e-01 -4.093411e-01 -1.268865e-01 3.882989e-01 2.447961e-02 -1.251932e-01 -6.485308e-02 5.572759e-02 -3.909624e-02 
-1.592287e+01 4.487433e+00 -5.499417e-01 7.622911e+00 -3.268225e-01 9.405782e-01 -2.972931e+00 5.635423e-01 -9.330772e-01 3.894774e+00 5.135775e+00 2.103273e+00 7.933385e+00 6.426389e-01 -3.739136e-01 -2.529162e-01 3.052839e-01 -9.851496e-02 -1.197728e+00 -1.485278e+00 3.349276e-01 1.356814e-01 1.030532e+00 3.053412e-02 -8.285983e-01 -5.968606e-02 9.481500e-02 -2.631141e-01 1.398748e-01 -6.025098e-01 -4.656595e-02 -1.975181e-01 1.050984e-01 1.680237e-01 2.065872e-01 -5.640724e-01 -4.554951e-01 5.335416e-01 -5.609733e-02 
-1.421288e+01 2.718191e+00 -2.333062e-01 2.553553e+00 -1.125687e+00 6.754562e-01 -9.583697e-01 1.975922e+00 3.265015e+00 4.029991e+00 2.828465e+00 -2.879167e+00 7.996935e+00 6.713316e-01 -5.321540e-01 3.874154e-01 -2.810659e-01 -3.145470e-01 -9.418635e-01 -1.043222e+00 7.857761e-01 1.203655e+00 1.471747e-01 -3.111426e-01 1.074050e-01 -1.574087e-01 -2.035057e-01 -7.433704e-02 5.148546e-02 -4.606733e-01 1.820706e-01 1.278395e-01 2.950511e-01 -9.155536e-02 -1.405453e-01 -5.251178e-01 -5.107483e-02 8.420600e-01 -3.893031e-02 
-1.487096e+01 -1.333295e+00 -6.012575e-01 4.228645e+00 1.216544e-01 -3.463549e+00 -9.316011e+00 -5.341730e-01 4.088303e+00 4.368031e+00 -1.508033e+00 -9.629592e-01 7.299693e+00 -1.937938e-01 -8.005087e-01 -1.960856e-01 -1.022171e+00 4.194080e-01 -7.216920e-01 -5.299926e-01 8.776149e-02 4.959502e-01 -3.042299e-01 -2.548852e-01 1.024185e+00 -1.598260e-01 -2.425545e-01 3.502252e-01 6.548487e-02 -3.196409e-01 1.912594e-01 3.699023e-01 8.112467e-01 -3.634975e-02 -5.125107e-01 -3.698530e-01 4.268182e-01 3.901233e-01 3.000580e-02 
-1.567246e+01 4.540246e-01 -3.630055e-01 4.339748e+00 -1.662005e+00 4.777429e-01 -3.050625e+00 3.291231e+00 3.064991e+00 3.193879e+00 3.616346e+00 4.720066e+00 7.407862e+00 -3.835871e-01 2.420718e-01 -8.262157e-02 -1.139182e+00 3.650409e-01 -5.742867e-02 1.231347e-01 -1.531521e-01 -1.184365e+00 -5.170956e-01 1.156903e+00 1.574643e+00 -7.262322e-02 -7.150015e-02 3.253664e-01 -8.735003e-02 -8.875455e-02 7.141143e-02 3.129188e-01 7.843928e-01 -8.788572e-02 -4.853244e-01 2.163029e-02 3.971730e-01 -1.648643e-01 4.525828e-02 
-1.616221e+01 1.616806e+00 -1.465732e+00 1.618848e+00 2.038539e+00 -2.568904e+00 -4.577045e+00 3.445044e-01 1.646945e+00 2.791826e+00 3.467042e+00 3.424602e+00 7.428820e+00 -4.269630e-02 9.901320e-01 3.095692e-01 -8.638770e-01 5.178841e-01 2.096044e-01 1.987652e+00 6.225460e-01 -1.232881e+00 -4.865400e-01 1.430676e+00 3.883538e-01 4.792966e-02 -6.632802e-03 2.170584e-01 -1.195969e-01 3.792094e-01 -3.585251e-01 3.271557e-01 5.104657e-01 1.484844e-01 -4.450055e-02 1.662743e-01 9.052158e-04 -3.377206e-01 1.245329e-01 
-1.548523e+01 2.453162e+00 -2.141333e-01 -1.837492e+00 -2.585018e-01 -5.898817e-02 -2.711987e+00 7.706720e-01 -1.436037e+00 2.232261e+00 6.125353e+00 2.800485e+00 7.569440e+00 2.381766e-01 1.993967e-01 -3.022484e-01 -8.039563e-01 -6.706479e-03 1.570413e-01 1.619936e+00 7.904578e-02 -3.584492e-01 3.465739e-01 8.320373e-01 -3.990034e-01 -3.497563e-02 -4.046241e-01 -6.559924e-02 -3.095544e-01 7.600130e-01 -3.659089e-01 3.063230e-01 2.000132e-02 1.551477e-01 2.020832e-01 -8.309044e-02 -6.513214e-01 -1.760402e-01 1.912864e-01 
-1.517763e+01 2.617569e+00 8.722394e-01 2.998415e+00 2.009259e+00 -2.147247e+00 4.530787e-01 3.839006e+00 1.743030e-01 2.416385e+00 4.390833e+00 1.938341e+00 7.458792e+00 -5.378435e-01 3.059287e-01 -6.842768e-01 7.060919e-01 -1.187394e+00 8.069338e-01 1.273868e+00 7.140610e-01 -1.394500e-01 9.535608e-02 -8.789752e-02 3.223581e-01 4.440128e-01 -4.415008e-01 -8.097506e-02 -3.361050e-01 5.460924e-01 -2.912501e-01 1.209553e-01 -9.104978e-01 -3.042659e-01 -2.057518e-01 -3.883616e-01 -8.031516e-01 9.684271e-03 2.166860e-01 
-1.497380e+01 9.506540e-01 -3.043270e+00 -3.693125e-01 -1.681037e+00 1.051986e+00 2.533955e+00 1.938754e+00 2.008824e+00 5.114598e+00 7.314660e+00 3.468084e+00 7.218115e+00 -2.159115e+00 2.560892e-01 -1.133496e+00 1.875960e+00 -6.118218e-01 1.175422e+00 5.799970e-01 5.768833e-01 -7.208047e-01 -1.223498e+00 -1.340399e+00 7.275937e-01 6.857901e-01 1.623975e-01 6.438398e-02 1.760319e-01 2.114017e-01 -6.819241e-02 -3.102237e-01 -1.279626e+00 -6.780546e-01 -5.659094e-01 -5.399593e-01 -7.960772e-01 -2.011772e-01 1.227970e-01 
-1.910765e+01 3.897686e+00 -3.472405e+00 4.415317e+00 -3.187510e+00 9.103994e-01 -8.308410e-01 3.330925e+00 -7.731545e-01 1.827691e+00 2.432948e+00 4.702448e+00 9.824773e+00 -1.051549e+00 5.566838e-01 -9.553077e-01 5.268016e-01 -6.358254e-01 3.052021e-01 -2.044970e+00 -1.147690e+00 -2.080394e+00 -1.643245e+00 -1.498934e+00 -1.265375e-01 7.710232e-01 7.803652e-01 1.866294e-02 5.362028e-01 -5.847802e-01 2.438456e-02 -9.732654e-01 -8.609664e-01 -7.952257e-01 -1.108432e-01 -5.245988e-01 -5.678771e-01 -6.538189e-01 -1.240889e-01 
-2.431601e+01 3.093733e+00 -3.709530e+00 6.833495e+00 -7.191788e-01 4.289295e+00 8.297788e-01 3.909012e+00 -4.566850e+00 -3.590670e+00 4.021845e-01 5.056302e+00 9.815533e+00 1.307047e+00 3.961071e-01 7.134024e-01 3.427933e-01 -6.234133e-01 -1.143134e+00 -3.118811e+00 -2.380395e+00 -2.217490e+00 -1.483930e+00 -2.442912e+00 -1.180524e+00 4.154973e-01 8.011484e-01 6.749979e-02 4.845981e-01 -1.080042e+00 -1.254582e-01 -1.034971e+00 4.425061e-02 -3.613386e-01 7.663004e-01 -2.208499e-01 -2.207932e-01 -7.522515e-01 -2.300522e-01 
-1.576423e+01 4.329849e+00 -3.571090e+00 2.030424e+00 -1.650781e+00 -2.240040e+00 -8.919692e+00 -2.884770e+00 -6.940084e+00 -1.447348e+00 3.525480e-01 5.116810e-01 1.001520e+01 1.630827e+00 3.292910e-01 1.073231e+00 -1.451288e+00 -1.059580e+00 -2.900054e+00 -1.181690e+00 -1.783463e+00 5.461311e-02 -2.397371e+00 -2.376042e+00 -1.992707e+00 -4.124276e-02 2.037058e-02 -3.026035e-01 2.715546e-02 -6.107514e-01 2.372361e-01 5.589821e-02 1.179252e+00 5.846248e-01 1.193977e+00 -1.092101e-01 1.060781e-01 -2.384772e-01 -2.693385e-01 
-1.011039e+01 2.715121e+00 5.728032e-01 2.536910e+00 -5.567024e+00 -3.088430e+00 -9.015829e+00 -6.855237e+00 -5.995525e+00 -6.676968e-01 -3.859465e+00 -3.392172e-01 9.200545e+00 5.053613e-01 7.074484e-01 2.752340e-01 -2.535168e+00 -1.027165e+00 -2.396839e+00 3.695381e-01 -9.118924e-01 2.043030e+00 -1.950691e+00 -2.005814e+00 -2.100573e+00 -5.834310e-02 -2.702984e-01 -1.147664e+00 -8.852679e-01 1.744952e-01 7.633595e-01 9.509469e-01 7.609968e-01 1.110382e+00 1.103776e+00 3.438533e-01 8.006837e-01 4.194204e-01 -4.358901e-02 
-1.805620e+01 5.733440e+00 -2.471220e-01 -6.927258e-01 -6.061861e+00 -9.900937e+00 -1.816540e+00 -2.043532e-01 2.144045e-01 -1.162058e+01 -7.316293e+00 -2.563173e+00 9.925956e+00 -5.490310e-01 -1.112006e+00 -6.004121e-01 -1.087990e+00 7.522779e-01 1.211428e+00 2.107126e+00 1.041184e+00 1.759238e+00 -1.955967e+00 -1.187123e+00 -8.589501e-01 -3.387528e-01 4.371211e-01 -1.806995e+00 -1.070157e+00 1.291498e+00 1.069608e+00 1.327053e+00 -5.752738e-01 8.079259e-01 5.954325e-01 1.204245e+00 1.219118e+00 8.174871e-01 1.703542e-01 
-2.064286e+01 5.929227e+00 -3.994868e+00 -4.480576e+00 -3.649651e+00 -3.864053e+00 -8.740046e-01 -1.990937e+00 2.071151e+00 -8.257430e+00 -5.792531e+00 -3.908866e+00 9.568546e+00 1.045390e+00 -4.621799e+00 -2.876007e+00 1.033650e+00 2.287377e+00 1.555782e+00 -9.582627e-01 1.759188e+00 2.449101e+00 1.471437e-02 9.659656e-01 3.496747e-01 3.463350e-01 8.894648e-01 -1.014158e+00 -3.320500e-01 1.395302e+00 5.013807e-01 4.763725e-01 -1.062640e+00 3.591349e-01 -4.218768e-02 1.269319e+00 1.070151e+00 7.799402e-01 1.718730e-01 
-1.324260e+01 -2.837509e+00 -4.289229e+00 9.938956e-02 1.151834e+00 4.205245e+00 -2.454968e+00 -1.108922e-01 -2.177189e+00 -7.432107e+00 -4.616619e+00 -1.998281e+00 8.137330e+00 3.546396e+00 -6.041135e+00 -2.701765e+00 3.221699e+00 2.631120e+00 1.758927e+00 -3.394215e+00 9.206801e-01 2.828777e+00 2.641240e+00 2.233588e+00 8.696246e-01 6.082118e-01 3.189381e-01 1.035363e+00 8.204390e-01 4.227493e-01 -4.739755e-01 -5.484660e-01 -4.584282e-01 -3.689032e-01 -3.660698e-01 8.161863e-01 5.312836e-01 4.073631e-01 6.634372e-02 
-7.289921e+00 -1.610836e+01 -1.178613e+01 7.309394e+00 2.263510e+00 -2.362447e+00 -1.348757e+01 1.894008e+00 7.446197e+00 -2.688030e+00 -3.793936e-01 1.126802e+00 1.182658e+01 2.905022e+00 -1.898847e+00 -3.342157e-01 2.286441e+00 5.402464e-01 -2.886907e-01 -2.192935e+00 9.440799e-01 1.297452e+00 2.097302e+00 1.634574e+00 9.348421e-01 3.275336e-01 -8.845636e-01 2.631942e+00 1.786446e+00 -5.960371e-01 -8.496982e-01 -2.937522e-01 1.174178e+00 -6.571634e-01 -1.098233e+00 -2.756493e-01 -4.623336e-01 -1.627842e-01 -2.463385e-01 
-7.000772e+00 -1.345330e+01 -9.860378e+00 9.520660e+00 4.137450e+00 -1.857305e+00 -1.248069e+01 2.456578e+00 1.167086e+01 -1.199212e+00 1.145156e+00 -7.328044e-01 1.183785e+01 1.159035e-01 2.703366e+00 2.230959e+00 3.994113e-01 -7.440466e-01 -6.086774e-01 4.323388e-01 -3.957709e-01 5.048187e-01 1.083690e+00 1.135113e+00 8.853453e-01 2.403379e-03 -1.552984e+00 2.147976e+00 1.228401e+00 -8.768154e-01 -7.681150e-01 -5.601441e-02 1.663250e+00 -6.765095e-01 -1.269061e+00 -9.978660e-01 -9.799444e-01 -5.383228e-01 -2.347875e-01 
-9.238791e+00 1.742669e+00 -2.880582e+00 2.240935e+00 -2.440861e+00 -2.276423e+00 -6.825867e+00 1.445828e+00 1.634383e+00 -8.874233e-01 -5.007274e-01 1.327127e-01 9.355813e+00 -1.662125e+00 4.165689e+00 3.589863e+00 -5.354928e-01 -2.734127e-01 1.270786e+00 2.999305e+00 -8.685033e-01 -1.879967e+00 -5.846646e-01 -7.964211e-01 -4.720034e-01 -5.824549e-01 -1.199422e+00 -1.647631e-01 -2.084690e-01 -2.748144e-01 -9.949990e-02 3.165951e-01 8.582634e-01 -4.502792e-01 -4.940483e-01 -6.363425e-01 -9.530280e-01 -5.795714e-01 4.691755e-02 
-1.168894e+01 1.753584e+00 2.412842e+00 4.630775e+00 -2.165333e-01 1.118830e+00 -3.624308e+00 -1.865721e+00 3.252453e+00 -2.913870e+00 1.119550e+00 2.925683e+00 9.384658e+00 -1.934969e+00 1.666548e+00 1.478347e+00 2.485480e-01 -8.026193e-01 6.991521e-01 2.325856e+00 -1.555718e+00 -1.927856e+00 -1.007089e+00 -1.450660e+00 -1.118575e+00 -1.107185e-01 -4.480665e-01 -1.623230e+00 -1.377130e+00 -1.129970e-01 -4.722229e-02 -1.396696e-01 -2.298113e-01 4.708636e-02 -1.096665e-01 5.681397e-02 -6.367009e-01 -2.466212e-01 2.740583e-01 
-1.325689e+01 -2.883557e+00 2.665631e-02 7.076842e+00 3.073599e+00 2.503388e+00 -2.919173e+00 -2.873494e-01 2.255231e+00 -4.754034e+00 -4.348345e+00 -3.062466e+00 1.014094e+01 -2.066719e+00 -2.204270e+00 -1.000299e+00 9.877663e-01 7.197185e-02 6.403407e-01 1.151636e+00 -7.273468e-01 4.355360e-02 -3.899427e-02 -1.837699e+00 -9.611346e-01 6.186869e-01 3.054004e-02 -1.456061e+00 -1.313698e+00 -2.697488e-01 -2.410728e-01 -7.371135e-01 -9.802370e-01 2.564814e-01 3.301429e-01 5.658875e-01 9.293988e-02 3.464421e-01 3.481636e-01 
-1.466620e+01 -2.807835e+00 -3.922406e+00 8.345306e+00 -2.632648e+00 -7.514079e-01 -2.804200e+00 -4.455564e+00 1.720867e+00 -4.301275e+00 -4.184072e+00 -4.727902e+00 1.089182e+01 -1.922202e+00 -2.227788e+00 -2.359597e+00 -9.272184e-01 -1.152928e+00 -9.918492e-01 2.071753e-01 -2.308356e-01 -1.005222e+00 1.094951e+00 -1.527767e+00 -1.032678e-01 7.720975e-01 2.013969e-01 -5.493617e-01 -3.290088e-01 -3.704174e-01 -6.290886e-02 -5.182261e-01 -8.064504e-01 6.191002e-01 1.633326e-01 4.506151e-01 6.208590e-01 4.085971e-01 1.643042e-01 
-1.808387e+01 -6.998145e+00 -4.714699e+00 5.322583e+00 -8.729005e-01 1.860608e+00 -1.477510e+00 -8.961086e-01 2.618077e+00 -3.889930e-01 -7.037384e+00 -8.460076e-01 1.169565e+01 -1.515766e+00 -1.167452e+00 -1.059695e+00 -1.296297e+00 -1.303617e+00 -1.569341e+00 -8.424643e-01 -2.485512e-01 -6.905475e-01 1.193706e+00 -2.930162e-01 7.524199e-01 7.169467e-01 3.517174e-01 1.826491e-01 2.645661e-01 -1.074088e-01 -5.746122e-02 -2.278300e-01 -4.743699e-01 4.753724e-01 -3.955021e-02 1.007503e-01 1.123647e+00 1.585393e-02 -1.969559e-02 
-1.888629e+01 -7.327981e+00 -7.014324e+00 8.717133e-01 -4.007847e+00 -3.519112e+00 -3.309214e+00 -2.715169e+00 -1.954940e+00 3.784313e-01 -5.174832e+00 1.301105e+00 1.246771e+01 -1.203436e+00 -1.598564e+00 -1.369856e-01 -4.614177e-01 -4.293332e-01 -7.872202e-01 -7.093064e-01 1.300477e+00 -7.440714e-01 6.296862e-01 8.812508e-01 6.763630e-02 6.616168e-01 4.139683e-01 1.373344e-01 3.898366e-01 4.050599e-01 3.740505e-01 3.880318e-01 -1.677960e-01 2.696471e-01 4.685090e-01 -7.329990e-02 1.208709e+00 -9.985369e-02 -7.694026e-02 
-1.872581e+01 -6.461267e+00 -3.725601e+00 4.332551e+00 -2.757089e+00 -3.959384e+00 -6.878840e+00 -2.400145e+00 6.410261e-01 -1.125490e+00 -5.318227e+00 -2.315025e+00 1.293757e+01 -6.674872e-01 -1.605573e+00 -7.887623e-01 2.178799e-01 -5.771500e-01 -6.011015e-01 -7.618956e-01 8.839225e-01 -2.846843e-01 6.974126e-01 2.575922e+00 -9.672827e-01 5.754436e-01 3.668728e-01 1.443789e-01 -4.608712e-03 1.204623e-01 5.496219e-01 6.110641e-01 2.226625e-01 -1.290887e-01 5.115607e-01 8.193034e-02 4.458180e-01 -2.275053e-02 -1.034247e-01 
-2.036247e+01 -1.106941e+01 -5.101823e+00 6.533472e+00 -3.837045e+00 -1.777486e+00 -3.649814e+00 2.798667e+00 -1.010864e+00 -7.849322e-01 -6.374247e-01 -3.655471e+00 1.357893e+01 -2.764500e-01 -1.322111e+00 -5.458507e-01 3.410240e-01 3.541675e-01 4.642192e-01 -6.720344e-01 5.512098e-01 1.134272e+00 9.765872e-01 3.081205e+00 2.572962e-01 4.582034e-01 5.582167e-01 6.268544e-01 3.763088e-02 -3.620149e-01 2.774042e-01 1.134224e-01 1.819776e-01 -7.208349e-01 2.490709e-01 5.923566e-02 -4.779311e-01 2.159978e-01 -1.172477e-01 
-2.068298e+01 -1.315485e+01 -9.614796e+00 3.581369e+00 -3.843877e+00 -2.015814e+00 -5.116590e+00 7.663417e-01 7.221954e-01 3.679723e+00 3.573406e+00 -3.204158e+00 1.401746e+01 -1.449635e-01 -5.838625e-01 -8.783495e-01 -1.095185e+00 1.052733e+00 8.602780e-01 2.522080e-01 -5.194960e-01 9.281058e-01 1.429882e+00 8.360758e-01 5.438485e-01 3.015249e-01 7.657527e-01 9.886263e-01 5.870352e-01 -2.030519e-01 8.532587e-02 -1.115923e-01 2.688260e-01 -4.558802e-01 -1.695575e-01 -2.286685e-01 -9.885684e-01 1.416446e-01 -6.076880e-02 
-1.928981e+01 -1.059189e+01 -6.798911e+00 2.952085e+00 -1.693725e+00 -2.170093e+00 -7.550622e+00 -1.542397e+00 3.676176e+00 2.858715e+00 5.785383e+00 3.032139e+00 1.421893e+01 1.326263e+00 1.024864e+00 9.586225e-02 -1.615009e+00 1.427516e-01 -9.508454e-01 -3.064629e-01 -1.602044e+00 -1.051238e-01 5.595184e-01 -6.383557e-01 3.920116e-01 2.123525e-01 1.309918e+00 1.014298e+00 5.859249e-01 -2.278974e-01 -2.919064e-01 -3.579442e-01 2.240995e-01 -2.098531e-01 -1.115073e+00 -6.650914e-01 -7.243562e-01 -5.728377e-01 1.510429e-01 
-1.998755e+01 -9.619434e+00 -7.268930e+00 6.472582e-01 1.434389e+00 5.383825e-01 -3.667472e+00 -2.827034e+00 2.937922e+00 4.202248e+00 -4.349133e+00 -2.939142e+00 1.412541e+01 2.359860e+00 2.164164e+00 1.825547e+00 1.806064e-01 -4.486598e-02 -4.515348e-01 3.995599e-01 -3.189400e-01 -5.127606e-01 -2.373697e-01 -5.070572e-01 -3.263147e-01 3.945024e-01 1.659333e+00 5.839782e-01 3.001439e-01 -4.351041e-01 -5.348184e-01 -2.730276e-01 -2.152168e-01 1.881101e-01 -1.348915e+00 -9.639277e-01 2.673072e-01 -9.430527e-01 3.731930e-01 
-1.407914e+01 -7.712732e+00 -5.795433e+00 -7.468691e-02 -5.762226e+00 -7.808448e+00 -5.906876e+00 -3.414503e+00 -2.643912e+00 1.751812e+00 1.323352e-01 -1.827727e+00 1.458671e+01 5.020650e+00 2.375204e+00 1.031694e+00 -1.436426e+00 -5.566341e-01 -6.695976e-01 3.746438e-01 -5.984111e-01 -3.720749e+00 -1.515194e+00 1.310273e-01 -2.171783e+00 1.166927e+00 1.131508e+00 -1.114557e-01 -4.193290e-01 -9.214811e-01 -3.862227e-01 2.593233e-01 -2.933085e-01 3.755517e-01 -1.073076e+00 -6.609745e-01 5.518330e-01 -1.019839e+00 4.329394e-01 
-1.148926e+01 -3.773124e+00 -9.889457e-01 5.997748e+00 -2.033377e+00 -1.454263e+00 -3.940579e+00 1.077848e-01 1.318403e+00 3.046076e+00 3.864528e+00 -2.405738e+00 1.580609e+01 6.304453e+00 1.660629e+00 1.544689e-01 -3.360021e+00 -1.271715e+00 -6.453857e-01 -1.164433e+00 -8.077379e-02 -4.008714e+00 -2.352403e+00 1.787943e+00 -2.889487e+00 1.690233e+00 2.014463e-01 -6.143872e-01 -9.366313e-01 -1.239367e+00 -4.549416e-01 1.574666e-01 -2.955538e-01 2.024024e-01 -4.282737e-01 -1.477495e-01 3.729853e-01 -4.037537e-01 2.303558e-01 
1.564384e+00 -1.638572e+00 -4.780395e+00 -6.905052e+00 -2.742449e+00 -4.521781e+00 -5.540770e+00 -6.001820e+00 -1.411825e+01 -4.139447e+00 2.333675e+00 -8.093261e+00 1.921298e+01 5.011700e+00 7.194411e-01 -1.165265e+00 -4.452276e+00 -1.174880e+00 4.428191e-01 -9.910416e-01 1.567293e-01 -3.722419e+00 -1.687739e+00 9.731973e-01 -3.425624e+00 1.729179e+00 -1.132777e+00 -7.102997e-01 -5.165042e-01 -1.596728e-01 -4.013514e-01 3.075845e-01 1.432236e-01 3.852409e-01 9.891468e-01 5.053799e-01 1.388225e-01 6.732227e-01 -1.642432e-01 
3.713398e+00 -4.352980e+00 -7.004174e+00 -1.273774e+01 -6.434209e+00 -4.331965e+00 -9.672700e+00 -1.937170e+00 -1.136912e+01 -4.614142e+00 3.489891e+00 -1.425384e+01 2.026335e+01 3.371476e+00 -7.986035e-02 -1.759028e+00 -4.508305e+00 -2.010388e+00 -2.203509e-01 -3.953029e-01 3.156015e-01 -2.653193e+00 -8.898273e-01 9.366629e-01 -1.718218e+00 1.265142e+00 -1.575840e+00 -3.981097e-01 6.278154e-02 7.743655e-01 -3.468750e-01 3.577199e-01 5.760735e-01 1.785498e-01 1.310229e+00 5.169694e-01 -1.848148e-01 1.290577e+00 -3.927751e-01 
3.378133e+00 -3.825993e+00 -8.614137e+00 -1.296804e+01 -9.436418e+00 -4.155687e+00 -7.995992e+00 -1.608433e+00 -1.491255e+01 -2.856690e+00 5.185805e+00 -1.303222e+01 2.100385e+01 8.233505e-01 -3.060072e-01 -5.939002e-01 -1.660657e+00 -2.194108e+00 6.558051e-01 7.061090e-01 1.129668e+00 5.472830e-01 2.805012e-01 1.250821e+00 6.087546e-01 5.582090e-01 -1.168766e+00 -2.489058e-02 5.782976e-01 1.029374e+00 -3.087088e-01 2.664958e-01 3.924075e-01 6.430794e-02 1.256060e+00 4.640071e-02 -2.113944e-01 1.257120e+00 -4.035093e-01 
4.461402e+00 -3.078661e+00 -7.867239e+00 -1.351231e+01 -8.738082e+00 -2.738695e+00 -4.689663e+00 -5.107175e-01 -1.155030e+01 -2.043954e+00 7.122023e+00 -8.527706e+00 2.123619e+01 5.194444e-01 1.828874e-01 1.825882e-01 -8.839292e-01 -2.496511e+00 1.036634e+00 8.672464e-01 3.255488e-01 4.075784e-01 -7.516969e-01 7.250638e-01 1.546237e+00 3.118657e-01 -6.492836e-01 2.358209e-01 6.076964e-01 7.748881e-01 -2.869510e-01 2.561155e-01 -6.509572e-02 -1.085194e-01 7.289293e-01 -4.449599e-01 -3.690526e-01 3.295549e-01 -2.635183e-01 
5.306711e+00 -3.805869e+00 -7.318272e+00 -1.482126e+01 -1.256112e+01 -2.039506e+00 -4.501706e+00 -1.066792e+00 -1.129085e+01 -4.021852e+00 6.771416e+00 -7.912586e+00 2.151766e+01 5.939403e-01 4.633905e-01 7.553347e-01 -1.117478e+00 -2.475380e+00 1.146680e+00 3.398226e-01 4.732421e-01 1.027537e+00 -1.524881e+00 2.208142e-02 1.227776e+00 1.882688e-01 -1.723062e-01 3.507670e-01 3.295426e-01 2.907626e-01 -1.507930e-01 1.726042e-02 -3.615208e-01 -1.864189e-01 2.306491e-01 -5.204820e-01 -3.139732e-01 -4.463772e-01 -1.107255e-01 
5.345910e+00 -3.448746e+00 -6.739136e+00 -1.623096e+01 -1.735431e+01 -2.067796e-01 -7.083671e+00 -5.803621e-01 -1.114204e+01 -7.789927e+00 6.322324e+00 -9.082102e+00 2.156589e+01 2.397560e-01 7.147686e-01 6.048716e-01 -9.053968e-01 -3.304426e+00 8.147441e-01 -5.375491e-01 1.012140e-01 7.514666e-01 -2.211989e+00 -2.942372e-01 -3.799362e-01 1.325360e-01 -1.797111e-01 2.037146e-01 1.254409e-01 2.376945e-01 1.203745e-01 -2.530239e-01 -3.040859e-01 -1.451837e-01 2.769876e-01 -7.319611e-02 -5.077164e-02 -7.484087e-01 -5.928822e-02 
5.905760e+00 -1.323745e+00 -5.401542e+00 -1.719625e+01 -1.750559e+01 3.119006e-01 -5.100110e+00 7.926841e-01 -9.979582e+00 -7.608320e+00 5.696352e+00 -6.615997e+00 2.178042e+01 1.015571e-01 1.181858e+00 8.427514e-01 -1.962569e-01 -2.544006e+00 8.530144e-01 -3.990812e-01 3.098226e-01 1.528658e+00 -1.591820e+00 1.905718e-01 -6.601068e-01 9.421696e-02 -1.848452e-01 -9.650235e-03 -7.263771e-03 3.422225e-01 4.182223e-01 -4.162253e-01 -1.388315e-01 -1.673947e-01 1.389461e-01 3.497345e-01 1.565758e-01 -5.901127e-01 -3.956849e-02 
5.360667e+00 -7.459357e-01 -5.801636e+00 -1.685215e+01 -2.278824e+01 1.593144e-01 -7.078177e+00 -9.343591e-01 -8.448961e+00 -1.131095e+01 6.188384e+00 -1.107553e+01 2.176758e+01 -1.328547e-01 8.421708e-01 7.660892e-01 -1.561525e-01 -1.860315e+00 -8.156239e-02 -2.836913e-01 -3.186558e-01 1.541804e+00 -1.084186e+00 3.868621e-01 -1.251889e+00 6.243361e-02 -1.192868e-01 -2.063523e-01 -9.874265e-02 2.125676e-01 6.500421e-01 -4.572059e-01 -7.452921e-04 -9.123346e-02 -1.003745e-01 5.208787e-01 1.767211e-01 -2.018823e-01 -3.138703e-02 
5.807072e+00 7.517976e-01 -3.573063e+00 -1.549192e+01 -2.256425e+01 2.042527e+00 -6.499786e+00 6.591684e-01 -4.994438e+00 -1.022058e+01 7.791328e+00 -1.021638e+01 2.188791e+01 -1.439106e-01 3.515630e-01 6.385162e-01 2.189415e-01 -1.106357e+00 -4.863686e-01 -4.813858e-01 -1.538152e-01 1.326874e+00 -3.400619e-01 4.643452e-01 -1.286833e+00 2.545750e-02 -6.577366e-02 -3.653260e-01 -2.473777e-01 4.556808e-03 4.618034e-01 -4.053043e-01 -4.874991e-02 -8.869047e-02 -4.864605e-01 3.214007e-01 -2.092985e-03 -4.076594e-02 -2.445641e-02 
4.731181e+00 -2.759115e-01 -3.823158e+00 -1.786377e+01 -2.412635e+01 -1.479929e+00 -7.802540e+00 -2.106771e+00 -5.925468e+00 -1.190431e+01 7.209084e+00 -1.354126e+01 2.182437e+01 -2.339373e-01 9.816020e-02 2.133715e-01 -5.011177e-02 -7.730765e-01 -8.015911e-01 -5.001750e-01 -1.232155e-01 3.505072e-01 -2.334321e-01 4.524175e-01 -1.075927e+00 1.001348e-02 1.721113e-02 -2.809961e-01 -2.659149e-01 -4.630009e-02 2.745491e-01 -2.555832e-02 2.471646e-02 1.644162e-02 -5.393317e-01 3.211274e-02 -2.995267e-02 1.709416e-01 -1.815120e-02 
5.500860e+00 1.992292e-01 -3.198345e+00 -1.559628e+01 -2.236807e+01 -1.300267e+00 -7.144885e+00 6.100923e-01 -4.606468e+00 -9.011909e+00 7.507691e+00 -1.181735e+01 2.187958e+01 -1.766835e-01 -2.726770e-01 -1.177461e-01 -2.264531e-01 -7.786158e-01 -8.134627e-01 -5.345877e-01 -2.314040e-01 -3.079510e-01 -4.102296e-01 1.473691e-01 -9.519511e-01 -1.804556e-03 3.458808e-02 -1.840675e-01 -1.788772e-01 -1.669496e-01 2.440949e-01 2.079985e-01 2.757864e-01 -1.211700e-01 -3.819758e-01 -2.440635e-01 -2.904310e-02 2.945817e-01 -1.632600e-02 
4.344728e+00 2.186151e-02 -4.922218e+00 -1.705052e+01 -2.675182e+01 -2.177144e+00 -9.256760e+00 -1.525797e+00 -6.890319e+00 -1.308242e+01 8.592209e+00 -1.565501e+01 2.182211e+01 -3.032421e-02 -2.508722e-01 -1.853312e-01 -1.649991e-01 -6.513149e-01 -4.571326e-02 -1.335823e-01 -1.976780e-01 -3.374778e-01 -8.884098e-01 3.955966e-01 -5.646153e-01 -1.469696e-02 8.533666e-02 -1.424106e-01 -2.401479e-02 -8.131699e-02 5.195286e-01 4.126850e-01 5.283832e-01 -1.243246e-01 -4.166019e-02 -1.239132e-01 -1.113083e-01 5.531787e-01 -2.014231e-02 
5.116713e+00 -7.602615e-01 -3.612255e+00 -1.703073e+01 -2.514433e+01 -1.675950e+00 -8.445678e+00 -7.882136e-01 -6.051570e+00 -1.168279e+01 7.836237e+00 -1.391910e+01 2.188003e+01 -7.270522e-02 -3.941609e-01 -5.657418e-02 -5.583760e-01 5.330241e-02 1.757079e-01 7.141761e-01 -7.224205e-01 -2.389856e-01 -1.232870e+00 3.476041e-01 -6.956946e-02 -4.379438e-02 3.774752e-02 -1.485067e-01 -3.757973e-02 -2.362555e-02 6.054765e-01 5.125594e-01 4.992841e-01 -1.299901e-01 -4.045714e-03 -3.655942e-02 -1.293312e-01 5.811361e-01 -2.494142e-02 
4.771302e+00 -1.050189e+00 -4.542989e+00 -1.797128e+01 -2.599493e+01 -1.520826e+00 -7.820199e+00 -2.396536e+00 -6.890319e+00 -1.501105e+01 9.022392e+00 -1.531353e+01 2.175045e+01 1.407793e-01 -5.531801e-01 6.261235e-02 -2.907381e-01 1.408683e+00 7.671795e-01 1.517412e+00 -4.993173e-01 1.077196e-01 -4.417303e-01 -2.043568e-01 1.248867e+00 -6.966871e-02 -1.650607e-02 -2.599306e-01 -9.488074e-02 8.612887e-02 5.238933e-01 4.221282e-01 1.625782e-01 -1.048820e-01 -8.832324e-02 1.994860e-01 -1.957970e-01 4.119816e-01 -2.203132e-02 
4.923947e+00 -1.235402e+00 -3.670902e+00 -1.792720e+01 -2.248031e+01 -7.497156e-01 -4.292166e+00 -2.566859e+00 -5.801782e+00 -1.421198e+01 9.030665e+00 -1.233613e+01 2.169614e+01 -7.349493e-02 -8.640541e-01 -4.295254e-01 -2.817736e-01 1.218809e+00 1.342875e+00 1.136319e+00 -7.304730e-01 -5.507386e-01 -8.164307e-01 -1.994731e-01 1.046988e+00 -9.907950e-02 -9.988579e-02 -2.935271e-01 -1.869389e-01 2.215731e-01 1.636931e-01 1.688200e-01 -3.246529e-01 -1.081975e-01 -1.193237e-01 2.799899e-01 -4.918832e-02 -8.187353e-02 -1.737262e-02 
5.144844e+00 -2.506310e+00 -4.579643e+00 -1.805539e+01 -2.104070e+01 1.195829e+00 -3.746343e+00 -3.133037e+00 -6.476743e+00 -1.402642e+01 6.973507e+00 -1.020214e+01 2.156566e+01 -1.125855e-01 -1.315725e+00 -4.733324e-01 1.274091e-01 1.385397e+00 1.481351e+00 4.682833e-01 -7.181574e-01 -6.232514e-01 -9.916054e-02 -3.098277e-01 9.370212e-01 -9.724412e-02 -2.112562e-01 -1.812904e-01 -1.754015e-01 2.320661e-01 -9.339592e-02 -2.661074e-01 -5.437947e-01 -1.783070e-01 4.029022e-03 2.960768e-01 2.199086e-01 -5.611330e-01 -1.188428e-02 
4.562396e+00 -4.352297e+00 -5.741580e+00 -1.839770e+01 -2.152724e+01 3.680360e+00 -4.801104e+00 -4.071977e+00 -9.011831e+00 -1.625713e+01 7.863419e+00 -1.123971e+01 2.147710e+01 -4.455792e-01 -1.480507e+00 -7.232492e-01 3.404342e-01 8.833742e-01 6.628343e-01 -3.845809e-01 -1.153943e+00 -4.701920e-01 -4.186028e-03 1.544130e-01 -3.229682e-01 -1.168961e-01 -2.024690e-01 1.161851e-02 -1.073837e-01 2.579971e-01 3.865999e-02 -5.992862e-01 -3.528989e-01 -6.969845e-02 2.592150e-01 5.086319e-01 3.087766e-01 -5.582068e-01 -6.650867e-04 
4.388999e+00 -6.070376e+00 -5.874380e+00 -1.709910e+01 -1.954398e+01 3.670771e+00 -5.224499e+00 -5.234285e+00 -8.401613e+00 -1.448385e+01 8.056844e+00 -1.117636e+01 2.137388e+01 -7.296109e-01 -1.151254e+00 -6.675038e-01 5.585313e-01 1.109459e+00 -2.232407e-01 -4.411525e-01 -1.179143e+00 8.768731e-02 6.325999e-01 7.182077e-01 -8.718691e-01 -1.201639e-01 -1.607051e-01 1.149819e-01 -1.879527e-01 1.586150e-01 8.877166e-02 -5.425550e-01 -1.569736e-01 7.364300e-02 1.686481e-01 3.845722e-01 2.868460e-01 -3.762898e-01 1.662957e-02 
3.073766e+00 -6.855910e+00 -6.640170e+00 -1.670326e+01 -1.881198e+01 1.326979e+00 -5.476025e+00 -7.285735e+00 -7.190355e+00 -1.400376e+01 9.261121e+00 -1.346367e+01 2.120757e+01 -7.773883e-01 -8.880394e-01 -8.694698e-01 7.926702e-01 1.550140e+00 -8.011225e-01 -1.734071e-01 -8.485140e-01 3.898415e-01 1.360817e+00 8.303468e-01 -8.395717e-01 -9.093222e-02 -3.047674e-02 4.656971e-02 -1.614021e-01 1.755003e-01 2.055020e-01 -1.697292e-01 -1.058256e-01 4.698358e-01 6.120140e-02 2.926864e-01 3.631094e-02 -6.039556e-03 3.900413e-02 
2.241369e+00 -7.010766e+00 -7.467990e+00 -1.611041e+01 -1.685117e+01 1.256186e+00 -5.614933e+00 -7.421777e+00 -6.948781e+00 -1.199026e+01 9.866213e+00 -1.344942e+01 2.109941e+01 -7.501433e-01 -1.037091e+00 -1.340099e+00 6.944144e-01 1.495875e+00 -4.994899e-01 -4.222613e-01 -5.026330e-01 -2.099805e-01 1.141257e+00 7.864867e-01 -6.861782e-01 -2.705217e-02 8.336201e-02 -1.277121e-01 -4.665520e-02 2.315836e-01 7.226468e-02 1.311551e-02 -2.951496e-01 8.425944e-01 1.202809e-01 -4.219850e-02 -2.700782e-01 9.049677e-03 4.552632e-02 
1.749310e+00 -8.321921e+00 -9.291957e+00 -1.492876e+01 -1.512314e+01 8.819129e-01 -5.472886e+00 -7.220782e+00 -7.788496e+00 -1.069995e+01 1.111067e+01 -1.430107e+01 2.115957e+01 -5.877267e-01 -1.304667e+00 -1.194075e+00 1.149953e+00 1.717652e+00 -4.766583e-02 -9.231352e-01 8.569228e-01 -1.539568e-02 1.204810e+00 3.019595e-01 -4.460876e-01 3.159034e-02 1.598305e-01 -1.583283e-01 1.980930e-01 3.279102e-01 -3.819760e-02 -3.103712e-03 -4.478303e-01 1.088010e+00 4.420936e-01 -2.778980e-01 -4.405378e-01 -8.846626e-02 2.982711e-02 
1.300599e+00 -1.052264e+01 -1.124872e+01 -1.451359e+01 -1.390850e+01 1.395798e+00 -7.337159e+00 -7.780104e+00 -9.152429e+00 -1.042988e+01 1.106419e+01 -1.418824e+01 2.126256e+01 -4.076732e-01 -1.581276e+00 -7.385421e-01 1.537668e+00 1.386936e+00 -5.344018e-01 -1.541952e+00 2.181142e+00 8.916929e-01 4.995884e-01 -3.679634e-01 -1.023317e+00 4.622858e-02 2.018412e-01 -1.838803e-02 4.032085e-01 3.687968e-01 -1.876989e-02 -2.387149e-01 -3.251469e-01 1.105392e+00 7.010533e-01 -2.549957e-01 -4.806260e-01 -1.040843e-01 2.168429e-03 
6.056287e-01 -1.162301e+01 -1.071978e+01 -1.175175e+01 -1.169491e+01 1.018705e+00 -9.230470e+00 -2.822343e+00 -6.165594e+00 -8.760177e+00 1.017152e+01 -1.532477e+01 2.128419e+01 -1.494385e-01 -1.407461e+00 -1.798059e-01 2.010428e+00 1.413504e+00 -7.993261e-01 -1.852688e+00 3.249574e+00 2.049603e+00 2.922353e-01 -7.951062e-01 -1.113361e+00 2.156292e-02 2.351141e-01 1.027896e-01 2.810757e-01 1.564039e-01 -2.300790e-01 -2.612056e-01 -2.764238e-01 6.913986e-01 2.680202e-01 -2.114053e-01 -5.535935e-01 1.302219e-01 -1.910846e-02 
7.744139e-01 -1.326673e+01 -1.044656e+01 -1.001054e+01 -1.163049e+01 -1.484442e+00 -1.144594e+01 1.284527e+00 -3.301963e+00 -1.046225e+01 8.496088e+00 -1.805439e+01 2.126842e+01 3.982821e-02 -1.077585e+00 1.688739e-01 2.108094e+00 1.554140e+00 -1.317225e+00 -1.583308e+00 3.828032e+00 2.262759e+00 3.225546e-01 -1.068128e+00 -8.728808e-01 -1.120526e-02 1.731594e-01 2.291829e-01 -2.155282e-02 -5.964752e-02 -4.252750e-01 -9.973422e-02 -1.528422e-01 6.601400e-02 -4.102983e-01 -2.974410e-02 -6.732184e-01 5.501468e-01 -3.242088e-02 
1.265090e+00 -1.398711e+01 -1.059205e+01 -7.128158e+00 -9.194856e+00 -1.674540e+00 -1.268238e+01 4.494677e+00 -4.663541e-01 -9.222285e+00 8.419270e+00 -1.793519e+01 2.126459e+01 3.641351e-01 -1.042542e+00 -2.422605e-01 1.646894e+00 4.836226e-01 -9.622483e-01 -2.284532e+00 3.490488e+00 6.392022e-01 2.362428e-01 -2.115887e+00 1.298964e-01 -3.524422e-02 1.088844e-01 3.329527e-01 -2.868174e-01 -1.259022e-01 -6.723220e-01 1.106471e-01 -4.565138e-02 -3.765644e-01 -8.243821e-01 -3.303068e-02 -5.914248e-01 6.378970e-01 -4.099801e-02 
1.170091e+00 -1.472865e+01 -1.046827e+01 -6.285213e+00 -7.388259e+00 -3.844028e+00 -1.352838e+01 7.701578e+00 -6.886032e-01 -8.585762e+00 6.599658e+00 -1.724773e+01 2.121636e+01 2.011919e-01 -6.176600e-01 -8.150070e-01 1.421365e+00 -2.744385e-01 -9.515483e-01 -2.090207e+00 2.390793e+00 -4.545417e-01 3.788621e-01 -3.073671e+00 1.105824e+00 -8.753005e-02 6.460281e-02 3.875470e-01 -2.785626e-01 -1.614819e-01 -6.645115e-01 2.672887e-01 5.327674e-02 -5.301744e-01 -9.077669e-01 2.477849e-02 -3.800347e-01 4.771685e-01 -5.081321e-02 
2.228918e+00 -1.610529e+01 -1.192034e+01 -5.380196e+00 -1.139820e+01 -2.612903e+00 -1.961209e+01 1.142161e+01 -4.275993e+00 -8.517075e+00 5.400637e-01 -1.507850e+01 2.113388e+01 3.141202e-01 2.760612e-02 -1.121952e+00 1.724272e+00 -1.033731e+00 -4.288851e-01 -1.827567e+00 2.085364e+00 -7.137099e-01 9.889991e-02 -2.749369e+00 1.086679e+00 -1.452773e-01 -7.965692e-03 4.475601e-01 1.035246e-01 -2.744124e-01 -6.392618e-02 1.985553e-01 5.237579e-01 -5.530936e-01 -5.876990e-01 -1.306904e-02 1.855809e-01 2.565488e-02 -6.292585e-02 
1.298755e+00 -1.529622e+01 -1.385765e+01 -3.777973e+00 -1.190133e+01 -5.772931e+00 -1.843176e+01 9.775041e+00 -3.669640e+00 -8.920566e+00 -2.932916e+00 -1.395321e+01 2.089614e+01 3.879580e-01 3.250858e-01 -7.840264e-01 1.261891e+00 -1.009830e+00 -2.474525e-01 -1.545526e+00 1.879598e+00 -1.599618e+00 5.151025e-01 -2.651600e+00 1.034536e+00 -2.102317e-01 -6.878500e-02 3.712229e-01 4.933840e-01 -3.761664e-01 1.927690e-01 1.848230e-01 7.190993e-01 -6.660156e-01 -4.678764e-01 -4.146888e-01 4.322082e-01 -3.392014e-01 -6.064116e-02 
2.771705e+00 -1.356552e+01 -1.450728e+01 2.397303e-01 -1.210678e+01 -2.854333e+00 -1.936841e+01 1.388480e+01 -2.544383e+00 -8.560228e+00 -5.613942e-01 -1.414888e+01 2.069828e+01 2.309376e-01 7.238020e-01 2.599411e-01 3.544708e-01 5.316297e-01 -3.214939e-01 6.186573e-02 9.806480e-01 -1.726699e+00 1.027587e-01 -1.399004e+00 2.938741e-01 -2.885261e-01 -2.444798e-01 2.690788e-01 7.082507e-01 -2.791966e-01 2.615864e-01 -2.660356e-02 8.550750e-01 -9.588467e-01 -4.577729e-01 -7.448688e-01 2.238501e-01 -3.185065e-01 -4.314229e-02 
2.838113e+00 -1.437323e+01 -1.309497e+01 -2.785242e+00 -1.208287e+01 -4.960361e+00 -2.137787e+01 1.586805e+01 -9.552477e+00 -5.988602e+00 -6.107290e+00 -1.254005e+01 2.038301e+01 -1.010031e-01 8.901414e-01 9.609513e-01 2.253110e-01 -9.338599e-02 -8.109378e-02 5.605952e-01 -3.869604e-01 -2.287499e+00 -1.696481e+00 -1.587875e+00 -1.937784e-01 -3.191456e-01 -3.210469e-01 2.443555e-01 6.285024e-01 2.511223e-01 1.593612e-01 -7.053963e-02 7.229613e-01 -9.991485e-01 -2.898265e-01 -8.272407e-01 1.550262e-01 -7.302447e-02 -1.511346e-02 
2.613988e+00 -1.294781e+01 -1.100230e+01 -4.104535e+00 -8.648777e+00 -4.626420e+00 -1.782983e+01 1.327820e+01 -9.967986e+00 -9.469342e+00 -4.867559e+00 -1.431606e+01 1.994763e+01 -6.636703e-01 1.090434e+00 1.546820e+00 8.465752e-01 -1.840661e-01 -6.451514e-01 1.394670e+00 -1.575518e+00 -2.658514e+00 -2.519672e+00 -2.161907e+00 1.083389e-01 -3.065665e-01 -2.123423e-01 1.645638e-01 3.509762e-01 6.771142e-01 -1.381451e-02 1.132782e-01 1.419663e-01 -7.534111e-01 -4.969435e-02 -2.731584e-01 -1.408187e-01 2.706786e-01 8.703383e-03 
8.731025e-01 -1.115401e+01 -1.080549e+01 -4.795159e-01 -1.409687e+01 -5.292045e+00 -1.639797e+01 8.143623e+00 -1.139521e+01 -1.694867e+01 -8.719510e+00 -1.483897e+01 1.967562e+01 -7.701493e-01 1.363461e+00 1.715043e+00 2.271461e+00 1.449057e-01 -4.383355e-01 1.402941e+00 -1.838031e+00 -2.582663e+00 -2.309956e+00 -1.494895e+00 7.622259e-01 -2.767529e-01 -7.342544e-02 1.459885e-02 2.954613e-01 6.020551e-01 5.968785e-01 1.398417e-01 -2.484024e-01 -3.140195e-01 3.187408e-01 7.576160e-01 -9.032641e-03 2.577047e-01 -4.443107e-03 
4.359212e-01 -9.723125e+00 -7.917990e+00 3.319129e+00 -1.201992e+01 -5.914236e+00 -1.488490e+01 9.869224e+00 -1.491593e+01 -1.567850e+01 -1.006482e+01 -1.245796e+01 1.951923e+01 -4.961205e-01 1.310039e+00 1.637789e+00 2.716973e+00 3.434993e-01 4.235277e-01 3.504426e-01 -2.060945e+00 -1.827486e+00 -9.563724e-01 -2.149603e+00 1.169174e+00 -2.661883e-01 -2.371355e-02 -3.048388e-01 2.448704e-01 2.323475e-01 9.260665e-01 3.887887e-01 -4.520964e-01 2.503406e-03 5.726284e-01 1.056452e+00 2.023237e-01 -1.665138e-02 -6.111342e-02 
7.667624e-02 -9.168170e+00 -6.061598e+00 4.860178e+00 -9.672612e+00 -6.508222e+00 -1.583567e+01 8.382148e+00 -1.999190e+01 -1.443351e+01 -1.098309e+01 -9.658239e+00 1.921365e+01 -5.517949e-01 8.533847e-01 2.392867e+00 2.300359e+00 2.627223e+00 8.370290e-02 -1.594174e-01 -1.714401e+00 -1.109244e+00 1.309943e+00 -1.639155e+00 5.643165e-01 -3.614935e-01 -1.925958e-01 -6.676945e-01 1.808110e-01 -2.271738e-01 9.407686e-01 3.371755e-01 -7.367279e-02 2.137655e-01 7.618369e-01 6.928878e-01 3.206347e-01 -2.921004e-01 -1.417410e-01 
5.318428e-01 -7.390741e+00 -5.185282e+00 6.810555e+00 -9.143615e+00 -1.901022e+00 -1.635873e+01 2.854238e+00 -1.480674e+01 -1.550876e+01 -1.448365e+01 -1.106053e+01 1.884790e+01 -8.913695e-01 -1.786049e-01 2.432234e+00 1.993915e+00 3.205257e+00 1.037649e+00 -8.456712e-02 -1.624781e+00 -5.320626e-01 9.525680e-01 -1.078178e+00 1.240595e-01 -5.697416e-01 -4.633207e-01 -9.024636e-01 -1.795047e-01 -6.156964e-01 4.530412e-01 6.375552e-02 5.548329e-01 4.022693e-01 8.019671e-01 2.104528e-01 7.802016e-01 -2.487717e-01 -2.180544e-01 
-1.933989e+00 -8.053823e+00 -2.070844e-01 9.276863e+00 -2.398893e+00 -6.880239e+00 -1.645801e+01 3.079410e+00 -1.699589e+01 -1.048382e+01 -1.470583e+01 -1.271585e+01 1.820385e+01 -1.535377e+00 -1.230686e+00 2.221980e+00 1.497210e+00 3.418006e+00 9.404113e-01 1.252016e+00 -9.872075e-01 5.787922e-01 2.000170e-01 -4.274141e-01 -1.758008e-01 -8.336776e-01 -4.733421e-01 -7.902269e-01 -8.131468e-01 -9.204760e-01 -3.723739e-01 1.570341e-01 9.417887e-01 3.825369e-01 7.472294e-01 -1.165097e-01 8.896528e-01 9.017193e-02 -2.236576e-01 
-3.014952e+00 -1.117345e+01 1.315755e+00 1.108015e+01 3.695611e-01 -5.398743e-01 -1.499673e+01 4.396885e+00 -1.907392e+01 -1.289039e+01 -1.359413e+01 -1.030859e+01 1.717533e+01 -2.321005e+00 -2.160193e+00 8.257811e-01 4.012311e-02 2.213418e+00 3.139496e-01 2.418883e+00 -4.131075e-01 1.338247e+00 6.507916e-01 1.145632e+00 2.953527e-01 -1.120354e+00 -2.259674e-01 -2.660267e-01 -1.008463e+00 -1.139020e+00 -8.708981e-01 -1.573665e-01 7.352656e-01 4.697392e-01 7.448354e-01 1.221996e-01 7.165993e-01 3.710150e-01 -1.239868e-01 
-5.827116e+00 -1.343011e+01 1.797616e+00 1.021112e+01 2.661234e+00 -2.486829e+00 -1.025698e+01 2.674894e+00 -1.496424e+01 -1.474278e+01 -1.356498e+01 -1.091322e+01 1.588136e+01 -2.203602e+00 -2.106927e+00 -8.695684e-01 -1.325078e+00 1.261174e+00 1.230719e+00 3.297786e+00 -4.075181e-01 1.691838e+00 8.783839e-01 1.697217e+00 9.295500e-01 -1.204468e+00 2.213903e-01 2.570897e-01 -7.119166e-01 -7.751820e-01 -1.081026e+00 -1.331458e-01 1.139449e-01 5.543342e-01 4.377113e-01 3.053830e-01 2.579083e-01 3.693933e-01 3.798304e-02 
-9.127189e+00 -1.550292e+01 -2.058683e+00 6.544267e+00 -6.069376e-01 -2.527725e+00 -7.365019e+00 9.907925e-01 -9.131169e+00 -1.012564e+01 -9.326179e+00 -1.048552e+01 1.440732e+01 -1.687001e+00 -1.070421e+00 -1.064233e+00 -2.290178e+00 -7.092112e-02 1.057279e-01 2.568788e+00 4.341162e-01 2.635757e+00 1.224498e+00 1.442510e+00 1.426464e+00 -1.004278e+00 6.430774e-01 6.246191e-01 -8.517771e-02 -6.471311e-02 -6.783931e-01 9.111194e-02 -2.434178e-01 5.564587e-01 1.055110e-01 1.693879e-01 -1.628168e-01 1.092450e-01 1.822881e-01 
-9.896407e+00 -1.642387e+01 -2.867894e+00 4.919554e+00 4.395117e+00 2.670555e-01 -3.785190e+00 2.744539e+00 -1.350803e+01 -7.474543e+00 -8.353539e+00 -7.979683e+00 1.356563e+01 -7.455367e-01 -4.899462e-01 -3.925263e-01 -1.213493e+00 -8.449846e-01 3.788530e-01 1.746865e+00 1.360823e+00 2.118568e+00 1.440120e+00 7.136996e-01 1.105590e+00 -7.018439e-01 6.402636e-01 6.034858e-01 3.277565e-01 4.525800e-01 -2.643729e-01 3.065032e-01 -2.788038e-01 2.420603e-01 5.170649e-02 1.154188e-01 -3.142764e-01 -1.483296e-01 2.079174e-01 
-9.415415e+00 -1.502881e+01 -1.672969e+00 2.275120e+00 -8.519163e-01 -1.388265e+00 -5.388913e+00 6.532775e+00 -6.623137e+00 -1.040219e+01 -8.987390e+00 -4.642813e+00 1.331188e+01 1.652602e-01 1.545412e-01 1.613754e-01 -3.392172e-01 -1.255959e-01 1.195417e+00 1.977236e+00 1.484928e+00 1.652295e+00 1.216859e+00 8.232090e-01 7.535095e-01 -4.602457e-01 4.115494e-01 3.400649e-01 1.478400e-01 5.896323e-01 2.316244e-01 3.908071e-01 -3.006282e-01 -3.042659e-01 -2.363060e-01 1.730896e-01 -3.410918e-01 -2.677743e-01 1.314891e-01 
-9.410342e+00 -1.611689e+01 -3.582123e-01 6.277980e+00 -1.441427e+00 -1.162347e+00 -2.510688e+00 6.708149e+00 -5.625432e+00 -7.403698e+00 -1.016567e+01 -8.306548e+00 1.292000e+01 7.141655e-02 2.981413e-01 1.562448e-01 -3.772659e-02 -3.337710e-02 2.218328e+00 2.199540e+00 2.774229e-01 2.442007e+00 1.459256e+00 4.355121e-01 5.243922e-01 -4.369230e-01 1.732087e-01 2.766651e-01 -1.502991e-01 1.814504e-01 2.383847e-01 6.058376e-02 -5.595567e-01 -8.028869e-01 -1.506488e-01 2.567797e-02 -2.451494e-01 7.921510e-03 5.411621e-02 
-8.543819e+00 -1.488384e+01 -2.506428e+00 4.168821e+00 1.683759e+00 4.164067e+00 1.883754e+00 6.433901e+00 -4.810841e+00 -4.076514e+00 -4.303830e+00 -6.554522e+00 1.242895e+01 -3.769482e-02 2.359976e-01 -5.994254e-01 7.008345e-02 6.814981e-01 1.140120e+00 8.391648e-01 -5.454537e-01 1.292652e+00 2.080292e+00 -1.238684e-01 3.781587e-01 -4.793157e-01 -6.089772e-03 3.662106e-01 -1.931180e-01 2.294529e-01 -3.117608e-01 -4.516192e-01 -9.982892e-01 -7.880796e-01 -2.750566e-01 -2.432678e-01 -5.488099e-01 1.349108e-01 2.556408e-02 
-9.975266e+00 -1.500595e+01 -1.669585e+00 3.783783e+00 2.960869e+00 8.582579e+00 3.576158e+00 4.181095e+00 -2.204245e+00 -3.341095e+00 -8.517812e+00 -4.401787e+00 1.182253e+01 2.222508e-01 8.527617e-01 -7.636029e-01 -5.108404e-01 -5.645745e-02 7.094616e-01 -4.818964e-01 -1.638328e+00 1.545143e+00 1.136768e+00 -3.859014e-02 1.332840e+00 -4.217476e-01 6.099907e-02 4.888107e-01 -3.401866e-03 4.186084e-01 -4.710876e-01 -7.615145e-01 -8.194283e-01 -3.140195e-01 -6.423151e-01 -7.936139e-01 -5.271487e-01 1.971715e-01 4.302466e-02 
-9.321338e+00 -1.440427e+01 -4.014323e+00 3.872846e+00 3.544329e-01 -5.601816e-01 -4.236446e+00 5.069155e+00 -1.870872e+00 -2.032087e+00 -1.043039e+01 -4.703912e+00 1.146422e+01 5.930769e-02 1.708288e+00 -3.441808e-01 1.044502e+00 -1.672697e+00 -3.082945e-01 -1.673578e+00 -1.497550e+00 7.254872e-01 1.619012e-01 -1.683766e+00 1.023874e+00 -3.400062e-01 6.228259e-02 4.461377e-01 1.897899e-01 4.433333e-01 -3.206213e-01 -4.067100e-01 -5.997643e-02 -9.129784e-02 -5.200579e-01 -9.907047e-01 -1.092197e-01 2.447308e-01 4.294807e-02 
-7.910183e+00 -1.209235e+01 -3.422217e+00 3.871946e+00 -1.058830e+00 4.747335e+00 -1.859703e+00 -8.012043e-01 6.299137e-01 -2.741972e+00 -7.295414e+00 -2.567671e+00 1.129362e+01 3.279401e-01 2.005924e+00 1.160289e-02 1.568100e+00 -1.211603e+00 -8.650886e-01 -6.411958e-01 -8.165880e-01 -4.860509e-01 -1.549609e+00 -1.420324e+00 1.187385e+00 -2.914806e-01 -2.020854e-02 1.077343e-01 1.088830e-01 3.398505e-01 3.590859e-01 -1.776586e-01 4.400080e-01 2.111903e-01 -4.757483e-01 -5.998096e-01 1.090763e-01 -1.809054e-01 6.725028e-03 
-9.279372e+00 -7.799369e+00 -3.350883e+00 9.347484e+00 -4.670070e+00 4.540314e+00 -3.766356e+00 1.437168e+00 -2.600912e+00 -3.566576e+00 -1.333374e+01 -2.352135e+00 1.099345e+01 2.209347e-01 1.890203e+00 -3.812394e-02 1.247265e+00 -3.440898e-01 -1.061647e-01 6.189028e-01 -1.412761e+00 -2.920921e-01 -1.530000e+00 2.095440e-02 1.674570e+00 -3.297102e-01 -5.856618e-02 -2.060136e-01 -4.211747e-02 -3.568287e-01 1.010636e+00 9.096777e-02 5.361519e-01 3.114295e-01 1.193476e-01 1.048326e-01 6.291799e-01 -4.465888e-01 -9.229450e-03 
-8.357049e+00 -8.279285e+00 -1.943363e+00 8.886878e+00 -5.849773e-01 1.706894e+00 1.352379e-01 1.913855e+00 -4.269712e+00 -1.032200e+01 -1.416771e+01 3.591191e-01 1.060066e+01 4.035469e-02 1.300539e+00 -3.723001e-01 1.086966e+00 1.074685e+00 -2.798651e-01 5.720320e-01 -6.247477e-01 -3.247490e-01 -1.016381e+00 -3.455168e-01 1.028911e-01 -3.932769e-01 -1.716151e-01 -5.103624e-02 -4.593110e-02 -6.517184e-01 8.384777e-01 2.792549e-01 1.357692e-01 3.182859e-01 5.910096e-01 9.803422e-01 7.052129e-01 -6.719754e-01 -2.183953e-03 
-7.993654e+00 -6.860003e+00 -4.944493e+00 7.601770e+00 -1.603444e+00 4.292312e-01 -2.139089e+00 -3.352436e+00 -8.818633e-01 -5.892224e+00 -6.889656e+00 2.205606e+00 1.016213e+01 -8.968395e-02 1.031094e+00 -3.628283e-01 -4.991630e-01 2.237421e+00 -1.459971e-01 4.006832e-01 -3.643736e-02 1.241737e+00 4.194192e-01 9.248291e-01 -6.668776e-01 -3.352611e-01 -2.172296e-01 2.064240e-01 1.612601e-01 -5.580854e-01 4.409645e-01 8.001079e-02 4.901066e-02 5.261680e-01 3.372032e-01 8.774896e-01 4.473003e-01 -4.467298e-01 3.804686e-02 
-8.351515e+00 -6.059461e+00 -4.486880e+00 1.017918e+01 2.780795e+00 5.403371e+00 1.866418e-01 -1.529767e+00 -1.852995e+00 -6.661087e+00 -1.224488e+01 -4.332066e+00 9.742970e+00 -3.749003e-01 2.180206e+00 -5.578486e-02 -8.172851e-01 1.689955e+00 5.512256e-01 1.467233e-01 8.662466e-02 1.702063e+00 2.377343e+00 1.653921e+00 -1.001759e+00 -2.996279e-01 -2.109107e-01 3.361363e-01 3.123572e-01 -3.982379e-01 -3.124827e-01 -1.752437e-01 8.605818e-02 2.227786e-01 -7.464894e-02 4.937904e-01 6.529297e-01 1.320904e-01 7.908178e-02 
-9.730850e+00 -3.753682e+00 -3.893646e+00 6.206010e+00 4.833834e+00 1.962144e+00 -1.788680e+00 2.976928e+00 2.399693e+00 -3.299740e+00 -9.671270e+00 -3.340976e+00 9.745899e+00 -6.576158e-01 2.482514e+00 6.099035e-01 -5.909312e-01 1.553012e+00 -1.216291e-01 1.076582e+00 8.624175e-01 3.803470e-01 1.160551e+00 1.257771e+00 -6.764557e-03 -1.862822e-01 -1.285676e-01 1.533199e-01 3.987190e-01 7.519363e-02 -8.949202e-01 -1.675306e-01 1.596593e-01 4.112899e-03 -5.307701e-01 -7.741677e-02 4.720607e-01 4.798126e-01 8.925436e-02 
-9.362843e+00 1.068672e+00 -2.748063e+00 5.498459e+00 4.645952e+00 3.696719e+00 6.936174e-01 -8.178035e-01 2.600200e+00 2.687479e-01 -4.507497e+00 -1.876456e+00 9.310742e+00 -7.302690e-01 2.255433e+00 7.030427e-01 -8.582152e-01 -1.454963e-01 -1.168361e+00 6.643440e-01 3.973036e-02 -2.672604e-01 1.082036e+00 2.752677e+00 4.332589e-01 -7.230986e-02 -8.586576e-02 -2.936625e-01 3.089297e-01 9.577761e-02 -9.825090e-01 -1.765773e-01 2.471646e-02 1.854062e-01 -3.609978e-01 -3.180980e-01 8.626972e-02 4.283400e-01 9.060729e-02 
-1.077630e+01 1.988596e+00 -2.764416e+00 6.987330e+00 5.229118e+00 6.746100e-01 2.990311e+00 6.035970e-01 -1.206540e+00 -3.554349e+00 -4.469679e+00 9.438773e-01 9.446856e+00 -5.549538e-01 1.759997e+00 1.251320e+00 -1.026013e-01 -1.319414e+00 -1.238160e-01 9.402586e-01 7.520130e-03 -4.274146e-01 6.800872e-01 2.735772e+00 1.014691e+00 -2.655097e-03 -1.043288e-01 -6.047688e-01 9.333886e-02 -1.054388e-01 -8.362104e-01 6.098023e-02 -3.431992e-01 1.228613e-01 1.465339e-01 3.882428e-02 -3.362745e-01 2.413891e-02 -2.944697e-02 
-1.147958e+01 2.346742e+00 -1.535938e+00 5.497109e+00 1.855537e+00 2.052877e-01 1.118975e+00 -1.448124e-01 -1.386272e+00 -1.123692e+00 -1.082578e+00 -4.308076e+00 9.530912e+00 -8.554378e-01 1.072990e+00 1.168048e+00 -5.825565e-01 -1.786458e+00 -3.305538e-01 3.385973e-01 1.441065e+00 3.010524e-01 1.027146e+00 1.346243e+00 6.293005e-01 6.162784e-02 -1.416991e-01 -7.297397e-01 -6.060634e-02 -1.455615e-01 -2.227937e-01 1.560970e-01 -3.682567e-01 1.073458e-01 3.335919e-01 5.435769e-02 -7.178208e-01 3.979223e-02 -1.435279e-01 
-1.144729e+01 4.406935e+00 1.757014e+00 5.693227e+00 -3.678150e-01 3.088630e+00 2.699938e+00 2.678142e+00 2.255714e+00 7.966669e-01 2.295069e+00 2.948174e+00 9.622406e+00 -1.116568e+00 5.003391e-02 8.441327e-01 -1.255956e+00 -1.807589e+00 -2.356590e-01 -4.766886e-01 7.760183e-01 8.289875e-01 1.382080e+00 2.796068e-01 1.603822e-02 -4.005288e-01 -1.045756e-01 -6.553668e-01 -3.039546e-01 -5.003898e-02 4.726002e-01 -3.835348e-02 -4.036877e-01 -2.897483e-01 1.522815e-02 -1.331502e-01 -4.836916e-01 -1.282341e-01 -1.684041e-01 
-1.330485e+01 5.224191e+00 8.316379e-01 3.232766e+00 -1.487299e+00 8.370678e-01 2.531600e+00 5.350259e+00 2.374569e+00 3.229122e+00 -1.159002e+00 2.680317e-01 9.530912e+00 -1.157896e+00 -5.382282e-01 6.036876e-01 -1.009550e+00 -1.015471e+00 -3.320377e-01 -4.685194e-01 1.920658e-01 7.726466e-01 1.002812e+00 3.915581e-01 1.131506e+00 -5.910498e-01 1.243854e-01 -3.624134e-01 -3.158783e-01 3.566956e-01 7.688727e-01 2.792906e-02 -2.457080e-01 -7.404386e-01 -1.848549e-01 -3.561531e-01 4.244209e-02 -2.796076e-03 -7.891861e-02 
-1.544649e+01 7.998915e-01 2.725211e-01 1.840154e+00 -2.137322e+00 -8.196626e-01 -9.941490e-02 1.736315e+00 1.057985e+00 1.179660e+00 -3.033371e+00 -1.263960e+00 7.444144e+00 -9.267748e-01 -7.112648e-01 1.377350e-02 -1.394030e-01 6.581100e-01 -3.147770e-01 -6.745873e-01 -8.166828e-01 -5.870472e-01 2.644837e-02 7.945637e-01 1.223474e-01 -5.183511e-01 3.710196e-01 2.159746e-01 -1.986694e-01 4.345288e-01 7.953561e-01 1.595570e-01 -6.433232e-02 -4.739387e-01 -2.597592e-01 -5.171262e-01 1.935312e-01 2.124798e-02 1.280939e-01 
-1.526940e+01 1.459222e+00 2.225060e+00 2.376328e+00 -2.336916e+00 4.988962e-01 1.756547e-01 1.286692e+00 3.075620e+00 3.698782e+00 3.539527e+00 3.455714e+00 7.664764e+00 -3.284391e-01 -3.583387e-01 3.907070e-03 6.426326e-01 8.251091e-01 -1.513081e-01 -7.911005e-01 -1.464772e+00 8.476593e-02 -7.585005e-02 1.300880e+00 5.622152e-01 -2.740670e-01 4.253226e-01 4.811566e-01 -1.763669e-01 2.353266e-02 3.557386e-01 2.317867e-01 2.071699e-01 2.574448e-02 -9.834565e-02 -3.003851e-01 -6.801972e-02 -1.846777e-01 1.740301e-01 
-1.509877e+01 2.732858e+00 1.129382e+00 5.424240e+00 3.347370e+00 1.683484e+00 5.048749e-01 6.266916e-01 -1.029707e+00 6.941758e-01 3.918892e+00 1.966080e+00 7.963808e+00 3.237284e-01 1.039971e+00 1.507196e-01 9.048950e-02 1.248967e+00 4.717171e-01 -6.370090e-01 -7.651464e-01 -1.259908e-01 -6.642038e-01 7.924975e-01 4.069540e-01 8.145885e-02 2.124056e-01 2.265413e-01 -1.191625e-01 -3.386971e-01 -3.386051e-01 1.350840e-01 1.636559e-01 4.511979e-01 2.719155e-01 1.943659e-01 -6.711015e-02 2.237615e-02 1.056811e-01 
-1.512091e+01 2.466124e+00 4.225211e-01 4.653716e+00 -1.038041e-01 -1.171372e+00 -1.725896e+00 -1.418624e+00 3.842379e+00 3.092467e+00 1.869613e+00 1.464162e+00 7.900709e+00 3.434711e-01 9.920009e-01 -3.466474e-01 -1.006719e+00 4.678254e-01 4.336030e-01 5.484435e-01 2.951385e-01 5.043971e-02 -1.538142e-01 5.251112e-02 6.584632e-02 -2.078503e-02 -7.100649e-02 -1.766844e-01 -9.048783e-02 -2.693066e-01 -4.793247e-01 1.704416e-02 2.404453e-01 6.265360e-01 -4.652938e-02 3.426424e-01 -3.173812e-02 -6.061463e-02 -1.035231e-03 
-1.390206e+01 5.496041e+00 1.927315e+00 1.153744e+00 2.991126e+00 2.374211e+00 -2.333718e+00 -7.369724e-01 4.433564e-02 -1.838253e+00 1.764431e+00 1.766662e+00 7.733723e+00 -2.007696e-01 -2.536757e-01 -4.066353e-01 -1.008135e+00 -8.562683e-01 6.808236e-02 -5.261122e-01 5.593571e-01 7.897575e-01 1.037226e+00 1.083270e+00 4.823666e-01 -1.165827e-01 -2.390001e-01 -5.840420e-01 -1.153488e-01 1.810483e-01 -4.945190e-01 -1.173591e-01 1.150226e-01 1.943872e-01 -2.066445e-01 3.778261e-01 7.963325e-02 3.069638e-02 -5.882873e-02 
-1.415016e+01 5.037614e+00 9.291574e-02 -5.222479e-01 1.802150e-01 2.321751e+00 4.337407e+00 3.443872e+00 2.790561e+00 4.196134e+00 4.879319e+00 3.884537e+00 7.676032e+00 -4.213614e-01 -5.949207e-01 -1.698409e-01 -1.545011e-01 -5.187824e-01 1.357974e-01 3.556505e-01 1.005658e+00 -6.057231e-01 7.865595e-01 9.968649e-01 2.213410e-01 -1.802389e-01 -1.383915e-01 -3.712190e-01 3.347933e-02 4.758978e-01 -9.119718e-02 -4.192171e-02 -2.287335e-01 -2.200895e-01 -1.488635e-01 -2.566563e-01 -3.726908e-01 5.837173e-02 -1.305853e-02 
-1.658786e+01 1.784226e-01 -7.391335e-01 2.971876e+00 -1.076399e+00 2.772091e-01 -5.157792e+00 9.922358e-01 3.444747e+00 5.328570e+00 7.829934e+00 3.167833e+00 7.493271e+00 -4.890131e-01 -1.086930e+00 -5.142781e-01 5.696190e-01 -7.303009e-01 3.387338e-02 3.449892e-02 -1.484153e-01 -8.311911e-01 7.546651e-01 7.185834e-01 4.826779e-01 -1.329220e-01 1.005909e-01 1.771625e-01 6.244362e-02 1.333273e-01 1.102012e-01 -7.572978e-02 7.029615e-02 -2.265918e-01 1.495772e-01 -6.043416e-01 -9.165106e-01 2.681831e-02 3.448582e-02 
-1.588459e+01 2.150273e+00 9.063560e-01 2.971876e+00 -6.645222e-01 5.561513e-01 1.464676e+00 2.745260e+00 -8.866948e-01 3.441656e+00 3.821195e+00 1.870119e+00 7.119636e+00 -2.044549e-01 -4.474269e-01 -1.254419e-01 5.838915e-01 -5.112332e-02 2.411579e-01 -8.755496e-01 -4.514756e-01 1.166924e-01 -1.295792e+00 -1.628636e+00 3.575350e-01 -7.790552e-02 2.154169e-01 3.320045e-01 3.796879e-02 -1.636931e-01 9.395676e-02 -1.321366e-01 3.297918e-02 -2.865638e-02 5.374891e-01 -3.656323e-01 -6.099193e-01 -6.131974e-02 7.912007e-02 
-1.547969e+01 1.504928e+00 -1.050976e+00 2.254879e+00 -2.380055e-01 3.426520e+00 -7.248941e-01 -1.129941e+00 -2.272853e+00 2.312096e+00 5.886231e+00 5.187123e+00 7.347242e+00 1.938213e-01 5.583971e-01 -1.166608e-01 -7.106547e-01 -5.391957e-01 -3.632007e-01 4.410186e-01 1.551188e-01 1.176423e+00 -9.432997e-01 -2.186608e+00 5.483623e-01 4.731174e-03 2.128993e-01 2.985434e-01 1.192136e-01 -2.466723e-01 1.453811e-01 -1.197379e-01 3.785765e-01 4.273774e-01 3.836228e-01 1.889724e-02 -1.444907e-01 -4.127085e-01 7.983483e-02 
-1.572641e+01 2.136971e+00 -3.785130e-01 2.755967e+00 -4.946963e-01 1.952837e+00 -2.256808e+00 2.247644e+00 6.233006e+00 -7.745033e-01 -2.291975e+00 4.662340e+00 7.359411e+00 3.142519e-01 2.425391e-01 -1.788193e-01 -3.328477e-01 -1.445731e-01 -3.264143e-01 3.173574e-01 7.106504e-01 1.077826e+00 -1.925600e-01 -6.001307e-01 -1.181324e-01 1.465476e-01 1.164868e-01 -1.141134e-02 3.965838e-02 -9.080491e-02 1.366518e-01 5.380773e-02 5.672269e-01 3.653475e-01 -2.269734e-01 4.963504e-01 6.005454e-01 -5.377235e-01 6.120000e-02 
-1.569782e+01 2.977079e+00 -6.799229e-01 -4.732186e-01 -3.857053e+00 -2.237219e+00 -1.092177e+00 2.016698e+00 5.766767e+00 2.720263e+00 -4.611990e-02 4.513526e+00 7.397045e+00 3.160945e-01 6.093630e-02 1.084913e-01 -2.053393e-01 4.345480e-02 -2.810367e-01 1.330848e+00 1.407339e+00 6.062323e-01 2.975904e-01 -5.181397e-01 -1.343100e+00 1.540681e-01 -6.139139e-03 -2.392714e-01 3.121046e-02 2.048486e-01 2.734334e-01 3.337154e-01 2.016016e-01 7.773111e-02 -4.387019e-01 2.466743e-01 4.928123e-01 -4.495854e-01 2.031824e-02 
-1.420412e+01 2.627119e+00 -1.729678e-01 2.671853e+00 4.217777e-01 1.755969e+00 3.235166e+00 4.725262e+00 4.825529e-01 2.275056e+00 3.786528e+00 1.615974e+00 7.827695e+00 3.168842e-01 -2.557004e-01 -3.970257e-02 -1.228894e-01 3.408322e-01 4.690616e-01 1.515574e+00 7.492080e-01 -7.332205e-01 5.655035e-01 5.398559e-01 -1.385437e+00 1.534414e-01 -4.592840e-02 -1.712656e-01 1.590766e-02 1.496497e-01 2.001856e-01 3.656853e-01 5.844094e-02 -1.255157e-01 -3.096684e-01 -1.794702e-02 8.408003e-02 -1.618324e-01 -1.384987e-02 
-1.466067e+01 1.564278e+00 -6.111259e-01 1.270245e+00 -4.795682e-01 2.119525e+00 3.183370e+00 4.667886e+00 3.633658e+00 2.275415e+00 2.560325e-01 -5.230259e-03 7.883357e+00 1.618382e-01 -3.888654e-01 -3.003347e-02 2.085615e-01 5.853813e-01 9.076863e-01 8.499889e-01 5.244943e-01 -1.115926e-01 -8.892282e-02 -2.925466e-01 -1.065965e+00 1.029014e-01 -4.637270e-02 -1.032598e-01 -2.676639e-02 1.159194e-01 1.328450e-01 2.816337e-01 -1.627665e-01 -1.990373e-01 -8.142522e-02 -1.427678e-01 -3.810508e-02 8.738677e-02 -1.529215e-02 
