-1.639794e+01 2.586328e-01 -1.550264e+00 1.086557e+00 -5.160435e-01 1.860850e+00 -4.500307e-01 -9.377805e-01 -1.179345e+00 4.342712e+00 4.263489e+00 5.174684e-01 6.828712e+00 1.740342e-01 4.463899e-01 3.024098e-02 -5.637859e-01 6.399310e-01 -6.003560e-02 -1.680723e-02 1.883205e-01 1.145673e+00 3.665197e-01 9.998860e-02 7.567713e-01 1.391321e-01 7.373008e-03 -8.380914e-03 3.117887e-03 1.087958e-01 -1.430563e-01 7.149244e-02 2.813587e-01 8.279675e-02 4.315468e-02 -1.881988e-01 -1.138047e-01 -2.241925e-01 4.287355e-02 
-1.640776e+01 1.507364e-01 -8.255486e-01 1.200599e+00 -3.598770e-01 3.765987e-01 -3.183826e+00 -9.089435e-01 -3.643077e-01 3.152063e+00 3.599701e+00 3.476749e+00 6.909671e+00 2.124958e-01 6.244685e-01 5.645724e-02 -4.916331e-01 6.759759e-01 1.140998e-01 5.088302e-01 5.863091e-01 1.349478e+00 -2.451102e-01 -4.638609e-01 3.579850e-01 2.444656e-01 8.902831e-03 -6.200225e-02 1.822743e-02 2.876949e-01 -3.563952e-01 6.230151e-02 2.711655e-01 -2.982647e-02 -8.592620e-02 -1.293744e-01 -4.325385e-02 -2.086358e-01 2.849834e-02 
-1.552319e+01 2.544687e+00 -1.761671e+00 -1.789716e+00 2.605280e+00 2.302891e+00 8.324725e-01 -1.063641e-02 4.141541e+00 6.770760e+00 5.095407e+00 2.821735e+00 7.483720e+00 1.916735e-01 3.155138e-01 3.265475e-02 -5.584529e-02 -9.349798e-02 2.104124e-01 1.127141e+00 4.033173e-01 1.259541e+00 -2.687528e-01 -1.871335e-01 -1.648360e-01 3.008352e-01 -7.313391e-02 -3.641755e-01 3.485095e-02 5.445121e-01 -6.197799e-01 -3.247802e-01 -1.285327e-01 9.145736e-02 -2.969146e-01 -3.593445e-01 7.545042e-02 -2.193483e-03 -2.366496e-02 
-1.577293e+01 2.238055e+00 -1.162051e+00 6.623737e-02 1.303222e+00 2.210263e+00 1.452718e+00 1.529798e+00 2.907640e+00 1.903080e+00 1.528405e+00 1.155402e+00 7.723615e+00 2.098433e-01 2.018252e-01 1.202211e-01 6.207431e-01 -7.752443e-01 1.162524e-01 7.669417e-01 -6.821627e-02 6.589185e-01 3.724681e-02 2.730775e-02 1.744106e-01 2.007727e-01 -9.144398e-02 -4.000946e-01 1.535086e-02 4.751797e-01 -4.033571e-01 -4.998860e-01 -5.078819e-01 1.205499e-01 -5.824426e-01 -1.855575e-01 3.578021e-01 2.860023e-01 -8.859796e-02 
-1.575714e+01 7.925611e-01 -1.218325e+00 1.374185e+00 -1.815089e+00 1.995956e+00 2.867525e+00 -1.407384e-01 3.482160e+00 3.623275e+00 4.363632e+00 8.539128e-01 7.925897e+00 -1.902897e-01 -1.163193e+00 1.726536e-01 1.602545e+00 -1.733260e+00 -1.685042e+00 -7.885920e-01 9.728555e-01 6.367452e-03 -1.571314e+00 2.316817e-01 8.375044e-01 4.264163e-02 -5.640148e-02 -1.916129e-01 -8.408748e-02 3.647679e-03 1.079536e-01 -3.767382e-01 -5.332341e-01 1.684130e-01 -6.572694e-01 -2.452915e-02 2.478148e-01 2.642700e-01 -1.077472e-01 
-1.524185e+01 2.035749e+00 -4.958904e-01 2.722501e+00 -2.025989e+00 1.111325e+00 -3.663731e-01 -1.185243e+00 3.260249e+00 4.911973e+00 4.102251e+00 5.332556e+00 7.692653e+00 -5.381745e-02 -6.366703e-01 6.322922e-02 1.055033e+00 -5.209342e-01 -1.437610e+00 -1.072789e+00 9.042025e-01 -9.361715e-01 -5.215566e-01 1.115720e+00 1.286835e+00 -6.940052e-02 1.401818e-02 1.151574e-01 -8.305798e-02 -4.070299e-01 4.480467e-01 6.916844e-03 -1.528394e-01 5.239626e-02 -3.460017e-01 3.671856e-01 -4.424161e-02 -2.237220e-01 -6.806650e-02 
-1.673990e+01 -3.170250e+00 -1.231252e+00 4.895349e+00 -4.396608e+00 -5.572738e+00 -2.200942e+00 6.211121e+00 3.997231e+00 -2.590608e+00 4.966784e+00 4.921037e+00 7.712377e+00 4.140810e-02 -2.233333e-01 -3.591812e-01 -2.549520e-01 3.190766e-01 -8.963271e-01 -6.190348e-01 7.591854e-01 -1.229131e+00 -1.121204e-01 5.077544e-01 6.003367e-01 -1.028128e-01 1.343961e-01 5.328069e-01 -5.514015e-02 -6.576324e-01 6.856667e-01 7.386054e-01 3.566311e-01 -4.505552e-01 -6.602218e-03 7.644515e-01 -3.686720e-01 -5.651164e-01 -8.588003e-03 
-1.555051e+01 1.036121e+00 -8.399973e-01 3.580841e+00 -1.088729e-02 -1.193156e+00 -1.376897e+00 2.875079e+00 -2.030233e+00 2.402425e+00 6.805180e+00 5.556190e+00 7.483262e+00 1.640873e-01 3.077166e-01 -2.916467e-02 -4.857660e-01 4.388564e-01 -2.434435e-01 -8.202158e-02 3.005036e-01 -4.533275e-01 1.143402e+00 -3.319223e-01 -8.255664e-01 -6.683034e-02 3.548451e-03 3.305005e-01 9.029298e-02 -1.897286e-01 3.076294e-01 6.419678e-01 5.146809e-01 -3.642673e-01 4.913017e-01 2.742037e-01 -7.025108e-01 -5.622345e-01 5.030570e-02 
-1.539554e+01 1.757271e-01 -2.842281e+00 -3.293763e-01 -1.227079e+00 -1.333469e+00 2.774582e-01 1.625362e+00 -1.850682e-02 4.317890e+00 5.551101e+00 3.743680e+00 7.516517e+00 3.727081e-01 1.028667e+00 -5.685602e-02 -9.153122e-01 1.215207e+00 1.410926e+00 4.993177e-01 -9.779518e-01 -2.681357e-01 1.418494e+00 -8.877507e-01 -9.318383e-01 -1.617632e-03 -1.088935e-01 1.280911e-01 2.606160e-01 4.776225e-01 2.531724e-01 3.513377e-01 1.687487e-01 -1.797080e-01 4.398703e-01 -1.608238e-03 -4.243076e-01 -8.341765e-02 6.721146e-02 
-1.509371e+01 1.901672e+00 1.638061e-01 2.906179e+00 -1.416387e+00 -2.225774e+00 -2.015569e+00 2.610180e+00 3.001579e+00 7.174952e+00 2.150391e+00 1.793336e+00 7.456428e+00 -2.016956e-01 3.898809e-01 3.634758e-01 4.366162e-01 5.691723e-01 6.186234e-01 9.414024e-01 -4.848267e-02 1.039782e+00 8.416265e-02 -1.699026e+00 -7.582508e-01 1.315086e-01 -1.558878e-01 -1.570661e-01 1.555456e-01 4.365619e-01 -7.606827e-02 9.573183e-03 -2.988692e-02 7.392405e-02 1.750105e-01 -2.563795e-01 -7.007159e-02 3.665795e-01 2.968919e-02 
-1.510524e+01 1.540299e+00 -2.017185e+00 6.561257e-01 2.382830e+00 1.997874e+00 6.146681e-01 1.453681e+00 1.412332e-01 2.115312e+00 2.855523e+00 2.142888e+00 7.717881e+00 -3.201307e-01 3.761310e-01 7.476011e-01 1.671952e+00 1.519868e+00 4.293098e-01 -2.870790e-01 3.509493e-02 2.237802e-01 4.094951e-01 -9.302297e-01 1.495580e-01 1.340788e-01 -1.472825e-01 -4.709035e-01 8.850648e-02 1.176330e-01 -6.386349e-01 -4.705069e-01 -3.212316e-01 3.480234e-01 4.382449e-02 -2.698545e-01 3.505096e-02 2.491839e-01 -1.882715e-02 
-1.670361e+01 2.303110e+00 5.649472e-01 5.271283e+00 1.030056e+00 2.340930e-01 3.161248e+00 2.718487e+00 3.089163e+00 3.924868e+00 -3.421469e-01 2.565529e+00 8.040111e+00 -2.689370e-01 -1.513138e-01 3.463112e-01 4.032861e-01 -9.371980e-02 2.952448e-01 1.616741e-01 1.635292e-01 1.759181e-01 3.661503e-01 -6.611141e-01 4.666201e-01 1.375985e-02 -1.127181e-01 -6.655253e-01 1.760752e-01 -4.349425e-01 -6.805610e-01 -3.081249e-01 -3.266082e-01 3.390446e-01 -9.740856e-02 -3.804747e-01 9.937895e-02 -1.595630e-02 -3.814650e-02 
-1.619088e+01 1.855261e+00 6.949854e-01 6.847682e+00 5.149138e+00 -4.167741e-01 -3.746211e+00 1.746746e+00 1.056562e+00 7.990369e+00 2.146256e+00 4.105547e+00 7.895164e+00 -3.300776e-01 -1.055205e+00 3.943185e-01 -3.103773e-01 -1.646420e+00 -7.799793e-01 -7.170034e-01 6.560400e-01 3.830076e-01 -7.185407e-02 -1.231511e+00 -2.983238e-01 -3.685950e-02 -4.607517e-02 -4.506283e-01 1.454928e-01 -5.024428e-01 -4.154586e-01 -2.513158e-03 1.072911e-01 3.001956e-01 1.980709e-01 -5.733327e-01 -2.238739e-02 -3.597916e-01 1.228370e-02 
-1.589588e+01 9.873300e-01 5.390917e-01 1.826819e+00 -3.268291e+00 4.577173e-01 9.732530e-01 3.281480e+00 3.423619e+00 6.068285e+00 -8.005974e-01 3.145072e+00 7.436705e+00 -7.603168e-01 -2.222107e+00 1.420373e+00 -7.467893e-01 -1.250371e+00 -3.173476e-01 -4.766419e-01 1.336269e+00 4.729446e-01 -1.577594e+00 -1.051528e+00 -6.140137e-01 2.626222e-02 1.046602e-01 2.101869e-01 -2.258953e-02 1.380375e-01 6.509626e-01 3.611130e-01 1.329047e-01 -1.116250e-01 4.540331e-02 -2.709289e-01 3.987449e-01 -3.537336e-01 5.697231e-02 
-1.715956e+01 -3.078221e+00 -3.277206e-02 8.261790e-01 -3.700637e+00 -2.013659e+00 -1.876263e+00 4.452733e+00 1.888844e+00 6.838852e-01 -3.073097e+00 3.617586e-01 7.835076e+00 -3.047461e-01 -8.416619e-01 9.379539e-01 -2.650634e-01 2.106911e-02 7.230494e-01 5.684547e-01 9.497225e-01 1.065590e+00 -1.485240e+00 -8.469086e-01 -1.109161e+00 1.892287e-01 4.597225e-01 9.325140e-01 -5.026733e-01 2.624766e-01 7.715878e-01 5.606572e-01 2.766542e-01 -8.151490e-01 -3.240417e-01 2.432247e-01 6.751700e-01 3.521316e-02 4.889157e-02 
-2.002118e+01 -6.340896e+00 8.030735e+00 4.547673e+00 -7.972438e-01 -5.540728e-01 -1.570450e-01 8.046632e+00 5.037810e+00 -3.098397e-01 -2.989951e+00 1.367120e+00 8.201340e+00 2.416735e-01 7.927377e-01 -3.855157e-02 1.070886e+00 2.327384e+00 1.349330e+00 1.834449e-01 -5.414910e-01 6.173731e-02 -2.818055e-01 1.140274e+00 -8.966939e-01 1.855694e-01 7.022471e-01 9.772843e-01 -8.507075e-01 6.888478e-02 1.085001e-01 3.948356e-02 -8.343169e-03 -1.180379e+00 -7.078875e-01 5.888737e-01 5.793571e-01 2.842967e-01 2.833885e-02 
-1.565169e+01 1.311416e+00 1.639093e+00 4.161647e+00 4.018814e+00 3.704380e+00 -3.387330e-01 4.112724e+00 5.577387e+00 3.752765e+00 -9.935325e-01 -5.514477e-01 8.458894e+00 1.467404e+00 2.099905e+00 -1.389594e+00 9.307905e-02 4.226639e-01 1.189931e+00 3.361348e-01 -2.480939e+00 -1.031583e+00 4.963078e-01 1.048441e+00 1.911955e-02 1.279366e-01 4.260185e-01 -9.750966e-02 -3.364683e-01 -1.091162e-01 -6.798193e-01 -5.532519e-01 -3.958320e-01 -8.404238e-01 -7.830012e-01 2.207514e-01 7.641349e-02 1.916035e-01 4.868956e-02 
-1.544122e+01 2.756513e+00 -4.894266e-01 5.513495e+00 4.508905e+00 4.345381e+00 1.121773e+00 7.441561e-01 1.888390e+00 3.124758e+00 3.860622e+00 -8.819339e-01 8.052724e+00 1.864884e+00 1.193582e+00 -1.669391e+00 -5.815120e-01 -9.086656e-01 -3.533337e-01 -4.021113e-01 -2.850322e+00 -2.017917e+00 3.758782e-01 8.975955e-01 2.432510e-01 1.986381e-01 -5.936551e-02 -9.312991e-01 9.713618e-02 -1.872139e-01 -7.453239e-01 -7.428879e-01 -4.311906e-01 -4.941005e-02 -1.164980e-01 -9.808198e-02 -5.104158e-01 -9.594535e-02 1.151749e-01 
-1.211255e+01 2.872740e+00 -2.720608e+00 8.090223e-01 -4.239939e+00 1.486498e+00 -8.347816e-01 -4.300313e+00 -1.694416e+00 1.448416e+00 -1.256292e+00 1.582015e+00 8.549255e+00 1.013690e+00 -1.529495e+00 7.114103e-02 1.555850e-02 -1.759878e+00 -1.191833e+00 -1.117900e+00 -2.097958e+00 -1.809576e+00 -7.104513e-01 -3.435446e-01 -7.210480e-01 4.261638e-01 -7.863181e-01 -1.200915e+00 1.989363e-01 2.580939e-01 1.772839e-01 -4.491500e-01 -2.726182e-01 5.357994e-01 4.378130e-01 -3.725061e-01 -2.926884e-01 -2.714507e-01 1.353874e-01 
-1.246604e+01 -1.153540e+00 1.863808e+00 3.316426e+00 -1.211010e+00 -1.211791e+00 -1.919381e+00 -1.998380e+00 -1.416232e+00 2.721807e+00 1.629466e+00 1.516474e+00 9.149220e+00 1.717796e-01 -2.048975e+00 -2.831473e-01 1.735956e-01 -3.078815e-01 -1.174226e+00 -1.245485e+00 -9.800247e-01 -1.315880e-01 -1.687642e-01 -7.158703e-01 -1.006320e+00 6.123054e-01 -1.065176e+00 -5.884382e-01 -1.789233e-01 3.631702e-01 4.696733e-01 1.293475e-01 2.569773e-01 6.367574e-01 8.385475e-01 -3.078173e-01 -2.219400e-01 -8.024162e-02 8.384077e-02 
-1.207114e+01 -4.380911e+00 8.181794e-01 5.337387e+00 -1.921041e+00 5.240372e-01 -4.407732e+00 -5.005814e+00 -1.818305e+00 4.017368e-01 -1.595766e+00 -5.355811e+00 1.004137e+01 -1.617745e+00 -2.283395e+00 -1.088074e+00 1.005974e+00 1.008586e+00 -6.454176e-01 -6.051093e-01 -7.370029e-01 2.143955e-01 -1.093905e+00 3.917760e-01 -7.133482e-01 5.980170e-01 -8.995250e-01 3.540348e-01 -4.398127e-01 1.362414e-01 2.579350e-01 2.245772e-01 6.228850e-01 6.774092e-01 8.059184e-01 1.129963e-01 1.554097e-01 4.735355e-01 -5.844804e-03 
-1.460318e+01 -3.861263e+00 -3.674601e+00 4.117241e+00 1.810387e+00 -1.044621e+00 -3.319447e+00 -3.803377e+00 1.292995e+00 2.804549e+00 4.511838e-01 -2.444990e+00 1.036819e+01 -2.145331e+00 -1.371706e+00 -1.984455e+00 7.390836e-01 5.545033e-02 2.021571e-02 6.263141e-01 -3.470570e-01 1.162878e+00 -9.713822e-01 -5.797574e-01 -1.617866e-01 5.319330e-01 -4.488488e-01 7.041345e-01 -3.606397e-02 -1.450757e-01 -4.250618e-01 3.326371e-01 5.097896e-01 6.199664e-01 2.815572e-01 1.601364e-01 2.086501e-01 4.796817e-01 -5.343611e-02 
-1.913277e+01 -7.190183e+00 -5.391714e+00 5.438308e+00 -7.078623e-01 -1.824291e+00 -3.160609e+00 -7.083086e+00 -1.976684e+00 -4.062578e+00 1.291830e+00 -4.080028e-03 1.092985e+01 -2.325570e+00 -9.790695e-02 -1.277220e+00 4.140216e-01 -6.518046e-01 -6.662256e-01 1.060651e+00 9.726068e-01 1.572678e+00 2.558180e-01 3.655029e-01 1.224398e+00 4.371415e-01 1.807688e-01 7.837260e-01 4.422030e-01 -3.045401e-01 -6.376200e-01 3.849936e-01 9.179608e-02 7.467294e-01 -7.229090e-02 4.497367e-01 -1.237070e-01 1.660482e-01 -4.361163e-02 
-1.966214e+01 -6.607861e+00 -4.953690e+00 6.961219e+00 -1.540416e+00 6.363437e-02 5.885020e-01 -2.694828e+00 4.477359e+00 9.724827e-02 -2.712952e+00 -1.968328e+00 1.136469e+01 -1.718673e+00 3.789816e-01 -3.688363e-01 -2.558258e-01 -1.602944e+00 4.993502e-01 4.705842e-01 1.264963e+00 5.971357e-01 -4.303962e-02 3.405393e-01 4.232423e-01 4.255539e-01 4.484878e-01 3.674144e-01 5.905733e-01 -2.754062e-01 -3.163429e-01 2.532657e-01 -4.158449e-01 2.505651e-01 -7.397988e-01 2.857985e-01 6.349850e-02 -8.835816e-02 -4.239289e-03 
-2.116959e+01 -3.497509e+00 -4.928215e+00 5.985305e+00 -3.504299e+00 -3.361160e+00 -1.058483e+00 -6.970248e-01 4.453307e+00 3.034570e+00 1.814132e+00 5.281934e-01 1.172889e+01 -9.271604e-01 7.598720e-01 3.151333e-01 -1.926957e-02 -1.350409e+00 1.039970e+00 -6.819417e-02 2.190701e+00 1.358766e-01 6.904976e-01 -6.868962e-01 -1.756614e-01 4.330902e-01 5.960679e-01 -2.258853e-01 2.289132e-01 -3.164667e-01 2.855171e-02 1.493497e-01 -5.757616e-01 -4.364154e-01 -8.695496e-01 7.882451e-03 -1.488040e-02 -2.539531e-01 2.267170e-02 
-2.217797e+01 -3.812868e+00 -5.750649e+00 2.565063e+00 -4.805855e+00 2.220402e+00 -2.017412e+00 -6.715410e-01 1.063823e+00 -9.589463e-01 1.893144e+00 -5.947446e-01 1.209653e+01 -6.020938e-01 3.649043e-02 1.721843e-01 -4.213528e-01 -1.176950e+00 4.335045e-01 -8.885220e-01 2.968553e-01 -1.817553e+00 2.403025e-01 2.638479e-01 9.649827e-02 5.127221e-01 8.068488e-01 -5.030146e-01 1.846967e-02 -2.721012e-01 3.850014e-01 -4.310072e-01 -3.518484e-01 -5.995883e-01 -2.514636e-01 2.783671e-01 2.174659e-01 3.103726e-02 5.871605e-02 
-2.251011e+01 -4.788299e+00 -3.417567e+00 7.540511e+00 -5.827214e+00 2.297136e+00 -2.198731e+00 2.858984e+00 4.089794e-01 -8.188696e-02 -4.445693e+00 -1.569123e+00 1.272952e+01 9.671319e-02 -1.056128e+00 -4.031655e-01 -1.085583e+00 -7.218979e-01 1.134375e-01 -1.138592e+00 -7.254778e-01 -1.567607e+00 1.536129e-01 3.294899e-01 1.180728e-01 5.069283e-01 9.923876e-01 -4.373516e-01 4.048296e-02 -3.556593e-01 6.024783e-01 -5.378186e-01 7.973330e-03 -6.291404e-01 2.994027e-01 1.329178e-01 4.407741e-01 1.070563e-01 7.159207e-02 
-2.200208e+01 -5.779994e+00 -4.848367e+00 4.076872e+00 -6.264079e+00 -5.981947e-01 -3.284068e+00 -2.988898e+00 -2.588416e+00 2.857089e+00 1.736499e+00 -4.374459e-01 1.342787e+01 1.803744e+00 -1.228170e+00 8.274055e-02 -1.083086e+00 7.871158e-03 -1.192385e+00 -7.533861e-01 -2.748387e-01 1.915593e-01 1.617362e+00 9.197762e-01 4.316282e-01 6.822228e-01 1.371258e+00 3.099164e-01 1.253568e-01 -3.008759e-01 4.488274e-01 -2.918947e-01 2.075424e-01 -2.618954e-01 4.568546e-01 -4.140503e-01 -1.901587e-01 -1.841980e-01 1.607566e-01 
-2.077426e+01 -7.794720e+00 -7.395138e+00 -1.981779e-01 -6.385096e+00 -1.384442e+00 -6.118474e+00 -3.165609e+00 -1.558274e+00 1.894806e+00 3.539983e+00 1.039811e+00 1.359759e+01 2.831994e+00 -7.944593e-01 5.622098e-01 -1.466819e+00 1.069585e+00 -8.361110e-01 -9.604511e-02 -6.690961e-01 6.282617e-01 6.666087e-01 1.188974e+00 1.921735e-01 7.063128e-01 1.550869e+00 9.956383e-01 -1.115511e-01 -5.549270e-01 -1.408312e-01 9.149467e-02 6.935622e-02 7.997399e-03 -4.770920e-01 -1.123479e+00 -4.072688e-01 -7.260944e-01 2.850512e-01 
-1.402727e+01 -8.450429e+00 -3.347985e+00 1.018940e+00 -4.487496e+00 -1.900751e+00 -3.824709e+00 9.664695e-01 3.005663e+00 6.139029e+00 2.498593e+00 2.588789e-01 1.507365e+01 4.886638e+00 1.455167e+00 3.162061e-01 -1.735207e+00 1.714592e-01 -5.512023e-01 -3.722009e-01 -1.040801e+00 -6.313245e-01 -2.086280e+00 -1.116679e+00 -8.615494e-01 1.216819e+00 1.022602e+00 1.047338e+00 -6.220053e-01 -9.620482e-01 -9.786499e-01 5.735936e-01 -2.319203e-01 1.262058e-01 -1.412761e+00 -1.672238e+00 -2.025304e-01 -1.080075e+00 2.866354e-01 
-1.233753e+01 -7.425413e+00 -1.356348e+00 1.735485e+00 -1.367679e+00 -1.232071e+00 -2.408428e+00 -2.464467e+00 7.534189e-01 1.610176e+00 1.117729e+00 -9.562138e-01 1.543831e+01 6.309584e+00 2.580399e+00 -1.077614e+00 -3.534158e+00 -1.507897e+00 2.503725e-01 -9.824699e-01 -3.025320e-01 -3.541527e+00 -3.611968e+00 -6.886969e-01 -2.865849e+00 1.664857e+00 2.178192e-01 4.303672e-01 -7.974759e-01 -9.627307e-01 -1.578888e+00 5.618526e-01 -3.633857e-01 5.450256e-01 -1.355445e+00 -1.062909e+00 2.800159e-01 -9.658850e-01 1.737390e-01 
-1.787568e+00 1.311416e+00 -6.286391e+00 -5.566212e+00 -7.915628e+00 -3.430220e+00 -7.000010e+00 -8.543715e+00 -6.900943e+00 -7.432224e+00 -2.636237e+00 -3.746677e+00 1.859157e+01 5.177885e+00 2.321162e+00 -2.207394e+00 -4.859622e+00 -3.596611e+00 1.132309e+00 -1.469763e+00 1.728156e-01 -4.787349e+00 -4.604589e+00 8.458676e-01 -3.439748e+00 1.636149e+00 -9.695144e-01 -6.616830e-01 -2.079009e-01 -3.223941e-01 -1.158261e+00 4.176665e-01 4.781247e-02 7.338976e-01 -2.249585e-01 1.504666e-01 8.548685e-01 -3.161799e-01 -1.448016e-01 
4.653752e+00 2.265019e-01 -1.131377e+01 -1.457652e+01 -1.220996e+01 6.320127e-01 -9.443399e+00 7.688063e-02 -1.431252e+01 -9.379543e+00 2.663965e+00 -1.128669e+01 2.016281e+01 3.775496e+00 9.242845e-01 -2.163276e+00 -4.718188e+00 -4.940806e+00 1.131371e+00 -1.364047e+00 1.449198e+00 -4.070982e+00 -3.388718e+00 1.607789e+00 -3.348189e+00 1.365366e+00 -1.582113e+00 -1.028078e+00 6.568857e-01 7.323561e-01 -3.299669e-01 -7.875008e-02 4.522525e-01 2.134128e-01 1.146131e+00 9.349257e-01 4.009179e-01 5.569946e-01 -3.789411e-01 
3.366598e+00 -6.707833e-01 -9.406166e+00 -1.512301e+01 -1.704911e+01 2.828792e+00 -7.656003e+00 5.600686e-01 -1.339810e+01 -1.138892e+01 5.954887e+00 -1.177447e+01 2.089189e+01 1.306131e+00 -1.025106e+00 -1.804278e-01 -2.755208e+00 -3.903491e+00 1.096654e+00 5.762538e-02 1.752747e+00 -1.491434e+00 -1.445589e+00 2.009416e+00 -2.201231e+00 6.425376e-01 -1.283893e+00 -7.241554e-01 1.027145e+00 1.222173e+00 5.504415e-01 -5.176835e-01 5.480233e-01 -1.960041e-01 1.674846e+00 1.261549e+00 -2.436460e-01 8.471314e-01 -4.101582e-01 
3.963000e+00 -1.812819e+00 -1.061301e+01 -1.707685e+01 -2.150463e+01 1.295212e+00 -8.900916e+00 2.297840e-01 -1.635283e+01 -1.335527e+01 4.861588e+00 -1.368351e+01 2.111482e+01 3.349097e-01 -8.868523e-01 1.193412e+00 -9.246746e-01 -3.004367e+00 -1.255503e-01 5.151065e-01 -2.551541e-02 5.412967e-01 -5.167542e-01 7.341454e-01 -7.000833e-01 2.669438e-01 -8.237510e-01 -8.563955e-02 8.186092e-01 1.102584e+00 9.793835e-01 -6.178806e-01 3.098472e-01 -4.973224e-01 1.490172e+00 9.202421e-01 -5.200958e-01 7.379699e-01 -3.060762e-01 
5.088353e+00 -2.794596e+00 -7.538864e+00 -1.809213e+01 -2.278560e+01 1.721359e+00 -6.983057e+00 1.436082e-01 -1.333774e+01 -1.267224e+01 6.312276e+00 -1.355481e+01 2.132834e+01 4.788090e-01 -3.941178e-01 1.250001e+00 -6.455507e-01 -1.812559e+00 -8.276113e-01 3.307411e-01 -6.995747e-02 1.280656e+00 2.671467e-01 6.438481e-02 -5.281729e-01 1.345580e-01 -3.653778e-01 4.047058e-01 1.401636e-01 5.459490e-01 7.988749e-01 -5.911579e-01 -1.884594e-01 -4.273660e-01 7.161168e-01 3.563519e-01 -6.107477e-01 3.177333e-01 -1.304052e-01 
5.467455e+00 -3.145656e+00 -6.280308e+00 -1.771519e+01 -2.436333e+01 5.580193e-01 -7.204547e+00 1.573561e-01 -1.163642e+01 -1.132149e+01 6.156091e+00 -1.389681e+01 2.127949e+01 7.045322e-02 1.806134e-01 1.214599e+00 -2.600701e-01 -1.089333e+00 -9.959514e-01 4.870132e-02 -1.260905e-01 1.993895e+00 3.560529e-01 -2.008213e-02 -4.949344e-01 8.894832e-02 -2.021171e-01 3.965065e-01 -1.699606e-01 2.090942e-01 6.326541e-01 -1.256876e-01 -2.511117e-01 1.874362e-02 2.072089e-01 1.804465e-02 -1.600567e-01 3.215475e-02 -3.880572e-02 
5.008092e+00 -1.975060e+00 -5.322512e+00 -1.803158e+01 -2.468270e+01 -9.404823e-01 -6.850385e+00 2.465497e-01 -9.352408e+00 -1.106995e+01 5.629653e+00 -1.430873e+01 2.148223e+01 -3.885658e-01 4.646673e-01 5.098444e-01 -3.578134e-01 -8.665209e-01 -1.423977e+00 -6.513968e-01 -3.337907e-01 1.362773e+00 -1.001760e-01 -6.671709e-01 -7.151016e-01 7.953887e-02 -1.261040e-01 2.301191e-01 -1.550630e-01 1.894800e-01 4.704931e-01 2.243116e-01 -4.414986e-02 9.898678e-02 1.866024e-03 -1.590552e-01 1.925990e-01 1.353171e-01 -1.129930e-02 
4.355764e+00 -1.319352e+00 -5.648368e+00 -1.840751e+01 -2.600283e+01 -2.353481e+00 -8.724019e+00 -4.522454e-01 -8.375362e+00 -1.237603e+01 5.102298e+00 -1.578122e+01 2.148269e+01 -2.420139e-01 6.663052e-01 7.137412e-01 -2.301452e-02 -3.139814e-01 -4.557176e-01 -2.494214e-01 2.000944e-01 1.536390e+00 -2.428937e-01 2.996973e-01 -4.457627e-01 1.004488e-01 3.835192e-02 8.050769e-02 -8.978005e-02 1.951559e-01 4.858347e-01 4.193134e-01 3.110794e-01 1.184643e-01 -2.865792e-02 -8.617385e-02 4.441572e-01 3.602275e-01 -3.399317e-03 
3.701300e+00 -1.384407e+00 -5.306162e+00 -1.953531e+01 -2.629860e+01 -3.942693e+00 -9.480253e+00 -1.220786e+00 -8.154358e+00 -1.264618e+01 3.503693e+00 -1.618837e+01 2.162442e+01 4.405415e-03 5.136305e-01 7.250725e-01 1.834573e-01 1.521614e-01 2.380329e-02 2.589563e-01 2.620313e-01 1.518716e+00 -2.287328e-01 8.674755e-01 1.239429e-01 7.230753e-02 1.074808e-01 -5.771392e-02 -5.099184e-02 1.723086e-01 4.260296e-01 4.004800e-01 4.669635e-01 -2.052958e-02 3.755703e-02 -1.835125e-02 4.657892e-01 4.734473e-01 -1.178840e-02 
4.910756e+00 -1.098809e-01 -2.719847e+00 -1.707837e+01 -2.512509e+01 -2.194586e-01 -7.136737e+00 1.891266e+00 -4.553400e+00 -1.174760e+01 8.717993e+00 -1.518618e+01 2.171065e+01 6.581131e-02 5.585694e-01 6.580232e-01 4.449799e-01 8.305804e-01 3.766552e-01 1.148813e+00 1.683382e-01 1.772572e+00 -1.065414e-02 1.433371e+00 8.866761e-01 7.557470e-02 -1.237127e-02 -2.137407e-01 -2.691869e-01 -3.529341e-02 2.426714e-01 1.945476e-02 2.340894e-01 -3.796796e-01 -2.180212e-01 -1.378497e-02 -6.142867e-02 3.753136e-01 -1.926308e-02 
4.752369e+00 -1.150482e-02 -3.161293e+00 -1.777877e+01 -2.436082e+01 -1.888419e+00 -6.349177e+00 3.846992e-01 -3.669838e+00 -1.252786e+01 8.159400e+00 -1.398658e+01 2.172992e+01 -5.011039e-03 2.299958e-01 2.827485e-01 2.695912e-01 6.912811e-01 1.622285e-01 9.843556e-01 -4.205191e-01 1.432376e+00 -3.081572e-01 1.095012e+00 9.858581e-01 3.297081e-02 -1.215624e-01 -3.371075e-01 -4.384804e-01 -2.101331e-01 -3.125345e-02 -1.594762e-01 -1.130749e-01 -5.463167e-01 -5.424458e-01 -1.214058e-01 -4.509278e-01 9.555784e-02 -1.854007e-02 
4.158955e+00 7.870076e-01 -3.430114e+00 -1.706020e+01 -2.281924e+01 -1.497351e+00 -4.545196e+00 -4.133489e-01 -1.755226e+00 -1.248814e+01 9.941294e+00 -1.244895e+01 2.180790e+01 -2.993084e-01 -2.606426e-01 -4.110102e-01 -2.425937e-01 6.298385e-01 -4.277345e-01 5.582559e-01 -1.357036e+00 4.895242e-01 -2.722007e-01 -1.211642e-01 9.998091e-01 2.377917e-02 -1.086545e-01 -4.084997e-01 -4.814170e-01 -2.562230e-01 -1.231473e-01 -9.362558e-02 -2.679883e-01 -4.629275e-01 -7.061651e-01 -1.968836e-01 -5.607176e-01 -6.500841e-02 -1.682823e-02 
4.052653e+00 -6.830804e-01 -3.537339e+00 -1.819608e+01 -2.399526e+01 -2.492698e+00 -5.853865e+00 -2.171067e+00 -2.391917e+00 -1.381655e+01 8.367035e+00 -1.262730e+01 2.174070e+01 -4.209265e-01 -7.622643e-01 -9.327877e-01 -5.233404e-01 9.626416e-02 -3.713820e-01 -1.111936e-02 -1.706934e+00 -5.520235e-01 -7.049101e-01 -6.097956e-01 5.452186e-01 5.526580e-03 -7.557207e-02 -3.116176e-01 -3.898816e-01 -1.043384e-01 8.944991e-02 2.540360e-01 -3.067101e-02 -1.232550e-01 -6.311470e-01 -1.607563e-01 -1.773919e-01 3.835103e-03 -7.258934e-03 
3.764484e+00 -1.077378e+00 -4.587150e+00 -1.808254e+01 -2.215893e+01 -2.055863e+00 -4.592737e+00 -3.616271e+00 -2.744979e+00 -1.246414e+01 8.008727e+00 -1.086643e+01 2.182418e+01 -2.694675e-01 -9.877132e-01 -1.141244e+00 -4.397031e-01 5.123878e-01 1.753646e-01 3.067148e-01 -1.503048e+00 -7.661516e-01 -7.965253e-01 -5.177168e-01 7.820051e-01 5.178082e-03 -4.110325e-02 -2.297276e-01 -1.773488e-01 1.259313e-01 3.421775e-01 5.687856e-01 1.813315e-01 2.273405e-01 -3.758558e-01 -1.020215e-01 3.776808e-01 3.821275e-02 -7.386524e-03 
2.844906e+00 -2.890989e+00 -7.246849e+00 -1.988450e+01 -2.420968e+01 -3.466121e+00 -6.381239e+00 -6.548260e+00 -5.934788e+00 -1.606464e+01 6.076620e+00 -1.205173e+01 2.174941e+01 -3.977170e-01 -9.644892e-01 -1.301559e+00 -1.534638e-01 1.197240e+00 1.130819e+00 9.567008e-01 -9.638564e-01 -1.095555e+00 -8.497212e-01 4.064268e-01 1.113933e+00 5.962202e-03 -9.847160e-02 -1.969990e-01 1.410940e-02 2.968913e-01 4.931347e-01 4.247589e-01 1.220395e-01 3.492960e-01 -5.535441e-02 1.144289e-01 5.300678e-01 -1.030326e-01 -1.607332e-02 
3.414839e+00 -3.047677e+00 -7.281829e+00 -1.841458e+01 -2.014985e+01 -1.339552e-01 -2.747849e+00 -5.739817e+00 -3.814148e+00 -1.534686e+01 8.497496e+00 -8.826710e+00 2.182945e+01 -5.162847e-01 -1.308238e+00 -1.113351e+00 2.021820e-01 1.790260e+00 1.665147e+00 9.809232e-01 -5.919029e-01 -1.117922e+00 -7.099588e-01 1.259199e+00 9.064972e-01 -1.337944e-02 -1.439838e-01 -2.168283e-01 1.687778e-01 4.069969e-01 3.330427e-01 -1.728240e-02 -2.262823e-01 3.652032e-01 1.824740e-01 3.830780e-01 3.830147e-01 -4.666299e-01 -2.850277e-02 
2.238684e+00 -4.520542e+00 -8.697420e+00 -1.879757e+01 -1.901350e+01 2.200397e+00 -1.992720e+00 -5.928599e+00 -7.335237e+00 -1.662397e+01 1.015444e+01 -8.077555e+00 2.176776e+01 -7.898924e-01 -1.587010e+00 -8.761310e-01 6.402168e-01 1.922905e+00 1.007627e+00 2.618983e-01 -4.159588e-01 -6.529093e-01 -1.760294e-01 1.152060e+00 -3.218674e-02 -6.552348e-02 -5.630586e-02 -2.670190e-01 1.770744e-01 4.678513e-01 4.131691e-02 -4.796979e-01 -6.115309e-01 3.434633e-01 4.069542e-01 5.786220e-01 3.087767e-02 -7.802340e-01 -2.741825e-02 
1.486457e+00 -6.803422e+00 -9.428600e+00 -1.761527e+01 -1.580531e+01 3.436633e+00 -1.882159e+00 -6.885921e+00 -7.634749e+00 -1.573450e+01 1.226570e+01 -8.321447e+00 2.174804e+01 -7.933407e-01 -1.760729e+00 -5.100420e-01 1.198465e+00 1.814881e+00 1.505827e-01 -4.773284e-01 4.910744e-02 -7.496681e-02 7.819896e-01 1.024460e+00 -9.781131e-01 -1.015930e-01 7.937029e-02 -1.442011e-01 7.245827e-02 5.724606e-01 -1.969668e-01 -5.191445e-01 -6.344562e-01 5.661293e-01 5.401496e-01 5.936191e-01 -1.925047e-01 -7.403571e-01 -3.292992e-03 
-1.400962e-01 -8.947863e+00 -1.055408e+01 -1.708291e+01 -1.676691e+01 -2.131554e-01 -5.504862e+00 -8.055162e+00 -7.289402e+00 -1.675057e+01 9.952778e+00 -1.246563e+01 2.146250e+01 -5.408205e-01 -2.073289e+00 -7.178947e-01 1.687556e+00 1.391549e+00 -5.104144e-01 -1.371697e+00 4.329177e-01 4.177311e-01 1.297325e+00 6.780797e-01 -1.844907e+00 -8.699968e-02 1.839241e-01 -6.155626e-02 -6.788788e-02 4.140379e-01 -2.863623e-01 -3.585688e-01 -4.049424e-01 6.561289e-01 4.116428e-01 2.817246e-01 -4.334444e-01 -4.181365e-01 3.146482e-02 
6.377460e-01 -9.637686e+00 -8.903504e+00 -1.327967e+01 -1.219841e+01 1.825771e+00 -3.378413e+00 -4.430750e+00 -4.212591e+00 -1.137361e+01 1.372052e+01 -1.152303e+01 2.147420e+01 -2.440033e-01 -1.786049e+00 -8.302023e-01 2.540656e+00 1.071138e+00 -1.715816e-01 -1.374541e+00 1.814270e+00 1.047446e+00 1.521561e+00 5.337001e-01 -1.889047e+00 -1.912966e-02 1.461566e-01 1.198918e-01 -1.143368e-01 1.545624e-01 -2.066090e-01 -2.159500e-01 -9.780388e-02 5.679674e-01 3.560490e-01 -1.764697e-01 -6.721371e-01 -2.392580e-02 5.055025e-02 
-4.105154e-02 -1.346999e+01 -1.254952e+01 -1.252780e+01 -1.385900e+01 4.536065e-01 -8.103037e+00 -4.991395e+00 -6.957669e+00 -1.231811e+01 1.281740e+01 -1.570098e+01 2.146984e+01 -1.450642e-01 -1.882215e+00 -1.055421e+00 2.039332e+00 8.629653e-01 -6.241129e-01 -1.314229e+00 1.982171e+00 8.439540e-01 8.630149e-01 -7.697262e-01 -1.667432e+00 5.056996e-02 -9.885304e-03 3.346516e-01 -4.154459e-02 -2.023377e-01 -5.276300e-02 -2.617984e-01 1.379079e-01 2.347285e-01 2.558654e-01 -5.315199e-01 -7.634310e-01 2.500367e-01 4.413882e-02 
2.163792e-01 -1.347277e+01 -1.258184e+01 -7.189035e+00 -1.190415e+01 2.245341e+00 -7.455520e+00 6.532860e-01 -2.563456e+00 -1.034307e+01 1.350186e+01 -1.614865e+01 2.164873e+01 -2.604489e-01 -1.256760e+00 -9.130081e-01 1.795285e+00 1.046073e+00 -8.723732e-01 -9.952186e-01 2.114336e+00 1.492125e+00 1.167944e-01 -1.612349e+00 -1.186388e+00 8.241398e-02 -1.330838e-01 4.179825e-01 1.422227e-03 -4.801702e-01 3.924793e-02 -3.357243e-01 1.310751e-01 -2.068917e-01 6.076223e-03 -6.111163e-01 -5.927210e-01 3.636682e-01 1.899284e-02 
-6.549578e-01 -1.644111e+01 -1.399172e+01 -9.931587e+00 -1.259962e+01 -3.543403e+00 -1.003711e+01 -6.862948e-01 -3.894018e+00 -1.295108e+01 6.213971e+00 -1.848985e+01 2.162786e+01 -5.820673e-01 -6.647571e-01 -8.841099e-01 1.048542e+00 1.140122e+00 -1.468959e+00 -8.718507e-01 1.456578e+00 1.474764e+00 -6.579943e-01 -2.066032e+00 -9.460180e-01 8.289316e-02 -9.732423e-02 5.073514e-01 9.392653e-02 -2.811539e-01 7.039971e-02 -4.408486e-02 1.328300e-01 -1.354152e-01 -1.439121e-01 -3.072353e-01 5.418109e-03 4.727121e-01 -7.907519e-03 
-3.578238e-01 -1.443590e+01 -1.274724e+01 -5.601535e+00 -7.597772e+00 -5.376298e-01 -7.387341e+00 3.988322e+00 1.716397e+00 -1.047297e+01 8.960540e+00 -1.606086e+01 2.180721e+01 -6.910859e-01 -3.047431e-01 -9.087170e-01 6.353484e-01 1.128810e+00 -1.427840e+00 -9.403012e-01 1.042586e+00 7.623069e-01 -7.734984e-01 -1.781774e+00 -4.314305e-01 5.967448e-02 4.093349e-02 3.555786e-01 1.709277e-01 -1.743533e-01 -7.142284e-02 1.301444e-01 3.340019e-02 4.801293e-02 -4.687673e-01 3.331033e-02 2.525314e-01 5.295572e-01 -3.342564e-02 
-2.664882e+00 -1.631219e+01 -1.688716e+01 -8.079166e+00 -1.031135e+01 -5.499841e+00 -1.249635e+01 6.241136e-01 -1.723913e+00 -1.554295e+01 4.757771e+00 -2.047515e+01 2.180514e+01 -4.164172e-01 1.786012e-01 -5.878862e-01 1.213444e+00 1.173505e+00 -5.668772e-01 -6.775806e-01 1.840968e+00 4.892114e-01 -2.279939e-01 -6.578402e-01 3.186476e-01 2.238518e-02 2.168153e-01 2.749236e-01 3.779496e-01 -9.428479e-03 -7.290626e-02 3.579520e-01 1.243171e-01 3.373125e-01 -3.610245e-01 3.613211e-01 3.834099e-01 6.201919e-01 -5.517985e-02 
-2.233696e+00 -1.506067e+01 -1.567766e+01 -4.938478e+00 -7.403944e+00 -3.915562e+00 -1.092749e+01 5.211214e+00 1.634698e-01 -1.291509e+01 5.320957e+00 -1.731329e+01 2.185858e+01 -1.385655e-01 9.953899e-02 -2.064429e-01 8.409464e-01 6.723160e-01 -6.727936e-01 -9.253951e-01 2.162261e+00 -3.590111e-01 6.827776e-02 -1.053738e+00 8.290423e-01 -5.445866e-02 2.728451e-01 1.602707e-01 4.449584e-01 -1.326821e-01 -1.592958e-01 2.730554e-01 9.071328e-02 1.758364e-01 -2.051035e-01 3.581873e-01 1.557802e-01 4.226013e-01 -7.007605e-02 
-1.798668e+00 -1.523560e+01 -1.546625e+01 -4.195189e+00 -6.828488e+00 -4.688929e+00 -1.165498e+01 7.906806e+00 -6.719888e-01 -1.286999e+01 4.744449e+00 -1.627059e+01 2.171432e+01 2.258910e-01 5.076778e-01 6.544697e-01 8.984938e-01 1.004039e+00 -5.677918e-02 -2.576590e-01 2.583383e+00 2.303495e-01 7.276855e-01 -5.130515e-01 1.524688e+00 -1.359637e-01 2.324482e-01 1.405565e-02 4.119233e-01 -3.860865e-01 -2.021198e-01 4.766508e-02 1.394733e-02 -2.675866e-01 -1.606094e-01 2.480595e-01 -1.806515e-01 1.469920e-01 -7.376555e-02 
-1.483603e+00 -1.447636e+01 -1.448982e+01 -3.338362e+00 -5.977355e+00 -4.306904e+00 -1.243517e+01 1.115835e+01 -6.043716e-01 -1.146794e+01 3.698925e+00 -1.401796e+01 2.158039e+01 3.520185e-01 3.320305e-01 6.948333e-01 1.294051e-01 4.171185e-01 -3.175684e-01 -6.967036e-01 1.550685e+00 -1.336213e-01 5.395296e-01 -1.075346e+00 1.078560e+00 -2.115442e-01 1.615983e-01 -1.319536e-01 2.409645e-01 -4.499944e-01 -3.732593e-01 -8.499248e-02 -1.612403e-01 -6.114303e-01 -3.882951e-01 1.233823e-01 -4.579903e-01 -1.144428e-01 -6.269706e-02 
-1.910520e+00 -1.406620e+01 -1.420883e+01 -4.386940e+00 -6.004471e+00 -5.588085e+00 -1.303072e+01 1.056752e+01 -1.882306e-01 -1.262839e+01 3.003899e+00 -1.449979e+01 2.126458e+01 5.004271e-01 1.326562e-01 1.021162e+00 -3.610590e-01 2.904626e-01 -5.061644e-01 -7.221029e-01 8.088511e-01 -4.264247e-01 7.768178e-01 -1.550309e+00 9.288341e-01 -2.679138e-01 1.032738e-01 -2.311685e-01 9.068661e-02 -3.311954e-01 -5.614582e-01 -1.060307e-01 -3.676048e-01 -5.797219e-01 -8.061095e-01 6.066322e-02 -7.432559e-01 -1.400276e-01 -4.768390e-02 
-4.175921e-01 -1.398527e+01 -1.283241e+01 -4.195693e+00 -5.730300e+00 -5.053963e+00 -1.372283e+01 1.163416e+01 -7.468670e-01 -1.033852e+01 8.145449e-01 -1.280605e+01 2.102583e+01 5.321247e-01 -3.727383e-01 8.151197e-01 -7.791207e-01 -8.372414e-01 -8.730355e-01 -1.499379e+00 -7.605928e-03 -1.971932e+00 6.605749e-01 -2.825006e+00 5.547481e-01 -3.019359e-01 -1.595679e-02 -8.766365e-02 -6.359642e-03 1.679569e-02 -4.518024e-01 -8.988014e-02 -1.873766e-01 -4.385717e-01 -9.575332e-01 -2.297429e-01 -6.348985e-01 -7.865360e-02 -2.865163e-02 
1.702722e-01 -1.481790e+01 -1.118944e+01 -5.572268e+00 -5.499817e+00 -6.846245e+00 -1.462169e+01 1.171329e+01 -2.732272e+00 -9.550818e+00 -1.565447e+00 -1.223246e+01 2.065200e+01 6.521513e-01 -2.958559e-01 1.047781e+00 -3.031371e-01 -1.176063e+00 -3.091238e-01 -1.694336e+00 4.639276e-01 -2.881155e+00 9.705150e-01 -3.354398e+00 1.086488e+00 -3.291623e-01 -1.919342e-01 2.751981e-01 -1.377430e-01 3.759949e-01 -2.364726e-01 -5.702123e-02 1.174470e-01 -5.281472e-01 -7.718059e-01 -7.176180e-01 -3.649679e-01 -2.039306e-01 -3.165401e-03 
1.365458e-01 -1.596470e+01 -1.192404e+01 -6.641534e+00 -1.041630e+01 -8.043292e+00 -1.913662e+01 1.054707e+01 -9.192215e+00 -9.703890e+00 -8.142237e+00 -1.237785e+01 2.037679e+01 1.964480e-01 1.079231e-01 6.496421e-01 1.844559e-01 -1.108631e+00 -8.654740e-01 -1.147614e+00 -4.696873e-01 -3.693872e+00 -7.061415e-01 -3.347768e+00 6.064355e-01 -3.241526e-01 -2.999779e-01 6.422452e-01 6.246599e-02 6.396016e-01 2.105827e-01 8.315377e-02 6.144468e-01 -6.234138e-01 -1.730486e-01 -1.011695e+00 2.044768e-01 -3.709077e-01 2.296941e-02 
1.073201e+00 -1.455570e+01 -9.423657e+00 -4.679614e+00 -9.542071e+00 -5.639332e+00 -1.879572e+01 1.343077e+01 -1.037121e+01 -8.092914e+00 -9.290200e+00 -9.281526e+00 1.994309e+01 -2.914835e-01 1.268369e+00 4.151708e-01 1.037182e+00 -7.561682e-01 -7.950471e-01 -3.108112e-01 -1.600721e+00 -3.424531e+00 -2.128024e+00 -3.113765e+00 -1.166553e-01 -2.726185e-01 -2.912292e-01 7.076681e-01 1.493686e-01 5.994391e-01 3.880853e-01 5.303089e-02 6.341983e-01 -7.840062e-01 1.342959e-01 -9.099388e-01 4.927551e-01 -4.953318e-01 4.366036e-02 
1.134923e-01 -1.357630e+01 -1.046662e+01 -3.719846e+00 -9.252836e+00 -9.984932e+00 -1.737391e+01 8.426878e+00 -1.539712e+01 -1.459805e+01 -1.206203e+01 -1.124935e+01 1.975939e+01 -4.961255e-01 2.056392e+00 1.443707e+00 1.748723e+00 5.763923e-03 -2.143014e-01 8.810914e-01 -2.092320e+00 -2.565516e+00 -2.848632e+00 -1.922962e+00 -6.981774e-01 -2.153777e-01 -1.662507e-03 3.115289e-01 1.884899e-01 6.223583e-01 5.469282e-01 4.344811e-01 5.149422e-01 -3.165809e-01 5.620139e-01 -6.437213e-02 6.438826e-01 -1.091494e-01 2.742445e-02 
-1.275695e+00 -9.670213e+00 -9.842289e+00 -1.847241e+00 -9.862438e+00 -9.850648e+00 -1.705697e+01 4.769940e+00 -1.675264e+01 -1.774346e+01 -1.517426e+01 -1.338003e+01 1.959770e+01 -4.576640e-01 2.268342e+00 1.397711e+00 1.912003e+00 2.072822e-01 -3.695606e-01 4.623466e-01 -2.644778e+00 -2.773857e+00 -2.507907e+00 -1.603101e+00 -7.378960e-01 -1.652375e-01 1.027001e-01 -3.327849e-01 2.406920e-01 5.677905e-01 7.153351e-01 6.252062e-01 2.378231e-01 6.501600e-02 5.999535e-01 6.522197e-01 7.424859e-01 2.677107e-01 -3.297908e-02 
-1.169392e+00 -8.125549e+00 -4.496275e+00 6.858976e-01 -1.022750e+01 -7.009305e+00 -1.560015e+01 4.415848e+00 -1.882881e+01 -1.912152e+01 -1.481458e+01 -1.381975e+01 1.947271e+01 2.713818e-01 1.165579e+00 1.100817e+00 2.858728e+00 1.144337e+00 1.094115e+00 1.040450e+00 -1.530658e+00 -1.209110e+00 -8.378999e-01 -8.837401e-01 3.714024e-01 -2.406874e-01 -1.087979e-01 -8.477624e-01 6.537283e-02 3.127336e-01 5.775724e-01 4.982598e-01 2.791184e-01 5.239626e-02 5.639755e-01 9.170635e-01 5.259439e-01 3.173510e-01 -1.253334e-01 
-5.738436e-01 -5.939458e+00 -5.420611e+00 2.677591e+00 -8.018568e+00 -8.974786e+00 -1.737060e+01 2.212162e+00 -2.252461e+01 -1.837106e+01 -1.592901e+01 -1.168549e+01 1.926034e+01 -1.616425e-01 4.982118e-02 1.790150e+00 3.321105e+00 2.251190e+00 1.676793e+00 7.986173e-01 -1.556528e+00 -1.103063e+00 1.277537e-01 7.911741e-02 6.870924e-01 -4.248250e-01 -4.641948e-01 -1.003789e+00 1.538114e-02 -1.192467e-01 2.687092e-01 4.571397e-01 8.042707e-01 5.034599e-02 8.904573e-01 7.928788e-01 5.389823e-01 2.326567e-01 -2.207818e-01 
1.119308e+00 -9.613885e+00 -7.173464e+00 8.311554e+00 -4.453350e+00 -4.952290e+00 -1.201504e+01 2.052217e+00 -1.855698e+01 -1.847407e+01 -1.610311e+01 -1.023962e+01 1.872459e+01 -1.188169e+00 -1.073147e+00 1.574319e+00 2.607816e+00 1.871666e+00 1.253845e+00 2.108592e+00 -2.374394e+00 -5.811162e-01 4.188536e-01 -1.343417e-01 1.760878e-01 -7.122489e-01 -7.193884e-01 -7.043948e-01 -1.346242e-01 -8.088703e-01 -2.177737e-01 6.022956e-02 9.980525e-01 2.285777e-01 1.191152e+00 6.839597e-01 4.236858e-01 1.266418e-01 -2.507018e-01 
-3.228412e+00 -8.676536e+00 4.470764e-01 1.094561e+01 -1.493717e+00 -2.495164e+00 -1.485645e+01 -1.831058e+00 -2.240390e+01 -1.742863e+01 -1.413425e+01 -1.173435e+01 1.784757e+01 -2.049045e+00 -1.631278e+00 1.237731e+00 1.441262e+00 1.187147e+00 1.836357e+00 3.949696e+00 -1.971099e+00 1.364493e+00 8.281666e-01 7.172029e-01 5.231104e-01 -1.033390e+00 -3.822537e-01 -5.426731e-01 -8.204581e-01 -1.132038e+00 -4.592585e-01 -2.788521e-01 9.684438e-01 8.780878e-01 1.722594e+00 8.487485e-01 3.916577e-01 2.535068e-01 -1.702772e-01 
-5.783082e+00 -1.212287e+01 4.417532e-01 9.590738e+00 -4.131476e+00 -3.979689e+00 -6.314534e+00 -5.434346e+00 -2.179489e+01 -1.749855e+01 -1.638378e+01 -1.291489e+01 1.661783e+01 -2.381936e+00 -1.515745e+00 7.039520e-01 -2.457145e-01 5.873610e-01 1.315441e+00 4.455132e+00 -1.804822e-01 3.512813e+00 2.231578e+00 9.156838e-01 1.086641e+00 -1.189953e+00 1.268904e-01 -1.725727e-01 -9.572010e-01 -8.750055e-01 -1.617161e-01 -3.843884e-01 -1.199450e-01 1.136209e+00 1.492564e+00 8.147700e-01 4.061037e-01 3.335547e-01 3.947776e-03 
-7.367370e+00 -1.284126e+01 -3.039239e+00 9.244072e+00 -2.243417e+00 -2.794754e-01 -4.725113e-01 -3.899947e+00 -1.408335e+01 -1.471802e+01 -1.220306e+01 -7.732371e+00 1.514658e+01 -1.476100e+00 -2.442190e+00 -1.876975e+00 -9.123163e-01 5.970100e-01 2.518075e-01 4.467488e+00 1.736911e+00 5.462958e+00 3.465182e+00 1.512354e+00 1.499378e+00 -1.037354e+00 5.129794e-01 1.091538e-01 -6.298780e-01 -4.583287e-01 5.402588e-03 -5.327981e-01 -1.201128e+00 5.514239e-01 4.720209e-01 2.029340e-01 1.220122e-03 2.762596e-02 1.679549e-01 
-8.720695e+00 -1.511025e+01 -1.910721e+00 7.933601e+00 -1.141212e+00 5.169119e-01 3.068745e+00 2.184331e+00 -5.152879e+00 -8.671277e+00 -1.249017e+01 -6.807646e+00 1.412531e+01 -8.401577e-01 -1.530669e+00 -1.654305e+00 -5.903751e-01 1.358055e+00 1.241450e-01 1.250018e+00 1.452598e+00 4.832304e+00 3.174082e+00 1.498604e+00 1.355751e+00 -6.905549e-01 6.051512e-01 4.612089e-01 -8.075672e-02 -7.355195e-02 -1.119436e-01 -2.741238e-01 -1.448825e+00 -5.167293e-01 -6.567910e-01 -7.302872e-01 -3.616666e-02 -1.202067e-01 2.215855e-01 
-9.139928e+00 -1.939398e+01 -7.762058e+00 7.212515e+00 -3.355142e-03 -3.484482e+00 2.789395e+00 3.044077e+00 -3.410260e+00 -4.516001e+00 -8.518920e+00 -7.291459e+00 1.390697e+01 -2.550113e-01 -1.078094e+00 -7.325115e-01 -6.781318e-01 8.286950e-01 -2.320185e-01 -4.533021e-01 -3.057319e-02 3.064692e+00 1.371455e+00 4.317996e-01 5.266935e-01 -4.433390e-01 3.531607e-01 8.449634e-01 7.885416e-01 3.520339e-01 -3.714636e-01 1.560968e-01 -9.851302e-01 -1.037850e+00 -1.173258e+00 -1.070072e+00 -6.170030e-02 -1.721702e-01 1.370461e-01 
-9.097236e+00 -1.649981e+01 -5.468520e+00 7.655057e+00 1.538727e+00 -1.756327e+00 -1.695312e+00 -1.643282e+00 -2.969614e+00 -6.728921e+00 -1.073262e+01 -6.356405e+00 1.378496e+01 3.331791e-02 1.083423e-01 -2.721512e-01 -7.305611e-01 -8.817444e-02 1.867344e-01 -3.285612e-01 -1.880308e+00 1.427997e+00 -3.729282e-01 1.275077e+00 9.719070e-01 -3.790411e-01 1.745061e-01 6.200488e-01 7.814561e-01 4.844839e-01 -5.690705e-01 2.812635e-01 6.943090e-02 -4.649777e-01 -9.941332e-01 -6.040879e-01 1.662504e-01 -2.283771e-02 2.624424e-02 
-8.454299e+00 -1.753713e+01 -4.922892e+00 5.992874e+00 5.600498e-01 -3.030436e-01 -3.567912e-01 -2.139212e+00 1.489480e-01 -8.831795e+00 -1.092326e+01 -5.324430e+00 1.310014e+01 -1.470536e-01 9.631030e-01 1.374579e+00 9.179676e-01 -5.372375e-01 1.001004e+00 3.311334e-01 -1.785786e+00 1.298800e+00 -1.116279e-01 1.315592e+00 8.304145e-01 -5.078548e-01 9.940140e-02 4.496132e-01 4.173131e-01 3.912624e-01 -4.104619e-01 3.397030e-01 3.377384e-01 2.304866e-01 -7.340099e-01 1.666724e-01 3.250578e-01 1.657247e-01 -5.153688e-03 
-8.896585e+00 -1.549701e+01 -4.690952e+00 4.890807e+00 -1.864299e+00 -1.399843e-01 2.999092e+00 -4.625567e+00 2.083967e-01 -8.377958e+00 -4.912871e+00 -2.931583e+00 1.263342e+01 -2.172193e-02 5.489276e-01 1.199446e+00 1.034061e+00 -8.043019e-01 9.139084e-01 1.204908e+00 5.328700e-03 7.446323e-01 8.951541e-01 1.887954e+00 1.089690e+00 -5.270657e-01 1.607377e-01 1.393780e-01 -3.034112e-02 1.690036e-01 -2.695934e-02 1.115500e-01 1.568754e-01 6.811563e-01 -6.436819e-01 4.697925e-01 -1.781327e-01 1.634603e-01 2.824316e-02 
-9.975404e+00 -1.507971e+01 -1.277640e+00 1.318457e+01 -9.880583e-01 7.123091e-01 2.097655e+00 -4.393530e+00 1.494939e+00 -4.249988e+00 -4.851315e+00 -4.851740e+00 1.194355e+01 2.693924e-01 9.496046e-01 6.182631e-01 3.959210e-01 -8.656336e-01 1.102946e+00 4.687209e-01 1.789512e-01 -2.634433e-01 1.570816e+00 1.750613e+00 1.296440e+00 -3.950720e-01 2.800161e-01 8.997633e-02 -4.398127e-01 -2.750829e-01 8.144727e-02 -1.586528e-01 -5.845013e-02 4.662672e-01 -6.291854e-01 4.687485e-02 -6.152914e-01 5.187859e-03 9.461155e-02 
-8.445334e+00 -1.498371e+01 -1.293610e+00 9.229438e+00 -1.708634e+00 2.305632e+00 3.101545e+00 -4.894653e-01 8.042310e-02 -4.543720e+00 -4.328553e+00 -1.144098e+00 1.172797e+01 6.288092e-01 8.120212e-01 -4.559174e-02 3.754486e-01 -5.878404e-02 6.935209e-01 3.869333e-01 5.430279e-01 -1.009216e+00 1.134782e+00 1.669401e-01 1.556250e+00 -2.941818e-01 1.707294e-01 2.878916e-01 -4.061115e-01 -1.372443e-01 6.188957e-02 -3.616767e-01 -2.321443e-01 6.307178e-02 -2.587357e-01 -1.894075e-01 -6.736681e-01 -2.486303e-01 1.042978e-01 
-7.333216e+00 -1.304594e+01 -3.530114e+00 5.803141e+00 -3.845756e+00 3.988843e+00 1.935499e+00 -3.312477e+00 -1.104467e+00 -2.894682e+00 -2.462136e+00 2.640427e-01 1.157752e+01 9.278811e-01 1.281532e+00 -2.018836e-01 -1.281229e-01 -5.027454e-01 3.179845e-01 4.479308e-01 2.767901e-01 -9.702693e-01 3.014252e-03 -9.004371e-01 6.230548e-01 -1.512540e-01 -4.932604e-02 3.418217e-01 -1.769551e-01 1.260391e-01 1.017467e-01 -6.225026e-01 -1.498151e-01 1.467438e-01 2.715580e-01 -2.216848e-01 -4.539405e-01 -5.040659e-01 6.578670e-02 
-7.073651e+00 -1.245370e+01 -3.792472e+00 1.045867e+01 -7.289523e-01 1.689295e+00 5.014981e+00 -2.451054e+00 -3.538234e+00 -3.381616e+00 -5.272557e+00 2.291845e+00 1.134542e+01 5.028144e-01 1.822307e+00 -4.210676e-01 6.098827e-01 -6.762042e-01 -5.019698e-01 5.458532e-02 2.717323e-01 -1.955605e-01 7.321184e-01 -1.548855e-01 1.832539e-01 -1.274690e-01 -2.608718e-01 5.352427e-01 7.027814e-02 -1.291975e-01 7.861938e-03 -5.893250e-01 -4.746142e-01 1.325334e-01 6.709050e-01 1.320672e-01 2.473704e-01 -5.069185e-01 7.220876e-02 
-6.021728e+00 -9.937178e+00 -1.037716e+00 1.192960e+01 -3.991378e+00 2.610375e+00 3.380526e+00 -2.028893e+00 -1.547382e+00 -4.816353e+00 -8.881362e+00 -3.454721e+00 1.137845e+01 8.570522e-02 2.153564e+00 -7.884818e-02 9.089797e-01 -4.813695e-02 -1.411779e+00 -1.140894e-01 1.048225e+00 6.875419e-01 6.636533e-01 -3.581954e-01 -5.373974e-01 -1.494680e-01 -3.219691e-01 4.269708e-01 9.916492e-02 -3.345363e-01 4.710006e-01 -2.191641e-01 -5.488786e-01 5.568375e-02 5.348868e-01 3.900617e-01 5.939266e-01 -8.009458e-02 8.215020e-02 
-6.587393e+00 -7.426603e+00 -4.645325e+00 9.215814e+00 -5.017257e+00 4.848482e-01 2.652300e+00 2.274368e-01 -6.765269e-01 7.697662e-02 -1.893437e+00 1.631270e+00 1.119039e+01 -2.546134e-01 3.052257e+00 2.443293e-01 -7.891073e-01 -2.467717e-01 -1.388211e+00 -1.705123e+00 8.199616e-01 1.516526e+00 1.464671e+00 1.132662e+00 -3.981157e-01 6.594744e-02 -2.184193e-01 1.556736e-01 6.797688e-02 -5.714518e-01 5.626602e-01 3.246681e-01 -5.330101e-01 -2.498059e-01 8.487393e-02 -3.773553e-02 1.767701e-01 2.218553e-02 1.072962e-01 
-7.147507e+00 -4.791472e+00 -3.498175e+00 1.096984e+01 -1.942633e+00 -2.467759e+00 2.546162e+00 5.895762e-01 9.022675e-01 -1.306047e+00 -5.942317e+00 -2.092657e+00 1.090784e+01 -3.032872e-01 2.801404e+00 -3.868567e-02 -1.101312e+00 1.637541e+00 -3.347335e-01 -1.416709e+00 2.811016e-01 8.480207e-01 1.586824e+00 1.425350e+00 5.132761e-01 1.627864e-01 -1.705645e-01 -1.145258e-01 5.356377e-02 -4.515751e-01 4.412541e-01 7.145920e-01 -2.974850e-01 -3.502336e-01 -1.722831e-01 -1.555633e-01 4.438531e-02 2.637701e-01 1.001617e-01 
-7.784040e+00 2.348321e-01 -1.340758e+00 6.992505e+00 -2.987091e+00 -2.712759e+00 -3.093535e+00 3.394318e-01 2.819148e+00 2.186883e+00 -1.078516e+00 -3.798491e-01 1.191053e+01 -3.947992e-01 2.276726e+00 -1.013097e-01 -1.242247e+00 1.294283e+00 5.828028e-01 -1.959214e+00 -5.938100e-01 1.485460e-01 8.169988e-02 -1.628247e-01 -2.312368e-01 2.528731e-01 -1.279685e-01 -3.632149e-01 1.476426e-01 2.530956e-02 1.192354e-01 4.641790e-01 5.618382e-01 1.294226e-01 -3.535609e-01 -3.875928e-01 -3.069122e-01 1.948002e-02 7.307663e-03 
-6.940453e+00 2.391956e-01 -2.883346e+00 7.534455e+00 3.181238e+00 2.535559e+00 -8.299906e-01 -6.795885e-01 9.444716e-01 2.063185e+00 -2.162168e+00 1.174690e-01 1.183209e+01 -6.970541e-01 1.968694e+00 3.617996e-01 -1.122283e+00 1.387556e+00 1.175691e+00 -1.474569e+00 3.919158e-03 5.100142e-01 5.773331e-01 5.115194e-01 6.979940e-01 2.578828e-01 -1.978623e-01 -3.440374e-01 3.703797e-01 1.103046e-01 -3.641636e-01 -6.748720e-02 7.814949e-01 3.582040e-01 -3.178699e-01 -2.557528e-01 -1.745274e-01 -2.239278e-01 -1.307454e-01 
-8.664769e+00 1.441526e+00 -5.459014e+00 4.722268e+00 -1.107569e+00 8.972924e-01 -5.455847e+00 -2.106686e+00 4.547997e-02 -1.198483e+00 -4.597744e+00 -6.300970e-01 1.199263e+01 -6.975846e-01 1.652529e+00 7.822655e-01 -6.520420e-01 4.744576e-01 1.773515e-01 1.133025e+00 1.605657e+00 -8.247459e-02 3.158243e-02 5.513601e-02 -3.931604e-01 5.492619e-02 -1.068378e-01 -3.008111e-01 5.585374e-01 3.382033e-01 -1.323991e-01 -1.616013e-01 7.695468e-01 1.119247e-01 -3.412652e-01 -7.744421e-02 1.275224e-02 -1.602895e-01 -2.466296e-01 
-1.019270e+01 4.448344e+00 3.698900e-01 6.493446e+00 4.055470e+00 1.605710e+00 -3.645601e+00 1.832251e+00 4.839497e+00 3.273279e+00 -1.625625e+00 1.522035e+00 1.215616e+01 -1.141219e+00 1.393460e+00 1.371427e+00 -8.449071e-01 2.265801e-01 -4.695160e-01 9.447367e-01 9.723580e-01 -6.258500e-01 3.332722e-01 4.438312e-01 -5.254285e-01 -3.919791e-01 7.296415e-02 -4.009179e-01 2.040233e-01 3.318090e-01 1.629400e-02 1.211394e-01 3.826927e-01 -2.089773e-01 -1.326690e-01 -1.973313e-01 -3.523739e-01 -2.943005e-01 -2.320630e-01 
-9.645397e+00 6.392462e+00 9.436549e-01 4.252476e+00 -1.051831e+00 -1.361148e+00 3.979396e+00 7.111775e+00 4.598057e-01 1.739666e+00 -1.071625e+00 -3.047969e+00 1.202314e+01 -7.068684e-01 1.060359e+00 2.186612e+00 3.101616e-01 1.212656e+00 5.974843e-01 6.788778e-01 -5.183579e-01 -9.898208e-01 -1.832946e-01 -6.518026e-02 -4.210625e-01 -6.553130e-01 1.466825e-01 -4.286377e-01 -1.443440e-01 2.937301e-01 1.314150e-01 3.777949e-01 -3.206342e-01 -3.517889e-01 3.712632e-01 2.216325e-02 -3.327915e-01 1.089678e-01 -8.333484e-02 
-1.215609e+01 4.730779e+00 7.721718e-01 3.545014e+00 4.285954e+00 1.317410e+00 -8.240941e-01 -4.274321e-01 -2.391917e+00 2.260110e+00 -1.706014e+00 -1.300603e+00 9.856978e+00 -3.275577e-01 2.602625e-01 6.796802e-01 5.562951e-02 1.099974e+00 1.571373e+00 6.659331e-01 2.099950e-02 3.004221e-01 -3.020003e-01 -1.190260e+00 -7.595468e-01 -5.473222e-01 2.791556e-01 -3.917924e-01 -6.081372e-01 1.970239e-01 -2.126989e-01 1.528431e-02 -4.182345e-01 2.266740e-02 4.723558e-01 5.587310e-02 1.556736e-02 4.033686e-01 1.206294e-01 
-1.121730e+01 6.601908e+00 5.272937e+00 7.747401e+00 4.840320e+00 4.028854e+00 -3.472389e+00 -3.568992e+00 -1.287805e+00 -1.608880e+00 -4.883012e+00 -1.324039e+00 9.865693e+00 -3.710591e-01 7.597962e-02 4.064544e-01 3.663359e-01 6.947192e-01 1.045931e+00 -3.308168e-01 3.224759e-01 1.310844e+00 4.601051e-01 -7.919069e-01 2.687136e-01 -2.840754e-01 1.906649e-01 -3.127154e-01 -8.517673e-01 -1.915248e-01 -5.019263e-01 -5.332231e-01 -4.436240e-01 7.501988e-02 9.343786e-02 1.768346e-01 4.865816e-01 5.816677e-01 1.599486e-01 
-1.104440e+01 5.645121e+00 1.603732e+00 5.024529e+00 6.608869e+00 6.767703e+00 3.410009e+00 7.277421e+00 7.215176e+00 3.437934e+00 -5.670830e+00 -3.137343e+00 1.049823e+01 8.663361e-02 -7.334149e-02 -7.791778e-01 1.120535e-01 -5.779405e-01 -6.173241e-01 -6.416882e-01 6.653264e-01 5.857177e-01 2.909125e-01 8.849909e-01 1.146562e+00 2.552166e-02 1.213448e-01 -1.339090e-01 -4.409936e-01 -1.996435e-01 -3.505786e-01 -5.425468e-01 -4.516143e-01 -4.357084e-01 -6.259800e-01 8.501668e-02 7.853054e-01 5.082072e-01 7.981104e-02 
-1.205662e+01 6.315506e+00 2.560006e+00 5.344451e+00 1.260540e+00 1.143389e+00 2.085421e-01 4.871876e+00 2.209685e+00 3.452000e+00 -3.048751e+00 -7.862041e-01 1.028218e+01 3.941871e-02 -3.363512e-01 -1.342861e+00 -6.757600e-01 -4.580498e-01 -9.743155e-01 -8.855800e-01 -4.653757e-01 -6.652659e-01 4.044464e-01 1.330079e+00 1.534294e+00 -1.420188e-01 7.913125e-02 -4.769637e-02 -1.318082e-01 -2.238200e-01 7.313232e-02 2.258257e-01 6.969226e-02 -5.039328e-01 -7.974977e-01 -1.111988e-01 3.339477e-01 3.927143e-02 1.514385e-02 
-1.130311e+01 4.507449e+00 -1.767375e+00 5.307110e+00 3.186260e+00 -3.266118e-01 -5.872661e+00 -1.321045e+00 -1.212473e+00 1.184057e+00 1.801729e+00 4.163541e+00 9.776249e+00 7.403412e-02 -2.030438e-01 -6.506443e-01 -4.214776e-01 -7.652919e-02 -1.312352e-01 -1.314720e+00 -1.763648e+00 -1.841484e+00 1.509038e-01 1.675231e+00 1.148773e+00 -2.192983e-01 -7.318172e-02 1.068209e-01 4.363893e-01 8.849902e-02 3.620084e-01 7.187094e-01 5.495168e-01 -3.382096e-02 -2.199828e-01 -1.388651e-01 -3.218274e-01 -3.621148e-01 2.537237e-02 
-1.089071e+01 5.488830e+00 2.440343e-01 4.227246e+00 4.261349e+00 2.704374e+00 -3.258639e+00 -1.596673e+00 -4.006123e-01 1.540259e+00 -1.968773e+00 2.697009e+00 9.516631e+00 3.079801e-02 -9.765543e-02 -3.169401e-01 -4.860157e-01 8.096190e-01 1.932007e+00 3.542771e-01 -9.827608e-01 -1.463280e+00 -2.580020e-02 4.827089e-01 4.639519e-01 -8.591062e-02 -9.321284e-02 1.419166e-01 6.694517e-01 3.809523e-01 1.019809e-01 3.295292e-01 5.864436e-01 5.939493e-01 2.674913e-01 -2.714661e-01 -2.520420e-01 -3.087986e-01 9.476040e-02 
-1.125743e+01 5.042964e+00 -4.913277e-01 3.475883e+00 4.725832e+00 5.331136e+00 -1.429966e+00 1.693431e+00 -6.865107e-01 5.147786e+00 2.165550e+00 8.650350e-01 9.784735e+00 -2.750378e-01 3.415046e-01 8.898126e-01 4.597101e-01 5.981190e-01 1.523079e+00 1.485967e+00 7.547910e-01 -1.151647e-01 -1.883433e-01 -3.004109e-01 -1.288530e-01 1.243644e-01 -1.405895e-01 5.944339e-02 4.761767e-01 1.951918e-01 -4.323618e-01 -5.184273e-01 3.866505e-01 5.976963e-01 5.402931e-01 -3.883986e-01 -2.952072e-01 -3.196794e-01 5.377192e-02 
-1.192556e+01 5.559042e+00 3.375705e-01 3.830118e+00 4.539034e+00 7.974616e+00 -2.418082e-01 -1.549059e+00 -5.369345e+00 1.341266e+00 -8.166753e-01 3.182807e+00 9.848493e+00 -2.520935e-01 1.009643e-01 1.234245e+00 7.883922e-01 -2.855892e-01 -1.538093e-01 6.463197e-01 1.245146e+00 -1.908681e-01 -7.833495e-01 1.057690e+00 6.291536e-01 1.599984e-01 -1.748671e-01 -2.222144e-01 4.993021e-02 -2.027738e-02 -7.098390e-01 -1.002200e+00 2.970377e-02 3.243746e-01 6.119143e-01 -1.801406e-01 -4.871124e-02 -3.074458e-01 -7.874158e-02 
-1.216079e+01 6.179842e+00 2.635292e+00 7.803917e+00 6.038434e+00 4.653687e+00 4.859773e-02 2.429111e+00 6.957853e-01 3.421630e-01 -2.764571e-01 3.276154e+00 1.023219e+01 -4.875048e-01 -5.178625e-03 9.546492e-01 -8.268412e-02 -1.690672e+00 -1.680516e+00 4.725455e-01 1.107957e-01 2.239366e-01 -1.412342e+00 -8.826134e-02 -5.322134e-01 -7.340825e-02 -1.183115e-01 -3.388914e-01 -6.569178e-01 -4.005637e-01 -7.265860e-01 -7.162714e-01 -2.142223e-01 -9.112235e-02 3.921706e-01 2.257654e-01 -1.433635e-01 -2.633636e-01 -1.806227e-01 
-1.169929e+01 5.424965e+00 4.852024e+00 6.005489e+00 2.177454e+00 2.273842e+00 -7.662340e-01 4.260933e+00 -2.046570e+00 2.691804e-02 4.540489e+00 4.637026e+00 1.009274e+01 -7.373725e-01 -1.035419e+00 -9.963345e-02 -3.161196e-01 -1.595181e+00 -1.477183e+00 1.009461e+00 9.611646e-01 1.426589e+00 -3.144373e-01 1.331370e-01 -8.716125e-01 -3.807400e-01 -7.174751e-02 -1.797771e-01 -8.411694e-01 -3.735851e-01 -1.713583e-01 -2.546393e-02 -7.342248e-02 -2.045233e-01 3.367204e-01 7.107754e-01 -3.136536e-01 -2.452484e-01 -1.429728e-01 
-1.380784e+01 5.084219e+00 2.024645e+00 1.974670e+00 -2.546711e+00 -2.211029e-01 1.195111e+00 -6.577930e-01 -1.227902e+00 -1.256816e+00 -9.544861e-01 -2.523242e+00 9.295313e+00 -6.239771e-01 -7.847338e-01 -1.727791e+00 -9.909603e-01 -2.379960e+00 -1.396546e+00 2.331648e-01 4.412091e-01 1.036810e+00 7.060130e-01 -5.549575e-01 -6.953567e-01 -5.084211e-01 9.815842e-02 6.229084e-02 -4.556490e-01 -6.277490e-02 4.735380e-01 4.738215e-01 -1.398833e-01 -6.008557e-02 -2.277321e-02 8.932473e-01 1.979576e-01 2.187174e-01 6.265673e-03 
-1.478889e+01 9.298117e-01 1.447947e-01 5.163801e+00 8.553101e-01 3.026108e+00 4.232212e+00 4.800118e+00 2.726118e+00 5.684608e-01 1.879652e-01 1.724617e+00 8.413254e+00 -5.425447e-01 -4.081193e-01 -1.630435e+00 -6.253279e-01 -7.977584e-01 -4.231535e-01 3.989955e-01 5.731596e-02 1.086236e+00 1.711317e+00 -2.771661e-01 -5.155179e-01 -3.373520e-01 1.998438e-01 3.780495e-01 1.763174e-01 5.532800e-05 6.255883e-01 4.683229e-01 -2.128781e-01 -3.672720e-01 -4.784316e-01 4.708669e-01 3.364171e-01 1.982791e-01 1.408100e-01 
-1.373569e+01 4.503482e+00 -3.650267e+00 3.270002e+00 -5.200037e+00 -2.705086e+00 -1.284763e+00 4.365886e+00 3.493505e+00 3.601349e+00 -8.750152e-01 1.255501e+00 8.529990e+00 -9.400316e-02 -7.358495e-03 -5.582504e-01 -2.419695e-01 2.783737e-01 1.616214e-01 7.831746e-02 2.623630e-01 2.802449e-01 2.040837e+00 1.106635e+00 3.832951e-01 -6.378099e-02 1.780917e-01 3.376019e-01 5.677727e-01 5.361728e-02 6.168050e-01 3.472204e-01 -7.976986e-02 -3.297309e-01 -4.921626e-01 9.943178e-02 4.340326e-01 6.479734e-02 1.657221e-01 
-1.444821e+01 3.674822e+00 -4.628106e-01 2.231011e+00 -4.849107e-01 1.400173e+00 2.468770e+00 2.036122e+00 1.024342e+00 6.154336e+00 3.115066e+00 1.702991e-01 8.788691e+00 -3.154274e-03 4.660926e-01 1.971937e-01 -6.903653e-01 2.035114e-01 8.528882e-02 2.261558e-02 -7.858394e-01 -5.873727e-01 1.372563e+00 9.844360e-01 -4.194615e-01 1.010151e-01 1.169944e-01 2.221943e-01 4.410827e-01 -5.785337e-02 1.927817e-01 9.407132e-02 -8.085264e-02 -2.734546e-01 -4.214982e-01 -1.346122e-01 2.400856e-01 -6.106777e-02 1.041489e-01 
