-1.493331e+01 2.419307e+00 -8.598346e-01 1.587764e+00 6.801793e-01 1.878091e+00 3.017291e+00 1.346581e+00 4.606311e+00 4.596464e+00 4.045095e+00 1.637232e+00 7.715577e+00 -2.472260e-01 -3.887428e-02 3.496832e-01 6.474791e-01 -1.939042e-01 -2.554436e-01 -1.098653e+00 7.328734e-01 6.877471e-01 -1.446514e-01 -1.113241e+00 5.333547e-01 8.199692e-02 1.867912e-02 -8.826349e-02 -6.719160e-02 -8.858079e-02 3.093527e-02 3.651096e-02 3.403471e-02 -2.094762e-01 -2.504228e-01 1.420112e-01 2.361458e-01 -1.618253e-02 -4.700347e-02 
-1.573038e+01 2.291106e+00 2.401582e-01 1.522057e+00 1.390019e+00 1.689891e+00 -2.048285e+00 1.085414e+00 8.396749e+00 5.186322e+00 2.402207e+00 3.565086e+00 8.047617e+00 -2.759250e-01 -2.630443e-01 2.300058e-01 5.207625e-01 -6.442950e-02 -2.436894e-01 -1.101425e+00 5.765341e-01 5.871217e-01 -1.528485e-02 -5.489388e-01 7.666806e-01 -2.789465e-02 6.290010e-02 -1.091125e-01 -3.043042e-04 -1.893558e-01 1.130345e-01 1.091759e-01 2.774044e-01 -1.429924e-01 -6.130725e-01 7.734927e-02 3.473498e-01 -2.270803e-01 -5.654627e-02 
-1.577048e+01 2.288990e+00 3.387355e-01 4.858171e+00 -6.444874e-01 6.950611e-01 5.691623e-02 5.141034e+00 6.149730e+00 3.577916e+00 -6.996863e-01 3.340388e+00 7.959525e+00 -1.396050e-01 -3.681801e-01 7.371608e-02 2.679700e-01 -1.040836e-01 -7.864566e-02 -9.269626e-01 -2.363364e-01 -5.141828e-01 5.006707e-01 -2.147092e-01 3.357386e-01 -9.806210e-02 4.517774e-02 -1.465313e-01 8.815815e-02 -3.581106e-01 2.986050e-01 3.031945e-01 4.362088e-01 -1.157155e-01 -7.230920e-01 -3.154347e-02 4.125293e-01 -3.672085e-01 -2.599114e-02 
-1.589418e+01 1.169031e+00 -3.091003e-01 2.556453e+00 1.020242e+00 1.251315e+00 -1.009602e+00 2.331913e+00 6.770207e+00 5.029070e+00 3.672879e+00 4.619067e+00 7.454141e+00 1.334721e-02 -4.198026e-01 4.861854e-01 -1.094892e-01 3.263898e-01 2.020014e-01 2.026530e-01 5.024374e-01 -1.776739e+00 -8.066943e-02 1.742049e-01 -5.032007e-01 -1.107123e-01 3.606176e-02 -3.588355e-02 1.256012e-01 -1.953828e-01 1.860482e-01 2.278480e-01 4.964622e-01 3.173019e-02 -4.481690e-01 -2.351103e-01 6.652099e-02 -3.595252e-01 3.957244e-02 
-1.554918e+01 1.139414e+00 -2.167210e-01 2.410480e+00 3.445188e-01 1.704080e+00 -2.136947e+00 -4.587265e-01 2.848380e+00 7.178396e+00 2.335937e+00 2.789135e+00 7.521904e+00 -1.660211e-01 -6.931368e-01 6.624742e-01 -8.278915e-01 1.103637e+00 1.037763e+00 4.303931e-01 1.911686e-01 -1.745659e+00 -2.698100e-01 5.877727e-01 -6.678538e-01 -6.495648e-03 -1.138226e-03 1.171701e-01 8.876346e-02 1.192677e-01 3.093527e-02 7.084540e-02 2.990596e-01 5.947038e-02 4.085635e-01 -1.506736e-01 2.821116e-02 -1.204554e-01 6.407471e-02 
-1.577426e+01 7.666581e-01 2.948673e+00 2.198801e+00 2.527229e+00 2.195235e+00 6.207099e-02 6.397746e+00 1.163383e+00 2.982839e+00 1.755216e+00 1.324666e+00 7.712954e+00 -8.253331e-02 -2.799681e-01 5.637482e-01 9.179676e-02 2.619851e-01 3.372355e-01 7.023262e-01 5.215490e-01 -1.037937e+00 -8.056182e-01 -6.175221e-01 -5.292155e-01 1.241447e-01 3.651473e-02 3.022695e-01 -2.237520e-01 3.237499e-01 -4.217401e-01 -2.635606e-01 -1.147441e-01 -2.109240e-01 8.613262e-01 2.918096e-02 9.065420e-02 2.506934e-01 5.280512e-02 
-1.666099e+01 -9.752654e-01 2.022223e+00 8.976418e-01 4.120424e+00 5.411742e+00 1.672932e+00 4.063783e+00 2.248905e-01 3.252320e+00 3.198243e+00 1.648161e+00 7.797767e+00 -9.737196e-02 1.477607e-01 4.786725e-01 7.636893e-01 8.274318e-02 2.079391e-01 3.186018e-01 5.143446e-02 1.159098e+00 1.097658e-01 3.221263e-01 -2.535548e-01 1.048738e-01 1.358279e-01 3.602156e-01 -3.057289e-01 3.419936e-01 -5.213042e-01 -4.186703e-01 -2.805163e-01 -1.490154e-01 6.480065e-01 7.026184e-02 1.422505e-01 2.733773e-01 6.654323e-03 
-1.575081e+01 8.263159e-01 1.390325e+00 3.771839e+00 4.424656e-01 1.083562e+00 5.966190e-01 2.678190e+00 2.892355e+00 2.963916e+00 1.542381e-01 2.543454e+00 7.937010e+00 1.615707e-01 6.711708e-01 -5.406494e-01 7.135921e-01 -1.271884e+00 -7.010132e-01 -3.151901e-01 -4.822811e-01 1.077566e+00 -1.243670e-01 7.603477e-01 5.430496e-01 9.766193e-02 7.864074e-02 1.153040e-01 -3.548891e-01 -1.220277e-01 -1.076542e-01 -1.328188e-02 -2.398627e-01 -2.395908e-01 -9.996244e-02 -3.587483e-03 1.757139e-01 3.018106e-01 -3.844222e-02 
-1.604777e+01 1.848538e+00 2.955461e+00 5.442454e+00 1.800515e+00 3.299397e+00 -8.111443e-01 1.658327e+00 7.778953e+00 7.736607e+00 4.747356e+00 9.119914e-01 7.934168e+00 3.909990e-01 6.324067e-01 -3.139924e-01 5.711160e-01 -7.360213e-01 -5.363330e-01 -4.636293e-01 -5.211293e-02 4.364623e-01 -2.590204e-01 6.101098e-01 1.630063e-01 3.996738e-02 6.890193e-02 -8.813480e-02 -2.621030e-01 -4.924954e-01 1.316763e-01 8.919567e-02 -2.326119e-02 -1.512740e-01 -7.651028e-01 -2.577289e-01 -3.578213e-01 1.672228e-01 -4.276829e-02 
-1.527264e+01 2.710403e+00 -2.214433e-01 3.494452e+00 -2.672390e+00 -2.538667e-01 -2.719570e-01 5.188695e+00 2.773837e+00 1.187026e-01 4.782195e+00 4.407921e+00 8.133086e+00 6.650545e-02 5.415958e-02 -8.143944e-01 -4.219884e-01 1.331758e-01 6.430874e-01 -1.057739e-01 -6.248350e-01 -1.176610e+00 -6.391357e-01 1.171212e-01 7.716897e-01 -3.557938e-02 6.505607e-03 -2.096254e-01 3.203681e-02 -5.706829e-01 3.220955e-01 1.527118e-01 1.702315e-01 -1.632040e-01 -4.935708e-01 1.161552e-01 -4.385951e-01 -1.374945e-01 -3.371626e-02 
-1.494466e+01 1.244344e+00 1.258102e+00 3.891843e+00 1.997876e+00 3.398713e+00 -2.106155e-01 2.547850e+00 2.466547e+00 3.379883e+00 3.934819e+00 1.530566e+00 7.899631e+00 2.944663e-01 1.558456e-02 -6.949286e-01 -1.130909e+00 3.869783e-02 -1.793575e-02 9.763693e-02 -6.337642e-01 -1.539530e+00 -9.216056e-01 -1.145257e+00 4.682367e-01 -4.237740e-02 1.941519e-02 -9.415141e-02 1.334703e-01 -3.846075e-01 -7.799680e-02 -1.571921e-01 1.159433e-01 -1.432241e-01 7.059281e-02 3.018284e-01 -2.710143e-01 -3.030245e-01 1.594265e-02 
-1.597022e+01 1.399200e+00 -1.832621e+00 2.437236e+00 1.009237e+00 4.249159e+00 -2.327809e-01 -8.905997e-01 -3.344512e-01 1.946673e+00 1.145943e+00 6.092717e+00 7.776564e+00 2.424495e-01 -6.856192e-02 -1.899765e-01 -1.288633e+00 -4.886060e-02 -1.966725e-01 2.553150e-01 -1.007694e+00 -4.022684e-01 7.876722e-01 -5.549781e-01 -2.971823e-01 -2.978628e-02 1.181056e-01 1.161084e-01 3.739100e-01 1.934373e-01 -1.189052e-01 -2.705536e-01 -5.083139e-02 2.098117e-01 5.186458e-01 2.097356e-01 -2.146375e-01 -4.967787e-01 6.162085e-02 
-1.422665e+01 2.581779e+00 2.864954e-01 3.165070e-01 1.526604e-01 9.579567e-01 -3.425772e-01 1.529446e+00 1.635847e+00 2.214523e+00 8.392113e-01 2.411433e+00 7.900723e+00 4.001305e-01 2.230198e-01 4.112487e-02 -9.184765e-01 -1.034891e+00 -9.025313e-01 -6.435265e-02 -5.767426e-01 4.024560e-01 5.367077e-01 -4.088767e-01 -8.178028e-01 1.168146e-01 -3.148707e-02 5.130911e-02 1.514136e-01 6.126094e-01 5.513194e-02 4.066474e-02 -2.685358e-01 3.163711e-01 3.495348e-01 1.123052e-01 -4.867224e-02 -1.989084e-01 5.442285e-02 
-1.441996e+01 1.698758e+00 -6.854059e-01 -1.160921e+00 -1.993733e+00 -1.684338e-02 1.070856e+00 6.593775e-01 1.177863e+00 4.639529e+00 3.555268e+00 2.481378e+00 7.983351e+00 6.041212e-01 5.310526e-01 6.870234e-01 4.390181e-01 7.542446e-02 -2.674402e-01 -2.790042e-01 3.956003e-01 4.456608e-01 -3.196576e-01 -1.324203e+00 -1.069064e+00 1.930116e-01 -2.051436e-01 -2.365727e-02 -1.471697e-03 6.325364e-01 2.867421e-01 2.378907e-01 -1.205589e-01 3.823337e-01 -1.549722e-01 -3.474593e-01 -1.624148e-01 8.197512e-02 1.428856e-02 
-1.371935e+01 2.209869e+00 8.903552e-01 1.098304e+00 -1.675314e+00 1.019299e+00 -1.184348e+00 -1.110427e+00 3.722519e+00 4.716850e+00 6.857145e-01 -7.526953e-01 8.380313e+00 -4.372453e-02 -2.771778e-02 -3.764236e-01 1.068245e+00 2.522712e-01 2.207839e-01 -9.779308e-01 2.466237e-01 -2.157909e-01 1.936005e-01 -1.004037e+00 -1.402851e-01 1.184107e-01 -3.413737e-01 -2.150628e-01 -1.466176e-01 2.708104e-01 2.621217e-01 2.216962e-01 1.523360e-01 2.094064e-01 -2.285696e-01 -7.481182e-02 1.273486e-01 2.765133e-01 -5.685528e-02 
-1.320335e+01 4.240774e+00 1.300602e+00 4.241232e+00 2.300521e+00 2.881685e+00 -1.207029e+00 2.407783e+00 8.507311e-01 -9.027817e-01 -5.398629e+00 2.329248e+00 8.501632e+00 -5.612836e-01 -6.156547e-02 1.149650e-02 8.805403e-01 7.412943e-01 4.311480e-01 1.093396e-01 4.922550e-01 -8.680441e-01 -7.781049e-01 -1.069394e+00 -2.260857e-01 4.091319e-02 -3.100057e-01 -2.926032e-01 -1.019972e-01 -2.529918e-01 -2.630024e-01 -2.359037e-01 2.858259e-01 -1.977199e-01 2.600731e-02 1.556173e-01 6.133097e-01 1.221163e-01 -6.161759e-02 
-1.505361e+01 1.172416e+00 -2.588479e+00 2.956204e+00 -7.328963e-01 6.124368e-01 -4.093176e+00 1.887881e+00 7.204147e-01 5.953659e+00 2.959477e-01 1.786302e+00 8.233419e+00 -7.241827e-01 -5.559497e-01 -3.542023e-01 2.149258e-01 -5.711079e-02 -1.433544e-01 5.032268e-01 4.222313e-01 -8.352843e-02 3.918042e-01 1.004097e-01 1.432932e-01 -9.138230e-02 -1.563930e-01 -3.414761e-01 2.320502e-01 -1.855008e-01 -4.445245e-01 -2.817005e-01 3.361540e-01 -3.097231e-01 3.993324e-01 -1.060053e-01 5.679775e-01 2.934213e-02 3.259256e-02 
-1.655961e+01 1.909888e+00 1.111416e+00 2.312510e+00 1.241448e+00 2.342540e+00 3.071932e+00 1.621365e+00 -1.661748e+00 1.304475e-01 -1.596831e+00 8.139666e-02 8.261181e+00 -6.056365e-01 -6.678929e-01 1.659873e-01 -3.994382e-01 -1.084791e+00 -1.264852e+00 4.096055e-01 -6.807600e-01 5.096318e-01 3.593278e-01 1.190130e+00 -6.003121e-01 -1.021978e-02 -1.563363e-01 -5.879321e-01 -1.643014e-01 1.362084e-01 -3.138437e-01 -1.535641e-01 -1.755991e-01 -3.405327e-01 4.805911e-01 2.716848e-02 3.151722e-01 9.164453e-02 1.515595e-01 
-1.566191e+01 5.953006e-01 -7.860491e-01 3.137194e+00 -1.431364e+00 5.723765e-01 -8.075359e-01 1.393270e+00 4.560727e+00 6.159195e+00 -7.130453e-01 1.087728e+00 8.043682e+00 -8.035939e-01 -1.432019e+00 7.065993e-01 7.806020e-01 -1.057246e+00 -3.396620e-01 5.528092e-01 -7.155368e-01 1.092060e+00 -9.052056e-01 7.061594e-01 1.935455e-01 3.069229e-01 -2.729189e-01 -6.097463e-01 -4.391576e-01 2.843303e-01 1.062086e-01 2.353668e-01 -1.885320e-01 -1.889172e-01 -8.695842e-04 -2.534414e-01 -1.590850e-01 4.941270e-02 2.460786e-01 
-1.592747e+01 1.189763e+00 1.229178e+00 2.153554e+00 -2.774372e+00 -3.422385e+00 -8.013502e-01 -7.490736e-01 1.479253e+00 7.911009e-01 1.056622e+00 -3.225347e-01 8.545350e+00 -1.303379e+00 -2.563269e+00 -1.340510e+00 1.278756e+00 -3.279032e-01 -2.385999e-01 -7.934598e-01 -6.415968e-01 9.469759e-01 6.294215e-03 2.035741e-01 2.069569e-01 5.995927e-01 -1.986322e-01 -4.743886e-01 -7.418151e-01 1.409322e-01 4.463271e-01 6.737226e-01 8.461350e-02 1.118814e-01 -3.270973e-01 -5.481826e-02 -6.106266e-01 6.190454e-02 2.284290e-01 
-1.938738e+01 -5.627728e+00 8.859280e-01 6.938767e+00 -4.011364e+00 1.797136e+00 6.079594e-01 -5.044428e-01 4.610601e+00 1.097122e+00 2.499911e+00 2.956129e+00 9.625848e+00 -1.739897e+00 -2.656965e+00 -1.796787e+00 7.975146e-01 9.538459e-02 5.203346e-01 1.621556e-01 -5.419657e-01 -3.066604e-01 -6.989097e-01 -2.016379e-01 -1.328082e-02 8.341541e-01 1.626097e-01 1.097700e-01 -7.011725e-01 -6.497393e-01 3.265206e-01 2.988304e-01 1.315831e-01 6.763607e-02 -6.506248e-01 5.678696e-02 -4.137366e-01 -6.625443e-02 1.186777e-01 
-2.121418e+01 -7.795296e+00 -6.426795e+00 6.805386e+00 8.922140e-01 5.373238e-01 -1.602914e+00 -6.377010e-01 3.047877e+00 2.693130e+00 -2.185672e+00 1.823795e-01 1.046808e+01 -1.130533e+00 -2.427216e+00 -2.291263e+00 2.966702e-01 5.704356e-01 1.673823e+00 1.027999e+00 -2.081390e-01 -4.262401e-01 -1.787434e-02 -1.409001e+00 -1.874674e-01 8.682625e-01 5.501803e-01 7.186707e-01 1.014318e-01 -8.321226e-01 -1.717561e-02 -3.962424e-02 9.789733e-02 -2.577712e-02 -6.867956e-01 -2.579039e-01 -9.301537e-02 -9.374693e-02 1.099857e-02 
-2.171807e+01 -8.196822e+00 -5.942173e+00 4.799153e+00 -2.787579e+00 1.194145e+00 4.038312e-01 -1.371593e+00 2.242918e+00 1.713732e+00 -1.003676e-01 7.690417e-01 1.125304e+01 -7.698920e-02 -9.511545e-01 -2.323960e+00 -1.976925e+00 1.262563e-01 1.983661e-01 2.999699e-01 -5.941311e-01 -1.474445e+00 -6.091408e-01 -5.563018e-01 5.959314e-02 7.659374e-01 1.305051e+00 9.698564e-01 3.266090e-01 -1.013800e+00 -2.474205e-01 -7.206346e-01 -5.609303e-01 2.918204e-02 -4.420149e-01 -3.180158e-01 3.711276e-02 -5.407876e-01 1.658464e-01 
-2.041484e+01 -9.661612e+00 -6.813431e+00 4.707084e+00 -5.344348e-01 5.248162e+00 4.441034e+00 -1.356030e+00 5.316436e-01 3.934039e-01 -4.688509e+00 -1.664703e-01 1.207320e+01 6.158617e-01 1.771647e-01 -5.697487e-01 -1.494531e+00 -4.291676e-01 -2.758014e-01 -3.729336e-01 -7.443609e-01 -1.903287e+00 -1.328047e+00 -8.424388e-02 -2.983133e-01 6.887355e-01 1.763851e+00 5.706041e-01 3.967390e-01 -1.147153e+00 -4.163735e-01 -9.569798e-01 -9.442062e-01 2.340193e-01 -3.841793e-01 -4.427897e-01 3.543063e-01 -1.248066e+00 3.969457e-01 
-2.017197e+01 -9.450060e+00 -1.054048e+01 -1.896684e+00 -2.666888e+00 4.334175e-01 -9.137239e-01 -3.115622e+00 -1.503545e+00 -7.987084e-01 9.699194e-01 3.427819e+00 1.265290e+01 3.911999e+00 8.901407e-01 -1.024544e+00 -3.375805e+00 -6.418095e-01 -2.108005e+00 -1.942169e+00 -1.279328e-01 -1.778411e+00 -1.633931e+00 -6.785769e-01 -2.661789e+00 1.753188e+00 1.582437e+00 -3.014190e-01 3.286411e-01 -7.148412e-01 -2.509512e-01 -1.255918e-01 -4.531559e-01 5.751251e-01 -1.576096e-01 -1.557486e-01 2.596526e-01 -1.647230e+00 4.997353e-01 
-1.890770e+01 -6.283118e+00 -6.976349e+00 2.680785e+00 -1.313974e+00 -4.612621e-01 -2.808611e+00 -3.487188e+00 -4.594672e+00 -2.690624e+00 -3.142015e+00 -2.638582e+00 1.321162e+01 5.694268e+00 -4.948726e-01 -9.572455e-01 -4.739577e+00 -1.127506e+00 -1.957745e+00 -2.571958e+00 7.288005e-01 -2.195268e+00 -1.719384e+00 4.235534e-01 -5.067276e+00 2.359336e+00 6.525511e-01 -1.027628e+00 -1.045482e-01 -4.124075e-01 -1.766665e-01 6.268216e-01 -4.463318e-03 5.806847e-01 -2.278789e-01 2.211979e-01 2.321236e-01 -9.345158e-01 2.886304e-01 
-2.911388e+00 -5.435639e+00 -1.098319e+01 -1.106618e+01 -5.607127e+00 -6.490751e+00 -5.682386e+00 -9.455565e-01 -4.085741e+00 -4.914334e+00 -4.266262e+00 -1.130343e+01 1.944979e+01 5.296070e+00 -2.122114e+00 -4.868951e-01 -3.928668e+00 -7.792682e-01 4.112749e-01 -8.661395e-01 1.545117e+00 -2.116384e+00 -1.192207e+00 4.881656e-01 -5.792137e+00 2.429326e+00 -1.072011e+00 -1.056488e+00 1.006103e-01 9.305720e-01 5.866258e-02 1.423086e+00 4.035757e-01 2.523197e-01 -2.149428e-01 6.126693e-01 2.403988e-01 5.855688e-01 -3.092032e-01 
-5.738878e-01 -1.414314e+01 -1.137839e+01 -1.440584e+01 -4.701761e+00 -1.078023e+00 -6.034972e+00 1.203110e+00 -9.154139e+00 -6.145923e+00 4.736660e-02 -1.813661e+01 2.047148e+01 3.186536e+00 -3.454938e+00 -1.361355e+00 -3.280223e+00 -1.243807e+00 1.598693e+00 -9.331219e-01 1.322671e+00 -2.873723e+00 -4.428741e-01 4.930467e-01 -3.405717e+00 1.793858e+00 -1.839905e+00 -2.103010e-01 1.068364e-01 1.682204e+00 2.691830e-01 9.595976e-01 3.852791e-01 -3.676358e-01 2.511955e-01 6.967998e-01 -1.315230e-01 1.665982e+00 -6.168813e-01 
-2.858048e+00 -1.613046e+01 -1.077394e+01 -1.299687e+01 -4.869408e+00 2.798643e+00 -3.631310e+00 2.264311e+00 -9.805720e+00 -5.032110e+00 1.815724e+00 -1.778382e+01 2.116966e+01 -1.942309e-01 -2.912335e+00 -3.194948e-01 5.475408e-01 -2.902451e-01 3.229257e+00 -7.438774e-01 8.368908e-01 -2.513729e+00 7.912328e-01 4.886620e-01 -5.647638e-01 4.899376e-01 -1.564840e+00 6.167422e-01 1.234394e-01 1.569158e+00 4.911897e-01 1.490076e-02 1.577497e-01 -7.917305e-01 8.082631e-01 5.128765e-01 -5.816728e-02 1.687360e+00 -6.172811e-01 
-3.001423e+00 -1.821045e+01 -1.388768e+01 -1.275529e+01 -7.901724e+00 2.887527e+00 -8.499975e+00 1.521178e+00 -1.610381e+01 -4.845822e+00 -3.718021e+00 -1.642733e+01 2.132093e+01 -7.600563e-01 -1.151310e+00 -5.068942e-01 1.433276e+00 -2.610605e-02 1.431226e+00 -7.069216e-01 -7.553266e-01 -7.406596e-01 7.728906e-01 -2.343990e-01 6.488866e-01 2.446175e-01 -8.287105e-01 9.516779e-01 2.632671e-01 8.975595e-01 6.665921e-01 -7.061753e-01 3.694889e-01 -9.401608e-01 1.220899e+00 8.570544e-02 1.306784e-01 7.558028e-01 -3.769298e-01 
-2.668900e+00 -1.796378e+01 -1.132615e+01 -9.153982e+00 -5.458556e+00 7.672644e+00 -8.169040e+00 3.079910e+00 -1.317947e+01 -1.608457e+00 5.967779e-02 -1.498166e+01 2.147482e+01 -5.547612e-01 -1.903380e-01 -2.968502e-01 1.560248e+00 1.067842e+00 5.696539e-01 -1.904643e-01 -1.374731e+00 8.584757e-01 7.643669e-01 5.609681e-01 6.173779e-01 1.175240e-01 -1.020368e-01 6.715353e-01 -1.504805e-02 -1.944055e-01 3.332995e-01 -1.122448e+00 3.153009e-01 -7.813062e-01 8.103354e-01 -3.256720e-01 5.382797e-02 -9.578535e-02 -9.868000e-02 
-4.469218e+00 -1.898304e+01 -1.363710e+01 -9.161064e+00 -4.537416e+00 3.640743e+00 -7.300979e+00 -2.981391e+00 -1.117002e+01 -3.993335e+00 -2.465301e-01 -1.629312e+01 2.154192e+01 -7.766887e-01 -5.759451e-02 -5.622550e-02 7.012920e-01 1.410225e+00 -6.023747e-01 6.376535e-01 -2.272194e+00 1.544735e+00 -9.347724e-04 1.110296e+00 -2.176834e-01 9.535652e-02 9.381516e-02 2.674890e-01 1.880635e-02 -3.874852e-01 -2.770589e-03 -4.909672e-01 1.325857e-01 -9.596732e-02 1.053821e-01 -2.649038e-01 2.824413e-02 -3.039130e-01 -4.244111e-02 
-4.898207e+00 -1.669573e+01 -1.238364e+01 -6.993121e+00 -1.212359e+00 5.270279e+00 -5.183406e+00 -2.357898e+00 -7.980218e+00 -1.636841e+00 2.885225e+00 -1.476395e+01 2.164685e+01 -6.959729e-01 -1.014641e-01 -6.201169e-01 -5.836689e-02 6.581271e-01 -1.366278e+00 1.604618e-01 -2.311201e+00 3.952087e-01 -4.503188e-01 8.551828e-02 -6.103302e-01 7.117919e-02 1.316946e-01 4.345855e-02 -6.572155e-02 -3.169535e-01 -4.425003e-01 -8.273948e-02 -1.654232e-01 3.055415e-01 -3.897682e-01 -2.359853e-01 -2.646513e-01 -2.180381e-01 -2.210131e-02 
-5.770562e+00 -1.913239e+01 -1.364006e+01 -1.032884e+01 -2.973934e+00 1.076886e+00 -6.804576e+00 -7.121148e+00 -1.098018e+01 -4.836035e+00 4.208931e-01 -1.762470e+01 2.171177e+01 -2.203208e-01 1.418043e-01 -2.513495e-01 3.049984e-01 1.648458e-01 -5.574312e-02 -2.194130e-01 -7.670756e-01 1.779381e-02 5.571028e-02 1.446703e-01 -2.569481e-01 5.551417e-02 2.286863e-01 1.470602e-01 7.051754e-02 1.100373e-01 -3.493855e-01 4.686098e-01 -1.579542e-01 7.854640e-01 -1.948479e-01 7.223057e-02 -1.129615e-01 1.745925e-01 -2.066535e-02 
-5.498188e+00 -1.839662e+01 -1.442513e+01 -8.862038e+00 -2.950090e+00 2.123461e+00 -7.614903e+00 -6.406222e+00 -1.129873e+01 -3.438712e+00 1.537143e-01 -1.736765e+01 2.174587e+01 -1.745003e-01 -7.272197e-02 -5.279515e-01 1.736692e-01 -5.219156e-01 -1.173013e-01 -5.891250e-01 -5.996139e-01 -3.270084e-01 -4.438451e-01 -2.794042e-01 -4.532715e-01 2.696246e-02 1.674224e-01 1.252781e-01 2.107344e-01 1.735646e-01 -1.115614e-01 4.620899e-01 -1.047864e-02 7.024751e-01 1.575660e-01 1.981855e-02 1.187766e-01 2.310409e-01 -1.970198e-02 
-5.270831e+00 -1.742347e+01 -1.387322e+01 -6.701570e+00 -2.844072e+00 4.935609e+00 -7.181904e+00 -4.792048e+00 -9.422279e+00 -2.813620e+00 1.842704e+00 -1.627607e+01 2.177013e+01 1.061295e-01 6.632288e-01 2.502165e-01 1.135511e+00 2.532027e-01 1.116164e+00 2.226707e-01 7.991375e-01 9.316452e-01 3.571698e-01 7.280002e-01 5.768205e-01 1.419400e-02 6.142796e-02 1.098344e-01 2.026059e-01 7.539584e-02 1.553080e-01 9.177207e-02 1.595543e-01 4.714034e-01 2.831589e-01 -5.626200e-02 1.144907e-01 1.725540e-01 -1.644834e-02 
-6.020995e+00 -1.791343e+01 -1.490680e+01 -7.938596e+00 -3.886637e+00 2.754410e+00 -7.939653e+00 -6.520513e+00 -1.039456e+01 -4.867354e+00 7.771316e-01 -1.770470e+01 2.175265e+01 -2.203727e-02 2.642421e-01 1.827062e-01 3.941740e-01 5.599660e-02 3.581991e-01 -1.130111e-01 4.180017e-01 7.260739e-01 -5.017849e-01 3.876486e-01 1.277812e-01 -6.672987e-03 -1.189621e-02 8.692618e-02 1.325191e-01 -1.814346e-03 1.760211e-01 -1.249083e-01 1.480751e-01 3.967540e-01 1.934227e-01 -8.469924e-02 -3.914424e-02 1.059657e-01 -1.475790e-02 
-4.979163e+00 -1.605769e+01 -1.214812e+01 -5.112794e+00 -1.239505e+00 6.342309e+00 -5.529290e+00 -3.067960e+00 -6.774120e+00 -2.335992e+00 3.749365e+00 -1.457161e+01 2.177931e+01 1.057515e-02 5.224490e-01 4.064004e-01 5.717567e-01 6.524052e-01 1.652846e-01 3.403133e-01 1.081269e+00 9.068372e-01 -1.965490e-01 3.835948e-01 3.152176e-01 -9.924217e-03 -1.044149e-01 -6.120481e-02 -1.049806e-01 -2.279609e-01 -1.327924e-01 -5.054791e-01 9.829718e-05 1.360889e-01 -1.656476e-01 -3.161784e-01 -4.020985e-01 -9.933951e-02 -1.630292e-02 
-5.754295e+00 -1.775857e+01 -1.437378e+01 -7.685211e+00 -3.472473e+00 3.210930e+00 -9.006171e+00 -5.178205e+00 -8.992181e+00 -6.186378e+00 1.138871e+00 -1.758054e+01 2.170783e+01 -1.862408e-01 4.323460e-01 5.667977e-02 4.464494e-01 1.587247e-01 -2.663496e-01 9.255551e-02 1.242934e+00 6.523470e-01 -5.905828e-01 -3.028995e-01 2.072801e-01 -3.481090e-02 -7.565144e-02 3.335578e-02 -5.292346e-02 -1.472757e-01 -2.651679e-01 -4.063666e-01 1.624116e-01 2.783225e-01 -2.146916e-01 -2.106106e-01 -3.850207e-01 5.840265e-02 -1.635746e-02 
-5.351408e+00 -1.488908e+01 -1.210798e+01 -3.969017e+00 2.106214e-01 5.534009e+00 -4.947319e+00 -5.700669e-02 -5.588938e+00 -3.136606e+00 3.579628e+00 -1.476221e+01 2.174259e+01 -3.341381e-01 2.732241e-01 -2.116687e-01 -3.043542e-02 -4.620352e-01 -1.098839e+00 1.202724e-01 1.067327e+00 1.403003e-01 -1.179368e+00 -9.371911e-01 4.052634e-02 -5.325424e-02 -2.820306e-02 -4.235061e-02 1.554877e-03 -3.192883e-01 -5.859385e-01 -4.366525e-01 2.212615e-01 1.231743e-01 -3.753250e-01 -3.485968e-01 -3.955377e-01 3.754807e-02 -1.852049e-02 
-6.765862e+00 -1.633609e+01 -1.464354e+01 -6.278605e+00 -3.818405e+00 1.826764e+00 -7.768000e+00 -1.811248e+00 -7.725484e+00 -7.419923e+00 -6.525372e-01 -1.657290e+01 2.159701e+01 -2.281478e-01 5.555403e-01 2.270429e-01 -4.106988e-02 -7.126014e-01 -1.041522e+00 8.091900e-01 1.816440e+00 3.605133e-02 -1.063380e+00 -8.769636e-01 5.572690e-01 -6.673207e-02 1.029878e-01 6.485453e-02 2.367630e-01 -2.225855e-01 -4.510209e-01 -2.820686e-01 4.543049e-01 2.241741e-01 -2.666243e-01 -1.011053e-01 -7.916845e-02 1.195029e-01 -1.484878e-02 
-6.143563e+00 -1.540315e+01 -1.307161e+01 -5.968561e+00 -3.376727e+00 1.539665e+00 -5.547332e+00 5.849669e-01 -6.706013e+00 -7.616325e+00 -4.090719e-02 -1.487237e+01 2.156859e+01 -1.094386e-01 2.490201e-01 3.289434e-01 -7.808692e-01 -1.841679e+00 -1.630445e+00 1.088206e+00 1.410239e+00 -6.616367e-01 -1.703092e+00 -1.307160e+00 3.278210e-01 -8.653501e-02 1.256362e-01 1.048473e-01 2.482639e-01 -1.608500e-01 -3.501387e-01 -3.022065e-01 2.589574e-01 1.550263e-01 -1.783324e-01 9.274913e-02 5.659736e-02 -2.407486e-02 -1.748442e-02 
-6.498785e+00 -1.472364e+01 -1.275670e+01 -6.890822e+00 -5.241385e+00 2.656993e-04 -4.660714e+00 3.583275e+00 -8.253185e+00 -9.263554e+00 -1.436000e+00 -1.473904e+01 2.146104e+01 2.165226e-01 7.687429e-01 9.701861e-01 -2.911718e-01 -1.406549e+00 -1.410992e+00 1.880138e+00 2.192250e+00 -2.799013e-01 -8.342105e-01 -5.136958e-01 6.611668e-01 -9.238723e-02 1.006097e-01 1.619891e-01 1.467440e-01 -6.159523e-02 -2.150328e-01 -4.595771e-01 -1.164986e-01 -9.805217e-02 2.814239e-02 2.327916e-01 1.354919e-01 -2.369588e-01 -2.673639e-02 
-6.032343e+00 -1.444989e+01 -1.140672e+01 -7.567567e+00 -8.286541e+00 -1.704800e+00 -1.059603e+00 4.297228e+00 -8.632873e+00 -1.073037e+01 -2.564176e+00 -1.404002e+01 2.137798e+01 7.188650e-02 6.908364e-01 6.580300e-01 -7.097594e-01 -1.865764e+00 -2.425126e+00 8.794061e-01 1.654461e+00 -5.934845e-01 -8.303262e-01 -8.357641e-01 -1.318828e-01 -1.278552e-01 2.105720e-02 3.569338e-01 1.499435e-01 5.210248e-02 -9.503803e-02 -5.200437e-01 -5.765702e-01 -3.205528e-01 2.473021e-01 2.622351e-01 1.663507e-01 -4.314448e-01 -4.585834e-02 
-5.738785e+00 -1.296902e+01 -1.062519e+01 -6.934890e+00 -8.396227e+00 -3.606411e+00 -6.116553e-01 7.293591e+00 -8.161481e+00 -1.003383e+01 -1.959356e+00 -1.368374e+01 2.123021e+01 1.843994e-01 1.144660e+00 7.963310e-01 -3.845756e-01 -1.775678e+00 -2.941948e+00 3.310744e-01 1.204241e+00 1.425303e-01 -3.358419e-01 -4.351849e-01 -3.976869e-01 -1.797566e-01 1.658414e-02 4.426465e-01 2.932734e-01 4.352356e-02 -1.173988e-01 -4.889691e-01 -8.851058e-01 -7.100157e-01 2.656387e-01 2.778098e-02 -6.801778e-03 -5.155948e-01 -7.621352e-02 
-6.163613e+00 -1.282644e+01 -1.084713e+01 -9.495109e+00 -1.112810e+01 -8.782534e+00 -3.174599e+00 7.002271e+00 -9.719379e+00 -1.138254e+01 -3.958220e+00 -1.605924e+01 2.104463e+01 1.187965e-02 1.845629e+00 1.165522e+00 -4.736232e-01 -2.132299e+00 -3.465071e+00 -1.020122e+00 3.014521e-01 3.637110e-01 -6.409699e-01 -5.146886e-01 -1.299967e+00 -2.720916e-01 1.513421e-01 5.360488e-01 7.389582e-01 3.330889e-01 1.486233e-01 -1.959143e-02 -6.708101e-01 -8.189495e-01 2.667062e-01 3.254968e-02 -4.929865e-02 -6.897232e-02 -1.046056e-01 
-5.511049e+00 -9.812238e+00 -9.055032e+00 -7.849675e+00 -1.269892e+01 -1.117071e+01 -1.947252e+00 8.252174e+00 -6.997750e+00 -1.061683e+01 -2.915175e+00 -1.571783e+01 2.072920e+01 3.295246e-01 2.404588e+00 2.182833e+00 -1.917460e-01 -1.860309e+00 -3.335896e+00 -1.595555e+00 -6.813866e-01 5.697004e-01 -7.898655e-01 -7.082770e-01 -1.332768e+00 -4.013723e-01 -3.312908e-02 3.645592e-01 8.276801e-01 7.506864e-01 6.851397e-01 7.636862e-01 -5.084968e-01 -1.241654e+00 -1.237623e-01 1.167677e-01 -9.093834e-02 5.984265e-01 -1.418862e-01 
-6.086818e+00 -6.800153e+00 -6.364521e+00 -9.478190e+00 -1.679654e+01 -1.524768e+01 -5.492176e+00 5.324872e+00 -7.396207e+00 -1.364377e+01 -4.659696e+00 -1.952282e+01 2.026797e+01 7.559320e-01 2.741080e+00 3.659490e+00 8.591432e-01 -1.080267e+00 -2.326124e+00 -1.511326e+00 -1.497390e+00 5.266349e-01 -4.406083e-01 -9.457123e-01 -9.079658e-03 -5.400520e-01 -5.107270e-01 -4.116015e-02 3.245769e-01 1.114693e+00 1.221515e+00 1.715587e+00 2.015112e-01 -1.082916e+00 -2.344725e-01 5.081515e-01 5.485001e-02 1.230754e+00 -2.011969e-01 
-4.129885e+00 -3.959425e+00 -1.952744e+00 -7.902398e+00 -1.486329e+01 -1.705289e+01 -7.430879e+00 4.725210e+00 -6.474339e+00 -1.285261e+01 -5.150047e+00 -1.861573e+01 1.961198e+01 -3.533795e-01 2.519746e+00 3.687743e+00 2.702620e+00 1.123996e+00 3.070623e-01 -1.965729e+00 -4.104560e+00 -5.576664e-01 1.476371e-01 -6.744404e-01 1.948984e+00 -7.551652e-01 -1.220245e+00 -5.597152e-01 -7.171701e-01 8.315887e-01 1.310628e+00 2.111405e+00 8.196853e-01 -4.166299e-01 1.673622e-01 8.542984e-01 4.030672e-01 1.548172e+00 -2.647611e-01 
-3.074435e+00 -2.047414e+00 3.899029e+00 -5.172993e+00 -1.544767e+01 -1.747186e+01 -7.989654e+00 1.278979e+00 -7.347942e+00 -1.246764e+01 -7.569325e+00 -1.465598e+01 1.890287e+01 -2.200547e+00 1.582222e+00 2.035961e+00 3.652674e+00 2.483148e+00 3.291300e+00 1.724724e-01 -3.401503e+00 -2.449193e-01 1.430944e+00 -2.573152e-01 3.212887e+00 -1.101214e+00 -1.479569e+00 -9.074883e-01 -1.647280e+00 4.710716e-02 1.112253e+00 1.771005e+00 1.144412e+00 5.967265e-01 7.317770e-01 1.012584e+00 7.823741e-01 1.165002e+00 -2.333880e-01 
-8.784458e+00 4.099805e-01 4.252018e+00 3.510584e+00 -7.753520e+00 -8.523394e+00 -1.052734e+01 -1.024785e+01 -9.810011e+00 -1.046643e+01 -4.832576e+00 -8.406844e+00 1.763591e+01 -4.293449e+00 1.853903e-01 -5.912293e-01 2.569625e+00 2.910960e+00 4.412434e+00 1.660867e+00 -1.812419e+00 1.792257e+00 2.545935e+00 9.627882e-01 4.797047e+00 -1.444603e+00 -7.097498e-01 -8.795931e-01 -1.629985e+00 -8.358147e-01 2.376897e-01 3.642393e-01 9.580376e-01 1.658440e+00 1.062400e+00 6.836749e-01 6.738406e-01 1.538947e-01 -6.234466e-02 
-1.476194e+01 -1.073849e+00 7.129751e-01 3.078569e+00 -7.935473e+00 -3.056000e+00 -3.081813e+00 -4.195791e+00 -6.953238e+00 -7.682227e+00 -6.105081e+00 -8.562908e+00 1.574991e+01 -4.671916e+00 -6.292233e-01 -2.437394e+00 1.161136e+00 3.587476e+00 4.476173e+00 2.397520e+00 3.399886e-01 3.010354e+00 3.423124e+00 2.147566e+00 4.391797e+00 -1.362258e+00 5.023355e-01 -4.379028e-01 -7.657682e-01 -8.223491e-01 -3.913766e-01 -9.262207e-01 -8.025631e-02 1.116898e+00 3.630360e-01 -1.234614e-01 3.443497e-01 -7.399775e-01 1.880948e-01 
-1.975282e+01 -3.519396e+00 -3.315708e+00 8.197374e-01 -4.064189e+00 -2.198877e+00 -1.580234e+00 -1.599202e+00 2.289575e+00 -2.515429e+00 -1.067974e+00 2.323128e+00 1.396533e+01 -2.666415e+00 -7.725559e-01 -2.225552e+00 -2.308244e-01 1.760192e+00 1.535681e+00 1.711835e+00 2.316945e+00 3.126589e+00 2.569995e+00 1.492261e+00 2.128987e+00 -9.362882e-01 1.356859e+00 1.262111e-01 2.651263e-01 -1.758902e-01 -8.549263e-01 -1.334343e+00 -6.873021e-01 2.577056e-01 -7.289320e-01 -1.010047e+00 -3.784928e-01 -1.635627e+00 3.696260e-01 
-2.094975e+01 -3.228723e+00 -4.503948e+00 1.978072e+00 6.453293e-01 1.746644e+00 -4.760853e-01 -1.345331e+00 1.654081e+00 6.726726e-01 1.286343e+00 1.938432e+00 1.392707e+01 -5.024182e-01 -1.283154e-01 -9.757633e-01 9.410157e-01 1.101774e+00 9.851582e-02 -2.542131e-01 1.184818e-01 9.029349e-01 8.016986e-01 1.199727e+00 8.469874e-01 -4.148501e-01 1.217175e+00 2.558419e-01 6.727194e-01 2.048396e-01 -1.148535e+00 -1.013450e+00 -8.442016e-01 -4.167458e-01 -1.309800e+00 -1.372294e+00 -8.107806e-01 -1.356155e+00 3.428153e-01 
-1.902270e+01 -2.375320e+00 -4.267244e+00 2.906629e+00 -3.242830e+00 -3.246286e+00 -3.270993e+00 -8.813268e-02 1.518402e+00 -1.793767e+00 -1.067188e+00 -3.012787e+00 1.386587e+01 4.060008e-01 5.660349e-01 3.560324e-03 1.800228e+00 -1.207171e-01 -7.052677e-02 -4.497708e-01 -4.130406e-01 -7.984983e-01 -1.193394e+00 -4.557020e-01 -1.608752e+00 -7.016063e-02 4.401091e-01 1.405114e-02 4.144229e-01 1.356111e-01 -7.068277e-01 -2.287529e-01 -5.368690e-01 -6.883563e-01 -1.159967e+00 -8.137863e-01 -5.142257e-01 -3.258129e-01 2.042539e-01 
-1.763889e+01 -2.287314e+00 -3.689947e+00 6.740072e+00 -2.837469e+00 -2.039887e+00 -3.508111e+00 -4.359689e+00 -2.053234e+00 -4.034768e+00 -1.071780e-01 -1.659792e+00 1.372553e+01 -1.223205e-01 -1.930314e-02 -1.882834e-01 1.169849e+00 -1.214798e+00 2.119379e-01 -7.426456e-01 -3.785770e-01 -1.576185e+00 -1.556570e+00 -9.323928e-01 -5.201669e-01 -8.127394e-02 -1.927436e-01 -4.108763e-01 -5.681477e-02 -5.083501e-01 -1.233302e-01 1.205331e-01 1.934731e-02 -2.741647e-01 -3.524043e-01 9.148039e-02 -3.316770e-01 1.301131e-01 7.458088e-02 
-1.937830e+01 -1.159739e+00 -3.705000e+00 7.440031e+00 -2.926612e+00 -6.582251e-01 -2.312724e+00 -2.157038e+00 1.508837e-01 -6.128958e+00 -2.649568e+00 -3.921196e+00 1.371548e+01 -6.558596e-01 -7.567667e-01 -5.471042e-01 3.329298e-01 -6.155952e-01 3.354178e-01 -7.281712e-01 -8.761058e-01 -1.433748e+00 -3.197655e-01 -1.284781e-02 1.183565e+00 -8.186506e-02 -2.295473e-01 -6.921450e-01 -3.811771e-01 -8.231093e-01 5.831748e-01 1.104378e-01 3.308906e-01 -2.825620e-01 2.211788e-01 8.322048e-01 4.551982e-02 3.213585e-01 2.228634e-02 
-2.138328e+01 -3.932770e+00 -5.726130e+00 5.560884e+00 -5.586584e+00 1.512124e+00 -4.668447e+00 -2.203727e+00 -5.542818e+00 -4.942718e+00 -2.584345e+00 -2.080000e-01 1.359591e+01 -9.350220e-01 -1.521176e+00 -9.845459e-01 -8.669699e-01 7.325119e-01 4.982803e-01 -1.846587e-02 -1.020853e+00 -5.413600e-01 8.221987e-01 -6.801487e-01 1.012816e-01 -3.611140e-02 1.025348e-01 -4.213008e-01 -1.765807e-01 -6.449068e-01 8.082414e-01 -8.654882e-03 7.489051e-01 -9.735722e-02 7.202852e-01 8.769169e-01 9.072014e-02 -8.376391e-02 2.930257e-02 
-2.042959e+01 -5.336209e+00 -5.984674e+00 5.160739e+00 -4.945711e+00 -3.345602e+00 -6.331370e+00 -5.546854e+00 -3.905550e+00 -2.938573e+00 1.073509e-01 2.179304e+00 1.352158e+01 -3.352796e-01 -2.143765e+00 -1.504207e+00 -1.296961e+00 1.821403e+00 3.385684e-01 8.426043e-01 -1.504596e+00 -2.100767e-01 1.778151e+00 -3.541922e-01 -3.125326e-01 1.868661e-02 7.529401e-01 3.024304e-01 3.979929e-01 -4.797899e-01 8.045841e-02 -1.445205e-01 6.442887e-01 5.173861e-01 6.697969e-01 1.710609e-01 -2.062305e-01 -3.801185e-01 1.955836e-01 
-2.178844e+01 -7.804604e+00 -7.472482e+00 3.545208e+00 1.834631e+00 1.795467e+00 -1.591058e+00 -7.768957e+00 -2.731630e+00 -1.518739e+00 -4.886536e+00 -4.203161e+00 1.364181e+01 2.302198e-01 -1.432397e+00 -5.924991e-01 -1.239688e+00 1.607830e+00 1.672234e-01 2.216590e+00 -5.512083e-01 1.413448e+00 1.779122e+00 -3.081115e-01 -1.910222e-01 1.502158e-02 1.620373e+00 7.022940e-01 4.577461e-01 -5.916958e-01 -1.126927e+00 -4.670960e-01 -2.209646e-01 8.425080e-01 -1.543837e-02 -8.318548e-01 1.460749e-01 -6.392066e-01 4.312089e-01 
-2.085215e+01 -9.942554e+00 -1.035306e+01 1.962728e+00 2.470002e+00 8.928588e-01 3.610467e-01 -6.897916e+00 -2.305286e+00 1.049816e+00 -3.269580e+00 -3.486663e+00 1.378586e+01 2.526134e+00 7.109749e-01 1.246894e+00 -1.879550e+00 -6.509911e-01 -2.217563e-01 1.375846e+00 1.475877e+00 9.377775e-01 5.700502e-02 -1.229890e+00 -5.707424e-01 8.705088e-01 1.820472e+00 4.337985e-01 6.710184e-02 -8.306022e-01 -1.482298e+00 -4.021077e-01 -9.962889e-01 6.955835e-01 -6.466058e-01 -1.510717e+00 2.489707e-01 -1.301431e+00 5.739146e-01 
-2.002065e+01 -8.791285e+00 -6.504713e+00 9.613817e-01 -1.255279e+00 2.289431e-01 3.067808e+00 -4.284306e+00 7.241687e-01 1.958745e+00 -2.436349e+00 1.669581e+00 1.353863e+01 5.736012e+00 5.629149e-01 -7.135714e-02 -3.534168e+00 -3.665902e+00 -1.557011e+00 -1.389834e+00 1.701300e+00 -1.192498e+00 -2.476377e+00 4.880829e-01 -2.965565e+00 1.694016e+00 1.186317e+00 -3.995509e-01 -7.663303e-01 -6.482189e-01 -8.151478e-01 1.468754e-01 -1.303020e+00 1.368417e-01 -1.159590e+00 -1.259113e+00 3.909017e-01 -1.543741e+00 4.753239e-01 
-8.682696e+00 -1.288363e+00 -2.341343e-01 -2.944851e+00 -6.655561e+00 -3.671092e+00 -1.781269e+00 8.986908e-02 -9.442033e-01 -4.392336e+00 -7.267309e+00 -3.610815e+00 1.792555e+01 6.014195e+00 -9.724275e-01 -1.429395e+00 -4.302924e+00 -2.953192e+00 -8.098306e-01 -2.335594e+00 8.470732e-01 -2.140077e+00 -3.647689e+00 4.925503e-01 -5.432615e+00 2.048695e+00 -3.947673e-01 -1.122253e+00 -1.092033e+00 1.648228e-01 5.560123e-01 8.433443e-01 -4.228788e-01 -3.757436e-01 -6.732944e-01 -7.030562e-02 6.246510e-01 -5.989609e-01 -9.032222e-03 
8.065201e-01 -9.317204e+00 -1.288863e+01 -1.167171e+01 -1.193222e+01 -3.707397e+00 -7.469024e+00 -2.756700e+00 -9.374550e+00 -1.117961e+01 -4.471762e-01 -1.896851e+01 2.004195e+01 4.417818e+00 -2.588418e+00 -3.086044e+00 -3.269076e+00 -1.316728e+00 1.195536e+00 -2.442766e+00 4.474523e-01 -2.845709e+00 -2.664223e+00 7.852494e-01 -5.478828e+00 1.802489e+00 -1.802761e+00 -6.731299e-01 -1.045482e-01 1.064251e+00 1.460139e+00 1.028424e+00 6.019308e-01 -3.491037e-01 2.006443e-01 1.022559e+00 1.192712e-01 1.006842e+00 -4.068851e-01 
-1.194674e+00 -1.454171e+01 -1.430796e+01 -1.323530e+01 -6.957839e+00 -1.188189e+00 -6.048374e+00 -3.426395e+00 -7.956622e+00 -1.061944e+01 -1.801406e+00 -2.033025e+01 2.077773e+01 1.211201e+00 -3.324653e+00 -2.705849e+00 -1.188054e+00 9.544685e-01 2.618765e+00 -2.121758e-01 2.240657e-01 -1.602108e+00 -2.006490e-01 1.744753e+00 -2.308891e+00 7.711394e-01 -1.890127e+00 1.589647e-01 6.572406e-01 1.303103e+00 1.086456e+00 3.637135e-01 7.925161e-01 -2.467720e-01 6.386498e-01 1.225120e+00 7.902339e-03 1.778043e+00 -5.353767e-01 
-1.675112e+00 -1.510655e+01 -1.489795e+01 -1.023874e+01 -7.687855e+00 4.965654e+00 -7.012828e+00 -2.894789e-01 -9.997709e+00 -8.248594e+00 -1.243212e+00 -1.736459e+01 2.112507e+01 -8.763196e-01 -1.626595e+00 4.408771e-02 2.296603e-01 1.680884e+00 1.870736e+00 5.580446e-01 2.671452e-01 -4.581559e-01 9.128308e-01 4.583001e-01 5.070167e-01 2.984106e-01 -1.255973e+00 6.813163e-01 9.640921e-01 8.469548e-01 4.982511e-01 -5.582690e-01 5.342084e-01 -3.939282e-01 8.540418e-01 7.631242e-01 -2.172751e-01 1.369262e+00 -4.142104e-01 
-1.385714e+00 -1.501685e+01 -1.275876e+01 -9.602129e+00 -4.005127e+00 5.086252e+00 -3.070473e+00 -2.344898e-02 -8.643062e+00 -6.861060e+00 1.854491e+00 -1.595739e+01 2.123983e+01 -7.892445e-01 -6.584382e-01 2.918021e-01 4.633621e-01 9.801505e-01 6.710794e-01 1.265856e-01 -2.966477e-01 -1.403915e-01 6.893796e-01 6.954873e-01 4.648435e-01 1.238491e-01 -4.421591e-01 6.752353e-01 4.700254e-01 2.445850e-01 -1.249779e-01 -9.510909e-01 -1.333916e-01 -4.978236e-01 5.394942e-01 1.339612e-01 -4.709376e-01 3.257490e-01 -1.699693e-01 
-3.479970e+00 -1.721277e+01 -1.344290e+01 -1.234019e+01 -5.004038e+00 2.508623e+00 -6.167964e+00 -3.121944e+00 -1.132232e+01 -8.494586e+00 1.619574e-02 -1.862010e+01 2.130300e+01 -8.618071e-01 -5.149165e-01 2.356140e-01 1.399721e-01 1.161655e+00 -6.220055e-01 5.898733e-02 -1.261941e+00 6.937400e-01 7.063192e-01 2.235121e-01 -1.925939e-02 5.504126e-02 9.692932e-02 3.640766e-01 -3.597465e-02 5.552318e-02 -8.534054e-02 -5.339246e-01 -1.131401e-01 -2.176419e-01 3.850776e-01 1.215364e-01 -1.711186e-01 -8.355484e-02 -6.087234e-02 
-4.239213e+00 -1.678078e+01 -1.357660e+01 -9.868105e+00 -3.398738e+00 3.395374e+00 -5.838060e+00 -3.493024e+00 -7.996842e+00 -7.049631e+00 1.046144e+00 -1.737858e+01 2.130781e+01 -1.006769e+00 -5.043272e-01 -4.513410e-01 7.975291e-02 5.891982e-01 -8.901712e-01 -6.296224e-01 -1.500367e+00 5.193877e-01 5.724210e-01 -4.925996e-01 -4.169153e-01 4.292304e-02 2.063777e-01 2.155917e-01 -3.372633e-02 3.662786e-02 7.350585e-03 -5.534553e-02 6.195581e-02 1.580378e-01 1.456346e-01 1.808608e-01 -8.787223e-02 -2.391806e-02 -1.928391e-02 
-4.557740e+00 -1.679939e+01 -1.331127e+01 -9.405794e+00 -2.182656e+00 2.700996e+00 -5.334441e+00 -4.864513e+00 -6.852417e+00 -4.622668e+00 2.783977e-01 -1.675039e+01 2.136618e+01 -2.829366e-01 1.167494e-01 2.358256e-01 6.991138e-01 1.449613e+00 -1.829928e-02 3.703399e-01 -2.191046e-01 1.137216e+00 1.579085e+00 1.966248e-01 5.301230e-01 3.452896e-02 2.534863e-01 1.980888e-01 -1.833404e-02 6.725131e-02 -1.837748e-01 2.873154e-01 5.579011e-02 4.349763e-01 -1.643916e-01 -3.368735e-03 9.606110e-02 1.157131e-02 -5.469576e-03 
-5.880268e+00 -1.774503e+01 -1.508153e+01 -1.067036e+01 -2.469160e+00 5.394103e-01 -6.635500e+00 -6.653771e+00 -8.281072e+00 -5.934840e+00 -7.400251e-01 -1.897725e+01 2.142279e+01 -4.682271e-02 1.037020e-01 1.230262e-01 3.668832e-01 8.728981e-01 9.233576e-02 2.807221e-01 -2.783177e-02 3.660803e-01 1.157322e+00 2.695100e-01 7.041921e-02 3.772108e-02 2.305548e-01 1.630830e-01 8.067819e-02 5.937826e-02 -2.729824e-01 3.457839e-01 7.774602e-02 4.355555e-01 -2.017555e-01 -1.417050e-01 1.835275e-01 5.291460e-02 -7.341783e-03 
-4.073897e+00 -1.614697e+01 -1.151120e+01 -8.443007e+00 1.779238e+00 3.845218e+00 -3.917399e+00 -2.637059e+00 -5.493480e+00 -1.156603e+00 1.892472e+00 -1.517051e+01 2.141820e+01 -7.438020e-02 1.715865e-01 -1.432059e-01 3.328017e-01 1.009734e-01 3.231789e-01 -1.171687e-01 1.765999e-01 -5.147325e-02 3.970911e-01 3.226227e-01 -2.050799e-01 3.027281e-02 -1.959667e-02 -1.081968e-02 -1.435478e-01 -9.042688e-02 -5.644251e-01 5.912017e-02 -1.858753e-01 5.611144e-02 -3.684174e-01 -4.419585e-01 -8.638863e-02 -1.748132e-01 -4.560738e-03 
-4.714733e+00 -1.658826e+01 -1.386171e+01 -8.515010e+00 -1.014998e+00 3.285209e+00 -5.143199e+00 -4.745845e+00 -6.845982e+00 -2.995993e+00 1.586788e+00 -1.781617e+01 2.147044e+01 4.188307e-02 2.836242e-01 1.414381e-01 5.599691e-01 -1.012892e-01 6.680500e-01 2.937697e-03 4.794095e-01 1.049003e-01 4.549230e-01 3.620023e-01 2.151976e-01 8.400896e-03 -1.233829e-01 -3.478962e-02 -8.712376e-02 -5.556828e-02 -3.491972e-01 -5.429394e-02 -1.238674e-01 -2.392391e-02 -1.588027e-01 -3.460156e-01 -1.367980e-01 -3.965047e-02 -1.034447e-03 
-5.512563e+00 -1.652015e+01 -1.463704e+01 -8.819545e+00 -2.404963e+00 2.944279e+00 -6.666429e+00 -4.935520e+00 -7.827377e+00 -4.106543e+00 7.284107e-01 -1.835649e+01 2.149383e+01 -4.252898e-01 -2.724505e-02 -4.910219e-01 1.506066e-01 -8.854561e-01 -1.066510e-02 -4.202062e-01 -1.921604e-01 -5.743908e-01 -2.795205e-01 -2.815551e-01 -4.162690e-01 2.637133e-02 -1.140971e-01 -6.989190e-02 -1.954467e-02 -4.579483e-02 -9.677982e-02 -1.452040e-01 -7.922126e-03 -4.239807e-02 -2.686733e-02 -1.973107e-01 -1.342924e-01 4.298384e-02 5.287547e-04 
-4.951547e+00 -1.614020e+01 -1.281130e+01 -7.682456e+00 -8.840353e-01 4.330114e+00 -5.246294e+00 -3.107354e+00 -6.589640e+00 -2.185265e+00 1.652011e+00 -1.630842e+01 2.142694e+01 -4.882318e-01 2.910473e-02 -1.387617e-01 1.802037e-01 -3.797995e-01 -1.211923e-02 -1.870767e-01 3.670911e-02 -1.665932e-01 -2.344203e-01 -1.123721e-01 -2.232947e-02 3.446985e-02 -7.434916e-02 -1.194405e-01 -7.523365e-02 -4.688077e-02 -7.112382e-02 -2.598274e-01 -5.258586e-02 -4.193476e-02 -4.608306e-02 -2.762350e-01 -1.337319e-01 -3.285574e-02 1.801128e-03 
-6.082279e+00 -1.650745e+01 -1.449154e+01 -8.106602e+00 -2.713844e+00 3.269769e+00 -5.966929e+00 -4.416591e+00 -8.493440e+00 -2.959779e+00 4.518020e-01 -1.800590e+01 2.157187e+01 -3.797955e-01 -5.069261e-02 -1.007739e-01 2.937233e-01 -2.436714e-01 -6.265023e-02 -6.173495e-02 1.859991e-01 -5.007955e-02 -2.447782e-01 -1.116275e-01 1.285891e-01 1.986887e-02 7.524348e-02 -8.301906e-02 7.704630e-02 4.960482e-02 -6.160005e-03 -1.752269e-01 7.499565e-04 1.761645e-01 5.338658e-02 -2.073731e-01 -1.890135e-02 4.962177e-02 -9.195812e-03 
-6.871029e+00 -1.644906e+01 -1.462819e+01 -7.970860e+00 -2.759699e+00 3.061956e+00 -6.428279e+00 -4.821229e+00 -7.345797e+00 -4.741096e+00 1.163231e+00 -1.810295e+01 2.160378e+01 -3.525642e-01 -3.019029e-01 -4.297546e-01 2.538761e-01 -7.778045e-01 -6.052830e-01 -4.391460e-01 8.072851e-02 -3.874952e-01 -9.436163e-01 -3.915862e-01 -2.213998e-01 2.063734e-02 1.699138e-01 -7.055277e-03 1.463116e-01 1.474478e-01 -7.583134e-02 -1.297456e-01 1.232619e-01 3.343820e-01 7.348146e-02 -1.156740e-01 2.959586e-02 4.575400e-02 -1.848414e-02 
-6.452254e+00 -1.661915e+01 -1.423241e+01 -7.207161e+00 -2.684863e+00 3.265178e+00 -6.383948e+00 -3.148207e+00 -7.700279e+00 -4.052059e+00 4.146065e-01 -1.681596e+01 2.150476e+01 -1.169394e-01 -2.768481e-01 3.974926e-02 3.618863e-01 -7.172588e-01 -5.902570e-01 -2.905529e-01 6.666093e-01 -1.968365e-01 -9.618506e-01 -2.363845e-01 -6.870381e-02 -1.264343e-02 1.791430e-01 7.672689e-02 2.529335e-01 1.066709e-01 -9.047174e-02 -1.089767e-01 2.514383e-01 4.268107e-01 1.492140e-01 -3.250597e-02 2.521100e-02 6.734032e-02 -1.781160e-02 
-6.529427e+00 -1.759398e+01 -1.508979e+01 -6.862494e+00 -4.787235e+00 1.305980e+00 -7.233452e+00 -3.337881e+00 -8.924073e+00 -6.357006e+00 -2.873928e-01 -1.801027e+01 2.156356e+01 2.298937e-01 1.069166e-01 5.225859e-01 8.833590e-01 -5.220487e-01 -3.969789e-01 5.435702e-01 1.468358e+00 2.742352e-01 -4.542031e-01 9.792779e-02 3.050378e-01 -4.166804e-02 1.654973e-01 1.803607e-01 3.102222e-01 5.027063e-03 -2.442519e-02 -6.549338e-02 4.430763e-01 4.670600e-01 2.831589e-01 9.419286e-02 -7.684741e-04 1.290155e-01 -1.559403e-02 
-6.837739e+00 -1.731897e+01 -1.406181e+01 -6.851477e+00 -5.286507e+00 1.196232e+00 -7.016952e+00 -1.825352e+00 -8.688645e+00 -6.960892e+00 -4.759462e-03 -1.839540e+01 2.152859e+01 2.245126e-01 1.284732e-01 6.876583e-01 5.124343e-01 -8.238458e-01 -7.116768e-01 7.041740e-01 1.626263e+00 3.652441e-01 -6.519752e-01 -2.303452e-01 2.022710e-01 -3.806213e-02 1.057056e-01 2.058428e-01 9.105501e-02 -1.547687e-01 -1.771372e-01 -2.334325e-01 4.199674e-01 2.233633e-01 2.099382e-01 -2.642477e-02 -1.641622e-01 6.002293e-02 -7.559903e-03 
-5.528451e+00 -1.556477e+01 -1.210089e+01 -3.732157e+00 -4.068958e+00 2.111776e+00 -3.393676e+00 1.858701e+00 -5.481145e+00 -5.558022e+00 1.862349e+00 -1.578865e+01 2.138345e+01 3.040869e-01 3.971747e-01 7.972833e-01 2.039070e-01 -8.467335e-01 -8.721158e-01 1.278837e+00 1.936436e+00 7.473976e-01 -6.275909e-01 -3.984528e-01 2.882332e-01 -4.468282e-02 3.306085e-02 2.284614e-01 -1.844497e-01 -2.304043e-01 -3.086183e-01 -3.235013e-01 1.674244e-01 -8.415312e-02 8.007509e-02 -1.574548e-01 -1.921857e-01 -8.778848e-02 -2.797592e-03 
-5.829576e+00 -1.699148e+01 -1.228831e+01 -6.210144e+00 -7.163271e+00 -6.961989e-01 -4.782882e+00 2.384438e+00 -7.595704e+00 -7.711263e+00 -1.811884e+00 -1.691607e+01 2.140465e+01 3.743667e-01 6.072572e-01 3.576194e-01 -7.233261e-02 -1.440614e+00 -1.520052e+00 1.441750e+00 1.549347e+00 6.163895e-01 -1.007167e+00 -8.090422e-01 2.397583e-01 -4.887986e-02 3.232478e-02 3.318056e-01 -3.417019e-01 3.886828e-03 -1.875409e-01 -3.325450e-01 9.303495e-02 -2.943183e-01 1.009863e-01 1.308111e-02 5.237735e-02 -1.228075e-01 -5.633167e-03 
-5.512563e+00 -1.577167e+01 -1.199021e+01 -6.163716e+00 -8.082577e+00 -2.108324e+00 -1.956531e+00 4.239353e+00 -5.733734e+00 -9.120005e+00 -1.376277e+00 -1.730907e+01 2.140203e+01 3.202301e-01 1.009742e+00 -2.347365e-01 2.376186e-02 -1.756649e+00 -1.610329e+00 1.011985e+00 1.085812e+00 5.489342e-01 -1.063812e+00 -5.736751e-01 -1.528886e-01 -5.023947e-02 4.059144e-02 3.176167e-01 -3.563592e-01 1.801346e-01 -7.234778e-02 -2.721310e-01 -2.710421e-01 -3.613812e-01 4.616498e-02 1.952544e-01 2.638397e-01 -1.636281e-01 -1.037730e-02 
-4.973489e+00 -1.417910e+01 -1.232874e+01 -5.997283e+00 -1.048319e+01 -4.293695e+00 -5.266019e-01 4.731533e+00 -5.480609e+00 -1.021555e+01 -2.430848e+00 -1.643607e+01 2.127481e+01 3.782802e-01 1.481152e+00 -5.047779e-01 6.219820e-01 -1.306482e+00 -2.005246e+00 1.302704e+00 5.798238e-01 9.691358e-01 -3.683184e-01 1.191894e-01 -1.911838e-01 -6.342173e-02 1.119339e-01 2.246327e-01 -8.656168e-02 1.606963e-01 2.013947e-01 -2.019899e-01 -6.705093e-01 -2.335679e-01 7.825398e-02 2.411478e-01 5.019079e-01 -1.808762e-01 -2.702721e-02 
-4.355729e+00 -1.192184e+01 -1.325401e+01 -3.719959e+00 -1.119230e+01 -4.141383e+00 -4.621675e-01 6.114694e+00 -3.794004e+00 -9.625037e+00 -6.965431e-01 -1.679235e+01 2.119720e+01 5.053056e-01 1.548374e+00 -5.533473e-01 7.572830e-01 -1.275477e+00 -1.990220e+00 -6.917182e-03 6.142874e-01 8.018914e-01 2.916803e-02 4.565627e-01 -3.144716e-01 -8.931334e-02 2.297055e-01 8.985405e-02 3.786228e-01 1.767824e-02 5.045591e-01 -1.497258e-01 -1.048572e+00 -2.257497e-01 7.003280e-04 7.069933e-02 4.399594e-01 2.186793e-02 -7.239641e-02 
-4.516505e+00 -1.151058e+01 -1.418017e+01 -4.322341e+00 -1.214095e+01 -9.705589e+00 9.837409e-01 4.345862e+00 -3.719997e+00 -9.300420e+00 -1.555968e+00 -1.813005e+01 2.118999e+01 8.415396e-01 1.461108e+00 8.419183e-02 3.643207e-01 -6.744110e-01 -2.340181e+00 -1.401383e+00 6.174204e-01 8.810537e-01 -3.479262e-01 1.185415e+00 -5.838306e-01 -1.645054e-01 2.246663e-01 6.427539e-02 9.212012e-01 8.393471e-03 9.010267e-01 3.584030e-01 -1.383324e+00 -4.458179e-01 -2.595911e-01 -4.156213e-02 1.377008e-01 5.282317e-01 -1.472301e-01 
-3.214783e+00 -9.364169e+00 -1.383101e+01 -3.214762e+00 -1.363106e+01 -9.353393e+00 -2.746239e+00 7.503205e+00 -2.604531e+00 -9.431572e+00 4.690900e-01 -1.803431e+01 2.099785e+01 1.236965e+00 1.469050e+00 1.364032e+00 2.409354e-01 4.500095e-01 -2.191375e+00 -2.878845e+00 -6.166874e-02 5.965989e-01 -7.205967e-01 1.092923e+00 1.528266e-01 -3.617073e-01 -1.178297e-02 2.026254e-01 1.186199e+00 2.150475e-01 1.231918e+00 8.616945e-01 -8.349781e-01 -9.768774e-01 -4.334746e-01 1.992794e-01 -3.166102e-01 9.362811e-01 -1.993793e-01 
-1.336536e+00 -8.152396e+00 -1.161952e+01 -4.428574e+00 -1.263545e+01 -1.338821e+01 -6.391681e+00 7.123857e+00 -1.669792e+00 -1.205233e+01 2.913253e+00 -1.873420e+01 2.055192e+01 1.135541e+00 1.842225e+00 3.142475e+00 9.221812e-01 2.335842e+00 -1.124542e-01 -4.177995e+00 -1.311287e+00 -2.259649e-01 -2.011885e-01 4.894893e-01 2.216404e+00 -6.634214e-01 -4.408568e-01 2.497931e-01 8.739434e-01 5.636879e-01 1.114701e+00 1.274076e+00 8.566619e-02 -1.145288e+00 -6.249411e-01 6.589127e-01 -7.518323e-01 1.002295e+00 -1.810753e-01 
2.394520e-01 -6.255616e+00 -7.714203e+00 -2.462474e+00 -8.695570e+00 -1.325718e+01 -1.116859e+01 4.417841e+00 -1.836040e+00 -1.185234e+01 2.533701e+00 -1.572657e+01 1.970772e+01 2.991951e-01 2.370930e+00 3.848477e+00 1.553714e+00 3.379092e+00 1.204503e+00 -2.793538e+00 -3.305632e+00 -8.120173e-01 9.522126e-01 -7.785148e-01 2.966795e+00 -8.368006e-01 -7.467800e-01 -8.086338e-02 7.151198e-02 6.049535e-01 5.408071e-01 1.045828e+00 1.017038e+00 -7.116373e-01 -5.858188e-01 7.264621e-01 -6.761028e-01 4.267290e-01 -7.957622e-02 
-5.655652e-01 -3.854072e+00 -1.525969e+00 -8.757243e-02 -2.929914e+00 -8.315998e+00 -1.569498e+01 -6.678542e-01 -5.233920e+00 -9.096189e+00 -1.407063e-01 -8.201818e+00 1.851815e+01 -8.939303e-01 2.259176e+00 3.211573e+00 2.526447e+00 3.434581e+00 2.332423e+00 -1.015656e+00 -3.487192e+00 -1.539391e+00 2.110145e+00 -1.637998e+00 3.020603e+00 -8.323671e-01 -5.747088e-01 -6.900858e-01 -8.700121e-01 2.670096e-01 -3.203872e-01 2.137566e-01 1.378157e+00 1.120551e-01 -2.562001e-01 2.543601e-01 -1.837787e-01 -5.920094e-01 4.466193e-02 
-2.104101e+00 3.414375e-01 3.644128e-01 2.383332e+00 -1.588005e+00 -5.866896e+00 -1.206242e+01 -5.129084e+00 -4.882655e+00 -6.148533e+00 -1.896490e+00 -8.466297e+00 1.783090e+01 -1.482095e+00 8.562930e-01 1.686875e+00 2.463537e+00 2.604639e+00 1.815358e+00 6.253349e-01 -2.531768e+00 -1.675835e+00 1.755925e+00 -1.223851e+00 1.884351e+00 -6.750667e-01 -6.296834e-02 -1.138662e+00 -1.217593e+00 -4.159911e-01 -9.960108e-01 -5.448612e-01 8.146725e-01 9.663833e-01 2.151503e-01 -1.704485e-01 4.874675e-01 -1.000163e+00 1.022096e-01 
-4.634534e+00 -1.548647e-01 3.989444e-01 5.780826e+00 9.835576e-01 -5.421643e+00 -1.102323e+01 -5.538099e+00 -7.843466e+00 -4.353187e+00 -3.061338e+00 -7.261497e+00 1.732835e+01 -8.471315e-01 -8.509351e-01 -1.268045e-01 1.802407e+00 1.121069e+00 6.508428e-01 1.003362e+00 -1.138029e+00 -1.075009e+00 6.687716e-01 -2.066844e-01 -2.023330e-01 -5.209584e-01 4.777054e-01 -9.524682e-01 -1.061681e+00 -1.181089e+00 -1.396197e+00 -9.325303e-01 2.065239e-01 1.366213e+00 9.271369e-01 -1.312051e-01 8.051226e-01 -1.078512e+00 1.610295e-01 
-5.136535e+00 -3.823609e+00 -2.423983e-01 6.921062e+00 2.371321e+00 -5.627369e+00 -1.037785e+01 -5.806561e+00 -8.910666e+00 -5.444488e+00 -2.125426e+00 -6.774944e+00 1.692724e+01 -3.915879e-02 -1.767281e+00 -5.703836e-01 -1.641989e-01 -4.443373e-01 -6.790801e-01 2.704053e-01 3.515809e-01 3.159148e-02 8.205803e-01 9.432639e-01 -4.224091e-01 -4.814708e-01 5.688086e-01 -4.375489e-01 -7.696596e-01 -1.658033e+00 -1.442237e+00 -8.648078e-01 -1.197068e-01 1.511110e+00 1.395096e+00 3.689403e-01 4.939294e-01 -9.056121e-01 2.227215e-01 
-3.285525e+00 -6.026293e+00 -1.856528e+00 6.655872e+00 6.959535e-01 -5.181698e+00 -1.152015e+01 -6.019093e+00 -8.595333e+00 -6.104163e+00 -1.059854e+00 -1.005929e+01 1.636502e+01 7.730535e-01 -1.191303e+00 -9.681445e-01 -2.065076e+00 -2.022119e+00 -1.083086e+00 1.944919e-01 1.902129e+00 2.242563e+00 1.921868e+00 1.304133e+00 -1.218529e+00 -1.240128e-01 2.503156e-01 3.428884e-02 -5.856006e-01 -1.595808e+00 -9.845715e-01 -5.511181e-01 5.233130e-02 1.685659e+00 1.647538e+00 6.123631e-01 -1.919550e-01 -6.367500e-01 2.662366e-01 
-2.974186e+00 -5.559608e+00 -1.359509e+00 1.124666e+00 -3.665799e+00 -9.382186e+00 -1.046187e+01 -3.130698e+00 -4.348519e+00 -1.169979e+00 1.818867e+00 -9.179297e+00 1.590532e+01 5.519413e-01 -1.161237e+00 -1.740810e+00 -3.892921e+00 -3.034896e+00 -1.641714e+00 4.311630e-01 3.503589e+00 3.640726e+00 2.973955e+00 4.903994e-01 -2.135513e+00 2.400658e-01 -3.964093e-01 4.891707e-01 -6.031979e-01 -1.140638e+00 -5.094883e-01 1.789490e-01 5.054852e-01 1.543194e+00 1.015743e+00 -8.194301e-02 -6.327488e-01 -5.926888e-01 1.354548e-01 
-1.850642e+00 -5.243549e+00 -3.882970e+00 -1.646446e+00 -6.108600e+00 -8.959466e+00 -1.000877e+01 2.634905e+00 1.088304e+00 3.118885e+00 1.487251e+00 -1.215195e+01 1.721950e+01 1.089016e-01 -9.825440e-01 -2.469668e+00 -4.312277e+00 -2.506485e+00 -1.623416e+00 1.184599e+00 5.714271e+00 5.358047e+00 2.654046e+00 -9.400867e-01 -2.529614e+00 4.494450e-01 -7.732786e-01 1.633082e-01 -8.876675e-02 -1.539000e-01 2.578849e-01 6.465915e-01 5.232304e-01 4.462114e-01 -5.350165e-01 -1.007378e+00 -5.228635e-01 1.392599e-01 1.697872e-02 
-3.094106e+00 -1.002083e+01 -7.933198e+00 -8.392251e+00 -9.401008e+00 -1.194688e+01 -8.978336e+00 7.384050e+00 4.451326e+00 4.813746e+00 -9.466958e-01 -1.640678e+01 1.770040e+01 -1.689021e+00 5.741659e-01 -2.835579e+00 -4.743934e+00 -2.749466e+00 4.856779e-01 2.302820e+00 6.161514e+00 3.552505e+00 4.470496e-02 -1.098432e+00 -2.730462e+00 -9.085028e-02 -5.965078e-01 -1.852050e-01 6.358384e-01 9.685798e-01 8.761239e-01 9.460847e-01 2.132912e-01 -9.311843e-01 -1.874403e+00 -1.470118e+00 -1.151045e-01 9.080569e-01 3.201090e-02 
-2.680627e+00 -8.708356e+00 -1.091796e+01 -1.014707e+01 -8.968867e+00 -1.201615e+01 -6.339102e+00 1.729476e+01 1.379496e+01 4.173973e+00 -4.377325e+00 -1.909398e+01 1.771482e+01 -1.972912e+00 -1.242453e+00 -8.644452e-01 -2.409094e+00 -8.753430e-01 1.086233e+00 1.874749e+00 2.804291e+00 -3.883314e-01 -1.650439e+00 -5.156813e-01 -2.249546e-01 1.263319e-01 -1.959667e-02 -6.446234e-01 1.124241e+00 1.713750e+00 1.129906e+00 8.049611e-01 -2.908426e-01 -2.109592e+00 -2.467767e+00 -1.136177e+00 2.239803e-01 1.271000e+00 1.544859e-01 
-1.100469e+01 -9.562257e-01 -1.201973e+01 -1.834472e+01 -1.598289e+01 -5.425398e+00 -7.822776e-01 2.034705e+01 7.060336e+00 -1.473717e+00 -7.410729e-01 -1.936108e+01 1.520321e+01 -1.389639e+00 -1.957414e+00 6.359145e-01 -1.478954e-03 5.301162e-01 1.733927e+00 1.152417e+00 3.027053e-01 -2.858113e+00 -2.224442e+00 -2.972739e-01 1.252238e+00 5.617011e-01 8.398532e-01 -7.360309e-01 9.220227e-01 1.900260e+00 1.217419e+00 1.572336e-01 -7.448987e-01 -2.065984e+00 -1.437590e+00 -2.076793e-01 7.177024e-03 9.599059e-01 3.100244e-01 
-7.759650e+00 -1.598788e+01 -6.161758e+00 -8.715279e+00 -7.194452e+00 -6.789117e+00 -4.732881e+00 1.017518e+01 -2.158345e+00 -1.989516e+00 -1.194229e+00 -1.179961e+01 1.909982e+01 -1.387897e-01 -2.939848e+00 1.415881e+00 1.885176e+00 1.503106e+00 1.777309e+00 3.055133e-01 -1.904217e+00 -3.775449e+00 -1.892232e+00 -2.207485e-01 1.834098e+00 8.955728e-01 8.699756e-01 4.298732e-01 -2.918647e-02 8.380501e-01 4.581900e-01 -1.505671e-01 -4.701491e-01 -8.037184e-01 1.050681e-01 2.519102e-01 -1.926803e-01 -1.008030e-01 8.855881e-02 
-7.503164e+00 -1.616812e+01 -7.131889e+00 -9.115423e+00 -7.637598e+00 -5.891099e+00 -4.019463e+00 1.245759e+01 -1.862854e+00 -3.226977e+00 -4.024491e+00 -1.379216e+01 1.981636e+01 1.593256e+00 -2.257316e+00 6.343272e-01 2.610241e+00 2.148350e+00 9.261580e-01 -6.371675e-01 -1.813985e+00 -1.942032e+00 -8.728370e-01 -1.210035e+00 1.039594e+00 1.074627e+00 4.930497e-01 9.528040e-01 -4.622028e-01 -9.401048e-02 -2.209172e-01 -4.477468e-01 -1.416126e-01 -8.114166e-02 8.130985e-01 3.254970e-01 -7.531109e-02 -5.976020e-01 -1.204012e-01 
-5.125564e+00 -1.580171e+01 -6.282471e+00 -5.335884e+00 -5.625836e+00 -2.897011e+00 -3.193156e+00 1.171834e+01 -6.202893e-01 -4.410933e+00 -3.839300e+00 -1.270801e+01 1.988609e+01 8.855664e-01 1.056826e+00 -1.009730e+00 4.754059e-01 6.063639e-01 7.372423e-01 4.188444e-01 -1.558170e-01 -3.211549e-01 -1.066725e+00 -1.022817e+00 -6.226105e-01 3.126569e-01 -8.063409e-02 9.007457e-01 -3.603370e-01 -7.636542e-01 -7.013199e-01 -6.128991e-01 6.882330e-02 2.835346e-01 7.405058e-01 1.972669e-01 1.234253e-01 -6.778842e-01 -2.073770e-01 
-4.355729e+00 -1.233564e+01 -8.787929e+00 -6.982891e+00 -6.025327e+00 -2.740525e+00 -4.737520e+00 1.050540e+01 -3.418070e+00 -4.627235e+00 -5.468566e+00 -1.370866e+01 2.018338e+01 5.631926e-01 8.083579e-01 -4.623459e-01 2.332478e-01 -1.259067e-01 1.514571e-02 3.877400e-01 -9.773034e-01 -5.197576e-01 -1.009756e+00 -2.727858e-01 -5.074018e-01 2.511791e-01 -4.220586e-01 2.250831e-01 1.109007e-01 -7.157643e-01 -8.040380e-01 -5.308750e-01 1.235126e-01 1.340040e-01 2.795167e-01 2.594350e-02 4.286511e-01 -3.852929e-01 -1.795302e-01 
-4.906152e+00 -1.261996e+01 -1.038228e+01 -7.404676e+00 -4.968822e+00 -4.678024e+00 -2.279734e+00 1.037215e+01 -2.986364e+00 -6.622898e+00 -5.586178e+00 -1.495455e+01 2.047957e+01 -2.692913e-02 3.099566e-02 1.624954e-01 -7.444814e-01 -8.662944e-01 -8.317637e-01 1.372104e-01 -9.050866e-01 -7.841431e-01 -8.374473e-01 -7.224801e-02 -7.817699e-01 2.704500e-01 -2.246213e-01 -3.467527e-01 3.612849e-01 -1.388597e-01 -4.581293e-01 -3.056768e-01 -1.765515e-01 -7.534618e-03 4.264838e-02 1.406987e-01 4.367614e-01 -2.198418e-02 -4.525850e-02 
-4.796445e+00 -1.371707e+01 -7.393680e+00 -6.914824e+00 -8.595789e+00 -4.925062e+00 -2.537471e+00 8.244392e+00 -3.279173e+00 -7.169691e+00 -4.515105e+00 -1.520592e+01 2.077554e+01 -6.100911e-02 -6.189177e-01 6.026884e-01 -3.585660e-01 -1.135357e+00 -9.437317e-01 1.211963e-01 -7.694254e-01 -3.130714e-01 -8.577316e-01 4.578864e-01 -8.071384e-01 1.980954e-01 -8.703226e-02 -3.388873e-02 -1.774355e-03 1.065080e-01 -1.065244e-01 5.086517e-02 -1.358479e-01 2.850403e-01 2.440367e-01 1.677359e-01 3.182054e-01 6.012746e-02 -5.471042e-02 
-5.040069e+00 -1.495593e+01 -6.167366e+00 -9.092603e+00 -8.672459e+00 -5.963291e+00 -3.607083e+00 8.323180e+00 -4.610761e+00 -7.326616e+00 -4.677246e+00 -1.586821e+01 2.094233e+01 7.465856e-02 3.676300e-02 2.641842e-01 7.706226e-02 -1.179402e+00 -3.117912e-01 -3.305884e-01 -2.975876e-01 -2.113310e-01 -4.393135e-01 7.955906e-01 -5.826995e-01 1.129132e-01 4.189372e-02 2.829970e-01 -2.849320e-01 3.472604e-01 1.403852e-01 2.887351e-01 -4.927743e-02 2.847508e-01 3.391106e-01 2.085981e-01 1.732412e-01 2.232531e-01 -6.072693e-02 
-4.593299e+00 -1.426246e+01 -7.881844e+00 -7.931908e+00 -9.850389e+00 -6.816658e+00 -3.467904e+00 7.682179e+00 -4.171010e+00 -8.564077e+00 -3.633677e+00 -1.728765e+01 2.094254e+01 7.743061e-02 6.360940e-01 -5.221317e-01 3.549675e-01 -5.020885e-01 9.329187e-03 -5.773140e-02 1.441728e-01 4.138843e-01 -3.702605e-01 8.843601e-01 -3.062309e-01 5.640087e-02 2.298231e-02 3.088653e-01 -2.435977e-01 2.047311e-01 2.524713e-01 2.663362e-01 9.722805e-03 2.260273e-01 2.503164e-01 2.664788e-01 -2.971514e-02 2.745272e-01 -4.013266e-02 
-4.634912e+00 -1.216343e+01 -8.817147e+00 -6.511137e+00 -1.023851e+01 -5.291447e+00 -3.466873e+00 9.165527e+00 -3.596652e+00 -8.122010e+00 -2.048939e+00 -1.682733e+01 2.096069e+01 1.134673e-01 8.184744e-01 -6.997961e-01 6.349227e-01 -4.810639e-01 1.353538e-01 -1.969773e-02 6.193019e-02 5.479586e-01 -3.805077e-02 5.806579e-01 8.399218e-02 3.766196e-02 -3.318570e-02 1.334330e-02 -2.209564e-02 1.823546e-03 2.135401e-01 3.177880e-02 7.066040e-03 6.891015e-02 9.131566e-02 1.956482e-01 -1.960431e-01 1.524835e-01 -2.093800e-02 
-4.612215e+00 -1.193284e+01 -8.679021e+00 -6.430479e+00 -1.032362e+01 -5.214247e+00 -2.895727e+00 8.544466e+00 -1.716449e+00 -8.623454e+00 -1.407710e+00 -1.625771e+01 2.104834e+01 3.454528e-02 5.345509e-01 -1.332593e-01 3.862302e-01 -2.221145e-01 1.643152e-01 1.433240e-02 1.808295e-01 5.588295e-01 2.739826e-01 4.168523e-01 2.323254e-01 3.512009e-02 -4.450990e-02 -1.598837e-01 1.486032e-01 -1.151320e-01 8.671942e-02 -8.631489e-02 -1.515879e-01 5.773300e-02 -1.799024e-01 2.148980e-01 -2.743112e-01 2.840132e-02 -1.026824e-02 
-4.463922e+00 -1.202846e+01 -9.267829e+00 -6.668913e+00 -1.084123e+01 -6.087645e+00 -3.991627e+00 8.201594e+00 -3.098447e+00 -7.487131e+00 -2.887148e+00 -1.596351e+01 2.107785e+01 -6.981447e-02 1.542844e-01 -4.067061e-02 7.052784e-02 -2.516555e-01 -2.304810e-01 -3.312043e-01 2.856318e-02 1.727736e-01 2.169059e-01 4.911703e-02 -8.954802e-02 1.886394e-02 -1.099028e-02 -1.443757e-01 1.397829e-01 -1.022093e-01 8.135284e-02 -7.574639e-02 -1.440688e-01 1.597752e-01 -1.952247e-01 1.515486e-01 -1.415126e-01 -8.329351e-02 -2.125052e-03 
-4.505913e+00 -1.165740e+01 -8.323080e+00 -5.922133e+00 -1.066001e+01 -5.596907e+00 -3.133876e+00 9.068258e+00 -1.625817e+00 -7.511599e+00 -1.130316e+00 -1.655804e+01 2.105949e+01 -5.350826e-02 1.688446e-01 -1.087101e-01 6.155903e-02 -1.833919e-01 -2.392058e-01 -6.596490e-01 4.493322e-01 -2.981588e-01 5.767369e-01 -2.214931e-01 -7.742929e-02 1.448956e-02 3.458961e-02 -3.684878e-02 -6.184506e-03 -2.315303e-02 -6.771983e-03 -4.609153e-02 -9.208644e-02 1.047581e-01 -1.074352e-01 7.096183e-02 -7.504734e-02 -7.754412e-02 8.999125e-03 
-5.037043e+00 -1.152962e+01 -9.198766e+00 -6.412773e+00 -1.132840e+01 -6.252476e+00 -5.004021e+00 9.046373e+00 -2.778286e+00 -7.593814e+00 -1.941806e+00 -1.712459e+01 2.104922e+01 1.025422e-01 2.794642e-01 -1.315854e-02 2.862920e-01 -9.370435e-02 -4.156535e-02 -4.029602e-01 7.264507e-01 2.331459e-04 5.683210e-01 1.923228e-01 -1.777724e-01 3.742551e-02 5.910650e-02 -1.554932e-02 1.941167e-02 -3.547842e-02 -5.045779e-02 -5.939415e-02 6.882330e-02 -4.905802e-02 1.433111e-01 -9.134918e-02 4.120090e-02 -3.411015e-02 1.697872e-02 
-4.593678e+00 -1.133795e+01 -9.256908e+00 -6.251063e+00 -1.099677e+01 -6.327590e+00 -5.688057e+00 1.036923e+01 -3.367124e+00 -5.686564e+00 -2.987471e+00 -1.606449e+01 2.113491e+01 1.214574e-01 2.876897e-01 -1.779135e-01 1.626504e-01 -3.349558e-01 -1.605616e-01 -4.103513e-01 3.556539e-01 1.079664e-01 4.529809e-01 -2.997294e-02 -1.113617e-01 7.082451e-02 4.036495e-02 -2.092245e-02 1.325191e-01 -6.088937e-02 -7.940906e-02 -6.607176e-02 1.641160e-01 -2.037428e-01 4.074332e-01 -2.800849e-01 2.036385e-01 -4.262969e-02 1.267083e-02 
-3.907446e+00 -1.079046e+01 -8.866732e+00 -5.073055e+00 -1.114167e+01 -5.929907e+00 -4.729272e+00 1.118385e+01 -2.226989e+00 -5.558349e+00 -9.969883e-01 -1.709924e+01 2.122715e+01 1.382528e-01 1.709731e-02 9.106984e-02 -1.572801e-01 -4.282361e-01 -5.667486e-01 -1.117793e-01 -1.700724e-01 6.862140e-01 -1.779910e-01 1.593962e-01 -2.432135e-01 7.555357e-02 -2.690077e-02 -5.335426e-02 1.824576e-01 -1.589496e-01 -9.037758e-02 -1.567715e-01 -1.027813e-02 -2.408649e-01 2.763769e-01 -2.572039e-01 8.623637e-02 -1.074675e-02 -5.905819e-03 
-4.463165e+00 -1.058821e+01 -9.379097e+00 -5.779309e+00 -1.242819e+01 -6.560857e+00 -5.322585e+00 9.777834e+00 -1.361430e+00 -6.264351e+00 -1.752685e+00 -1.712765e+01 2.132486e+01 1.302627e-01 1.953177e-01 5.019519e-01 -2.108223e-02 -4.131995e-01 -3.068229e-01 1.525630e-02 -1.210401e-01 1.395888e+00 -4.506425e-01 8.131294e-01 -2.579176e-01 5.876540e-02 -2.588160e-02 3.448380e-04 2.382762e-01 -7.848157e-02 -5.224665e-02 -1.117108e-01 -1.580043e-01 -1.051754e-01 5.363777e-02 -9.699287e-02 5.775127e-02 -1.085128e-02 -3.066257e-02 
-4.410960e+00 -1.181903e+01 -8.682563e+00 -7.435366e+00 -1.275394e+01 -8.969481e+00 -5.745275e+00 8.491941e+00 -3.494671e-01 -8.195090e+00 -1.762115e+00 -1.780874e+01 2.133229e+01 -3.654980e-02 5.888691e-02 5.593040e-01 -4.164790e-01 -5.066128e-01 -7.522713e-01 -6.670402e-01 -2.394695e-01 7.380598e-01 -2.659257e-01 2.019195e-01 -1.582208e-01 1.395754e-02 -8.612195e-03 1.157866e-01 1.634766e-01 6.013842e-02 -8.890368e-03 -7.392973e-03 -2.552519e-01 -3.568019e-02 -2.524323e-01 1.355800e-01 -9.535617e-02 6.749713e-02 -5.483766e-02 
-3.690303e+00 -9.846932e+00 -6.839404e+00 -5.175354e+00 -1.225651e+01 -6.341777e+00 -5.104023e+00 1.110944e+01 2.674088e+00 -6.621267e+00 1.460795e+00 -1.699913e+01 2.137601e+01 7.938736e-02 2.684968e-01 7.792947e-01 -1.002641e-01 -5.570455e-01 -6.263679e-01 -9.228051e-01 -1.352955e-01 3.501921e-01 1.201267e-02 2.374935e-01 -2.081500e-01 -5.165818e-02 2.564350e-02 6.990591e-02 4.980712e-02 2.095030e-03 7.575089e-02 -9.383377e-02 -2.292357e-01 -2.070439e-01 -4.737271e-01 1.209239e-01 -2.969938e-01 1.014185e-01 -6.899735e-02 
-4.476406e+00 -1.086704e+01 -7.339963e+00 -7.457399e+00 -1.376019e+01 -9.800732e+00 -8.174194e+00 9.320185e+00 -5.548629e-01 -6.709028e+00 -1.593950e+00 -1.795431e+01 2.127131e+01 1.206421e-01 5.594167e-01 7.696654e-01 1.830224e-01 -4.008242e-01 -4.439958e-01 -9.191095e-01 -3.411371e-01 -5.300632e-02 2.684799e-01 -2.947656e-02 6.944971e-02 -1.434611e-01 7.903709e-02 1.149179e-01 -1.829080e-02 1.390318e-01 1.873662e-01 2.620536e-02 2.350791e-02 -2.609606e-01 -2.511764e-01 1.238112e-02 -1.280943e-01 1.312630e-01 -6.039974e-02 
-4.033041e+00 -9.721693e+00 -6.153494e+00 -6.269555e+00 -1.471031e+01 -9.277027e+00 -8.722145e+00 8.686965e+00 4.919588e-01 -6.947189e+00 -6.493939e-01 -1.809595e+01 2.109687e+01 1.798336e-01 2.946861e-01 6.457554e-01 -3.105188e-01 -8.745018e-02 -9.299175e-01 -1.005032e+00 -1.105602e+00 -5.771782e-01 -1.131459e-01 -5.561363e-01 1.355372e-01 -2.074808e-01 4.959418e-02 4.291159e-02 -9.676556e-02 9.011030e-02 2.474813e-01 3.067463e-02 1.051157e-01 -2.525053e-01 -1.284093e-01 -5.897447e-02 -5.124382e-02 1.396780e-01 -3.108063e-02 
-3.636207e+00 -9.084496e+00 -5.177166e+00 -5.972889e+00 -1.353092e+01 -9.722281e+00 -8.531935e+00 7.997330e+00 4.764066e-01 -6.689779e+00 -8.547549e-01 -1.691344e+01 2.075478e+01 3.084896e-01 6.204938e-01 5.345431e-01 3.837959e-01 1.954514e-01 -4.693218e-01 -5.085921e-01 -1.059389e+00 -5.412129e-02 -1.415224e-01 -4.172061e-02 3.262052e-01 -2.101409e-01 -3.572928e-03 4.173593e-03 -1.047644e-01 9.336812e-02 1.926387e-01 1.184825e-01 2.977386e-02 -3.701218e-02 -2.686733e-02 -1.749985e-02 7.591712e-02 8.699276e-02 1.982895e-03 
-3.211000e+00 -9.265162e+00 -4.691953e+00 -7.469596e+00 -1.280824e+01 -1.103092e+01 -9.950007e+00 6.243088e+00 -7.280819e-01 -7.196769e+00 -1.689558e+00 -1.684175e+01 2.059695e+01 2.334810e-01 4.525790e-01 4.130668e-01 2.497761e-01 3.821451e-01 -4.603547e-01 -6.023675e-01 -1.038711e+00 -2.913296e-01 -7.786415e-02 -1.259962e-02 3.619151e-01 -1.737862e-01 -7.015920e-02 3.049226e-02 -5.936575e-02 1.328963e-01 1.429272e-01 1.917784e-01 9.923316e-03 2.385944e-01 -1.487320e-02 1.575423e-01 1.115894e-01 1.336150e-01 2.059590e-02 
-3.344918e+00 -7.992886e+00 -5.397932e+00 -4.938493e+00 -1.373415e+01 -1.127044e+01 -1.010259e+01 5.245598e+00 -2.153967e-01 -7.292034e+00 -1.282503e+00 -1.695017e+01 2.047083e+01 7.612611e-02 5.012705e-01 3.620636e-01 3.697020e-01 3.275874e-01 -8.640102e-02 -9.714636e-01 -5.595108e-01 -3.303533e-01 1.633898e-01 7.832076e-02 3.911616e-01 -1.503773e-01 -1.280258e-01 -6.545183e-02 9.640155e-03 -1.213218e-01 1.318646e-01 3.135816e-02 -7.088245e-02 1.944649e-01 -1.762602e-01 1.981419e-01 -3.060530e-02 8.850850e-02 2.248628e-02 
-3.011259e+00 -8.004733e+00 -3.978006e+00 -5.537727e+00 -1.269782e+01 -1.080516e+01 -1.094848e+01 4.869168e+00 -6.192167e-01 -7.035603e+00 -4.987784e-01 -1.626820e+01 2.037005e+01 -5.481275e-02 5.066596e-01 4.352881e-01 3.608613e-01 5.611209e-01 -1.625005e-01 -7.240137e-01 -1.625530e-01 -5.133466e-01 5.220339e-01 -5.818390e-02 7.712049e-01 -1.343576e-01 -8.663591e-02 -5.367600e-02 5.300665e-02 -1.487961e-01 1.249916e-01 -7.911149e-02 7.513938e-02 1.215570e-02 -1.037930e-01 1.612610e-01 -3.851783e-02 4.664255e-02 1.528828e-02 
-3.355510e+00 -7.208449e+00 -3.723889e+00 -5.090367e+00 -1.194836e+01 -1.026727e+01 -1.288976e+01 5.886599e+00 -1.229505e+00 -5.953436e+00 -1.058806e+00 -1.524439e+01 2.011649e+01 -1.875453e-01 2.661331e-01 5.716844e-01 -2.783592e-01 7.652465e-01 -4.615665e-01 -8.019288e-01 -5.252039e-01 -8.244212e-01 5.492235e-01 -1.719378e-01 5.640554e-01 -1.173330e-01 3.351382e-02 -4.933245e-02 6.947986e-02 -1.359277e-01 1.159061e-01 -1.150233e-01 2.416133e-01 -2.278924e-01 -3.695426e-03 5.053077e-02 1.145237e-01 -8.099376e-02 1.556094e-02 
-3.479591e+00 -7.124251e+00 -3.352601e+00 -5.589270e+00 -1.089515e+01 -1.234539e+01 -1.217686e+01 5.109908e+00 -2.787940e+00 -5.255917e+00 -2.092422e+00 -1.383850e+01 2.010228e+01 -6.785772e-02 3.017772e-01 5.732716e-01 -1.700927e-01 7.882671e-01 -6.682953e-01 -3.114946e-01 -9.951618e-01 -5.633805e-01 5.355209e-01 -8.010737e-02 5.087941e-01 -1.138453e-01 1.295996e-01 2.515131e-02 -1.385224e-03 -5.698000e-02 -1.919984e-02 1.230569e-01 6.892356e-02 -2.819250e-01 3.247535e-02 -2.966224e-02 2.664112e-01 -2.755842e-01 1.666972e-02 
-4.048551e+00 -7.102673e+00 -2.852040e+00 -6.304573e+00 -1.080895e+01 -1.280776e+01 -1.349854e+01 2.499215e+00 -3.253432e+00 -5.435353e+00 -1.345369e+00 -1.534493e+01 2.001790e+01 2.502764e-01 3.569924e-01 6.404645e-01 -4.440115e-02 7.934568e-01 -4.084908e-01 3.034658e-02 -1.282619e+00 -3.236635e-01 4.092833e-01 6.618161e-01 1.172783e-01 -8.281088e-02 1.808416e-01 1.923939e-01 -1.850118e-01 7.002045e-02 -1.571773e-01 3.661322e-01 -1.421138e-01 -1.604821e-01 -4.520390e-02 4.851829e-02 2.215406e-01 -3.002020e-01 2.128661e-02 
-3.004071e+00 -6.548828e+00 -1.547514e+00 -5.780883e+00 -9.325805e+00 -1.287619e+01 -1.220109e+01 1.586348e+00 -2.423804e+00 -4.616796e+00 -7.557415e-01 -1.367413e+01 1.985003e+01 3.743667e-01 5.869297e-01 3.939142e-01 -4.106988e-02 4.509410e-01 4.261797e-01 -7.956156e-01 -1.193327e+00 -6.014286e-01 4.438098e-01 8.570591e-01 -3.834676e-01 -6.832813e-02 1.790864e-01 2.779778e-01 -2.998919e-01 1.257433e-02 -1.657921e-01 4.567268e-01 -4.255355e-01 -8.808698e-03 -1.890707e-01 1.488361e-01 9.335765e-02 -2.315753e-01 2.650334e-02 
-2.341672e+00 -5.711080e+00 -1.424145e+00 -5.216667e+00 -8.765270e+00 -1.204453e+01 -1.272584e+01 1.235208e+00 -3.029803e+00 -4.226602e+00 1.582335e+00 -1.473991e+01 1.982838e+01 4.955218e-01 1.085474e+00 -2.637299e-01 7.233612e-03 1.479463e-01 8.219454e-01 -1.270344e+00 -1.228418e+00 -1.031386e+00 8.377357e-01 4.673176e-01 -4.910819e-01 -3.368775e-02 1.408106e-01 2.810666e-01 -2.832458e-01 -6.778508e-02 -1.130208e-01 2.923631e-01 -4.558126e-01 4.180700e-02 -2.175175e-01 1.861108e-01 -8.256424e-02 2.813999e-02 2.228634e-02 
-2.461214e+00 -4.885602e+00 -2.097068e+00 -6.338804e+00 -9.662199e+00 -1.059610e+01 -1.654087e+01 -2.247952e-01 -5.906953e+00 -3.641639e+00 7.289346e-01 -1.605793e+01 1.985527e+01 7.048936e-01 1.327419e+00 -4.740914e-01 -1.331924e-01 2.822114e-01 9.999551e-01 -1.788803e+00 -1.066282e+00 -1.155008e+00 1.065611e+00 4.839464e-01 -3.450108e-01 -5.904515e-03 9.426813e-02 1.882756e-01 -8.327568e-02 -1.057929e-01 -6.966449e-02 3.540679e-02 -1.968031e-01 2.877665e-02 -1.316747e-01 9.624910e-02 2.224380e-02 1.784080e-01 1.290713e-02 
-1.842319e+00 -2.506483e+00 -3.895661e+00 -5.989808e+00 -9.900646e+00 -9.837872e+00 -1.768059e+01 -2.737246e+00 -6.668473e+00 -1.734389e+00 2.485365e-01 -1.660831e+01 1.984697e+01 7.890337e-01 1.392089e+00 -3.418219e-01 -3.371690e-01 3.128169e-01 7.663249e-01 -1.752155e+00 -1.137246e+00 -1.134520e+00 1.029034e+00 4.355493e-01 2.387888e-01 -2.594172e-03 -1.812452e-02 3.206881e-02 1.913211e-01 -1.731211e-01 -9.494388e-02 -2.495454e-02 4.446126e-02 -4.205059e-02 -1.354425e-01 9.537396e-03 1.985613e-01 1.493474e-01 -5.378692e-03 
2.708507e-01 -1.513878e+00 -2.682334e+00 -6.059843e+00 -7.347425e+00 -8.979496e+00 -1.866773e+01 -1.758723e+00 -6.379953e+00 -5.347733e-01 2.330698e+00 -1.446538e+01 1.981133e+01 6.988603e-01 1.375070e+00 1.668146e-02 -3.977726e-01 2.020144e-02 6.310908e-01 -1.538735e+00 -1.095106e+00 -1.208247e+00 8.292120e-01 9.840498e-01 1.437779e-01 -1.938234e-02 -1.712843e-01 3.306621e-02 2.712659e-01 -1.680714e-01 -2.615902e-01 -6.449437e-02 3.383597e-01 -2.628717e-01 -1.547210e-01 -1.223676e-01 2.671695e-01 -1.481047e-01 -2.537313e-02 
2.379388e-01 -4.362296e-01 -2.840825e+00 -7.042303e+00 -8.358809e+00 -9.020808e+00 -2.042344e+01 -3.684157e+00 -8.466089e+00 -6.346054e-01 2.959354e+00 -1.434254e+01 1.983757e+01 4.079575e-01 1.222094e+00 4.474569e-01 -7.262876e-01 -1.957671e-01 8.816859e-01 -1.173027e+00 -1.424390e+00 -1.681828e+00 1.003679e+00 1.209986e+00 1.127981e-02 -5.378626e-02 -1.340843e-01 1.834816e-01 1.242176e-01 1.081912e-01 -2.507629e-01 -1.231732e-01 6.365189e-01 -2.939709e-01 -1.499484e-01 -1.650235e-01 1.076661e-01 -1.169535e-01 -4.591287e-02 
-6.819700e-03 9.545167e-01 -2.541256e+00 -7.801280e+00 -1.033242e+01 -7.849045e+00 -2.286318e+01 -5.226353e+00 -1.104936e+01 -4.507424e-02 4.293938e+00 -1.647192e+01 1.976324e+01 3.911102e-02 1.577778e+00 4.875610e-01 -7.789474e-01 -7.715503e-01 6.199425e-01 -3.866380e-01 -2.237104e+00 -1.655069e+00 4.664678e-01 1.432612e+00 -9.717915e-01 -1.071655e-01 1.448917e-02 1.981853e-01 -5.845777e-02 3.456858e-01 1.436479e-02 -1.399986e-01 8.805904e-01 7.754336e-03 -9.409906e-03 -1.833108e-01 -2.940925e-01 2.760952e-01 -7.563187e-02 
3.362962e-01 2.369803e+00 -1.729027e+00 -8.750690e+00 -9.387434e+00 -5.994588e+00 -2.144769e+01 -8.124961e+00 -1.274293e+01 3.038954e+00 5.316814e+00 -1.554821e+01 1.960214e+01 4.487230e-01 2.208120e+00 4.366444e-02 3.943022e-01 -5.450694e-01 1.561963e-01 8.544609e-01 -2.036119e+00 -1.660922e+00 3.853305e-01 7.496755e-01 2.116428e-01 -1.882098e-01 1.435850e-01 -5.493080e-02 -2.410899e-01 5.421320e-01 5.392065e-01 1.042860e-01 7.560733e-01 6.617625e-01 2.413365e-01 -4.498334e-01 -5.807568e-01 6.801200e-01 -1.114946e-01 
4.172519e-01 4.972322e+00 -8.005111e-01 -9.100472e+00 -1.069082e+01 -7.393360e+00 -2.008889e+01 -1.072349e+01 -1.251716e+01 -3.920176e-02 8.314980e+00 -1.872108e+01 1.939317e+01 7.512032e-01 1.872858e+00 -7.379089e-02 7.704800e-01 2.665094e-01 2.939751e-01 1.850574e+00 -7.504704e-01 -1.265668e+00 2.219770e-01 -2.562397e-01 1.424162e+00 -3.303773e-01 6.227728e-02 -5.714910e-01 -1.067533e-01 8.223583e-01 1.278758e+00 6.695162e-01 6.551663e-01 1.070800e+00 2.129524e-01 -5.320389e-01 -7.253253e-01 7.678242e-01 -1.395595e-01 
2.269018e+00 8.595371e+00 -3.492793e+00 -4.421098e+00 -1.090543e+01 -8.467894e+00 -1.753832e+01 -1.111597e+01 -1.603624e+01 1.288956e+00 4.697064e+00 -1.215982e+01 1.908146e+01 7.697923e-01 7.998487e-01 -4.773717e-01 1.209568e+00 1.981218e+00 1.566096e+00 1.488869e+00 1.141267e+00 -6.697201e-01 -1.123154e+00 -8.493318e-01 2.214142e+00 -4.996777e-01 -3.070048e-01 -1.063759e+00 1.596285e-01 8.398419e-01 1.529199e+00 9.605440e-01 7.044418e-01 6.359913e-01 7.781442e-02 -8.329048e-01 -6.730037e-01 -1.169013e-01 -1.477391e-01 
2.782747e+00 7.205894e+00 -2.028300e+00 -6.113747e+00 -8.240319e+00 -5.142473e+00 -1.556456e+01 -7.483474e+00 -1.573056e+01 1.939496e+00 3.322927e+00 -1.104551e+01 1.837169e+01 1.899435e-01 -5.755208e-01 2.143450e-01 2.925174e+00 4.359267e+00 3.262460e+00 2.572136e+00 1.528356e+00 -1.085741e+00 -1.439395e+00 -1.394440e+00 1.866092e+00 -6.492342e-01 -5.345079e-01 -1.091333e+00 1.507218e-01 7.600254e-01 8.444422e-01 5.512123e-01 9.941295e-01 -3.353742e-02 -4.897169e-02 -6.933874e-01 -7.232813e-01 -7.460928e-01 -1.339793e-01 
3.002916e+00 5.251995e+00 -3.501647e+00 -4.196435e+00 -7.064837e-01 7.105011e-01 -1.626561e+01 -4.038702e+00 -1.448478e+01 -3.566275e+00 3.566007e+00 -8.315042e+00 1.761471e+01 -8.057137e-01 -1.886504e+00 6.977108e-01 3.516220e+00 5.054545e+00 3.474520e+00 4.015721e+00 4.438670e-03 -1.361833e+00 -2.948528e+00 -2.046271e+00 -5.938488e-01 -7.674608e-01 -5.849572e-01 -7.523755e-01 7.133904e-02 1.734017e-01 -4.525744e-01 -2.869585e-01 1.183411e+00 -4.664928e-01 1.783516e-01 6.291191e-02 -5.698112e-01 -9.709460e-01 -1.191834e-01 
9.998301e-01 3.766050e+00 2.755752e-01 5.412551e+00 6.005992e+00 4.330114e+00 -7.864909e+00 -6.620700e+00 -1.872194e+01 -4.808303e+00 1.908189e+00 -1.131261e+01 1.688046e+01 -1.133469e+00 -2.240487e+00 9.212800e-02 3.417178e+00 2.952211e+00 2.095884e+00 5.557702e+00 -3.497529e-01 -1.164485e+00 -2.332229e+00 -3.274068e+00 -9.023108e-01 -8.663573e-01 -3.252934e-01 -2.086280e-01 -1.660309e-01 -7.744592e-01 -1.526972e+00 -7.167963e-01 5.100970e-01 -1.025694e-01 9.135100e-01 7.086997e-01 4.400325e-02 -3.004634e-01 -8.664699e-02 
-8.678250e-01 8.825889e-01 -1.156157e+00 7.397144e+00 7.244084e+00 4.168621e+00 -1.309609e+00 -1.152499e+01 -2.134972e+01 -1.008015e+01 -4.827075e+00 -1.499565e+01 1.598992e+01 -1.493184e+00 -2.129583e+00 -5.950579e-02 1.830466e+00 4.217992e-01 7.145821e-01 5.913094e+00 -2.523150e-01 2.612738e-01 -3.620605e-01 -2.758660e+00 -1.256501e+00 -9.870074e-01 -3.550716e-02 2.760474e-01 -1.749809e-01 -1.050016e+00 -1.555829e+00 -5.295606e-01 -5.164170e-01 5.804530e-01 1.460342e+00 1.356369e+00 9.232501e-01 6.765136e-01 -1.306746e-02 
-9.491590e-01 -1.811744e+00 -2.740477e+00 5.175690e+00 2.544837e+00 3.607777e+00 4.746196e+00 -5.488978e+00 -1.812077e+01 -6.464667e+00 -8.850998e+00 -1.221709e+01 1.485237e+01 -1.092866e+00 -1.497161e+00 -2.370644e-01 -1.043641e-01 -9.593086e-01 1.058484e+00 4.174016e+00 1.143773e+00 2.670151e+00 8.108698e-01 -8.182253e-01 6.950993e-01 -9.727020e-01 6.737316e-02 3.765602e-01 -2.057655e-01 -9.377300e-01 -7.187848e-01 -1.194926e-01 -1.500222e+00 4.803799e-01 1.221715e+00 9.192665e-01 1.349801e+00 8.846935e-01 4.538900e-02 
-3.488292e+00 -2.606758e+00 -2.291271e+00 5.074179e+00 3.132885e+00 4.644754e+00 6.994699e+00 -5.866381e+00 -1.347871e+01 -4.548610e+00 -4.847507e+00 -1.414538e+01 1.369362e+01 -1.003508e+00 -8.779755e-01 -1.252365e-02 2.683689e-02 -7.688890e-01 1.345553e+00 2.125432e+00 2.159979e+00 4.022461e+00 2.261738e+00 1.341940e+00 1.990026e+00 -7.795790e-01 9.262612e-02 1.408505e-01 -4.483238e-01 -4.492751e-01 4.863556e-02 -1.419966e-01 -1.906908e+00 3.381463e-01 3.266141e-01 1.126114e-01 7.809894e-01 7.744622e-01 9.457531e-02 
-3.153877e+00 -1.975063e+00 -3.418610e-01 6.052310e+00 3.265315e+00 9.384386e+00 8.853503e+00 -3.731333e+00 -9.306442e+00 -3.519622e+00 -2.172837e+00 -8.262583e+00 1.316506e+01 -1.041665e+00 -9.835840e-01 -9.602084e-01 -3.694567e-01 -4.646539e-02 1.183054e+00 -4.957033e-02 8.458200e-01 3.063593e+00 9.521047e-01 1.424670e+00 1.897924e+00 -7.431061e-01 -8.029436e-02 -1.269693e-01 -5.738402e-01 -7.098860e-02 3.551424e-01 -3.899618e-01 -1.227177e+00 1.034261e-01 -6.168403e-01 -3.770778e-01 6.292739e-02 1.968582e-01 9.584769e-02 
-4.782826e+00 -3.425467e+00 -2.418182e+00 7.093002e+00 3.039340e+00 8.008148e+00 7.263777e+00 -1.604066e+00 -5.644711e+00 -2.440859e-01 -1.456431e+00 -7.023248e+00 1.293554e+01 -1.055688e+00 -1.682189e+00 -1.939532e+00 -2.833561e-01 2.084920e-01 -5.743961e-02 -1.509632e+00 1.587257e+00 1.697764e+00 1.303739e-01 2.487712e-02 2.014587e+00 -6.288993e-01 -4.484962e-02 -5.644300e-02 -2.541042e-01 4.417513e-02 3.098089e-01 -3.924856e-01 -2.657286e-01 -1.369116e-01 -9.962567e-01 -5.477012e-01 -5.227317e-01 -2.900099e-01 7.289044e-02 
-5.509914e+00 -6.320352e+00 -7.478090e+00 2.318805e+00 2.359582e+00 7.841231e+00 4.363713e+00 -3.390892e+00 -6.719956e+00 -3.856310e+00 -3.423339e+00 -6.288827e+00 1.151557e+01 -1.468235e+00 -1.729840e+00 -2.142698e+00 -3.042406e-01 3.277205e-01 -1.897654e-01 -1.442696e-01 1.947245e+00 7.485126e-01 -8.811132e-03 1.549288e-01 1.667021e+00 -5.687811e-01 5.587910e-02 3.395918e-01 3.345646e-01 1.665060e-01 6.031021e-02 -2.794922e-01 5.344590e-01 -1.537063e-01 -8.875560e-01 -2.369478e-01 -3.728881e-01 -4.199983e-01 7.932501e-02 
-7.588660e+00 -8.845019e+00 -8.421067e+00 5.524292e+00 4.628500e+00 5.129233e+00 1.691489e+00 1.899554e+00 -6.283959e+00 -3.728421e+00 -4.098096e+00 -5.059547e+00 1.137392e+01 -1.014433e+00 -7.870216e-01 -6.917541e-01 2.150539e-01 5.930571e-01 6.943322e-02 8.441440e-01 9.247729e-01 1.988359e-01 3.812622e-03 -6.368809e-01 6.553499e-01 -5.022786e-01 2.427284e-01 7.693776e-01 6.693902e-01 -4.373155e-02 -2.246832e-01 -1.584015e-01 4.876899e-01 -5.951748e-01 -5.401030e-01 -3.311846e-02 -7.402530e-02 -4.712723e-01 5.291418e-02 
-9.092393e+00 -7.914611e+00 -8.053911e+00 5.315761e+00 4.109052e+00 9.875125e+00 1.091798e+01 4.252970e+00 -5.244646e+00 -1.821498e+00 -7.731685e-02 -9.087597e-01 1.110200e+01 -7.828850e-01 2.668895e-01 8.884771e-02 2.137727e-01 6.278305e-02 -2.778614e-01 1.445908e+00 4.086025e-01 -6.248429e-01 -1.692515e-01 -1.088974e-01 4.776085e-01 -4.098255e-01 4.255575e-01 9.199539e-01 5.821816e-01 -1.571578e-01 -3.327208e-01 -4.879175e-01 -5.173694e-01 -5.776852e-01 -3.899566e-01 -8.036803e-02 -1.520884e-02 -2.632492e-01 5.225981e-02 
-8.063423e+00 -6.563214e+00 -5.588593e+00 6.669643e+00 5.130341e+00 7.338808e+00 8.207613e+00 -8.020851e-01 -5.388369e+00 -1.242406e+00 -6.313847e+00 -6.435712e+00 1.063093e+01 -1.846102e-01 1.166406e+00 2.914846e-01 -7.611378e-01 -7.824618e-01 -8.054682e-01 1.336688e-01 -6.193522e-01 -3.162769e-01 4.502864e-02 -2.133028e-01 2.530081e-01 -4.437565e-01 3.007082e-01 7.012322e-01 2.120748e-01 -1.620445e-01 -2.573063e-01 -3.811810e-01 -9.121747e-01 -8.363191e-02 2.450020e-02 1.675608e-02 3.392065e-01 1.247819e-01 7.539883e-02 
-9.186967e+00 -6.126569e+00 -8.449991e+00 2.814954e+00 2.422679e+00 5.347061e+00 8.334935e+00 2.813574e-03 -1.029159e+01 -5.945280e+00 -2.860168e+00 -3.213004e+00 9.838099e+00 2.445693e-01 1.893186e+00 2.766705e-01 -6.018773e-01 -6.481967e-01 -2.191739e+00 -2.375938e+00 -1.691325e-01 -9.438616e-01 -4.312214e-01 -1.328892e-01 5.520983e-01 -3.367615e-01 1.059321e-01 4.105686e-01 1.964663e-01 5.954115e-02 7.316175e-02 -8.489524e-02 -9.341306e-01 6.132358e-02 5.140616e-01 2.185730e-01 3.022155e-01 2.970800e-02 8.857698e-02 
-8.464418e+00 -3.906960e+00 -6.765323e+00 2.969188e+00 1.559133e+00 3.365746e+00 3.651326e+00 9.283255e-01 -5.341712e+00 -1.441418e+00 -3.773029e+00 -2.642080e+00 9.786949e+00 -2.448320e-02 1.905949e+00 2.747658e-01 -1.875179e-01 -3.378833e-01 -8.795077e-01 -1.805895e+00 7.955345e-01 4.809215e-01 2.186322e-01 1.071082e+00 1.241896e+00 -1.617862e-01 -2.039546e-01 5.964228e-02 2.564357e-01 1.422896e-01 2.403259e-01 3.313771e-01 -2.601821e-02 1.024995e-01 5.801863e-01 3.030972e-01 3.473828e-01 -1.632622e-01 8.643212e-02 
-7.669237e+00 2.233912e-01 -6.081775e+00 4.156639e+00 2.653423e+00 9.028739e-01 1.316223e+00 2.542014e+00 -9.986983e+00 -3.877842e+00 -2.012006e+00 -4.537832e-02 9.840067e+00 -3.333228e-01 1.949914e+00 1.079494e+00 2.247915e-01 2.063629e-01 -6.655082e-01 -2.254908e+00 7.728375e-03 1.546826e+00 8.368725e-01 7.599340e-01 1.316592e-01 -1.078749e-01 -3.582468e-01 -2.885814e-01 3.494813e-01 -1.477101e-01 8.436566e-02 6.611561e-01 7.736180e-01 -1.416604e-01 6.341285e-01 3.801402e-01 9.797329e-02 -1.873573e-01 5.718572e-02 
-8.944478e+00 -2.081759e-01 -5.399112e+00 5.061588e+00 3.325110e+00 5.163034e+00 2.687387e+00 1.906362e+00 -3.135986e+00 -1.183029e+00 -1.382564e+00 -1.809736e+00 9.821050e+00 -9.154545e-01 1.436336e+00 1.172294e+00 -4.629887e-01 -8.275006e-03 8.821572e-02 -5.696150e-02 -1.952934e-01 1.339303e+00 9.265335e-01 1.077204e+00 -3.530900e-01 -1.260818e-01 -2.638596e-01 -3.511928e-01 3.651762e-01 -2.871988e-01 -1.076542e-01 3.678147e-01 7.796834e-01 -1.365062e-01 -5.217431e-02 -4.024979e-03 -1.822951e-01 1.047636e-01 3.110206e-02 
-1.061353e+01 1.773225e+00 -3.735694e+00 2.892464e+00 2.571617e+00 1.120702e+00 -2.458088e+00 -4.470543e-01 -3.659933e+00 -1.890010e+00 -2.556980e-01 -2.970820e+00 9.281566e+00 -1.101182e+00 6.851637e-01 1.575346e+00 -1.202788e+00 -3.912433e-01 6.300002e-01 6.177898e-01 -3.818667e-01 1.797553e+00 1.115566e+00 3.540601e-01 4.128137e-01 -6.868280e-02 -2.084233e-02 -3.516754e-01 7.250644e-02 -4.149113e-03 -1.399007e-01 2.680713e-01 6.883509e-01 3.663498e-01 -2.194014e-01 -1.798110e-02 -3.779252e-02 5.863528e-01 3.599161e-02 
-1.156948e+01 2.499273e+00 -2.076998e+00 1.286376e+00 1.558766e+00 3.697913e+00 5.253939e+00 1.446768e+00 -1.808153e+00 2.197232e+00 7.346972e-01 -2.944591e+00 9.435891e+00 -9.598074e-01 7.823576e-01 1.852688e+00 -9.096358e-01 -5.772717e-01 3.117882e-01 6.562854e-01 3.077182e-01 9.458687e-02 5.916293e-02 3.626641e-01 1.625171e+00 -2.594391e-02 1.686681e-01 -2.380032e-01 -2.437274e-01 4.818624e-01 -8.341045e-02 -1.735969e-01 -1.308852e-01 5.564193e-01 -2.229808e-01 3.119345e-02 8.858436e-03 5.074294e-01 3.582802e-02 
-1.186304e+01 2.295337e+00 1.336121e-01 3.007096e-02 1.580777e+00 4.785383e+00 3.122448e+00 8.626691e-01 -1.663357e+00 1.006177e-02 -1.300315e+00 2.586295e+00 9.689239e+00 -4.155061e-01 5.185725e-01 1.101821e+00 4.273587e-01 -2.086747e-01 5.629891e-01 8.301316e-01 1.587884e+00 1.072130e+00 1.180735e+00 9.282070e-01 2.074372e+00 2.199695e-02 1.808982e-01 -1.391956e-01 -6.029385e-01 6.941090e-01 -7.865585e-02 -5.940757e-01 -5.179709e-01 6.432883e-01 7.574213e-02 3.065097e-01 7.720290e-02 -2.086301e-01 2.350418e-02 
-1.311861e+01 3.442374e+00 1.929254e+00 1.944629e+00 9.340340e-01 4.889706e+00 3.178120e+00 2.790049e+00 -3.661006e+00 -1.837158e+00 9.528933e-01 3.537108e+00 9.487698e+00 -4.150169e-01 3.295738e-01 1.905365e-01 1.131283e+00 -5.164599e-01 -7.463336e-01 -8.174810e-01 1.601982e+00 5.872610e-01 1.049858e+00 8.343083e-01 1.353227e+00 7.750650e-03 1.472088e-01 -1.549289e-01 -5.779045e-01 4.160003e-01 -5.121100e-02 -5.000108e-01 -4.655875e-01 1.517832e-01 4.238231e-01 3.562092e-01 -1.288525e-01 -8.388669e-01 3.844548e-02 
-1.191676e+01 3.894674e+00 -2.300024e-01 4.700002e+00 1.840501e+00 3.339874e+00 2.730687e+00 6.820865e+00 2.627432e+00 6.030979e+00 4.276126e+00 4.160054e+00 9.365724e+00 -4.689905e-01 2.156452e-01 -6.082656e-01 1.247493e+00 -8.147972e-01 -1.811363e+00 -1.235082e+00 2.187550e+00 1.929955e+00 2.152872e+00 5.041326e-01 -4.943136e-01 3.198709e-02 6.205079e-02 -8.572172e-02 -1.761051e-01 -3.553272e-02 8.003473e-02 -9.830303e-02 -1.444698e-01 -5.321079e-01 -7.653935e-02 -2.883536e-01 -2.443095e-01 -7.118579e-01 4.635237e-02 
-1.361759e+01 3.348022e+00 -9.427693e-01 4.607933e+00 -1.153297e+00 6.888018e-01 1.362100e+00 6.477993e+00 -1.017138e+00 4.436276e+00 2.118264e+00 3.034817e+00 9.636559e+00 -1.971660e-01 1.592954e-01 -1.818286e-01 7.603581e-01 -5.301658e-01 -1.001049e+00 -6.391693e-01 7.670237e-01 1.784870e+00 1.354123e+00 -6.951792e-02 -1.284940e+00 1.612678e-01 1.525311e-01 -8.588258e-02 1.974175e-01 -2.652086e-01 3.208716e-01 6.259804e-01 3.930990e-01 -7.957844e-01 -3.113354e-01 -5.418825e-01 -3.888049e-02 -2.680578e-01 1.277989e-02 
-1.395881e+01 3.420796e+00 -1.471663e+00 4.936076e+00 -1.449339e+00 -2.170918e+00 -2.144679e+00 9.956322e+00 6.664023e+00 7.637753e+00 6.377794e-01 3.659846e-01 9.774708e+00 -2.141244e-01 1.751792e-01 4.073527e-01 4.351743e-01 1.982458e-01 1.988508e-01 1.864391e-02 -6.549123e-01 9.082387e-02 -4.130950e-01 1.586517e-01 -1.659768e-01 1.769919e-01 1.442645e-01 -2.906257e-02 2.873068e-01 -3.413329e-01 3.792449e-01 7.875574e-01 5.077410e-01 -9.412032e-01 -8.056065e-01 -6.435128e-01 6.816944e-02 3.687125e-01 -5.638268e-02 
-1.308305e+01 4.475597e+00 1.640900e+00 5.628165e+00 -7.184695e-02 2.639654e+00 2.419855e+00 5.056896e+00 3.244692e+00 4.130255e+00 2.424472e+00 -9.905077e-01 1.008948e+01 2.204361e-01 -7.962387e-02 6.696697e-01 2.114664e-01 5.812141e-01 1.378514e+00 5.212428e-01 -9.555287e-01 -4.980081e-02 -3.765184e-01 8.126330e-01 -1.512727e-01 -8.798871e-04 -6.856945e-03 -7.079279e-02 1.906577e-02 -4.089868e-01 1.823292e-01 2.525603e-01 2.758505e-01 -3.316141e-01 -3.831118e-01 -4.326835e-01 -1.526890e-01 4.198298e-01 -1.276538e-01 
-1.325480e+01 4.206502e+00 5.149351e-01 6.365502e+00 2.291350e+00 3.358652e+00 2.294595e+00 4.256375e+00 9.504795e-01 4.118510e+00 4.916570e+00 5.342996e+00 1.002434e+01 4.351370e-02 1.898340e-01 4.024852e-01 -1.848272e-01 5.257249e-01 9.368216e-01 7.234218e-01 -1.657176e+00 -1.180652e+00 -1.992464e-01 4.038637e-01 7.825158e-01 -1.688207e-01 -1.571857e-01 -1.400965e-01 -1.263395e-01 -3.852048e-01 -7.879708e-02 -2.746023e-01 -1.749651e-02 2.123599e-01 6.355961e-02 -2.711163e-01 -2.297702e-01 2.342292e-01 -1.156753e-01 
-1.286742e+01 2.556816e+00 1.412461e+00 4.950240e+00 -1.173354e-01 4.816680e+00 1.748706e+00 4.549640e+00 1.590800e+00 4.313607e+00 4.041952e+00 -2.097486e-01 9.507589e+00 -3.602281e-01 -2.019672e-01 -8.405501e-02 -9.747238e-01 2.178067e-01 -1.072436e-01 3.875860e-01 -3.901693e-01 5.050325e-01 -9.162109e-01 -9.555572e-01 3.399397e-01 -3.040718e-01 -1.296679e-01 -2.164766e-03 -1.415589e-01 -2.135722e-01 -1.200821e-01 -3.123018e-01 -2.119918e-01 3.478756e-01 1.878967e-01 -2.774599e-01 -2.730254e-01 1.964401e-01 -4.305912e-02 
-1.384911e+01 5.329000e+00 6.548322e-01 4.351007e+00 1.202196e+00 1.424492e+00 1.807986e+00 1.923871e+00 1.587582e+00 6.549715e+00 1.848204e+00 3.888143e+00 9.221454e+00 -7.096701e-01 -4.641449e-01 1.526545e-01 -8.977201e-01 -1.399691e-02 -4.312721e-01 -2.143725e-03 1.239646e-01 1.312413e-01 -1.498738e+00 -1.060846e-01 7.597325e-01 -2.498059e-01 1.433019e-01 6.749284e-02 -2.438719e-02 4.857318e-02 -1.183873e-01 1.748478e-01 -2.846768e-01 3.455012e-01 2.594219e-01 -7.594932e-02 -6.832169e-02 -1.832805e-01 2.143203e-02 
-1.458679e+01 2.904608e+00 1.150670e+00 1.761671e+00 1.561701e+00 3.070719e+00 4.601347e+00 4.272424e+00 5.451491e+00 -1.666856e+00 -8.193930e-01 1.436578e+00 8.970510e+00 -5.138845e-02 2.364454e-01 8.694304e-02 -4.998890e-01 2.508075e-01 5.009462e-01 -1.758360e-01 -1.069414e-01 2.338178e-01 -1.114091e+00 -2.976048e-01 8.423015e-01 -1.756778e-01 3.812799e-01 3.000495e-01 3.506338e-02 3.002936e-01 -7.776143e-02 4.707129e-01 -2.396622e-01 -6.452072e-02 -7.754409e-02 4.920954e-01 7.568634e-02 -2.990522e-01 5.660406e-02 
-1.594374e+01 1.711875e+00 1.408919e+00 3.471238e+00 1.381948e+00 2.075472e+00 8.579649e-01 5.015557e+00 -3.242618e-01 -3.850253e-01 6.816683e+00 8.318274e+00 9.043738e+00 6.054257e-01 3.080172e-01 1.949808e-01 -1.793178e-01 -8.265975e-02 1.506840e+00 -4.183584e-01 -7.122456e-02 2.520754e-01 -4.800979e-01 -2.667465e-01 -3.852450e-01 -1.259045e-01 4.136671e-01 3.428414e-01 -1.820433e-02 2.798237e-01 -6.326225e-02 4.193427e-01 -1.628166e-01 -1.986465e-01 -3.251901e-02 7.216496e-01 -9.805961e-02 -4.110606e-01 4.262613e-02 
-1.207678e+01 5.547745e+00 1.470013e+00 2.890497e+00 1.046654e+00 6.996209e+00 1.344574e+00 2.469548e+00 3.716084e+00 2.210608e+00 6.989345e-02 1.786739e+00 8.718256e+00 8.886645e-01 9.121701e-01 7.001253e-02 1.676473e-01 -1.365521e-01 1.277209e+00 -6.026754e-01 -6.151225e-01 5.695688e-02 1.034968e+00 -4.968188e-01 -5.830227e-01 -8.304733e-02 2.163430e-01 1.955470e-01 -1.586954e-02 1.681892e-01 -8.284555e-02 1.322583e-01 -1.038163e-01 -1.560228e-01 -5.487456e-02 5.813446e-01 -6.284886e-02 -3.048538e-01 2.281346e-02 
