-1.517316e+01 9.620852e-01 2.247191e-02 4.396821e+00 -8.155986e-01 -1.668757e+00 -1.647235e+00 -2.438100e-01 2.221373e+00 5.085680e+00 1.776052e+00 -2.104444e+00 6.916741e+00 -1.629341e-01 4.017916e-02 -6.053367e-01 -6.909995e-01 8.313376e-02 9.640805e-01 9.207762e-01 1.619238e-01 -2.583926e-01 -5.840546e-01 7.612114e-03 5.471306e-01 1.146755e-01 9.619214e-02 1.381916e-01 7.291308e-02 -3.478625e-02 -3.612465e-03 -4.041367e-01 -2.598115e-01 9.195294e-02 -5.707410e-02 -3.758256e-01 -1.958091e-01 -4.868583e-02 -2.807221e-04 
-1.657931e+01 -3.167151e-01 -6.652187e-01 3.165146e+00 -5.911841e-01 1.541077e+00 -2.432783e-01 -1.024761e+00 9.448228e-01 4.031174e+00 3.015423e+00 5.017614e-01 7.164030e+00 1.026974e-01 5.228470e-01 -6.337376e-01 -1.081231e+00 4.501511e-01 3.062789e-01 4.314469e-01 2.458993e-01 -3.440944e-01 -1.508538e+00 -2.198394e-01 6.600689e-01 1.216958e-01 1.751311e-01 1.506056e-01 2.288570e-01 8.662345e-02 -3.855186e-02 -6.063640e-01 -3.881049e-01 1.847426e-01 -1.688252e-01 -2.349188e-01 -9.385113e-02 -8.451190e-02 -3.540857e-03 
-1.528484e+01 1.802559e+00 -2.660177e+00 1.557449e+00 -5.120711e-01 1.546586e+00 2.254971e+00 9.559361e-01 1.568244e+00 2.693054e+00 1.194655e+00 -6.712860e-01 7.366527e+00 1.851926e-01 4.899520e-01 -2.265582e-01 -6.698368e-01 -1.184958e-01 -7.278012e-01 -1.335041e-01 5.796545e-01 -5.008000e-01 -2.001014e+00 -8.575940e-01 2.472129e-01 1.097128e-01 1.360178e-01 5.509357e-03 3.940043e-01 2.706064e-01 7.726050e-02 -4.082921e-01 -3.883347e-01 1.194097e-01 -1.518101e-01 1.510737e-01 1.175970e-01 -1.225851e-01 -8.732925e-03 
-1.460375e+01 3.155800e+00 -1.805017e+00 4.101805e-01 1.283637e+00 -1.744704e+00 -1.440997e+00 3.858818e-01 8.281169e-01 -1.260395e+00 9.675741e-01 4.796605e-01 7.300506e+00 5.386235e-01 5.683746e-01 3.495319e-01 -2.685637e-01 -8.850523e-03 -1.221868e+00 -4.925787e-01 8.766702e-01 -9.811837e-01 -1.050131e+00 -2.887871e-02 2.746229e-01 9.942435e-02 -2.432086e-02 -2.348562e-01 2.804472e-01 3.101360e-01 1.013480e-01 1.971305e-01 -4.994640e-02 1.164786e-02 1.336164e-01 7.603961e-01 2.869388e-01 -1.863512e-01 -1.493926e-02 
-1.523521e+01 1.675302e+00 -5.405533e-01 2.425417e+00 -2.344986e+00 -3.664623e+00 -1.715879e+00 1.948784e+00 -2.243582e-01 -2.273407e+00 -1.487900e+00 -8.570185e-01 7.396855e+00 2.990944e-01 4.493205e-02 8.730056e-01 2.556982e-01 6.988766e-01 -3.133337e-01 -5.589407e-01 4.436713e-01 -6.987894e-01 -5.777843e-02 5.002779e-01 1.269957e-01 8.211553e-02 -1.491726e-01 -1.691984e-01 2.044369e-01 1.922433e-01 1.586316e-01 5.757715e-01 1.972961e-01 -1.037643e-01 3.357084e-01 8.297578e-01 3.175092e-01 -2.057614e-02 -3.008077e-02 
-1.391096e+01 2.588553e+00 2.278435e-02 1.388275e+00 2.814085e-01 -1.962706e+00 -7.207037e-01 2.862003e+00 -3.065192e+00 1.263569e+00 4.212382e+00 1.967646e+00 7.645777e+00 -7.583264e-02 -4.288554e-01 2.185888e-01 6.653348e-03 5.482063e-01 1.084852e+00 3.945106e-01 3.721012e-01 4.230066e-01 1.321813e+00 5.359737e-01 -2.115916e-01 6.087289e-02 -2.874938e-01 -7.039855e-02 6.154637e-02 5.856074e-02 -1.428008e-01 4.148040e-01 1.733225e-01 -1.009952e-01 5.525960e-01 2.079589e-01 -2.424281e-01 -1.308102e-01 -4.751646e-02 
-1.413610e+01 2.310752e+00 7.910856e-01 2.346807e+00 3.483917e+00 8.903741e-02 -8.998537e-01 1.935790e+00 2.051202e-02 1.142130e+00 2.073819e+00 -7.805154e-01 7.604485e+00 -2.532460e-01 1.424912e-01 8.611220e-01 1.537698e-01 3.961563e-01 9.976150e-01 4.095321e-01 3.130559e-01 4.755299e-01 9.618649e-01 4.474100e-01 3.874475e-01 -2.149530e-02 -2.851625e-01 8.694094e-02 7.808311e-02 4.551854e-02 -4.375441e-01 -1.090646e-01 -1.487515e-01 -4.321868e-02 2.316597e-01 -3.428798e-01 -4.933361e-01 3.619440e-02 -4.060980e-02 
-1.553267e+01 6.938491e-01 -1.377592e+00 4.826320e-01 1.110137e+00 1.802365e+00 1.236406e-01 2.252635e+00 2.821029e+00 3.640968e+00 1.866472e+00 -6.164588e-01 7.501137e+00 -6.225896e-01 1.675064e-01 6.632125e-01 7.515091e-02 -5.714265e-01 1.966056e-01 -1.101488e-01 4.369914e-01 1.194538e+00 -5.202879e-01 -1.214632e+00 -5.098032e-01 -8.631259e-02 -1.606994e-01 5.784196e-02 1.018065e-01 9.175240e-02 -3.209490e-01 -4.113142e-01 -4.685276e-01 -1.621979e-01 -2.242656e-01 -6.139714e-01 -4.150271e-01 2.020967e-01 -1.911706e-02 
-1.569080e+01 3.335455e+00 4.465122e+00 3.647310e+00 -7.787837e-01 -5.590680e-01 -9.029283e-02 3.818535e+00 -7.896392e-01 1.347321e+00 1.922137e+00 2.372262e+00 7.362095e+00 -8.531852e-01 1.815149e-01 1.041169e+00 4.489227e-01 -9.289694e-01 -4.146533e-01 -1.050328e+00 1.952039e-01 7.360709e-02 -8.512506e-01 -1.091088e+00 4.570529e-01 -4.727697e-02 1.906641e-02 -2.334325e-01 -4.048188e-01 -1.006567e-01 -6.676667e-02 -2.244072e-01 -1.170419e-01 -3.521891e-01 -2.872344e-01 -1.447369e-01 -1.509883e-01 -7.662592e-02 -7.380572e-03 
-1.624674e+01 2.913763e+00 1.501897e+00 1.114046e+00 -4.447076e-01 -6.554772e-01 -1.675862e+00 4.105395e+00 3.312467e+00 -1.440461e+00 -1.785078e+00 -2.157571e+00 7.335733e+00 -5.795973e-01 -1.591918e-01 6.375769e-01 3.177550e-01 -3.940807e-01 -2.657171e-01 -1.218239e+00 -3.799809e-01 -4.974497e-01 -8.415295e-01 -7.698252e-01 7.642496e-01 -2.173738e-02 2.569841e-01 -2.244352e-01 -5.873461e-01 -1.910728e-01 2.855093e-01 1.185985e-01 5.368716e-01 -5.050550e-01 -4.950705e-01 5.068497e-01 5.484667e-01 5.747806e-02 7.471155e-03 
-1.804502e+01 2.108223e+00 4.557293e+00 4.275826e+00 -3.836104e-01 -7.550343e-01 -5.251782e+00 1.985099e+00 1.431593e-01 -5.736331e-01 -1.555936e+00 2.275358e+00 7.450746e+00 -1.795448e-01 -8.612427e-01 -1.150111e+00 -4.707849e-01 -2.632754e-02 1.068620e-01 3.784603e-01 -1.039499e+00 -1.146558e-01 3.987557e-01 -5.298921e-01 -6.327502e-01 -9.060954e-02 4.035294e-01 -1.258631e-01 -6.583331e-01 -2.795107e-01 3.668804e-01 3.502491e-01 9.517763e-01 -2.082407e-01 9.463057e-03 6.247139e-01 8.765982e-01 -1.010391e-02 2.423067e-02 
-1.725331e+01 5.116980e-01 1.764038e+00 1.757053e+00 -1.057637e+00 5.718700e-01 -3.386714e+00 1.269449e+00 -1.326910e-01 3.940768e-01 -2.438169e-01 3.252898e+00 7.347864e+00 3.253365e-01 -4.333581e-01 -1.177914e+00 -4.203830e-01 4.047108e-01 5.287285e-01 1.859926e+00 -1.471067e+00 -1.186630e+00 1.388879e+00 1.247187e+00 3.225051e-01 -2.730525e-02 4.469167e-01 -1.709787e-02 -5.768595e-01 -2.900617e-01 1.492463e-02 3.024834e-01 6.950746e-01 1.219911e-01 3.509444e-02 3.633696e-01 7.936747e-01 7.668422e-02 5.659053e-02 
-1.608507e+01 2.305699e-01 -1.416648e+00 9.716791e-01 -6.041085e-01 -6.381629e-01 2.657289e+00 3.871835e-02 3.595957e-01 2.423907e+00 -1.498209e+00 -3.496800e+00 6.902743e+00 7.118493e-01 -3.107838e-01 -1.342789e+00 -5.795631e-01 5.060775e-01 9.392577e-01 2.169615e+00 -3.005382e-01 4.656953e-01 1.157089e+00 2.283399e+00 6.273133e-01 7.660818e-02 3.189566e-01 1.095482e-01 -1.671812e-01 -6.336185e-02 -2.805303e-01 1.129741e-01 -1.824141e-01 3.335253e-01 -1.701307e-01 -4.294747e-01 1.269276e-01 2.019695e-01 7.781763e-02 
-1.560039e+01 1.685699e+00 -1.400713e+00 6.644850e-01 1.688993e+00 1.930255e+00 3.669394e+00 -2.276482e+00 -2.729079e+00 4.005287e+00 4.422085e+00 2.341236e+00 7.473142e+00 1.209333e+00 -5.199106e-01 -2.150346e+00 -1.078266e+00 -5.856840e-01 8.305391e-01 1.361646e+00 -1.393862e-01 -6.121150e-01 5.962988e-01 1.791926e+00 5.176734e-01 1.774956e-01 5.869777e-02 1.474736e-01 2.440371e-01 1.206211e-01 -4.013950e-01 -1.902829e-01 -7.056598e-01 4.083390e-01 1.336599e-01 -6.393923e-01 -8.090833e-01 -3.219391e-01 5.080389e-03 
-1.531214e+01 -3.309172e-02 -5.742973e-01 1.924415e+00 7.733189e-01 3.262275e+00 2.068126e+00 2.255966e+00 3.769530e+00 3.406464e+00 7.528171e+00 5.868028e+00 7.771055e+00 9.732932e-01 -2.702592e-01 -1.499741e+00 -4.587212e-01 -9.337525e-01 5.209714e-01 -2.844389e-01 -3.763742e-02 -1.252663e+00 -1.352377e+00 -1.676869e-01 2.795135e-01 1.960148e-01 -2.751899e-01 3.244592e-01 6.173419e-01 2.475994e-01 -1.341549e-01 -4.582823e-01 -8.212771e-01 -6.185171e-02 7.939969e-03 -3.057231e-01 -1.065386e+00 -5.226499e-01 -6.685993e-02 
-1.159255e+01 -1.956491e+00 -9.408669e+00 -4.110789e+00 -4.674902e+00 2.774327e+00 3.715874e+00 -5.360004e-01 -4.898111e+00 2.884160e+00 4.202662e+00 1.159263e+00 7.801383e+00 4.882330e-01 2.838270e-01 1.208298e-01 1.223836e-01 -8.823333e-01 -2.135656e-01 -4.414440e-01 4.392578e-01 3.406551e-01 -5.533752e-01 -1.572782e+00 -1.113164e+00 -6.155977e-02 -5.696406e-01 4.775278e-01 1.067134e+00 4.514387e-01 4.092204e-01 -3.621215e-01 -6.004209e-01 -1.469911e-01 6.167833e-01 3.045350e-01 -3.892407e-01 -1.114345e-01 -7.741311e-02 
-1.322242e+01 7.005030e-01 -4.911653e+00 1.065866e+00 -2.091197e+00 1.544618e+00 1.211777e+00 -1.019764e+00 -4.819176e+00 -3.777126e+00 -2.226870e+00 -1.508145e+00 7.718798e+00 -3.034969e-01 9.097067e-01 6.083539e-01 5.817988e-02 -1.648522e-02 -8.300755e-01 -1.035306e+00 -8.991025e-01 2.897302e-02 2.032638e-01 -1.361310e+00 -1.170486e+00 -1.381785e-01 -4.978897e-01 1.626211e-01 7.284423e-01 1.113523e-01 2.239206e-01 -1.289599e-01 6.694191e-03 -4.903857e-02 7.797536e-01 8.185679e-01 5.456506e-01 4.454596e-01 -1.493926e-02 
-1.420417e+01 2.737850e+00 1.371920e+00 1.705974e+00 -1.290277e+00 1.721696e+00 1.890515e+00 1.557642e+00 3.268756e+00 4.830239e+00 1.435873e+00 4.630848e-01 7.191325e+00 -1.000448e+00 1.277680e+00 2.131315e+00 9.204314e-01 1.001781e+00 -3.045026e-01 -1.265052e+00 -4.435590e-01 1.830979e+00 1.341076e+00 4.424809e-01 6.855454e-01 -4.249586e-02 -1.887392e-01 -2.876444e-01 2.379871e-01 3.892417e-02 -7.477213e-02 1.256080e-01 2.802847e-01 -4.382883e-02 1.233900e-01 1.681900e-01 6.281670e-01 5.758325e-01 9.204148e-02 
-1.552417e+01 2.168108e+00 -2.922943e+00 -6.932548e-01 -1.001240e+00 -3.615277e-01 -2.195459e+00 -3.286321e+00 -1.691881e-01 3.449862e+00 2.105039e+00 3.636308e-01 7.385190e+00 -7.719463e-01 4.605773e-02 1.137209e+00 -3.009723e-01 -7.562228e-01 -7.847285e-02 1.608549e-01 1.585838e-01 1.901119e+00 1.793151e+00 1.552947e+00 1.607363e+00 1.117705e-01 3.080774e-01 -9.204760e-01 1.960402e-01 1.177734e-02 -5.386265e-01 2.362496e-01 3.766005e-01 1.940826e-01 -3.069910e-01 -5.193837e-01 1.323902e-01 7.248685e-02 1.817314e-01 
-1.544439e+01 3.698510e+00 2.536809e-01 1.370886e+00 -2.108935e-01 2.204923e+00 -9.060100e-01 -1.620470e+00 1.931518e+00 5.976110e+00 4.248903e+00 3.651564e+00 7.755658e+00 -2.212809e-01 -7.226586e-01 1.046326e+00 4.965643e-01 -8.861967e-01 3.871892e-02 3.619984e-01 -3.086494e-01 2.151599e-02 -5.072670e-01 1.109630e-01 3.770976e-01 2.736624e-01 5.248843e-01 -1.181740e+00 1.483286e-02 -1.811813e-01 -7.607158e-01 2.793621e-02 -4.780179e-02 -1.590533e-01 -9.202730e-01 -1.232573e+00 -3.495772e-01 -9.306855e-01 2.156610e-01 
-1.646231e+01 4.505651e-01 1.333802e+00 -2.715874e-01 -6.412254e+00 9.102858e-01 3.414521e+00 1.362071e+00 5.355033e+00 4.615911e+00 4.131092e+00 4.934265e+00 7.995248e+00 8.471078e-01 -2.692479e+00 2.131166e+00 3.288986e-01 -1.765566e+00 1.795400e-01 3.430418e-02 3.753934e-03 -6.011996e-01 -1.469386e+00 -5.336286e-01 -6.537910e-01 6.123948e-01 5.196390e-01 -4.771579e-01 -9.227090e-02 1.167744e-01 -3.495830e-02 -1.738294e-01 -3.299707e-01 -1.077537e-01 -3.749207e-01 -1.032676e+00 -3.897496e-01 -1.039563e+00 1.703572e-01 
-1.484165e+01 -1.687279e-02 4.474807e+00 3.978051e+00 -3.015879e+00 1.279001e+00 8.953398e-01 -2.309799e+00 6.142268e-01 1.710497e+00 9.775880e-01 6.314369e-02 8.254902e+00 8.141655e-01 -3.261699e+00 1.708516e+00 -3.003589e-01 -2.297236e+00 -2.937620e-01 -1.440783e+00 -1.161407e+00 -1.519278e+00 -3.190553e+00 -2.620543e-01 -2.837150e+00 7.855435e-01 2.524511e-01 4.259355e-01 -6.816532e-01 8.035880e-02 5.465586e-01 -2.862338e-01 -2.034317e-02 3.154555e-01 5.548589e-01 -1.781896e-01 -2.004913e-01 -2.434185e-01 1.466760e-02 
-1.158971e+01 -9.436745e+00 5.622104e+00 -3.520085e-01 -8.426110e+00 9.988248e-01 -2.924679e+00 -2.922832e+00 -2.516886e+00 -1.764426e+00 1.072720e+00 -1.111179e+00 1.019776e+01 1.308438e+00 -1.070370e+00 3.448233e-01 6.814055e-01 -2.254735e-01 -7.815042e-01 -5.875432e-01 4.598027e-02 7.968305e-01 -2.028482e+00 -2.094248e-01 -1.983460e+00 7.075933e-01 -1.913295e-01 1.428569e+00 -1.229675e+00 1.657193e-01 1.298930e+00 -2.670100e-01 2.484986e-01 6.477054e-01 7.559499e-01 4.962837e-01 -1.844088e-01 7.112508e-01 -2.672254e-01 
-1.380956e+01 -7.666386e+00 6.651921e+00 -9.082112e-02 -1.068984e+01 6.918896e-01 -4.939962e+00 -5.285009e+00 -1.728803e+00 -6.786468e+00 4.467443e+00 -7.511937e+00 1.058222e+01 8.103967e-01 5.958913e-01 -1.468874e+00 7.220951e-01 1.076656e+00 -9.120620e-01 5.712700e-01 1.247403e+00 2.096838e+00 -1.118714e+00 -1.053722e+00 -1.751966e-01 2.994441e-01 -3.449981e-01 1.169184e+00 -1.172365e+00 -8.255880e-02 1.149850e+00 -3.253529e-01 1.306601e-01 6.936544e-01 1.418411e-01 1.167755e+00 -3.067455e-02 1.427772e+00 -4.374528e-01 
-1.043565e+01 -1.076510e+00 1.969314e+00 5.169878e+00 -3.702831e+00 -2.703286e+00 3.394513e+00 3.079897e+00 1.051046e+01 -1.277907e+00 1.339268e+00 -1.195332e+00 1.036946e+01 -1.073790e-01 2.521559e+00 -2.428526e+00 6.462366e-01 3.042176e+00 -8.463057e-01 2.708408e-01 2.037895e+00 1.370589e+00 -2.388842e-02 -1.059923e+00 1.571423e+00 -4.807237e-01 -4.714688e-01 2.438818e-01 -3.303485e-01 -5.615666e-01 4.605699e-02 -1.562845e-01 -6.985366e-01 -2.825381e-01 -1.230025e+00 8.145521e-01 3.345417e-01 8.529440e-01 -3.547420e-01 
-1.136670e+01 -1.217490e+00 -1.043277e+00 4.827907e+00 5.296433e-03 -1.429898e+00 5.918314e-01 9.256176e-01 4.584774e+00 -4.126217e+00 -4.424338e+00 -7.707400e-01 9.666317e+00 -2.027160e-01 7.882580e-01 -2.766646e+00 -6.957023e-01 1.818141e+00 -1.888143e+00 -1.216696e+00 1.310862e+00 -1.096930e+00 1.645908e+00 9.917635e-03 2.524290e+00 -8.075941e-01 -2.099795e-01 -5.718727e-02 6.490220e-01 -2.799869e-01 -7.470176e-01 2.476663e-01 -8.896747e-01 -9.870732e-01 -1.339818e+00 4.447010e-01 6.892399e-01 -9.778238e-02 -7.342850e-02 
-1.334829e+01 -5.305348e-02 -2.672988e+00 4.203237e-01 1.436771e+00 -2.171658e+00 -4.336640e+00 4.161367e+00 1.179083e+00 -3.213707e+00 2.191801e-01 3.375302e+00 8.252103e+00 -5.424675e-01 5.268675e-02 -6.580278e-01 -1.417585e+00 -3.659335e-01 -1.074722e+00 -3.186359e+00 -1.398304e+00 -3.756494e+00 6.619384e-01 9.315692e-01 9.314392e-01 -5.126179e-01 6.018718e-02 -7.222079e-02 1.173247e+00 4.096011e-01 -9.715619e-01 7.661623e-01 -8.115808e-02 -1.098261e+00 -5.221815e-01 1.172651e-02 2.786261e-01 -8.523346e-01 2.332899e-01 
-1.336672e+01 -4.236706e+00 -4.860100e+00 -1.194256e+00 -4.168892e+00 -9.014345e+00 -7.157790e+00 7.283808e-01 -2.547442e+00 2.410964e+00 5.076819e+00 2.824055e+00 7.602852e+00 -2.195257e-02 1.544467e+00 8.908682e-01 3.540485e-01 -9.544490e-01 4.404170e-01 -2.148540e+00 -1.969910e+00 -2.038785e+00 7.619139e-01 1.396728e+00 -3.440922e-01 -5.175547e-02 -4.925235e-02 2.939366e-01 9.002996e-01 8.916863e-01 -2.674370e-01 1.185727e+00 1.001562e+00 -2.726092e-02 7.378470e-01 -3.439765e-02 -3.060118e-01 -8.220626e-01 2.643940e-01 
-1.214778e+01 6.967602e-01 5.879967e-01 1.093035e+00 -3.445126e+00 -4.284789e+00 -8.662096e+00 -3.812730e+00 -4.705865e+00 -1.236792e+00 1.246491e+00 1.664608e+00 8.838132e+00 1.032558e-01 1.782486e+00 1.608963e+00 2.169336e+00 -4.294027e-01 1.820225e+00 3.309266e-01 -1.813052e+00 -7.695771e-01 4.767919e-01 -3.602376e-01 -1.256128e+00 3.078564e-01 1.544001e-02 -6.306820e-01 -1.814446e-01 4.769736e-01 -2.552964e-02 4.522441e-01 1.480230e+00 7.679988e-01 1.420712e+00 3.738137e-02 -5.374444e-01 -1.735471e-01 2.361153e-01 
-1.207687e+01 6.129686e+00 1.780910e+00 6.261720e+00 -2.326186e+00 1.828730e+00 -7.988283e+00 -4.936847e+00 -2.666694e+00 -1.304935e+00 2.045839e+00 -1.635650e+00 9.114349e+00 -7.716672e-01 1.393125e+00 6.013284e-01 1.969262e+00 5.126084e-01 2.592831e+00 2.032570e+00 1.381955e+00 1.098894e+00 1.566445e+00 -8.743686e-01 -4.922882e-01 1.040844e-01 1.628272e-01 -1.851700e+00 -7.943670e-01 -5.294374e-01 -3.367109e-01 -6.107712e-01 8.373845e-01 4.330735e-01 9.475543e-01 -4.580927e-01 -4.817662e-01 3.557036e-01 2.344249e-01 
-1.347699e+01 3.676053e+00 2.051175e+00 7.539039e+00 -1.631402e+00 1.508022e+00 -2.266565e+00 -2.071249e+00 -2.608978e+00 1.027923e+00 -6.621688e-02 -6.755362e-01 9.035729e+00 -9.034955e-02 -3.025055e+00 -1.420443e+00 1.595972e-01 -1.227182e+00 1.103229e-01 2.124345e+00 7.657366e-01 1.778240e+00 4.466476e-01 -6.200459e-01 1.378005e-01 5.900022e-01 3.331384e-01 -1.436969e+00 -7.027733e-01 -7.669446e-01 -4.122825e-01 -9.771979e-01 -2.407015e-01 -2.215701e-01 2.075950e-01 -9.042456e-01 -1.093230e-01 3.875867e-01 2.459440e-01 
-1.656052e+01 1.239055e+00 -2.585191e+00 5.429254e+00 -2.512219e+00 1.053522e+00 -1.924883e-01 6.767092e+00 1.898841e+00 9.110699e+00 1.361652e+00 1.532853e+00 8.024643e+00 8.888439e-01 -5.310317e+00 -1.566334e+00 -1.288360e+00 -2.239102e+00 -1.758420e+00 1.141674e+00 -1.094012e+00 1.425166e+00 -1.513443e+00 -8.822392e-01 7.374082e-01 9.793296e-01 1.495520e-01 -6.720962e-02 8.640647e-02 -1.254222e-01 3.445796e-02 -6.129119e-01 -8.617948e-01 -6.247382e-01 -5.833660e-01 -1.057941e+00 -9.744766e-02 9.597518e-02 8.255086e-02 
-1.035765e+01 -1.198353e+01 -4.331131e+00 2.307683e+00 -9.487869e+00 -3.345489e+00 -1.938431e+00 -5.836073e+00 1.902660e+00 -4.211492e+00 -1.511757e+00 7.690972e-01 1.233308e+01 9.385363e-01 -2.050589e+00 -8.211836e-01 -3.659213e-02 -1.115054e+00 -8.901035e-01 -4.270399e-01 -1.682914e+00 1.052724e-01 -2.504459e+00 -9.028299e-01 6.694391e-02 1.100007e+00 -6.377650e-01 1.770297e+00 6.411386e-01 3.717567e-01 8.989768e-01 2.424197e-01 -6.265392e-01 3.606065e-01 -7.167450e-01 1.122795e-01 1.145434e-01 -7.611715e-02 -3.086171e-01 
-9.191885e+00 -1.259237e+01 -2.859517e+00 2.435923e+00 -9.593223e+00 -4.536240e+00 -2.443560e+00 -8.524757e+00 2.203549e+00 -6.252362e+00 -1.642233e+00 1.329270e+00 1.236224e+01 -5.382800e-01 5.700006e-01 7.338411e-01 1.440297e+00 6.287845e-01 2.845569e-02 -1.000736e+00 -5.175148e-01 -9.812918e-01 -2.247697e+00 -1.220197e+00 2.304243e-02 2.618004e-01 -1.009341e+00 1.880144e+00 4.142078e-01 1.163348e-01 9.953270e-01 4.418767e-01 -1.422794e-01 9.060803e-01 -4.647828e-01 9.101534e-01 3.527618e-01 -2.089068e-01 -4.105989e-01 
-1.246829e+01 3.386961e-01 -1.917809e+00 8.852584e+00 -3.666407e+00 -1.474601e-01 -3.276207e+00 -2.839873e+00 -2.235095e+00 -3.812911e+00 -3.078643e+00 -2.390435e-01 1.236714e+01 -2.565483e+00 2.886406e+00 6.352600e-01 6.542110e-01 1.833779e+00 4.290797e-01 6.280380e-02 2.280398e+00 -6.022804e-01 1.375145e+00 1.216161e-01 1.144849e-01 -5.943809e-01 -4.574165e-01 3.898892e-01 -1.128410e-01 -7.648930e-01 3.002749e-01 4.522920e-02 2.642384e-01 5.056813e-01 1.098614e-02 9.130387e-01 3.443813e-01 -1.551041e-01 -1.452722e-01 
-1.819677e+01 -2.072103e+00 -1.228148e-01 9.357932e+00 -2.279189e+00 -4.032394e-01 -4.526871e+00 2.681425e+00 -9.390227e-01 -2.327084e+00 -3.956334e+00 2.152103e+00 9.316613e+00 -2.405657e+00 1.621889e+00 -2.234939e-01 -1.051992e+00 1.263200e+00 -2.085533e-01 1.853419e-01 1.454718e+00 -5.451099e-01 1.097603e+00 3.693403e-01 -3.308990e-01 -2.265382e-01 1.043265e+00 -5.106416e-01 -7.259467e-01 -1.173121e+00 -5.798279e-01 -1.576696e-01 2.449753e-01 -4.190239e-01 -1.147338e-01 2.903040e-01 1.757860e-01 -6.687101e-01 5.352508e-01 
-1.868251e+01 -2.811519e+00 -2.523014e+00 2.117498e+00 -3.976201e+00 -3.267181e+00 -5.831091e-01 -3.724447e-02 4.627213e-01 7.016730e-01 2.530508e-01 9.301787e-01 1.088410e+01 -4.148862e-01 -6.271006e-01 -9.067600e-01 -2.614861e+00 6.924414e-02 -5.455692e-01 3.010895e-01 -1.406983e-01 -5.791754e-02 3.880536e-01 2.430726e-02 -5.315265e-01 6.178416e-01 2.227090e+00 -1.029298e+00 -7.220234e-01 -9.823607e-01 -8.680958e-01 -1.695901e-01 -1.567554e-01 -7.131630e-01 -7.546481e-01 -6.154529e-01 -3.214497e-01 -1.229038e+00 9.083069e-01 
-1.811345e+01 -2.907585e+00 -3.674060e+00 5.434912e-01 -3.122408e+00 -4.019566e+00 -2.863424e+00 -2.652298e+00 -1.870548e+00 -3.021459e+00 -1.461393e+00 -9.097206e-01 1.197101e+01 3.602668e+00 -2.263575e-01 -2.125010e+00 -2.790808e+00 -1.388063e+00 -2.726389e-01 1.049874e-01 -1.402121e+00 -1.827070e+00 -3.026783e-01 -2.926620e-01 -2.997516e+00 2.332020e+00 2.055678e+00 -8.991215e-01 -5.723861e-01 -5.732899e-01 -4.715941e-01 -5.026001e-02 -2.296338e-01 3.999635e-02 -1.129458e+00 -3.685736e-01 -3.660330e-01 -1.286869e+00 7.502507e-01 
-1.458461e+01 -2.379014e+00 -4.675757e+00 1.855811e-01 -2.898385e+00 -1.067085e+00 -2.602702e+00 -8.765004e-01 -2.058551e+00 -1.525354e+00 -4.204326e+00 -1.365764e+00 1.412919e+01 5.565801e+00 -1.336031e+00 -2.024037e+00 -3.388168e+00 -1.181098e+00 -3.869665e-01 -6.807585e-01 1.429577e-01 -3.734447e+00 -1.001972e+00 -1.154609e+00 -4.697391e+00 2.667908e+00 6.668966e-01 -7.581253e-01 -3.039851e-01 -1.220884e-01 9.629571e-02 2.369691e-02 -1.866651e-01 5.722815e-01 -1.000997e+00 -1.474712e-02 -2.101951e-01 -7.634689e-01 2.243547e-01 
-2.232403e+00 -3.419937e+00 -9.671434e+00 -3.629711e+00 -9.758106e+00 -2.866197e+00 -2.992399e+00 -3.909349e+00 -8.813912e+00 -2.726807e+00 -3.190857e+00 -1.168773e+01 1.935423e+01 4.882390e+00 -2.519249e+00 -2.526808e+00 -3.531808e+00 -4.695998e-01 -5.392442e-01 -4.720014e-01 1.512928e+00 -4.354029e+00 -5.028695e-02 -8.714271e-01 -4.682377e+00 2.499661e+00 -1.216823e+00 -7.380806e-01 2.681272e-01 4.083188e-01 8.257535e-01 2.624409e-01 8.494128e-03 6.453587e-01 1.768721e-01 4.366692e-01 3.494495e-02 6.350622e-01 -4.613121e-01 
1.206032e+00 -9.235464e+00 -9.644252e+00 -1.273686e+01 -6.563822e+00 -5.778540e+00 -3.922625e+00 1.305765e+00 -1.473790e+01 -4.455513e+00 -4.655247e+00 -1.716790e+01 2.053211e+01 2.279675e+00 -3.271455e+00 -2.225758e+00 -2.854807e+00 9.141235e-02 -2.937620e-01 -3.438045e-01 1.263029e+00 -3.799399e+00 1.881025e-01 -7.372299e-01 -3.506364e+00 1.655766e+00 -2.016703e+00 -1.811569e-01 5.387649e-01 1.043687e+00 7.698576e-01 5.116363e-01 1.318856e-01 -2.155625e-01 1.216532e+00 6.698244e-01 2.979998e-01 1.491623e+00 -6.742835e-01 
-1.596339e+00 -1.207586e+01 -1.382382e+01 -1.065460e+01 -3.637817e+00 -4.360342e+00 -4.563501e+00 3.821200e+00 -1.730119e+01 -1.807825e+00 -5.593022e+00 -1.642030e+01 2.126815e+01 -8.383891e-01 -2.949009e+00 -6.834392e-01 -1.015801e+00 2.104397e+00 9.930800e-01 -2.104888e-02 1.264699e+00 -9.101799e-01 1.285604e+00 -3.266088e-01 -4.177921e-01 5.316001e-01 -1.584838e+00 3.687626e-01 7.861192e-01 1.107615e+00 4.404239e-01 4.811217e-01 2.392763e-02 -8.001328e-01 1.512010e+00 4.352656e-01 3.314542e-01 1.477971e+00 -6.048547e-01 
-3.504178e+00 -1.440847e+01 -1.372853e+01 -1.057635e+01 -5.501672e+00 -1.788776e+00 -3.536005e+00 1.573301e+00 -1.681230e+01 -1.044164e+00 -6.689253e+00 -1.653123e+01 2.145105e+01 -1.657338e+00 -2.026825e+00 -2.518201e-01 5.722184e-01 1.381124e+00 1.405041e+00 -2.466795e-01 -8.108327e-01 6.262916e-01 1.679174e+00 6.302410e-02 6.284507e-01 2.805617e-01 -5.759867e-01 7.166975e-01 6.133819e-01 8.255593e-01 1.358605e-01 1.923875e-01 -4.944854e-02 -6.841574e-01 1.097948e+00 2.426202e-01 3.434652e-01 9.912454e-01 -3.413875e-01 
-4.069332e+00 -1.557873e+01 -1.104619e+01 -9.788808e+00 2.328442e-01 1.039907e-01 -3.290982e+00 2.280621e+00 -1.232740e+01 1.995633e+00 -3.806714e+00 -1.409503e+01 2.155253e+01 -1.073033e+00 -1.297632e+00 4.168720e-01 2.927074e-01 1.087694e+00 1.016948e+00 -4.009067e-01 -1.450908e+00 9.931988e-01 1.380585e+00 3.857174e-01 6.400516e-01 1.630312e-01 2.455868e-01 6.614038e-01 2.087269e-01 2.348869e-01 -3.270687e-01 -2.605461e-01 -3.577667e-02 -4.170057e-01 1.826598e-01 -1.425925e-01 1.158666e-01 2.669228e-01 -9.564572e-02 
-5.844214e+00 -1.761816e+01 -1.229222e+01 -1.030865e+01 -1.593412e+00 -9.852357e-01 -5.792310e+00 -1.977961e+00 -1.409326e+01 2.038651e+00 -5.233405e+00 -1.518817e+01 2.179259e+01 -4.830040e-01 -5.136569e-01 2.910111e-01 6.187354e-01 1.279114e+00 6.561835e-01 -4.010096e-01 -7.999780e-01 7.385792e-01 1.353830e+00 6.239015e-01 9.208618e-01 1.331947e-01 4.206253e-01 4.300925e-01 4.882299e-02 -1.901203e-01 -2.138537e-01 -4.254592e-01 9.626980e-02 1.132143e-01 -2.558152e-01 -3.301303e-01 -1.359576e-01 6.273537e-02 -4.097204e-02 
-5.791741e+00 -1.695900e+01 -1.245750e+01 -9.324756e+00 -1.533212e-01 3.227803e-01 -5.439859e+00 -1.657452e+00 -1.369477e+01 3.553791e+00 -4.392529e+00 -1.389144e+01 2.191250e+01 -1.974117e-01 -3.985870e-01 8.884142e-02 1.353674e-01 5.201511e-01 6.461567e-02 -1.228038e-01 -8.256239e-01 -5.305426e-02 7.354261e-01 -2.768620e-02 7.705050e-01 1.270216e-01 2.895569e-01 2.182565e-01 8.012830e-03 -2.173771e-01 -1.896594e-01 -2.946285e-01 1.234604e-01 2.884211e-01 -3.105594e-01 -3.223715e-01 -2.571874e-01 3.513446e-02 -2.430913e-02 
-5.057820e+00 -1.628654e+01 -1.156766e+01 -7.715248e+00 1.087029e+00 1.382887e+00 -4.466846e+00 -4.573722e-01 -1.243562e+01 4.945587e+00 -3.276860e+00 -1.202859e+01 2.193700e+01 7.918760e-03 -3.260430e-01 1.562562e-01 -2.997455e-01 5.957622e-01 -2.461454e-01 9.552179e-02 -5.573554e-01 -1.297860e-01 3.510421e-01 -4.100845e-01 8.769603e-01 9.373543e-02 1.437886e-01 3.853755e-02 -8.597234e-03 -2.224327e-01 -2.828074e-01 -1.142693e-01 -3.458948e-02 1.982128e-01 -2.391918e-01 -3.638560e-01 -2.675019e-01 -1.864784e-01 -2.322241e-02 
-5.449599e+00 -1.823697e+01 -1.096433e+01 -1.040899e+01 1.493169e+00 -7.570019e-01 -4.567811e+00 -2.607986e+00 -1.342146e+01 4.219234e+00 -4.923562e+00 -1.182246e+01 2.211547e+01 1.292187e-01 -3.002774e-01 5.243470e-01 -3.348121e-01 4.810578e-01 -4.959482e-03 -3.185198e-02 -1.300821e-01 -1.255711e-01 2.702412e-01 -3.832133e-01 8.377220e-01 6.117549e-02 7.546986e-02 1.132496e-01 -6.202077e-02 9.120288e-02 -2.616374e-01 1.970885e-01 -1.942861e-01 2.897822e-01 -1.677756e-02 -2.313708e-01 -5.523945e-02 -2.899288e-01 -2.682064e-02 
-5.975398e+00 -1.860917e+01 -1.225754e+01 -1.126537e+01 5.622205e-01 -1.676233e+00 -5.750755e+00 -4.289164e+00 -1.487880e+01 3.461283e+00 -7.018240e+00 -1.183819e+01 2.215956e+01 7.268651e-02 -3.700697e-01 3.024586e-02 -2.584425e-01 -1.152763e-01 1.197507e-01 -6.195410e-01 -1.566823e-01 -4.212584e-01 -2.328471e-01 -5.358546e-01 -4.519821e-02 5.003975e-02 7.443375e-02 2.347136e-01 -7.265415e-02 3.521202e-01 -1.920789e-01 4.124954e-01 -1.539981e-01 3.597617e-01 1.696918e-01 -6.629077e-02 1.685590e-01 -3.228719e-01 -2.476796e-02 
-4.686960e+00 -1.729918e+01 -9.491154e+00 -9.223686e+00 2.514588e+00 1.827943e+00 -4.956892e+00 -3.917376e-01 -1.310105e+01 5.647196e+00 -4.437886e+00 -9.798104e+00 2.210730e+01 1.476440e-01 1.896448e-01 -1.582465e-01 5.707871e-01 -4.324382e-01 8.671765e-01 -7.367290e-01 4.230353e-01 8.763398e-03 -1.294826e-01 -2.409866e-01 -2.179608e-01 1.481691e-02 2.975134e-02 2.092592e-01 -1.738545e-01 2.165326e-01 -1.326961e-01 1.392494e-01 -1.310512e-02 3.455194e-02 2.557680e-01 -2.123051e-01 1.754806e-01 -3.915986e-01 -2.196666e-02 
-5.075902e+00 -1.860585e+01 -1.215318e+01 -9.600072e+00 2.050035e-04 6.895285e-01 -7.369569e+00 -2.349113e+00 -1.470183e+01 3.067651e+00 -6.198865e+00 -1.326624e+01 2.219129e+01 3.709811e-01 6.026454e-01 1.342081e-01 1.008047e+00 9.214822e-02 1.380219e+00 -3.218897e-01 9.650593e-01 6.514725e-01 2.194062e-01 3.616287e-01 -2.096582e-01 -6.909898e-03 9.288086e-03 1.555599e-01 -4.944406e-02 3.827460e-03 5.025541e-02 -1.229997e-01 2.008960e-01 -1.810656e-01 3.775280e-01 -2.646286e-01 2.251872e-01 -1.978410e-01 -2.324656e-02 
-5.160995e+00 -1.729045e+01 -1.180793e+01 -8.387959e+00 -3.879186e-01 2.396167e+00 -7.441906e+00 -1.462880e+00 -1.346602e+01 3.768499e+00 -6.538161e+00 -1.219818e+01 2.217356e+01 1.289395e-01 2.595623e-01 -3.968889e-01 1.147159e-01 -2.861831e-01 6.115482e-02 -2.460621e-01 -5.182304e-01 6.169973e-01 -1.017401e+00 4.537494e-02 -1.037986e+00 -2.022437e-02 -2.606930e-02 1.792340e-02 3.800628e-02 -1.797159e-01 1.907602e-01 -3.522997e-01 3.082795e-01 -2.801914e-01 2.978923e-01 -2.527759e-01 2.601685e-01 -9.990227e-02 -1.860993e-02 
-3.883547e+00 -1.560035e+01 -1.042817e+01 -6.642966e+00 2.474248e+00 4.940581e+00 -6.117981e+00 1.071546e+00 -1.143916e+01 5.497585e+00 -4.160147e+00 -1.168603e+01 2.209190e+01 1.283812e-01 3.727559e-01 -9.763299e-02 -1.134004e-02 6.280524e-02 -9.231628e-02 1.395573e-01 -5.913512e-01 1.162225e+00 -1.112114e+00 4.468535e-01 -6.243338e-01 -4.872946e-02 -1.307816e-01 -1.076407e-01 -1.417059e-02 -2.205643e-01 2.538510e-02 -4.175262e-01 1.520679e-01 -2.603381e-01 8.462171e-03 -1.853636e-01 9.642506e-02 -1.892263e-02 -1.158252e-02 
-4.638741e+00 -1.750421e+01 -1.233784e+01 -1.012860e+01 -1.537128e-01 7.975042e-03 -6.813342e+00 -4.693299e+00 -1.164711e+01 -6.547197e-01 -5.230165e+00 -1.577810e+01 2.205598e+01 1.385709e-01 3.941439e-01 1.477360e-01 1.818844e-01 5.359724e-01 -1.579532e-01 5.738422e-01 -1.996243e-01 1.242955e+00 -7.275521e-01 1.017271e+00 -5.102582e-01 -5.726283e-02 -1.216508e-01 -8.930434e-02 5.362634e-02 2.252138e-03 1.511031e-03 -1.054549e-01 4.870550e-02 9.251615e-02 -1.959362e-01 2.129105e-01 4.137037e-03 2.165967e-01 -4.700017e-03 
-4.695469e+00 -1.663545e+01 -1.237595e+01 -8.786079e+00 1.968125e-01 1.422238e+00 -6.986335e+00 -3.690790e+00 -9.799760e+00 -2.812644e-01 -4.618432e+00 -1.459782e+01 2.200652e+01 -2.877237e-01 -2.972018e-03 -2.089197e-01 -1.283993e-01 -1.920832e-01 -5.978401e-01 2.843964e-02 -4.959244e-01 3.808582e-01 -8.524100e-01 3.577332e-01 -5.680353e-01 -4.636917e-02 -1.411427e-01 -1.630483e-01 -5.289074e-02 -6.160335e-02 -1.733639e-01 -1.112052e-01 -1.361902e-01 1.136625e-02 -4.766629e-01 2.208253e-01 -2.774432e-01 1.477004e-01 6.610948e-04 
-4.062595e+00 -1.480230e+01 -1.009542e+01 -6.406775e+00 3.430653e+00 3.365374e+00 -4.138713e+00 -7.989026e-02 -8.070814e+00 3.020446e+00 -1.222531e+00 -1.329345e+01 2.193000e+01 -2.712526e-01 7.802585e-04 -7.304378e-02 1.845426e-01 -1.511502e-01 -2.132076e-01 5.302957e-02 -1.036012e-01 2.810843e-02 -8.275001e-02 1.106450e-01 1.690078e-02 -4.485615e-02 -1.167293e-01 -1.809860e-01 -1.236210e-01 -1.553900e-01 -2.273029e-01 -1.316462e-01 -2.507735e-01 -1.500418e-01 -4.470280e-01 4.837631e-02 -4.381330e-01 1.213290e-01 9.991829e-04 
-5.610210e+00 -1.696607e+01 -1.259404e+01 -9.145801e+00 -2.782570e-01 2.724115e-01 -7.312930e+00 -3.714778e+00 -1.132330e+01 -6.018040e-01 -4.375446e+00 -1.576875e+01 2.192323e+01 -3.725918e-01 -2.457443e-01 -2.517453e-01 -3.207037e-01 -4.604014e-01 -6.207533e-01 -2.810436e-01 -5.827628e-01 -6.136280e-01 -3.303255e-01 -4.870412e-01 -1.492652e-01 -5.163443e-02 2.683727e-02 9.837189e-03 4.467964e-02 3.937365e-03 9.825261e-02 7.771652e-02 -3.336399e-02 5.637652e-02 -6.830143e-02 1.227286e-01 -1.413184e-01 2.017151e-01 -2.478295e-03 
-5.537173e+00 -1.733495e+01 -1.259404e+01 -9.026257e+00 -6.714720e-01 -4.835148e-01 -6.384860e+00 -5.199051e+00 -1.074487e+01 -9.082582e-01 -4.798682e+00 -1.510784e+01 2.187331e+01 -4.027423e-01 -3.893314e-01 -4.490569e-01 -4.988996e-01 -4.663804e-01 -8.047754e-01 -5.252967e-01 -9.063788e-01 -4.950721e-01 -7.467266e-01 -7.509040e-01 -1.128702e-01 -4.957674e-02 9.140012e-02 9.707718e-02 1.098366e-01 9.131278e-02 2.416038e-01 1.306448e-01 8.313409e-02 1.723519e-01 1.865764e-01 3.851205e-02 9.717152e-02 1.449869e-01 -5.303745e-03 
-5.821168e+00 -1.659803e+01 -1.238533e+01 -9.079870e+00 -5.423412e-02 2.428985e-01 -7.268604e+00 -4.044950e+00 -1.153125e+01 3.128076e-02 -5.265802e+00 -1.443674e+01 2.177649e+01 -8.783700e-02 2.411761e-01 2.025198e-01 2.330020e-01 4.568659e-01 8.657422e-02 1.508748e-01 1.874505e-01 3.009923e-01 9.321048e-02 8.194527e-02 5.055038e-01 -5.641554e-02 1.377662e-01 7.395744e-02 1.632234e-01 1.352020e-01 2.550530e-01 9.584899e-02 1.811349e-01 2.693188e-01 2.436269e-01 4.330772e-02 1.684912e-01 1.329460e-01 -5.738430e-03 
-5.970789e+00 -1.693322e+01 -1.244501e+01 -8.934605e+00 9.863757e-01 -6.436719e-01 -6.787485e+00 -4.446420e+00 -1.044185e+01 -1.029698e+00 -4.531840e+00 -1.452387e+01 2.175526e+01 4.323393e-02 2.426770e-01 2.490076e-01 3.642720e-01 5.982458e-01 8.621620e-02 2.526298e-01 3.730555e-01 5.037370e-01 -1.019246e-01 3.120998e-01 4.144025e-01 -6.894325e-02 1.620501e-01 -2.125487e-02 2.290037e-01 8.189748e-02 7.562383e-02 5.605831e-02 1.571996e-01 3.617330e-01 4.244878e-02 9.824343e-02 3.620034e-02 1.585542e-01 -1.056826e-02 
-5.832514e+00 -1.596133e+01 -1.165608e+01 -8.026789e+00 1.177108e+00 7.855442e-01 -6.356848e+00 -3.153719e+00 -9.969514e+00 -7.493130e-02 -4.098885e+00 -1.353358e+01 2.169997e+01 9.320560e-02 -1.920868e-01 2.152255e-01 -7.615715e-02 2.824637e-01 -5.869802e-01 2.356535e-01 1.242302e-01 1.051644e-01 -4.361871e-01 -1.760345e-01 2.517623e-01 -7.063782e-02 1.390613e-01 -2.161782e-01 2.297737e-01 -1.017191e-01 -1.413776e-01 -1.514156e-01 6.276033e-02 2.235575e-01 -1.205651e-01 -3.470957e-02 -2.192882e-01 1.424431e-01 -1.754737e-02 
-5.315224e+00 -1.643958e+01 -1.171357e+01 -7.731549e+00 1.704267e+00 -3.237511e-01 -5.577146e+00 -3.779413e+00 -9.007008e+00 -1.364704e+00 -3.821440e+00 -1.348768e+01 2.156676e+01 3.171010e-01 -2.791396e-01 6.895955e-01 6.513187e-02 -1.031859e-03 -1.876689e-01 2.182657e-01 9.339263e-01 -1.847950e-01 9.109747e-03 -4.409308e-01 8.066725e-01 -9.533012e-02 9.178866e-02 -1.944821e-01 2.077003e-01 -7.405939e-02 -3.754218e-01 -4.052221e-02 -6.855851e-02 2.307385e-01 -1.210438e-01 -1.193160e-01 -2.595285e-01 6.184502e-02 -2.121804e-02 
-5.682539e+00 -1.780530e+01 -1.167514e+01 -1.006231e+01 9.993001e-01 -2.852031e+00 -6.695447e+00 -3.757091e+00 -1.172307e+01 -1.982180e+00 -6.501345e+00 -1.369636e+01 2.151731e+01 4.706452e-01 -5.788214e-01 1.131080e+00 -1.261501e-01 4.955950e-02 -5.335159e-01 4.819643e-01 1.024940e+00 4.237405e-02 -1.357255e-01 -6.380131e-01 1.021517e+00 -1.309161e-01 4.548731e-02 7.673273e-03 2.099288e-02 1.437747e-01 -5.290911e-01 1.367729e-01 -1.266927e-01 2.195681e-01 6.655707e-02 -2.742589e-01 -8.645452e-02 -1.294959e-01 -2.155612e-02 
-4.460402e+00 -1.740689e+01 -8.987494e+00 -7.590993e+00 1.070188e+00 2.366024e-01 -5.526971e+00 5.244806e-01 -1.048939e+01 -3.077144e-02 -5.535295e+00 -1.040928e+01 2.136987e+01 3.133322e-01 -5.362956e-01 8.295074e-01 1.892157e-02 -1.162426e+00 -1.430357e-01 -2.133442e-01 1.076589e+00 -7.012977e-02 -8.487534e-01 -7.546406e-01 3.386554e-01 -1.449568e-01 -8.558109e-02 2.231538e-01 -3.145451e-01 2.607515e-01 -6.806967e-01 1.012216e-01 -1.425402e-02 -6.757773e-02 1.988046e-01 -5.165375e-01 7.074049e-02 -3.991030e-01 -9.433250e-03 
-3.906239e+00 -1.837171e+01 -7.363719e+00 -8.727757e+00 1.741474e+00 -2.162214e+00 -3.972491e+00 -1.811740e-01 -9.016344e+00 -1.420665e+00 -6.432131e+00 -9.964711e+00 2.114380e+01 3.225448e-01 -2.523552e-02 2.502035e-01 6.658658e-01 -1.782400e+00 7.452089e-02 -1.819637e-01 1.150903e+00 3.806420e-01 -1.378419e+00 -4.514249e-01 -1.617760e-01 -1.536112e-01 -1.828463e-01 4.032144e-01 -4.340789e-01 2.199396e-01 -6.176493e-01 2.969909e-02 2.077893e-01 -1.944419e-01 9.976038e-02 -4.556364e-01 1.476246e-01 -4.283150e-01 7.736796e-03 
-4.636614e+00 -1.883790e+01 -9.721425e+00 -8.304277e+00 -4.479078e+00 -1.383464e+00 -8.005213e+00 -1.845057e-01 -1.071091e+01 -5.888804e+00 -7.629385e+00 -1.365981e+01 2.102903e+01 -3.688824e-02 5.598695e-01 -4.427041e-01 9.728780e-01 -2.488563e+00 1.437358e-02 4.788777e-01 5.330146e-01 6.401249e-01 -1.952230e+00 -1.805660e-01 -5.972650e-01 -1.312187e-01 -1.313644e-01 4.743389e-01 -2.299914e-01 3.815482e-02 -1.837532e-01 -2.081215e-01 6.567780e-01 -2.507165e-01 1.546837e-02 -5.884385e-02 9.557683e-02 -6.081158e-02 1.222854e-02 
-3.981758e+00 -1.721559e+01 -1.005699e+01 -6.376707e+00 -5.138222e+00 -1.668757e+00 -6.365775e+00 2.351920e+00 -9.708941e+00 -5.945146e+00 -7.711263e+00 -1.288033e+01 2.091985e+01 -2.684608e-01 8.891943e-01 -4.030923e-01 4.966666e-01 -2.375606e+00 -4.637020e-01 1.174803e+00 3.245071e-01 1.861109e-01 -1.862065e+00 -1.870056e-01 -6.519713e-01 -9.908238e-02 -4.446032e-02 3.478637e-01 6.032823e-03 -3.024078e-01 8.241958e-02 -3.986382e-01 6.865344e-01 -2.636704e-01 -2.981136e-01 3.193899e-01 -1.668673e-01 2.329198e-01 4.645705e-03 
-4.606832e+00 -1.518573e+01 -9.854215e+00 -3.901766e+00 -7.932633e+00 6.149194e-02 -1.936276e+00 1.923129e+00 -6.942375e+00 -7.529572e+00 -5.798308e+00 -1.193807e+01 2.082560e+01 -4.805509e-02 1.378241e+00 6.179819e-03 2.942409e-01 -1.784607e+00 -9.145681e-01 2.392262e+00 2.362374e-01 1.045159e-01 -9.011046e-01 -4.090511e-01 2.797410e-01 -1.110654e-01 1.319381e-01 1.390458e-01 2.119170e-01 -4.604529e-01 2.832678e-01 -4.464039e-01 4.109908e-01 -1.449729e-01 -4.886735e-01 5.909883e-01 -2.228847e-01 2.624286e-01 -9.505698e-03 
-5.263460e+00 -1.575173e+01 -9.313061e+00 -8.445195e+00 -8.409661e+00 -5.203233e+00 -1.132872e+00 3.875476e-01 -9.969938e+00 -9.910777e+00 -8.282646e+00 -1.408610e+01 2.075024e+01 1.060475e-01 1.304947e+00 5.588142e-02 -5.069762e-01 -1.722242e+00 -1.454223e+00 2.294005e+00 -1.902921e-02 -8.419859e-01 -3.070484e-01 -1.171463e+00 5.643045e-01 -1.404783e-01 2.112008e-01 -1.835067e-02 2.242737e-01 -2.610098e-01 2.851179e-01 -2.260441e-01 5.085736e-03 -1.509805e-01 -2.730914e-01 5.148035e-01 6.919249e-03 7.430995e-02 -1.863408e-02 
-4.235971e+00 -1.267887e+01 -1.006262e+01 -5.798545e+00 -1.176609e+01 -4.189167e+00 1.339213e+00 1.978436e+00 -1.005821e+01 -8.411627e+00 -9.388891e+00 -1.165840e+01 2.055848e+01 4.354697e-01 1.047165e+00 3.874995e-01 -8.274835e-01 -1.399009e+00 -1.722380e+00 1.974336e+00 -1.998347e-02 -1.289299e+00 2.251140e-01 -8.028180e-01 1.067510e-01 -1.580897e-01 6.653338e-02 -1.703373e-01 1.303333e-01 -7.977451e-02 2.197222e-01 -1.425173e-01 -5.215683e-01 -1.841632e-01 -7.126057e-02 7.438207e-02 2.489039e-01 -3.408061e-01 -1.003698e-02 
-3.637134e+00 -1.194403e+01 -9.673309e+00 -7.963031e+00 -1.183267e+01 -6.814643e+00 3.466234e+00 2.229313e+00 -1.236135e+01 -7.039626e+00 -1.177338e+01 -1.019847e+01 2.035108e+01 5.458819e-01 9.631141e-01 5.275608e-01 -2.476055e-01 -1.142925e+00 -1.190005e+00 1.409282e+00 -3.022081e-01 -4.825357e-01 1.487723e-01 4.442094e-02 -1.940766e-01 -1.686808e-01 -3.597714e-02 -9.892807e-02 1.399767e-01 2.802049e-01 1.715827e-01 -2.301935e-02 -7.493945e-01 -4.920053e-03 1.966722e-01 -1.709766e-01 4.622182e-01 -4.948794e-01 -1.343285e-03 
-3.242874e+00 -1.185337e+01 -7.736465e+00 -8.280369e+00 -1.321597e+01 -7.744893e+00 5.635734e+00 9.022957e-01 -1.219372e+01 -7.839832e+00 -8.066757e+00 -1.334785e+01 2.023467e+01 6.459054e-02 6.975780e-01 4.219542e-01 -2.342127e-01 -9.755134e-01 -1.759137e+00 2.268053e-01 -5.430414e-01 -4.316334e-01 -7.569828e-01 2.275905e-01 -1.045037e+00 -1.471355e-01 -9.814398e-02 -3.025221e-02 1.862135e-01 3.225554e-01 -1.136887e-02 -1.651409e-01 -9.033465e-01 1.577083e-01 9.057834e-02 -3.066589e-01 1.290312e-01 -4.157653e-01 -1.415732e-03 
-3.030852e+00 -1.134892e+01 -7.838322e+00 -8.442298e+00 -1.339926e+01 -9.375585e+00 3.765125e+00 -5.856428e-01 -1.131524e+01 -9.453190e+00 -8.721492e+00 -1.421148e+01 2.006880e+01 1.114913e-01 9.851274e-01 7.385496e-01 5.973682e-01 -1.075960e+00 -1.551008e+00 -5.792094e-01 2.179870e-01 -2.874642e-01 -6.708308e-01 6.244580e-01 -1.334036e+00 -1.527034e-01 -3.668947e-02 3.289998e-02 3.333941e-01 2.134552e-01 -1.411997e-01 -3.342932e-01 -7.915207e-01 2.207884e-01 -7.835381e-02 -3.324307e-01 -8.679382e-02 -2.752168e-01 -1.146178e-02 
-4.216116e+00 -9.488729e+00 -8.870639e+00 -6.729908e+00 -1.586038e+01 -1.170475e+01 2.323922e+00 6.710755e-01 -1.273905e+01 -1.099003e+01 -9.777078e+00 -1.487706e+01 1.996405e+01 1.620213e-01 8.848166e-01 1.213069e+00 3.628407e-01 -1.489246e+00 -2.367531e+00 -1.548299e+00 5.084422e-01 -9.339559e-01 -8.984290e-01 -4.475294e-01 -1.402163e+00 -1.732198e-01 2.062145e-01 8.244228e-02 3.276007e-01 2.676389e-01 2.353417e-01 3.263722e-02 -7.681597e-01 6.961207e-02 9.549573e-02 -6.344457e-02 1.122362e-01 1.217530e-01 -2.655500e-02 
-2.592982e+00 -8.200779e+00 -5.413439e+00 -5.751089e+00 -1.589054e+01 -1.258935e+01 2.226344e+00 3.434723e+00 -1.352586e+01 -8.818583e+00 -7.796087e+00 -1.610408e+01 1.972283e+01 3.136114e-01 1.033907e+00 1.799025e+00 5.211008e-01 -1.592084e+00 -2.557282e+00 -1.660755e+00 2.760780e-01 -6.230304e-01 -1.442810e+00 -5.201341e-02 -1.391586e+00 -2.128606e-01 3.204460e-01 4.821823e-02 -2.509730e-02 3.054467e-01 7.402196e-01 4.919508e-01 -8.358297e-01 -4.397221e-01 4.416282e-01 1.323199e-01 2.306838e-01 4.784450e-01 -3.314772e-02 
-2.651483e+00 -9.002993e+00 -2.883575e+00 -7.811608e+00 -1.941694e+01 -1.797567e+01 -1.336032e+00 1.434702e+00 -1.575770e+01 -1.264907e+01 -1.076757e+01 -1.941242e+01 1.954156e+01 9.945102e-01 1.085313e+00 1.529739e+00 1.142077e+00 4.591655e-01 -1.092981e+00 -3.073184e+00 -2.239582e-01 2.136695e-01 -6.883110e-01 1.126982e+00 -4.074423e-01 -2.498386e-01 3.074946e-01 2.296455e-01 -3.966421e-01 4.677048e-01 1.075133e+00 9.233522e-01 -5.548863e-01 -6.119720e-01 8.694417e-01 3.669567e-01 2.751313e-01 6.967508e-01 -4.237269e-02 
-2.245167e+00 -6.422519e+00 -1.836573e+00 -5.295732e+00 -1.958182e+01 -1.902633e+01 -2.708591e+00 4.125354e-01 -1.292111e+01 -1.583733e+01 -8.486753e+00 -1.890197e+01 1.921565e+01 1.297551e+00 1.125838e+00 4.547648e-01 1.734939e+00 1.651006e+00 2.714317e-01 -3.995872e+00 -1.614326e+00 1.346921e+00 -1.144104e-01 9.905587e-01 5.607787e-01 -2.800987e-01 2.295184e-02 2.951894e-01 -3.767687e-01 5.030580e-01 8.910781e-01 8.776853e-01 -6.947763e-02 -7.667153e-01 7.340610e-01 6.318489e-01 -1.833570e-01 5.681586e-01 -6.188520e-02 
5.827315e-01 -4.951587e+00 -3.010428e+00 -1.247146e+00 -1.171870e+01 -1.395089e+01 -1.057457e+01 1.062217e+00 -1.197304e+01 -1.092189e+01 -3.796995e+00 -1.551501e+01 1.896859e+01 1.207518e+00 1.987110e+00 -9.793195e-02 2.094398e+00 2.264817e+00 8.349547e-01 -3.155184e+00 -1.606096e+00 2.428190e+00 2.721141e-01 4.067056e-01 1.105453e+00 -3.514522e-01 -6.334911e-01 2.656349e-01 6.238971e-02 4.137042e-01 2.743016e-01 6.094341e-01 9.344662e-01 -7.852545e-01 1.623375e-01 3.703487e-01 -6.268484e-01 1.557984e-01 -1.117290e-01 
2.277840e+00 -4.597265e+00 -3.076354e+00 -3.588914e-01 -1.148449e+01 -1.324454e+01 -1.313377e+01 -4.450751e+00 -8.683626e+00 -1.025416e+01 -6.328457e+00 -1.524895e+01 1.860886e+01 3.219865e-01 2.058904e+00 7.289830e-01 2.560181e+00 1.960349e+00 8.672958e-01 -1.967048e+00 -2.866445e+00 1.940025e+00 1.236285e+00 -6.086773e-01 6.928244e-01 -4.715246e-01 -1.265132e+00 -4.911608e-03 3.547342e-01 3.569927e-01 2.077318e-01 7.099181e-01 1.575665e+00 -2.934739e-01 -4.522065e-01 2.336527e-01 -3.371590e-01 -4.576039e-02 -2.056451e-01 
1.125195e+00 2.013964e-02 -2.753598e+00 1.917395e-01 -1.214129e+01 -1.669205e+01 -1.189972e+01 -4.164225e+00 -5.735423e+00 -1.407970e+01 -9.813010e+00 -1.571137e+01 1.808768e+01 -1.685116e+00 1.946836e+00 1.704480e+00 2.798083e+00 1.676026e+00 1.656371e+00 5.846453e-01 -3.524054e+00 7.287446e-01 4.882075e-01 -1.207556e+00 3.055587e-01 -7.128192e-01 -1.200828e+00 -6.841535e-01 7.859644e-02 1.585021e-01 3.269598e-01 1.071140e+00 1.578346e+00 1.679870e-01 -7.922466e-01 2.652340e-01 3.849948e-01 1.946347e-01 -2.549818e-01 
-9.067371e-01 1.386273e+00 1.679991e+00 6.785544e+00 -9.568940e+00 -1.331931e+01 -1.188156e+01 -1.130640e+01 -6.339323e+00 -8.077002e+00 -8.522391e+00 -1.533990e+01 1.729869e+01 -3.581806e+00 1.121335e+00 1.327196e+00 3.168072e+00 2.984134e+00 3.410310e+00 2.012507e+00 -2.122593e+00 -6.440191e-02 9.458117e-01 1.119170e-01 7.319490e-01 -1.127626e+00 -5.065671e-01 -8.246942e-01 -4.647690e-01 -4.377390e-01 1.405926e-01 7.518075e-01 1.021706e+00 7.197031e-01 -5.935490e-01 7.761817e-02 8.397848e-01 5.620957e-01 -1.829208e-01 
-6.250885e+00 1.790914e+00 3.133795e+00 9.171007e+00 -4.296961e+00 -5.631762e+00 -8.277016e+00 -1.313017e+01 -9.501417e+00 -9.569680e+00 -8.737986e+00 -1.394202e+01 1.605968e+01 -2.844793e+00 -9.648055e-01 -3.984719e-03 2.582980e+00 3.387669e+00 4.919124e+00 2.746707e+00 -1.138147e+00 -5.307361e-01 1.743565e+00 1.971359e+00 2.059116e+00 -1.298233e+00 3.403265e-01 -5.488518e-01 -6.237563e-01 -9.902007e-01 -3.547143e-01 -1.428111e-01 6.184121e-02 9.990108e-01 4.427648e-02 3.383336e-02 5.757121e-01 6.795797e-01 -3.783265e-02 
-1.194320e+01 1.241072e-01 6.161166e-01 1.099171e+01 -4.862223e-01 -1.723061e+00 -4.882709e+00 -1.058108e+01 -7.122314e+00 -7.780065e+00 -6.306073e+00 -1.247401e+01 1.398455e+01 -1.631236e+00 -6.087145e-01 -7.406147e-01 4.789799e-01 1.807379e+00 2.995007e+00 2.060452e+00 -4.608551e-01 -3.979146e-01 9.966468e-01 2.000695e+00 2.626423e+00 -1.093311e+00 6.523910e-01 -1.294088e-02 -2.021613e-01 -1.293249e+00 -9.934791e-01 -9.882370e-01 -4.391159e-01 1.238189e+00 7.233123e-01 2.139582e-02 -1.236072e-01 4.652169e-01 1.119404e-01 
-7.580805e+00 -4.173078e+00 -2.241814e+00 1.100330e+01 2.559514e-01 2.105366e+00 -1.665704e+00 -1.021793e+01 -7.997820e+00 -5.510400e+00 -1.064075e+00 -6.848910e+00 1.325341e+01 -9.587119e-01 6.769586e-02 -3.803715e-01 -8.083655e-01 4.908081e-01 1.150012e+00 8.699502e-01 6.401312e-01 1.116834e+00 6.318833e-01 7.266164e-01 2.756080e+00 -9.191331e-01 1.610140e-01 2.580612e-01 8.075978e-02 -9.981506e-01 -9.161641e-01 -1.270004e+00 -8.449444e-01 1.450240e+00 9.543865e-01 2.414116e-01 -4.487529e-01 2.488216e-03 1.453628e-01 
-8.397336e+00 1.324724e+00 6.645455e-01 8.264640e+00 -2.808306e+00 -2.212976e+00 -4.885171e+00 -1.506689e+01 -9.080851e+00 -5.123621e+00 -2.355872e+00 -5.754491e+00 1.323498e+01 -1.262869e+00 5.403576e-01 5.045411e-01 -1.602528e+00 -5.348167e-01 3.536569e-01 7.554373e-01 3.178960e+00 2.728416e+00 1.608540e+00 1.162101e-01 2.709449e+00 -7.574832e-01 -1.266458e-02 -2.340020e-01 -2.035180e-01 -3.016385e-01 -2.807438e-01 -7.229238e-01 -8.906321e-01 1.096447e+00 6.111696e-01 5.327385e-01 6.120633e-02 -2.884449e-01 7.554761e-02 
-1.281717e+01 1.529332e+00 1.207887e+00 6.492840e+00 -6.820465e-01 3.633115e-01 -3.926318e+00 -7.686501e+00 -2.938301e+00 -7.738569e+00 -7.080091e+00 -3.521451e+00 1.183873e+01 -2.223916e+00 -2.489963e-01 -2.228212e-01 -1.366979e+00 -2.200428e-02 -1.102173e-01 -8.255202e-01 4.293067e+00 2.677946e+00 2.644593e+00 6.697735e-01 2.030000e+00 -7.393271e-01 2.937014e-01 -4.909386e-01 -5.268826e-01 2.712757e-02 -2.083311e-02 -5.571294e-01 -9.313796e-01 2.314683e-02 -2.360151e-01 3.274996e-01 7.546558e-01 -5.398633e-01 7.100757e-02 
-1.563904e+01 -2.560606e-02 1.414100e+00 5.234721e+00 -2.691594e+00 9.161884e-01 2.483104e-02 4.048423e+00 3.989786e+00 1.376634e+00 -2.716963e+00 -5.905327e-01 1.090440e+01 -1.062005e+00 -1.620578e+00 -1.836890e+00 -7.498869e-01 6.601512e-01 1.043536e-02 -1.545110e+00 3.194944e+00 1.877343e+00 2.654047e+00 2.335154e+00 1.547197e+00 -8.055364e-01 7.762067e-01 -2.525092e-01 -5.035625e-01 1.445172e-02 -2.741538e-02 -6.422512e-01 -8.906321e-01 -1.401083e+00 -9.100900e-01 -7.815077e-01 5.664154e-01 -6.408123e-01 1.035123e-01 
-1.507956e+01 -4.742820e+00 -3.730613e+00 5.683196e+00 8.754260e-02 -1.012626e-02 -8.248388e+00 1.689910e+00 -1.143152e+00 4.462493e+00 2.465246e+00 7.193702e-01 1.072196e+01 4.092276e-01 -1.306513e+00 -1.843990e+00 -1.099225e+00 -2.109400e-01 -1.463890e+00 -2.636738e+00 7.480827e-01 3.622696e-01 1.746686e+00 3.390367e+00 6.380044e-01 -5.400941e-01 9.880919e-01 4.284980e-01 1.706301e-01 -2.098302e-01 -4.839047e-01 -7.774051e-01 -8.203890e-02 -1.625571e+00 -8.267119e-01 -1.387360e+00 -3.119834e-01 -4.447229e-01 1.651410e-01 
-1.257678e+01 -3.642012e+00 -6.050826e+00 4.919920e+00 1.079083e-01 -1.974118e+00 -1.044959e+01 -3.780412e+00 -5.918757e-01 2.046264e+00 4.547259e+00 -1.387395e-01 9.765933e+00 1.301599e+00 -1.935877e-01 -1.202727e+00 -1.664176e+00 -5.775894e-01 -2.180764e+00 -2.792097e+00 -2.053766e+00 -6.642061e-01 -1.850025e+00 1.588006e+00 2.014917e-01 -3.395297e-01 5.808344e-01 6.950014e-01 6.750188e-01 -3.112369e-01 -8.213083e-01 -6.185363e-01 5.767765e-01 -1.035134e+00 -7.390691e-01 -1.107418e+00 -1.150006e+00 -2.390092e-01 2.146709e-01 
-1.230201e+01 -3.194952e+00 -4.279578e+00 1.154257e+00 -3.136507e+00 -5.511349e+00 -1.187294e+01 -3.158057e-02 1.164230e+00 6.601780e-01 6.239908e+00 -5.578064e-01 9.707844e+00 1.534707e+00 1.180121e+00 3.132086e-01 -1.959022e+00 -1.822781e+00 -2.901697e+00 -6.123389e-01 -1.210432e+00 -1.846870e-01 -2.040166e+00 -5.165360e-01 4.792311e-01 -1.465909e-01 2.060850e-01 3.800946e-01 4.831413e-01 1.032926e-01 -3.662066e-01 1.947380e-01 9.440404e-01 -1.890914e-01 -2.654324e-01 -1.248915e-01 -1.346933e+00 -2.131042e-01 1.758390e-01 
-1.052003e+01 -1.767270e+00 -4.325195e+00 -8.218561e-01 -3.967585e+00 -7.237269e+00 -1.212320e+01 -5.359973e+00 -4.849307e-01 -5.972175e+00 3.335868e+00 1.055559e+00 9.713909e+00 1.279405e+00 6.112756e-01 4.594733e-01 -1.876110e+00 -2.640429e+00 -2.363474e+00 3.265025e-01 -1.001567e+00 -1.544567e+00 -9.895753e-01 -1.461322e+00 4.315764e-01 7.110082e-02 -6.090863e-02 -1.175491e-01 1.408934e-01 6.269955e-01 3.012711e-01 8.857022e-01 7.204269e-01 4.992044e-01 4.719728e-03 7.501810e-01 -5.430767e-01 -2.975180e-01 1.174947e-01 
-8.434209e+00 2.201731e-01 -3.027300e+00 -1.240988e+00 -6.988761e+00 -1.188734e+01 -1.047330e+01 -3.572514e+00 -2.120511e+00 -1.729022e+00 4.883781e-01 2.518043e+00 1.001509e+01 1.450816e+00 1.916461e-01 -2.593687e-01 -4.768168e-01 -1.010559e+00 -3.989005e-01 5.242507e-01 -7.236366e-01 -5.245760e-01 6.919934e-01 -1.819632e+00 -5.425588e-01 1.337394e-01 -3.353493e-01 -4.803468e-01 -2.377729e-02 1.047277e+00 1.188099e+00 1.480673e+00 2.635874e-01 4.782246e-01 3.411915e-01 3.937032e-01 2.711616e-01 -4.532872e-01 2.722516e-02 
-8.114050e+00 -2.293345e+00 -4.379560e+00 -3.262745e+00 -1.116804e+01 -1.060332e+01 -9.516906e+00 -7.017495e+00 -6.672041e+00 -1.706942e+00 1.160955e-01 4.813606e-01 9.967731e+00 1.039178e+00 -2.871444e-01 -2.119840e-01 7.296605e-01 5.226347e-01 9.964216e-01 2.417238e-01 1.987824e-01 -4.705396e-01 5.347616e-01 -4.759111e-01 -7.751456e-01 1.077156e-01 -4.953642e-01 -3.046140e-01 4.676965e-02 9.886968e-01 1.338210e+00 1.110217e+00 2.025044e-01 6.002545e-01 7.911985e-01 -3.015903e-01 3.372561e-01 -3.246950e-01 -5.336056e-02 
-6.251239e+00 -1.973541e+00 -5.549353e+00 -9.313264e-03 -4.588739e+00 -5.822613e+00 -1.055487e+01 -2.821215e+00 1.634873e+00 1.987638e+00 -1.248744e+00 -2.983379e+00 1.024955e+01 -2.181299e-02 -7.724388e-01 5.301019e-01 1.974476e+00 2.536171e+00 2.821725e+00 7.479265e-01 5.806087e-01 9.843369e-01 -8.338596e-01 3.465236e-01 -1.183793e+00 -2.881826e-02 -5.483355e-01 5.283079e-02 1.836468e-01 3.436574e-01 6.448656e-01 2.241613e-01 2.836165e-01 5.389580e-01 3.720449e-01 -6.278515e-01 7.515132e-02 1.321484e-02 -9.243388e-02 
-6.415751e+00 -2.106204e+00 -4.124293e+00 2.210236e+00 -2.554126e+00 -5.287444e+00 -1.087377e+01 -4.741942e+00 -4.715201e+00 -5.156741e+00 1.824649e+00 -6.946167e-02 1.013500e+01 -4.612286e-01 -4.296058e-01 2.985598e-01 1.841877e+00 2.277235e+00 1.577368e+00 1.227276e+00 1.347601e+00 1.657090e+00 -1.734620e+00 -8.581505e-01 -8.713650e-01 -1.143940e-01 -3.732322e-01 2.966130e-01 -2.234729e-02 -3.657504e-01 -2.937227e-02 -2.419520e-01 4.034081e-01 2.229474e-01 3.309267e-02 6.911854e-02 -1.575706e-01 1.363802e-01 -8.069739e-02 
-9.392206e+00 -3.735583e+00 -5.043097e-01 5.894754e+00 1.385465e+00 -4.362940e-01 -6.055187e+00 -1.807045e+00 1.822876e+00 -4.173422e+00 1.366953e+00 -3.125760e+00 9.787395e+00 -5.409321e-01 5.270995e-01 4.036431e-01 6.853927e-01 1.336420e+00 4.313472e-01 1.449614e+00 1.396746e+00 2.717046e-01 -1.312601e+00 -1.252792e+00 -4.284832e-01 -2.173391e-01 -1.074690e-01 3.577152e-01 -3.265718e-01 -7.221029e-01 -5.070316e-01 -6.935006e-01 5.180752e-02 -7.457098e-02 -4.072537e-01 8.123687e-01 6.812793e-02 4.905707e-01 -4.913445e-02 
-8.849743e+00 -3.560501e+00 -5.409378e+00 2.994523e+00 -2.769141e+00 -5.409824e+00 -5.630398e+00 -7.865444e-01 1.519016e+00 -7.299255e+00 -5.482280e+00 -3.804087e+00 9.626891e+00 -5.675929e-01 5.462362e-01 -2.604898e-01 -4.546318e-01 9.756573e-01 9.818621e-01 1.907974e+00 9.055368e-01 5.112795e-02 1.119632e+00 -4.640655e-01 -4.709061e-01 -2.014828e-01 -7.612655e-02 9.946888e-02 -1.317610e-01 -4.055731e-01 -4.982434e-01 -3.797083e-01 -2.624539e-01 -3.804437e-01 -3.243542e-01 1.124594e+00 7.587274e-01 5.100313e-01 -4.348355e-02 
-7.738935e+00 1.389184e+00 -2.888574e+00 3.025677e+00 2.200877e+00 -3.604810e+00 -5.928673e+00 2.184668e+00 -1.242033e-01 -3.504172e+00 -3.859140e+00 -3.257940e+00 9.417162e+00 -5.060356e-01 5.281002e-01 -8.232763e-01 -4.878582e-01 6.517806e-01 -3.479423e-01 6.666460e-01 4.287609e-01 -2.489903e-01 1.800821e+00 4.901814e-01 1.068830e+00 -2.309562e-01 -6.142669e-02 -1.547343e-01 -7.742084e-02 4.452938e-02 -3.861313e-01 -2.791823e-01 -4.584556e-01 -4.437115e-01 4.819299e-02 5.951601e-01 5.537258e-01 2.556026e-01 -2.201496e-02 
-1.008039e+01 -1.937776e+00 -4.234586e+00 1.371611e+00 1.916541e+00 1.206203e+00 -1.397287e+00 -2.210181e+00 -3.486182e+00 1.066571e-01 2.117409e+00 -2.357329e+00 9.312647e+00 -8.591874e-01 6.719555e-02 2.531183e-01 4.005655e-01 1.283900e-01 6.843455e-02 3.065425e-01 -7.067894e-02 2.956968e-01 2.331645e+00 2.064057e+00 9.300743e-01 -3.249443e-01 1.388023e-01 1.029425e-01 2.603538e-01 2.571979e-01 -2.699275e-01 -2.822883e-01 -5.244789e-01 -1.531864e-01 1.821376e-01 -3.548495e-01 -1.961483e-01 -2.346846e-01 1.959403e-02 
-1.130749e+01 -1.906586e+00 -5.208163e+00 4.266770e+00 2.301531e+00 -5.484197e+00 -4.838691e+00 1.048557e+00 3.080329e+00 1.127283e+00 1.801794e-02 1.495451e+00 8.789607e+00 -7.024327e-01 -6.974446e-03 -2.402355e-01 4.804111e-01 -1.706509e-01 -5.077385e-01 -4.203777e-02 -3.336990e-01 3.903686e-01 1.057292e+00 2.518383e-01 1.490602e-01 -2.656949e-01 2.986229e-01 3.181953e-01 4.521579e-01 -1.335919e-01 -1.006387e-01 4.240381e-01 4.625452e-02 -4.894470e-02 -2.102967e-01 -8.343380e-01 -6.357719e-01 -7.702101e-01 8.523142e-02 
-1.136103e+01 -1.576385e+00 -2.983870e+00 4.376896e+00 -2.177360e+00 -4.127780e+00 -4.642919e+00 -5.716496e-01 1.395520e+00 2.042838e+00 2.899379e+00 -1.530246e+00 8.315791e+00 2.246953e-01 1.328461e+00 7.498353e-01 3.471987e-01 3.723361e-02 -3.497324e-01 -3.601635e-01 5.207284e-01 6.420702e-01 -2.827902e-01 -1.325535e+00 -1.184362e+00 -8.619155e-02 2.891036e-01 2.904629e-01 2.269137e-01 -4.494256e-01 1.727290e-02 5.986050e-01 3.708943e-01 -7.940525e-02 -5.290136e-01 -1.006475e+00 -7.010860e-01 -3.915986e-01 1.279271e-01 
-1.061080e+01 1.173763e+00 -4.715438e+00 3.925162e+00 3.394622e+00 -3.476920e+00 -4.515790e+00 -3.031144e-01 -6.130949e-01 8.139761e-01 -2.990579e+00 -2.926427e+00 8.587110e+00 4.452406e-01 1.488433e+00 1.189227e+00 -1.129179e+00 1.941588e-01 1.981214e+00 1.231288e+00 -1.115932e-01 -1.473780e+00 -1.063777e+00 -9.938582e-01 -1.724942e+00 7.582141e-02 5.125070e-02 -3.446615e-02 8.768981e-02 -3.386036e-01 -1.451135e-01 6.618587e-01 3.935276e-01 -1.097462e-02 -3.433710e-01 -2.899715e-01 2.862262e-01 1.881902e-01 7.856625e-02 
-9.305341e+00 3.164533e+00 -7.320818e-01 3.278533e+00 1.555833e+00 -1.545983e+00 -3.359318e+00 1.069547e+00 1.570791e+00 -1.150376e+00 -3.006189e+00 -6.068579e+00 8.983006e+00 1.252509e-02 7.717480e-01 6.729286e-01 -1.041666e+00 3.245042e-02 1.816883e+00 1.524310e+00 -5.788264e-01 -1.417258e+00 -1.640263e+00 -8.185592e-01 -9.091944e-02 1.439673e-01 -2.568637e-01 -4.222627e-01 -2.904550e-01 -4.064791e-02 -3.175334e-01 7.633141e-02 1.063873e-02 -1.150286e-01 -4.240895e-02 3.897653e-01 6.845577e-01 7.402085e-01 1.157651e-02 
-1.010946e+01 3.164949e+00 -3.880803e-01 -8.301880e-01 1.405439e+00 3.130844e+00 6.758657e-01 -3.301011e-01 -4.376118e+00 -2.594708e+00 -1.998905e+00 -4.860255e+00 8.835099e+00 -3.402079e-01 9.896483e-02 2.366756e-01 -5.182220e-01 -8.937394e-01 1.718189e+00 9.835371e-01 1.612081e-01 -2.967585e-01 2.862052e-01 1.429403e+00 5.433773e-01 1.209349e-02 -2.233842e-01 -2.935097e-01 -1.644312e-01 6.107294e-01 -2.326043e-01 -7.023569e-01 -6.608911e-01 -1.443627e-01 4.797489e-01 6.352020e-01 2.422198e-01 5.894422e-01 -3.181951e-02 
-1.154894e+01 1.286880e+00 -1.782521e+00 1.546219e+00 -1.020431e+00 1.652833e+00 3.825153e-01 -3.451907e+00 -3.809564e+00 -4.454370e+00 -1.689357e+00 -1.018100e+00 8.911618e+00 -6.668383e-01 -8.802362e-02 -2.261845e-01 -1.615235e-01 -1.006512e+00 1.635484e-01 -1.829926e-01 -1.907974e-01 -1.584253e-01 9.910282e-01 8.854588e-01 1.382624e+00 3.560121e-03 -6.194475e-02 -4.278014e-02 1.158132e-01 4.852898e-01 -7.253060e-02 -7.599023e-01 -7.204423e-01 -1.192527e-01 5.153021e-01 4.893826e-01 -7.725964e-02 -9.706163e-02 -3.053961e-02 
-1.118978e+01 2.607267e+00 -3.006679e+00 2.200455e+00 2.144367e-01 3.514906e+00 -1.469317e+00 2.763718e+00 5.934319e-01 3.897171e+00 3.498153e+00 -2.735169e+00 8.683226e+00 -3.321119e-01 4.508033e-01 8.165774e-01 1.484463e+00 -4.493633e-01 -7.039332e-01 -1.219576e+00 -1.027571e+00 2.955887e-01 7.966065e-01 -6.349126e-01 4.854865e-01 -1.314349e-02 7.521083e-02 1.050495e-01 2.152170e-01 2.004863e-01 1.566391e-01 -4.518184e-01 -2.395526e-01 -2.147177e-01 2.130346e-01 -1.891456e-01 -4.984256e-01 -2.446481e-01 3.207914e-02 
-1.209920e+01 3.003591e+00 -5.536759e-01 9.553775e-01 -2.880761e+00 -9.199136e-01 -3.202023e+00 -1.431229e+00 -1.706311e+00 5.589149e-01 -1.327088e+00 -2.182177e-01 9.076789e+00 -3.011239e-01 3.820115e-01 9.620948e-01 3.835945e-01 -5.523857e-01 -7.715989e-01 -9.762492e-01 -5.806157e-01 8.630791e-01 5.514390e-01 -1.726955e-01 -5.472219e-01 3.862723e-03 2.354199e-01 8.210060e-02 -5.927077e-02 -2.043349e-01 2.124995e-01 2.784328e-01 3.502525e-01 3.094948e-01 2.005888e-01 -1.484409e-01 -5.859847e-02 -1.688410e-01 5.731500e-02 
-1.149469e+01 4.560609e+00 3.080367e+00 6.887339e+00 8.910919e-02 8.976936e-01 -3.629890e+00 -6.478426e+00 -3.950035e+00 -1.118398e+00 -5.354455e+00 -2.832498e+00 8.686958e+00 -1.470213e-01 3.891409e-01 7.185943e-01 2.117371e-01 -3.376024e-01 -7.334124e-02 1.823582e-01 -7.174338e-01 2.576551e-01 -4.395761e-01 -5.336286e-01 2.850865e-01 1.722908e-01 1.795346e-01 -9.078491e-02 -3.907754e-01 -7.590314e-01 -3.278793e-02 4.754134e-01 5.606920e-01 5.866904e-01 -9.954648e-02 -8.430880e-03 1.733091e-01 2.254154e-01 6.257952e-02 
-1.290191e+01 2.220092e+00 -1.564633e-02 1.120567e+00 -3.720063e+00 -8.970903e-01 -3.418419e+00 -1.734414e+00 2.777742e+00 8.105499e-01 1.873246e+00 -3.705483e+00 8.929115e+00 4.177423e-01 3.533692e-01 -4.736461e-01 -5.468479e-01 1.639368e-04 1.240352e+00 8.671722e-01 1.201598e+00 8.634033e-01 8.669729e-01 5.418568e-01 6.385731e-01 1.974068e-01 1.319381e-01 -8.543207e-02 -2.169380e-01 -5.324414e-01 -3.819606e-02 3.475208e-01 6.345277e-01 3.827597e-01 -4.143904e-01 5.332290e-03 -7.977042e-02 4.263382e-01 -1.643650e-02 
-1.152377e+01 4.944457e+00 3.174196e-01 3.176739e+00 -1.054504e+00 3.136746e+00 -4.489006e-01 -6.719338e-01 -3.601614e-01 1.573449e+00 -7.704318e-01 4.337586e-01 9.618492e+00 2.061304e-01 1.116156e-02 -4.193854e-01 -1.845541e+00 -8.896001e-01 6.671628e-01 6.622218e-01 1.014800e+00 -2.023028e-01 5.967447e-01 -1.255516e-01 1.019697e+00 2.029747e-01 -1.103831e-01 -2.925416e-01 4.999633e-02 -2.895854e-01 -2.114699e-01 -1.737454e-01 1.830115e-01 2.053938e-01 -8.292307e-02 -1.256323e-01 -1.948251e-01 1.372361e-02 -1.298892e-01 
-9.995652e+00 4.578075e+00 -1.540376e+00 7.654168e-02 -2.308562e+00 4.162225e+00 -4.562882e-01 1.673252e+00 8.158097e-01 3.548080e+00 -9.100377e-01 1.341595e+00 9.597963e+00 1.821217e-01 1.438671e-01 4.463192e-01 -1.250021e+00 -4.673922e-01 5.956782e-01 1.956331e+00 4.670509e-01 -9.789142e-01 5.994476e-02 -7.756287e-01 1.217140e+00 -9.357503e-02 -3.227217e-01 -2.517689e-01 3.446875e-01 3.591541e-01 -3.367743e-02 -5.999001e-01 -2.946230e-01 -1.468972e-01 7.164854e-02 -3.610097e-01 -1.828141e-01 -3.075663e-01 -1.423985e-01 
-1.191661e+01 3.437760e+00 1.745916e+00 -1.818426e+00 -5.064592e+00 1.703989e+00 -1.799913e+00 -3.108075e+00 -3.980591e+00 4.964820e-01 -4.590451e+00 -2.577443e-01 9.367237e+00 -5.811327e-01 -9.688080e-01 5.085023e-01 -8.845307e-01 -1.161322e+00 -6.197986e-01 5.527504e-01 6.767511e-01 7.643005e-01 -6.642312e-01 -8.490079e-01 6.432802e-02 -3.316621e-01 -2.023382e-01 1.809424e-02 1.768635e-01 9.214342e-01 4.249111e-01 -3.739160e-01 -4.561195e-01 -1.089271e-01 3.755262e-01 -2.324625e-01 3.469599e-01 -4.285694e-01 -6.772930e-02 
-1.179500e+01 3.693104e+00 1.501897e+00 -2.632055e+00 -4.051789e+00 2.797544e+00 7.038768e+00 1.818847e+00 -3.071133e-01 1.648445e+00 -9.478603e-02 2.726301e+00 8.586643e+00 -8.022364e-01 -4.155973e-01 7.857849e-01 7.684076e-01 -3.249048e-02 -1.115775e+00 -5.512242e-01 6.360755e-01 7.384712e-01 -3.075835e-01 -1.043454e-02 -4.216591e-01 -2.472967e-01 -1.072747e-01 7.424217e-02 -1.494711e-01 8.782044e-01 5.533898e-01 2.760042e-02 -4.917353e-01 -1.108045e-01 2.125994e-01 3.250773e-02 5.035442e-01 -3.560269e-01 8.134340e-02 
-1.352982e+01 5.428883e-01 1.339113e+00 1.084203e-01 -5.989274e+00 7.202221e-01 -1.432379e+00 2.639446e+00 4.022464e+00 -7.982392e-01 -5.422786e+00 6.271867e-02 8.465798e+00 -3.135470e-01 3.812611e-01 2.952712e-01 1.752421e+00 1.017602e+00 -3.467489e-01 -3.645877e-01 3.855803e-01 8.164997e-01 -3.817847e-01 1.226755e+00 -3.037165e-01 -5.883636e-02 1.693677e-01 3.710404e-01 -3.362519e-01 4.691336e-01 6.277517e-01 5.948693e-01 2.537835e-01 -2.867153e-01 -3.529447e-01 3.236007e-01 4.892260e-01 9.423687e-02 1.223487e-01 
-1.320008e+01 3.947616e+00 2.592016e+00 2.955399e+00 -2.008560e+00 -9.246357e-01 -3.396256e+00 1.980102e+00 5.064330e-01 2.657650e+00 -5.457074e-01 -9.267213e-01 8.812469e+00 -4.880291e-01 -1.600673e-01 -1.943456e-01 1.822555e+00 1.210033e+00 5.972296e-01 -4.358107e-02 5.850504e-02 5.804461e-02 8.117061e-02 7.041972e-01 -3.790087e-01 1.766483e-01 1.449542e-01 2.971105e-02 -4.460323e-01 -2.809395e-01 3.563209e-02 6.013332e-01 4.754056e-01 -1.873079e-01 -1.605135e-01 4.034895e-01 1.168506e-01 3.300106e-01 4.618225e-02 
-1.278171e+01 5.216852e+00 2.677314e+00 4.150124e+00 -9.981068e-01 1.831091e+00 1.594702e+00 -1.260646e+00 -3.045670e-01 -1.917082e+00 1.768688e+00 5.039317e-02 8.960377e+00 1.085600e-01 7.586150e-01 -6.827666e-01 9.340286e-01 1.356196e+00 1.498127e+00 1.567934e+00 -4.678928e-01 -6.602074e-01 7.593275e-01 1.239793e+00 5.142614e-01 6.813533e-02 -1.616146e-02 -2.150962e-01 -1.844879e-01 -5.647538e-01 -2.834479e-01 9.912290e-02 -3.600645e-02 -1.210362e-01 -1.339247e-01 2.579820e-01 -1.538384e-01 3.883075e-01 -6.410693e-02 
-1.460907e+01 5.557802e-01 -1.390620e-01 4.459853e+00 -4.967968e-01 5.227840e+00 5.307292e+00 4.061416e+00 2.146681e+00 2.613871e+00 -1.695960e-01 8.375250e-01 9.222830e+00 -2.884216e-01 -4.557467e-01 -9.553406e-01 -2.270563e-01 -2.356801e-02 9.684960e-01 8.596615e-01 1.262580e-01 6.741678e-01 1.139342e+00 5.672970e-01 8.195245e-01 -7.989743e-02 2.392319e-02 -1.025726e-01 1.543867e-01 -4.521733e-01 -2.843018e-01 -4.869500e-01 -4.209633e-01 5.463994e-02 -6.151281e-02 -2.439253e-01 -9.364755e-02 3.371334e-01 -1.096764e-01 
-1.228251e+01 6.031541e+00 -7.092733e-01 4.026594e+00 3.545336e-02 5.134580e+00 2.055505e+00 -7.409001e-01 -9.874020e-02 3.020446e+00 5.879284e-01 1.751737e+00 8.601108e+00 -4.941709e-01 -5.463017e-01 -2.466630e-01 -4.650894e-02 2.171549e-01 -3.694257e-02 -9.961064e-01 -2.534212e-01 -1.611271e-01 3.791351e-01 5.260361e-01 1.038463e+00 -2.511095e-01 -2.098500e-01 -3.626981e-01 4.407912e-01 -1.775544e-01 -2.336361e-01 -8.258423e-01 -5.442781e-01 4.508148e-01 -1.830065e-02 -5.682371e-01 -3.086244e-01 4.403798e-02 -1.358272e-04 
-1.489236e+01 1.261096e+00 -4.911870e-01 1.881307e+00 -2.643422e+00 2.266310e+00 6.715563e-01 2.351586e+00 3.774198e+00 5.885507e+00 2.880824e+00 2.319985e+00 8.592475e+00 -6.703874e-02 -2.048264e-02 3.595470e-01 5.194353e-02 3.579828e-01 -1.070068e+00 -8.663662e-01 2.244283e-01 -4.990708e-01 -9.483722e-01 5.928963e-01 1.044605e+00 -2.121344e-01 -3.028412e-01 -4.818993e-02 4.200011e-01 -5.284749e-02 1.218498e-02 -6.833850e-01 -1.869714e-01 4.942762e-01 -2.873214e-01 -5.579050e-01 -3.449967e-01 2.279672e-02 1.006144e-01 
-1.511111e+01 2.132759e+00 1.620314e+00 5.206465e+00 1.160659e+00 3.127696e+00 -1.067922e+00 -1.673110e+00 -1.924021e+00 -1.657072e+00 2.873755e+00 4.501598e+00 8.019978e+00 -1.051536e+00 -1.272617e+00 8.637379e-01 -9.323042e-02 -2.871545e-03 -1.611752e+00 -2.905092e-01 1.737062e+00 -1.650177e-01 -1.037913e+00 -3.161942e-01 6.218541e-01 1.336183e-01 -2.009135e-01 3.512084e-02 1.083617e-02 -2.798404e-01 -1.658565e-01 -2.859820e-01 1.897900e-01 2.213516e-01 -3.483703e-02 3.616767e-03 -3.830995e-01 -2.729698e-01 1.471257e-01 
-1.352982e+01 2.403075e+00 4.939508e-01 4.129475e+00 7.306293e-01 8.811663e-01 2.536932e+00 5.649639e+00 5.641493e-01 2.105850e-01 1.651761e+00 4.685205e+00 8.452734e+00 -1.524034e+00 -3.336726e-01 5.895944e-01 -4.680246e-01 1.473388e-01 -1.660920e+00 -4.279659e-01 1.602391e+00 -7.606071e-01 -9.415942e-01 -7.365939e-01 1.141848e+00 2.308140e-01 2.903901e-02 1.143885e-01 -2.445115e-01 -2.958134e-01 -2.367316e-01 3.623793e-01 1.476255e-01 -4.616405e-01 1.233900e-01 4.243097e-01 -1.246251e-01 -4.225489e-01 1.189045e-02 
-1.822124e+01 -9.026759e-01 3.116923e+00 2.436285e+00 -1.665476e+00 -2.231471e+00 -3.297751e-01 6.295323e+00 6.812797e-01 6.681724e-01 -3.784159e-01 3.678340e+00 9.339009e+00 -7.701317e-01 -2.139750e-01 -3.075008e-01 -1.185716e+00 -5.067615e-01 -1.171268e+00 -2.664337e-01 1.643095e-01 -2.046804e-01 3.938505e-01 -7.247483e-01 -3.750280e-01 2.631319e-01 5.596588e-01 3.019659e-01 -4.246555e-01 -9.501483e-02 -1.540796e-01 7.874847e-01 2.222271e-01 -1.002702e+00 3.109908e-01 6.777781e-01 2.599649e-01 -5.058180e-01 -1.675860e-01 
-2.095731e+01 1.110551e+00 1.708111e+00 9.263970e-01 -4.936636e-01 -3.359261e+00 -1.837159e+00 6.379282e+00 -1.331579e+00 1.491116e-02 8.241393e-01 8.440657e+00 9.087054e+00 -6.271158e-02 2.204316e-02 -2.773061e-01 -8.808502e-01 -5.736340e-01 5.216874e-01 -1.403975e-01 -1.297509e+00 1.378024e-01 4.572605e-01 1.740071e-01 -5.698550e-01 -2.173997e-01 7.971232e-01 8.899096e-02 -9.799092e-02 4.375173e-01 -2.737980e-02 8.897736e-01 3.440101e-01 -8.716142e-01 4.968945e-01 5.967976e-01 2.425930e-01 -5.641997e-01 -1.640361e-01 
-1.524833e+01 1.709404e+00 -5.243061e-01 8.796658e-01 -7.611595e-01 -6.090434e-01 -2.128043e-01 -1.216334e+00 -1.999985e+00 4.100657e-01 -3.360039e-01 7.491214e-01 9.018233e+00 1.016286e+00 5.944085e-02 -8.260417e-01 -3.618022e-01 -4.127535e-01 1.234385e+00 6.769347e-01 -1.826531e+00 9.407835e-01 1.651527e+00 5.284212e-01 -1.051407e+00 -4.801790e-01 4.289790e-01 3.944867e-02 2.118436e-01 7.445219e-01 2.770057e-01 4.973654e-01 1.443703e-01 -2.015760e-01 8.792382e-02 6.163262e-02 1.132201e-01 -9.138033e-02 -4.469101e-02 
-1.532987e+01 1.207033e+00 9.279364e-01 5.036429e-01 -2.590158e+00 2.677918e+00 1.776930e+00 2.917976e+00 2.593559e+00 2.626053e+00 2.500589e+00 3.300924e+00 7.526099e+00 1.568347e+00 -2.548568e-02 3.588743e-01 1.307596e+00 -3.672176e-02 1.585125e+00 8.204616e-01 -1.760210e+00 1.151093e+00 1.413583e+00 -1.501968e-01 -1.341088e+00 -2.177023e-01 4.749479e-02 -1.254226e-02 1.279133e-01 5.414885e-01 3.966251e-01 -1.148989e-01 -1.809589e-01 2.059571e-01 -3.318391e-01 -3.653765e-01 -1.416577e-01 7.197808e-02 1.207548e-01 
-1.595388e+01 -6.539857e-01 -6.230386e-01 8.383685e-01 -2.681020e+00 9.220909e-01 1.247791e+00 -1.106721e+00 3.423232e+00 7.620304e+00 1.425270e+00 9.913812e-01 7.718798e+00 5.592821e-01 7.034053e-03 4.336883e-01 1.442649e+00 6.098358e-01 7.837579e-01 -2.495857e-02 -6.122258e-01 -2.717937e-01 2.237762e-01 3.478078e-03 -4.463395e-01 3.975129e-02 -2.837379e-01 9.787441e-02 7.217975e-02 1.909244e-01 4.287537e-01 -3.627931e-01 -5.230619e-01 5.035223e-01 -5.011193e-01 -8.525459e-01 -6.046458e-02 3.838133e-01 1.720476e-01 
-1.276257e+01 2.165197e+00 3.551846e+00 7.484701e+00 2.825835e-01 3.800986e+00 1.534678e+00 -2.476717e+00 1.712536e+00 3.477653e+00 -8.078367e-01 1.614031e+00 8.648465e+00 4.033649e-01 -1.435392e-02 -2.675153e-01 9.244185e-01 8.982065e-01 1.723796e-01 -6.941338e-01 -8.748879e-01 -9.150432e-01 -6.557587e-01 -2.717533e-01 -5.124192e-01 1.263559e-01 -3.806145e-01 1.408111e-01 -2.410648e-01 -3.684248e-01 2.595360e-01 -3.276195e-01 -3.290899e-01 6.884446e-01 -3.975442e-02 -4.468639e-01 2.334999e-01 5.034596e-01 1.137033e-01 
-1.373581e+01 1.265254e+00 3.317921e-01 4.602221e+00 8.516486e-01 2.748749e+00 -2.168059e-01 -1.579823e+00 -2.918355e+00 1.103299e+00 1.335439e+00 -6.394097e-01 8.656164e+00 1.800279e-01 5.431093e-01 -1.518937e-01 7.843564e-01 1.263660e+00 1.267918e-01 -1.181097e+00 2.484043e-01 -5.316008e-01 -1.576497e+00 2.868981e-01 4.534134e-01 2.080584e-01 -1.381639e-01 1.154705e-01 -1.505059e-02 -4.245502e-01 -8.729624e-02 -1.503663e-01 2.547026e-01 5.005655e-01 5.401067e-01 5.644706e-02 5.621870e-02 3.359887e-01 8.472428e-02 
-1.442187e+01 1.752592e-01 -8.870543e-01 3.244118e+00 1.349321e-01 2.626762e+00 -9.617251e-01 -1.219666e+00 1.188844e+00 2.605876e+00 1.186997e+00 1.553679e+00 7.689403e+00 -1.449275e-01 4.105288e-01 -5.536919e-01 -2.054846e-01 9.340804e-01 2.756086e-01 -2.469881e-01 1.251697e+00 1.082359e+00 7.938693e-02 8.755212e-01 7.264897e-01 2.666421e-01 -4.478411e-02 1.565114e-04 1.920802e-01 -4.905306e-01 -4.739068e-01 -1.898212e-01 4.491341e-01 3.453528e-01 4.403662e-01 3.524527e-01 -2.031378e-01 5.149998e-02 1.536793e-02 
-1.422403e+01 3.056823e+00 8.370150e-01 6.880818e+00 3.711074e+00 2.142749e+00 -3.409492e+00 -4.930214e-01 1.026729e+00 1.736582e-01 1.862348e+00 3.288599e+00 9.238461e+00 1.424793e-01 3.717553e-01 5.014768e-01 -1.151087e-01 1.554334e-01 -1.963829e-02 1.025000e+00 8.272869e-01 1.430137e+00 1.384269e-01 -2.891640e-01 6.141201e-01 3.932506e-01 6.504396e-02 -1.604858e-01 1.659734e-01 -5.996308e-01 -7.277689e-01 -2.620152e-01 3.097730e-01 -1.630896e-01 -1.821362e-02 2.723300e-01 -4.070876e-01 -4.459100e-01 -1.048224e-01 
-1.324334e+01 3.322148e+00 5.308193e-01 5.318403e+00 3.523082e+00 5.481652e+00 1.896363e+00 3.238486e+00 5.151752e+00 4.339150e+00 3.306416e+00 3.282224e+00 9.690579e+00 1.981740e-01 7.194844e-02 3.661987e-01 -1.078471e+00 -9.171034e-01 -7.034559e-01 4.485261e-01 5.624776e-01 3.058556e-01 2.490153e-01 -9.994232e-01 -3.353347e-01 1.105601e-01 1.742245e-01 -8.116118e-02 1.042632e-01 -2.622920e-01 -6.085408e-01 -2.101782e-01 -4.111211e-01 -5.802912e-01 -6.543419e-01 -2.464596e-01 -2.570856e-01 -4.754612e-01 -1.656300e-01 
-1.361243e+01 1.550541e+00 2.130223e+00 2.989451e+00 -6.559193e-02 1.223124e+00 3.479163e+00 3.272438e-01 2.250656e+00 9.289440e-01 -1.169811e+00 1.567279e+00 9.621758e+00 3.338513e-01 -8.989976e-02 2.181403e-01 -1.777248e+00 -1.449600e+00 -6.937894e-01 2.010581e-02 -2.222882e-01 -2.345085e-01 -2.997352e-01 -8.110861e-01 -1.245324e+00 -2.380976e-01 9.178866e-02 -1.054918e-02 -1.565478e-01 2.174217e-02 -1.586694e-01 2.006563e-01 -5.776345e-01 -4.821509e-01 -6.296244e-01 -7.518030e-02 4.113240e-01 -1.802459e-01 -1.244798e-01 
-1.373687e+01 1.288543e+00 2.971107e-01 -2.027586e-01 -2.562351e+00 -4.303913e-01 -2.163446e+00 1.182159e+00 2.105940e+00 3.473084e+00 -2.294316e+00 7.380709e-01 8.050305e+00 6.304708e-01 2.355477e-01 1.093200e-01 -6.857855e-01 -1.306105e+00 -4.382826e-01 -1.800063e+00 -1.124906e+00 -1.356953e+00 -9.338351e-01 -1.489248e-01 -7.212355e-01 -2.457837e-01 3.985345e-02 1.283401e-01 -8.255419e-02 4.929833e-01 1.693767e-01 3.758947e-01 -1.959711e-01 -1.599450e-01 -2.414547e-01 -4.703014e-02 4.632021e-01 2.425865e-01 2.297491e-02 
-1.230803e+01 3.624069e+00 2.044613e+00 7.546871e-01 -4.940553e-01 1.629616e+00 -1.279393e+00 -5.763140e-01 1.377271e+00 -8.918886e-01 6.070727e-01 -1.665401e+00 8.867993e+00 3.852188e-01 2.372988e-01 -1.528653e-01 -2.027243e-01 -4.433843e-01 8.509462e-01 -7.388896e-01 -7.398591e-01 -8.867280e-01 3.539852e-01 1.342190e+00 -9.410401e-02 -5.096871e-02 -5.223118e-02 1.623363e-01 1.406285e-02 5.355169e-01 2.418884e-01 1.501624e-01 1.073375e-01 2.766875e-01 9.440781e-02 1.947026e-01 8.536407e-02 3.002898e-01 1.129305e-01 
-1.074340e+01 3.462712e+00 1.120402e+00 3.006478e+00 -2.793031e+00 3.086771e+00 -4.724798e+00 -1.934316e+00 -1.196625e+00 5.802334e-01 1.673556e+00 1.292718e+00 8.838598e+00 3.715394e-01 5.501136e-01 1.389167e-01 5.992084e-01 -5.733581e-01 4.036603e-01 -1.518179e-01 2.140789e-02 -5.754783e-01 -3.130237e-01 2.399132e-01 3.020329e-01 1.318027e-01 -1.285151e-01 8.973125e-02 1.155566e-01 2.559522e-01 3.681257e-01 -3.611981e-01 4.178076e-01 6.313722e-01 4.072935e-01 8.136113e-02 -2.661448e-01 4.276605e-02 1.362344e-01 
-1.318307e+01 1.649934e+00 9.541817e-01 3.714190e-01 -2.167177e+00 3.719530e+00 1.065255e+00 -1.813708e+00 -5.316130e-01 4.145000e+00 3.557353e+00 8.192492e-01 8.972974e+00 2.020824e-01 5.643722e-01 2.737463e-01 2.578452e-01 -6.064724e-01 -3.640532e-01 -2.673597e-01 5.880043e-01 -1.531297e-01 3.633495e-01 -5.787055e-01 -2.554931e-01 1.377942e-01 -1.674428e-02 5.100854e-02 1.158132e-01 1.961999e-01 3.610097e-01 -5.406339e-01 1.787989e-01 4.543349e-01 2.935406e-01 -3.030329e-01 -2.475853e-01 1.194291e-02 1.108295e-01 
-1.144151e+01 5.025967e+00 1.536891e+00 2.985467e+00 -4.592656e+00 5.431440e-01 -4.095003e+00 1.907804e+00 1.830515e-01 -6.105599e-01 -2.569994e+00 1.005832e+00 8.656864e+00 7.938662e-02 5.207207e-01 4.737485e-01 3.636586e-01 6.160907e-01 -1.636813e+00 5.313245e-02 1.368118e+00 3.127723e-01 -5.317926e-01 -5.191595e-01 -4.267772e-01 3.410821e-01 -4.977041e-02 -1.460217e-01 -6.583413e-02 -3.544568e-02 3.601558e-01 1.028585e-01 4.217521e-01 4.539382e-02 2.577698e-01 -2.624892e-02 1.646571e-01 1.164533e-01 7.731050e-02 
-1.094868e+01 5.664743e+00 3.205345e+00 2.054466e+00 -2.626581e+00 1.081461e+00 -2.930836e+00 4.428539e-01 -7.836971e-02 1.520534e+00 -1.645890e-01 -2.799347e+00 9.647654e+00 4.477532e-01 5.069624e-01 2.587237e-01 8.960994e-01 7.670370e-01 -8.319849e-01 5.261802e-02 8.584198e-01 1.368297e-01 -1.051826e+00 4.838213e-01 3.298979e-01 3.985764e-01 -3.843791e-02 -1.681734e-01 -1.909413e-01 -1.525324e-01 1.667082e-01 7.407684e-01 5.380204e-01 -4.039579e-01 9.632255e-02 -1.061427e-02 6.965475e-02 2.652269e-01 -6.583650e-03 
-1.146385e+01 4.059069e+00 2.363307e+00 3.983123e+00 5.171809e-01 -3.777952e+00 -2.461106e+00 3.778222e+00 1.406130e-01 -7.666421e-01 9.387104e-01 9.680052e-01 1.020662e+01 -1.772084e-04 -1.510619e-01 -1.826863e-01 1.028567e-01 5.407556e-01 1.151802e+00 1.797063e+00 1.131369e-01 5.682564e-01 2.632848e-01 5.319192e-01 5.917144e-01 3.879248e-01 -6.142669e-02 -1.187450e-01 -1.571711e-01 -2.647833e-01 -5.225010e-02 9.114738e-01 1.986748e-01 -4.377978e-01 1.290907e-01 3.877379e-01 -1.165838e-01 5.243273e-02 -1.217992e-01 
-1.093308e+01 4.667903e+00 1.834651e+00 4.352987e+00 -8.868786e-01 1.720122e+00 5.117989e-01 1.543315e+00 1.741394e-01 -1.036170e+00 4.221807e+00 2.487442e+00 1.019099e+01 4.979446e-02 5.944085e-02 -3.527928e-01 -3.743772e-01 2.647108e-01 1.945532e+00 1.550752e+00 -8.042722e-01 2.005927e-01 -8.720922e-02 -7.559126e-01 5.614611e-01 8.144981e-02 -1.326595e-01 -6.618460e-02 -6.979414e-02 -2.620356e-01 -1.727512e-02 5.966801e-02 -2.482842e-01 3.769656e-02 2.883186e-01 3.577162e-01 -4.072572e-01 -3.596307e-01 -1.685037e-01 
-1.145002e+01 4.768960e+00 1.308494e+00 2.350068e+00 -2.758566e+00 5.982980e+00 3.168882e+00 1.923463e+00 2.898268e+00 1.983832e+00 -2.103462e+00 1.320769e+00 1.032490e+01 -2.879227e-02 1.506212e-01 -6.301635e-03 -3.250998e-01 6.059725e-01 1.531780e+00 2.973855e-01 1.055309e-02 9.264098e-01 9.244967e-01 -4.821917e-01 -2.804010e-01 -1.093708e-01 -3.688374e-02 1.046359e-02 1.816954e-02 1.486472e-01 -1.222001e-01 -9.677540e-01 -8.330341e-01 2.106505e-01 1.887087e-01 -5.494493e-02 -1.297145e-01 -3.846453e-01 -1.747342e-01 
-1.070688e+01 5.606937e+00 1.968689e+00 9.988484e-01 3.346727e-01 5.928676e+00 2.008101e+00 -2.650965e+00 -4.539505e-01 -2.911623e-01 -2.423319e+00 -1.684907e-01 9.995958e+00 -2.011806e-01 2.517006e-02 -1.783514e-01 -2.001684e-01 6.480093e-01 -7.236243e-01 -4.389748e-01 1.098180e+00 1.399336e+00 4.062471e-01 -1.045375e+00 -1.032185e+00 -1.953097e-01 -4.154626e-02 -5.280249e-02 8.782833e-03 4.112130e-01 -2.746241e-01 -1.070001e+00 -6.101483e-01 1.497764e-01 -1.962843e-01 -2.031427e-01 3.034285e-01 -1.133423e-01 -5.256363e-02 
-1.172125e+01 4.343109e+00 2.264887e+00 4.034564e+00 2.936002e+00 1.776787e+00 -1.722035e+00 5.927836e+00 5.086397e+00 3.483363e+00 1.850273e+00 8.944772e-01 9.757301e+00 -5.894277e-02 -8.164475e-02 -1.791735e-01 7.590020e-01 -2.619913e-01 -2.352256e+00 -1.373186e+00 2.152435e-01 9.124684e-01 -2.580862e-01 2.804379e-02 -5.347111e-01 -3.473974e-01 7.106638e-02 1.213928e-01 5.479968e-02 4.247315e-01 -2.632385e-01 -4.133709e-01 -1.084563e-02 -4.768004e-01 -9.163129e-01 -4.414833e-01 3.735945e-01 3.542621e-01 7.368813e-02 
-1.180386e+01 5.007253e+00 4.648935e-01 2.509823e+00 -4.940553e-01 2.051219e-01 7.623625e-01 5.031608e+00 6.076488e+00 2.452276e-01 -2.981743e+00 -2.459758e+00 9.498347e+00 -1.426942e-01 -8.852392e-02 -2.225223e-01 1.139624e+00 -6.743568e-01 -1.462338e+00 -6.647083e-01 -1.577559e-01 -7.736839e-01 -5.116370e-01 5.061610e-01 1.218776e-01 -6.234653e-02 1.437239e-01 2.458179e-01 3.237140e-01 3.416424e-01 2.742305e-01 6.865390e-01 4.793501e-01 -5.799157e-01 -1.005566e+00 -1.494936e-01 4.541430e-01 5.002374e-01 1.793890e-01 
-1.119581e+01 4.660418e+00 1.164457e+00 5.389767e+00 -3.653875e+00 -2.916566e+00 -3.074279e+00 -8.415175e-01 4.195613e+00 4.249126e-01 -1.684056e+00 -2.071672e-01 8.836732e+00 2.972798e-01 8.143989e-01 2.898152e-01 1.128684e+00 -4.904766e-02 -1.655910e-01 3.561338e-01 -1.745657e+00 -2.568666e+00 -8.239602e-01 6.099094e-01 9.138103e-01 1.925652e-01 4.911371e-02 2.193954e-01 4.052977e-01 -9.124139e-02 5.544928e-01 1.198613e+00 7.612893e-01 1.662035e-01 -2.564245e-01 7.952864e-02 -1.642419e-02 7.558188e-02 2.015820e-01 
-1.168296e+01 5.005589e+00 1.405977e+00 6.019371e+00 2.579097e-01 9.634092e-01 -6.394398e-01 -5.490249e-02 -3.877041e+00 -1.320163e+00 1.874718e+00 9.918061e-01 1.014457e+01 3.392951e-01 8.062689e-01 1.205745e+00 1.323238e+00 1.912609e+00 1.615796e+00 1.093214e+00 -8.209718e-01 -1.887915e+00 -5.822435e-02 9.343517e-01 7.446873e-01 4.316810e-01 -7.904062e-02 -5.929424e-02 2.337704e-01 -4.005174e-01 3.465999e-01 8.357960e-01 4.635719e-01 7.251475e-01 9.086503e-01 2.953726e-01 -3.171407e-01 -3.678558e-01 3.867186e-02 
-1.029525e+01 8.415724e+00 3.243463e+00 7.923032e+00 2.315239e+00 5.695090e-01 7.592844e-01 -2.574700e-01 -2.780005e+00 1.462487e-01 2.471725e+00 3.737417e+00 1.039699e+01 -5.433644e-02 5.678743e-01 1.133098e+00 2.110215e-01 1.216932e+00 2.101628e+00 1.554353e+00 1.377899e+00 1.874078e-01 -8.720922e-02 -2.681758e-01 -4.682902e-01 4.134644e-01 -2.778450e-01 -4.593340e-01 -1.766412e-01 -5.426993e-01 -1.305257e-01 1.151147e-01 -3.236828e-02 8.223490e-01 1.133719e+00 4.048151e-01 -2.847041e-01 -4.012652e-01 -9.837457e-02 
-1.055762e+01 7.160628e+00 5.454321e+00 7.859274e+00 6.084463e+00 6.540972e+00 4.311810e+00 6.350932e-01 1.249108e-01 9.333297e-02 -3.881353e-01 -7.086875e-01 1.087663e+01 -3.622624e-01 -2.616290e-01 5.246460e-01 -4.041276e-01 4.255913e-01 1.582977e+00 1.053912e+00 1.906206e+00 2.391553e+00 5.969231e-01 -6.405571e-01 -1.026385e+00 2.062686e-02 -1.978052e-01 -4.030722e-01 -5.544561e-01 -4.544447e-01 -5.249638e-01 -6.459868e-01 -4.213080e-01 5.050969e-02 4.158228e-01 1.959502e-01 -7.118628e-02 3.403212e-02 -1.846353e-01 
-1.203078e+01 6.422043e+00 4.805999e+00 5.524889e+00 -4.826975e-01 4.802854e+00 2.221727e+00 5.703279e+00 3.131679e+00 -7.175333e-01 -1.893465e+00 -1.698552e+00 1.053790e+01 -7.410979e-01 -9.484206e-01 -2.529411e-01 -7.211589e-01 4.183282e-02 4.263349e-01 2.139444e-01 1.002514e+00 9.602366e-01 8.725023e-01 -2.617568e-02 -2.069285e-01 -9.375659e-02 5.293439e-02 -1.435161e-01 -5.067525e-01 -5.204152e-02 -1.518381e-01 -7.577617e-01 -4.561195e-01 -8.220512e-01 -4.666105e-01 2.976540e-05 2.275962e-01 4.210809e-01 -1.445477e-01 
-1.262677e+01 4.694519e+00 3.247838e+00 5.197771e+00 3.784703e+00 6.761730e+00 3.899026e+00 6.495558e+00 5.125441e+00 2.096135e+00 8.547701e-01 -1.421866e+00 1.017723e+01 -3.064282e-01 -4.511189e-01 -8.735758e-01 -4.829509e-01 -1.246587e-01 -7.764919e-01 -3.431872e-01 -3.806966e-01 -1.950620e-01 4.415641e-01 4.573476e-01 7.842668e-01 -2.378555e-01 2.318583e-01 1.955354e-01 -2.244181e-01 1.541058e-01 -3.791143e-02 -5.063837e-01 -2.703047e-01 -8.964426e-01 -7.977297e-01 -3.502097e-01 9.975015e-02 3.448498e-01 -3.635955e-02 
-1.296643e+01 4.906612e+00 3.081929e+00 5.648057e+00 3.674259e+00 2.590953e+00 2.035497e+00 1.824844e+00 -4.789893e-01 3.506966e+00 1.719502e+00 3.059515e+00 1.027777e+01 1.822613e-01 -5.500358e-02 -7.014514e-01 -9.806515e-03 7.329108e-01 -5.073804e-01 -2.763363e-02 -1.588919e+00 -8.523609e-01 -9.440574e-03 3.208449e-01 7.319490e-01 -1.801191e-01 2.795196e-01 3.155758e-01 2.597957e-02 1.957237e-01 -2.876741e-02 -1.522551e-01 -6.151195e-02 -5.465452e-01 -3.797510e-01 -4.326328e-01 -1.351093e-01 3.148825e-02 7.133067e-03 
-1.162198e+01 5.662664e+00 1.948380e+00 5.383247e+00 3.382872e+00 3.764390e+00 2.688686e+00 6.710755e-01 9.550080e-01 1.888858e-01 9.194430e-02 8.332748e-01 9.817491e+00 3.353867e-01 2.693182e-01 -3.731966e-01 1.064052e-02 -1.095733e-01 -4.820804e-01 -1.767165e-01 -1.280332e+00 -6.906840e-01 -7.132825e-01 -3.153197e-01 2.284468e-01 -1.180253e-01 1.437239e-01 1.765157e-01 1.329000e-01 1.007281e-01 -8.121209e-02 6.138892e-02 1.837464e-02 -1.491031e-01 -8.296659e-02 -3.013563e-01 -2.181346e-01 -1.615061e-01 3.017136e-02 
