-1.596137e+01 2.316418e+00 6.900283e-01 1.118285e+00 1.157692e+00 3.038664e+00 3.765232e+00 1.963174e+00 2.865891e+00 4.078745e+00 4.663653e+00 3.237731e+00 7.741128e+00 1.277661e-01 9.488637e-02 2.310038e-01 7.147269e-01 -2.802397e-03 -1.391705e+00 -8.736401e-01 2.128499e-01 -2.133959e-01 -5.753322e-01 -5.601472e-01 2.374364e-01 2.739193e-02 -1.057526e-01 -1.710256e-01 -3.062944e-01 -2.390846e-01 -2.666462e-01 -2.727200e-02 -1.970321e-01 -1.306014e-01 2.308567e-01 2.906662e-01 8.414432e-02 -3.074927e-01 -1.043319e-01 
-1.483469e+01 3.239958e+00 2.199818e+00 3.294617e+00 1.731420e+00 -3.790050e-01 3.085882e+00 4.307322e+00 2.077693e+00 3.507811e+00 4.071577e-01 4.404977e+00 7.901714e+00 -9.414654e-02 -4.094702e-01 -4.097673e-01 2.092030e-01 -8.790529e-01 -1.636292e+00 -1.967631e+00 -1.616748e-01 3.551438e-01 8.981197e-02 -2.316876e-01 -3.516453e-01 -2.320541e-01 -1.187402e-01 -1.471796e-01 -3.644706e-01 -3.311887e-01 -1.976660e-01 2.919837e-01 2.799602e-02 -1.831925e-01 2.327984e-01 2.818275e-01 1.194320e-01 -4.678439e-01 -1.196075e-01 
-1.588618e+01 2.329095e+00 1.090261e+00 3.604137e+00 8.568993e-01 -2.210897e+00 -2.632802e-01 1.855656e+00 2.192938e+00 1.487401e+00 3.991217e+00 3.840972e+00 7.797639e+00 -2.899869e-01 -5.081230e-01 -9.801020e-01 -2.280005e-01 -8.978590e-01 -1.405726e+00 -1.311852e+00 -2.529311e-01 6.565679e-01 5.453659e-01 -3.035772e-01 -1.005579e+00 -3.645397e-01 -7.696623e-02 -5.260089e-02 -1.212123e-01 -2.409171e-01 1.393327e-02 5.810741e-01 3.014830e-01 -7.954992e-06 -2.126813e-02 1.381655e-01 1.724976e-01 -3.099664e-01 -5.934034e-02 
-1.646940e+01 2.626554e-01 -1.558958e+00 9.216301e-01 -3.087168e+00 -2.517690e+00 -4.058733e+00 1.208617e+00 4.978289e+00 5.823252e+00 3.841702e+00 1.177507e+00 6.552508e+00 -2.572476e-01 -3.395321e-01 -9.857528e-01 -4.699198e-01 -5.435172e-01 7.530078e-02 -5.146237e-01 -4.701069e-01 5.156583e-01 2.734471e-01 -9.121296e-02 -1.480232e+00 -3.746989e-01 3.452476e-02 1.763804e-01 3.425430e-01 9.652146e-02 3.049172e-01 6.633530e-01 5.668113e-01 2.345598e-01 -3.070386e-01 -3.147171e-01 1.338393e-01 1.118283e-01 8.876656e-02 
-1.659423e+01 1.264182e+00 -2.331075e+00 1.165182e+00 -9.222503e-01 -2.920270e+00 7.781663e-01 2.248064e+00 4.698318e+00 5.647701e+00 1.428545e+00 -1.764839e-01 6.593009e+00 -1.754590e-01 -2.031175e-01 -8.711346e-02 -1.501200e-01 -1.009315e-01 6.578621e-01 -9.278551e-02 3.670659e-01 -3.999918e-01 2.358392e-02 2.321064e-01 -7.479770e-01 -1.980118e-01 9.957524e-02 2.286108e-01 6.470228e-01 2.823876e-01 2.611252e-01 4.093216e-01 2.839133e-01 3.849989e-01 -3.240121e-01 -2.879340e-01 2.102611e-01 4.639745e-01 1.663619e-01 
-1.576686e+01 2.074776e+00 -1.018201e+00 2.164712e+00 -9.668887e-02 3.521839e-01 -7.951899e-03 1.760370e+00 3.403169e+00 2.794864e+00 1.232638e+00 -9.875957e-01 6.630682e+00 2.133377e-02 3.198840e-01 8.564141e-01 6.529354e-01 2.470612e-01 6.486880e-01 2.569089e-01 7.011670e-01 -6.517912e-01 -1.222868e+00 1.696161e-01 7.870927e-02 1.285087e-01 5.403428e-02 7.387994e-02 4.047096e-01 2.055542e-01 9.129915e-02 -1.989879e-01 1.304920e-01 2.174752e-01 -6.738564e-03 4.144729e-02 2.363912e-01 6.033817e-01 1.686506e-01 
-1.711475e+01 4.074868e-01 3.842905e-01 2.231931e+00 -1.143131e+00 -3.565069e-01 -2.752807e+00 3.414988e+00 9.807909e-01 3.119765e+00 6.456313e+00 1.183166e+00 6.768429e+00 6.847831e-02 3.052513e-01 1.333869e+00 6.226227e-01 1.254786e-02 3.543348e-01 -2.780895e-01 1.086404e+00 -3.798618e-01 -1.460988e-01 6.173286e-01 5.347546e-01 2.156641e-01 7.590518e-02 -4.873396e-02 -2.422114e-01 -2.028277e-01 -6.535822e-02 -2.471574e-01 2.068422e-01 -3.614157e-01 2.321289e-01 2.508521e-01 1.722888e-01 4.553989e-01 8.878472e-02 
-1.610275e+01 2.290679e+00 1.365517e+00 3.652910e+00 -1.741621e+00 -5.562629e-01 -1.008521e+00 4.130916e+00 3.577792e+00 9.730628e-01 2.175865e+00 8.907884e-01 7.107496e+00 -1.089090e-01 -2.242798e-01 3.273064e-01 1.714286e-01 -1.437676e-01 -7.678596e-01 2.305643e-01 2.576190e-01 4.718100e-01 5.655329e-01 8.981311e-01 8.951192e-01 2.617073e-01 4.087801e-02 -1.559070e-01 -5.300207e-01 -5.225523e-01 -2.867853e-02 1.377620e-02 1.309473e-01 -5.964580e-01 8.092308e-03 2.375807e-01 1.557338e-01 3.206093e-01 -1.089772e-02 
-1.608388e+01 2.682530e+00 3.146294e+00 3.534417e+00 -3.731823e-02 -6.943195e-01 -1.119745e-01 6.495022e+00 2.711699e+00 5.827968e+00 4.043408e+00 1.558164e+00 7.433142e+00 2.690807e-01 -1.747174e-01 -1.033586e+00 -9.234455e-01 -2.323329e-01 1.303459e-01 9.546766e-01 -1.218146e+00 1.989179e-01 3.837256e-01 7.292384e-01 1.120781e+00 1.793048e-01 5.678923e-02 -4.782094e-02 -5.689010e-01 -4.673596e-01 2.512487e-01 4.054871e-01 2.674062e-01 -5.694937e-01 -2.573904e-01 -4.628118e-01 -2.904773e-01 -4.736852e-02 -6.211939e-02 
-1.682706e+01 -1.845162e-01 -7.627596e-01 2.370434e+00 -1.368515e+00 -3.318078e+00 -1.757303e-01 1.508637e+00 4.896564e+00 4.268183e+00 6.929565e+00 3.300356e+00 7.606914e+00 1.255042e-01 -2.196383e-01 -6.099336e-01 -1.186817e+00 2.260852e-01 8.294888e-01 2.953315e-01 -1.128708e+00 -9.007023e-01 -2.998186e-01 8.924034e-01 1.388659e+00 9.226830e-02 5.178535e-02 1.288494e-01 -5.327013e-02 -1.504274e-01 2.927113e-01 3.643658e-01 -9.483974e-02 -1.748660e-01 -4.724882e-01 -4.701551e-01 -4.999360e-01 -4.406331e-01 -8.471505e-02 
-1.540689e+01 7.712939e-01 -3.719546e+00 -1.744619e+00 -2.491211e+00 1.676164e+00 1.604246e+00 -1.364410e+00 1.315991e+00 3.390428e+00 7.725799e+00 5.582788e+00 7.415246e+00 2.351509e-01 6.381153e-02 -1.042022e+00 -1.035020e+00 1.083851e+00 1.582984e+00 1.026496e+00 -1.067871e+00 -9.805219e-01 -2.027475e+00 -8.322113e-01 5.121325e-02 -1.015555e-02 1.638948e-01 1.937816e-01 3.508652e-01 3.589591e-01 -6.380531e-02 -4.680654e-01 -5.140827e-01 1.231649e-01 -1.238790e-01 -6.031777e-02 -4.886607e-01 -7.072439e-01 1.276515e-04 
-1.581389e+01 2.148152e+00 1.748680e+00 3.579285e-01 6.157588e-01 2.405649e+00 -3.901817e-01 2.417067e+00 -2.275251e-01 6.924431e-01 4.796527e+00 5.821971e+00 7.577716e+00 1.670533e-01 3.006884e-01 6.514028e-02 -5.250657e-01 6.616789e-01 3.275911e-01 -2.796297e-01 -6.917293e-01 -1.300938e+00 -5.796580e-01 -8.207560e-01 -7.733900e-01 -6.718972e-02 3.658493e-01 3.115574e-02 1.892793e-01 5.097027e-01 -6.677002e-01 -1.117752e+00 -7.292445e-01 -8.409339e-02 1.610545e-01 4.158765e-01 -9.133930e-02 -6.248420e-01 9.619552e-02 
-1.541472e+01 1.835440e+00 -3.319618e+00 -6.340988e-01 4.389593e+00 4.358554e+00 5.127898e+00 7.012866e-01 3.713655e-01 -2.521452e+00 9.489897e-01 5.535167e-01 7.396881e+00 1.067919e+00 5.340251e-01 3.831779e-01 5.403118e-01 -7.691901e-01 -1.959034e+00 -1.328227e+00 -8.207816e-01 -2.203976e-01 2.219635e-01 -8.573983e-01 -1.334559e+00 2.596279e-01 3.120997e-01 -1.638557e-01 4.336402e-01 5.439963e-01 -7.559365e-01 -1.082072e+00 -8.460467e-01 -1.296522e-01 2.090624e-01 6.180448e-01 4.284001e-01 -2.098230e-02 1.733913e-01 
-1.598808e+01 7.866607e-01 -6.368676e-01 -8.101188e-01 -1.500762e+00 -3.021512e+00 -3.335761e+00 -2.982651e+00 -1.135757e+00 4.326089e+00 6.214014e+00 1.948252e+00 7.280091e+00 1.538531e+00 -2.989381e-01 -3.761011e-01 5.738890e-01 -2.185834e+00 -2.988275e+00 -2.173605e+00 -1.672709e+00 -4.756103e-01 6.547915e-01 4.482891e-01 -1.042796e+00 4.383349e-01 1.263376e-01 -4.714959e-02 2.589542e-01 3.845266e-01 5.775634e-02 5.843986e-02 -5.837229e-02 4.149548e-02 1.985502e-01 4.024566e-02 2.263985e-01 3.209941e-01 1.472174e-01 
-9.980501e+00 4.122008e+00 -6.106527e-01 1.541295e+00 -5.278817e+00 -5.405631e+00 -3.564245e+00 -2.768259e+00 6.682568e-01 2.683507e+00 2.729799e+00 8.470261e-01 8.862169e+00 1.109825e+00 -4.555711e-01 1.346841e+00 1.135491e+00 -1.272132e+00 -2.169521e+00 -2.256773e+00 -1.225826e+00 -3.479165e-01 4.455060e-01 6.753396e-01 8.093118e-02 6.040311e-01 -4.611969e-01 9.976689e-02 1.851314e-01 -7.856788e-02 7.221526e-01 1.013285e+00 6.063904e-01 3.847832e-01 8.964537e-02 -1.375161e-01 -1.084014e-01 4.252197e-01 -4.353791e-02 
-1.083864e+01 -4.899299e-01 -1.486105e+00 2.140013e+00 -5.479158e+00 -7.653397e+00 -6.911881e+00 -4.211382e+00 -2.753975e+00 1.363992e+00 6.147451e+00 4.614650e-01 9.036648e+00 7.777894e-01 5.597503e-01 8.781419e-01 1.099932e+00 1.201992e+00 7.249376e-01 -1.072143e-01 -2.818340e-01 -2.443785e-01 -4.902166e-01 -4.551400e-01 1.239805e-01 4.967355e-01 -6.963232e-01 3.573205e-01 -3.245168e-02 -3.855523e-01 6.155920e-01 1.275534e+00 1.046125e+00 5.976932e-01 3.051115e-01 4.299607e-02 -5.217112e-01 8.170408e-02 -1.997095e-01 
-1.244055e+01 1.958102e-01 3.839158e+00 3.568182e+00 1.783174e-02 -4.173006e+00 -4.367751e+00 -4.813354e+00 -5.592133e-01 1.187130e+00 4.358825e+00 1.701523e+00 9.538656e+00 -8.577452e-01 6.034911e-01 6.817163e-01 -1.154935e-01 1.147663e+00 1.250809e+00 6.704789e-01 4.076916e-01 1.121841e-01 1.068107e-01 -9.477192e-01 2.084128e-01 1.277693e-02 -6.186787e-01 4.686514e-02 -6.112205e-01 -3.538766e-01 -1.789379e-01 6.538944e-01 8.367692e-01 5.807812e-01 3.350076e-01 -1.033096e-01 -5.417562e-01 -2.083245e-01 -2.213061e-01 
-1.086942e+01 5.548424e+00 1.529207e+00 3.676671e+00 1.860573e+00 -1.324008e-02 -3.469983e+00 -3.368943e+00 -1.743906e+00 2.622981e+00 3.123630e+00 2.140278e+00 9.425398e+00 -9.595346e-01 9.581377e-01 -2.057807e-01 -7.283945e-01 -3.178443e-01 1.679227e+00 1.593270e+00 4.991500e-01 8.199705e-01 1.039121e+00 -1.348803e+00 -6.979842e-01 -2.646111e-01 -5.711699e-01 -6.994792e-01 -6.466092e-01 -1.792144e-02 -7.930200e-01 -2.750220e-01 2.110543e-01 2.468123e-01 -1.771944e-02 -4.291127e-01 -1.134425e-01 -7.402959e-02 -3.674468e-02 
-1.425379e+01 4.120087e+00 1.289921e+00 1.953523e-01 -3.210693e+00 -2.972084e+00 -1.932828e+00 -1.150662e+00 7.241235e-01 2.588133e+00 -4.969883e-01 1.049615e+00 8.731723e+00 -1.115016e+00 -4.204840e-01 -1.167375e+00 2.802049e-01 -1.406989e+00 6.228964e-01 1.076753e+00 1.287612e+00 7.949394e-01 -8.356748e-01 -1.586648e+00 -5.496722e-01 -1.218475e-01 -2.173561e-01 -1.008162e+00 -7.679496e-01 3.222659e-01 -4.236763e-01 -5.247076e-01 -2.675005e-01 -1.875068e-01 -3.793517e-01 -7.011626e-01 2.178674e-01 8.670647e-02 2.484619e-01 
-1.472931e+01 2.338700e+00 -1.240723e+00 1.844097e-01 -5.453834e+00 1.422015e-01 -1.632232e-01 -3.547282e+00 7.043307e-01 5.858886e+00 1.831452e+00 -2.702248e+00 8.116928e+00 -1.949570e+00 -2.425637e+00 -1.430257e+00 8.125439e-01 -1.485830e+00 -3.361532e-01 7.448924e-01 5.123888e-01 -6.743717e-01 -2.164501e+00 -7.029716e-01 1.327293e-01 3.802908e-01 5.105444e-02 -8.198105e-01 -4.207303e-01 1.835207e-01 3.107872e-01 -4.961856e-01 -6.046632e-01 -4.422654e-01 -4.567535e-01 -3.713541e-01 5.261793e-01 3.683244e-01 4.041976e-01 
-1.608562e+01 -3.016875e-01 -6.127865e-01 6.715282e+00 -3.359823e+00 -1.136101e+00 -6.375785e-01 1.713372e+00 2.191341e+00 -4.609200e+00 -2.928299e+00 1.374437e+00 9.583630e+00 -1.449552e+00 -2.745433e+00 -2.545777e+00 7.253363e-01 -3.867196e-01 -3.649740e-01 -2.428282e-01 -5.365027e-01 -1.037411e+00 -1.797170e+00 -1.813135e-01 2.264657e-01 9.325716e-01 9.556889e-01 1.587599e-02 -1.411119e-01 -7.986899e-01 5.650914e-01 -2.444550e-01 -7.561492e-01 -4.778151e-01 -2.467443e-01 5.347849e-01 4.516965e-01 -3.318450e-01 5.263667e-01 
-1.970108e+01 -4.368875e+00 -4.670899e+00 4.479234e+00 -5.493789e+00 -2.611773e+00 -3.932322e-01 -2.239039e+00 -5.849307e+00 -4.600816e+00 8.244365e-01 2.641281e+00 1.090081e+01 -5.370195e-01 -1.978474e+00 -1.620316e+00 -3.329920e-02 7.259732e-01 -3.077651e-01 -7.702070e-01 -8.002667e-01 -5.476406e-01 -3.369233e-01 5.795113e-01 7.555560e-01 1.229209e+00 1.908338e+00 5.107356e-01 8.466198e-02 -1.442764e+00 4.213232e-01 -4.085735e-02 -7.555421e-01 2.123843e-01 6.828623e-02 6.664306e-01 -7.198032e-02 -1.338589e+00 5.459835e-01 
-1.901538e+01 -6.253603e+00 -9.723650e+00 1.674796e+00 -5.124341e+00 -3.419660e+00 -3.031624e+00 -4.486937e+00 -1.186197e+00 -1.167875e+00 -8.998955e-01 -4.896108e-01 1.200255e+01 2.957034e+00 -5.646871e-01 -1.777902e+00 -3.290291e+00 3.124806e-01 -6.135428e-01 -1.946393e+00 -4.451453e-01 -5.022169e-01 9.245170e-01 3.061008e-02 -2.520360e+00 2.085553e+00 1.824959e+00 1.876321e-01 2.186824e-01 -1.378322e+00 -3.231233e-02 1.356426e-01 -3.512883e-01 8.068498e-01 -1.730251e-01 4.943148e-02 -3.039599e-01 -1.752908e+00 4.332958e-01 
-1.594947e+01 -4.577862e+00 -4.786427e+00 2.538325e+00 -9.416653e-01 -2.549244e-01 -2.817173e+00 -4.448308e+00 -3.453239e-01 2.453457e+00 3.714880e+00 2.007482e+00 1.305365e+01 5.388906e+00 -9.622877e-01 -1.390940e+00 -4.393443e+00 2.710912e-01 -4.162110e-01 -2.180982e+00 1.528739e+00 -6.005911e-01 -1.931957e-01 -1.168748e+00 -5.186781e+00 2.533746e+00 7.517104e-01 -4.077139e-01 -1.386442e-01 -7.036626e-01 -3.706289e-01 3.796676e-01 7.410213e-02 7.744927e-01 -4.337539e-01 -6.461278e-01 -3.266299e-01 -1.379158e+00 1.428944e-01 
-3.176038e+00 -3.020829e+00 -9.444432e+00 -8.765721e+00 -4.073396e+00 -5.382110e+00 -9.157367e+00 5.924810e-01 -3.071617e+00 -3.513447e+00 -4.220476e+00 -1.091032e+01 1.893506e+01 4.712215e+00 -2.315420e+00 -1.567071e+00 -3.986085e+00 -3.208179e-01 3.674902e-01 -1.293857e+00 2.333371e+00 -1.876042e+00 -1.621943e+00 -8.269976e-01 -5.566865e+00 2.446769e+00 -1.025905e+00 -6.864014e-01 1.692980e-02 6.670344e-01 -1.348974e-01 7.998274e-01 5.525051e-01 1.518549e-01 -2.903999e-01 -5.802516e-01 2.750197e-01 3.460061e-01 -3.892842e-01 
-6.762205e-01 -1.079677e+01 -1.176536e+01 -1.226767e+01 -4.663726e+00 -3.711795e+00 -8.235500e+00 2.865165e+00 -7.909349e+00 -4.393823e+00 -3.359193e+00 -1.808206e+01 2.010343e+01 2.343917e+00 -3.141696e+00 -2.418832e+00 -3.203666e+00 -8.105795e-01 1.099954e+00 -7.260291e-01 1.682955e+00 -2.029467e+00 -2.294398e+00 -6.248404e-01 -4.616863e+00 1.763072e+00 -1.776206e+00 -7.314396e-02 3.547768e-01 1.361851e+00 2.974011e-01 8.459883e-01 5.351252e-01 -4.198311e-01 7.404450e-02 3.193719e-01 6.360095e-01 1.721938e+00 -6.443571e-01 
-3.090979e+00 -1.472105e+01 -1.406982e+01 -1.085264e+01 -4.867443e+00 1.459512e-01 -6.791691e+00 3.522828e+00 -6.784355e+00 -5.853779e+00 -1.497953e+00 -1.827937e+01 2.071163e+01 -6.498806e-01 -2.906944e+00 -1.179313e+00 -5.498989e-01 1.788289e-01 2.627544e+00 8.878972e-02 2.370030e-01 -1.239761e+00 -9.260910e-01 1.133773e+00 -1.075291e+00 5.244209e-01 -1.349695e+00 5.606566e-01 6.068035e-01 1.416520e+00 5.780737e-01 3.417601e-01 2.267266e-01 -6.245009e-01 3.444485e-01 9.990696e-01 4.602872e-01 1.849581e+00 -5.997652e-01 
-4.272521e+00 -1.443638e+01 -1.456821e+01 -1.243682e+01 -4.597602e+00 2.480983e+00 -7.630278e+00 2.501407e+00 -8.636574e+00 -7.848249e+00 -7.705517e-01 -1.739243e+01 2.098077e+01 -8.110769e-01 -1.032226e+00 1.891399e-01 6.977051e-01 1.508354e+00 2.683628e+00 -1.966238e-01 4.778266e-01 -5.484282e-01 1.055694e+00 1.030822e+00 1.177162e+00 2.731735e-01 -4.708674e-01 6.668629e-01 6.169371e-01 1.151464e+00 4.249570e-01 -2.431037e-01 6.932075e-02 -5.187145e-01 3.579737e-01 1.048791e+00 1.896493e-01 1.145179e+00 -3.483250e-01 
-4.627564e+00 -1.573564e+01 -1.393966e+01 -1.143103e+01 -3.212381e+00 4.659211e+00 -9.016433e+00 1.959311e+00 -8.907288e+00 -6.416591e+00 1.542691e-01 -1.663149e+01 2.111851e+01 -4.586834e-01 -5.668111e-01 1.629552e-01 1.145751e+00 1.410064e+00 1.284477e+00 -4.249709e-01 -1.866364e-01 -8.944008e-01 1.698416e+00 6.466278e-01 7.840242e-01 1.929098e-01 2.250096e-01 3.994540e-01 2.607394e-01 3.999282e-01 -2.075870e-02 -7.919226e-01 9.470757e-02 -4.142657e-01 2.584763e-01 4.164373e-01 -1.887606e-01 1.089698e-01 -7.779467e-02 
-3.963346e+00 -1.545059e+01 -1.088472e+01 -8.489967e+00 2.050221e+00 7.449659e+00 -8.106464e+00 6.036301e+00 -9.590137e+00 1.165907e+00 9.691603e-01 -1.302035e+01 2.126568e+01 -1.060517e-01 -9.774711e-01 -5.375565e-03 1.705721e+00 6.986481e-01 5.559940e-01 -1.226157e-01 -6.988034e-01 -4.122448e-01 1.637306e+00 5.669546e-01 1.792503e-01 1.872658e-01 1.807618e-01 -3.294400e-02 -4.888592e-02 -2.594601e-01 -4.338944e-01 -9.450134e-01 1.859331e-01 -6.704912e-01 2.036389e-01 -4.376576e-01 -2.523261e-01 -4.839506e-01 -2.366681e-02 
-5.538832e+00 -1.704796e+01 -1.509677e+01 -7.097127e+00 -1.140880e+00 4.083804e+00 -8.678131e+00 8.223247e-01 -1.077930e+01 -1.868769e+00 8.650298e-01 -1.654510e+01 2.153387e+01 1.226469e-01 -9.370345e-01 2.216123e-01 9.455703e-01 4.798065e-01 -2.682122e-01 5.252998e-01 -1.246038e+00 -1.550977e-02 8.652346e-01 4.219271e-01 -3.155259e-02 1.784136e-01 8.833055e-02 -4.801341e-03 5.218729e-02 -6.396130e-01 -2.965552e-01 -6.179425e-01 2.287758e-01 -4.766503e-01 3.014624e-01 -6.444722e-01 -2.508943e-01 -3.043044e-01 -1.832668e-02 
-4.346549e+00 -1.866723e+01 -1.401648e+01 -6.074773e+00 -2.140052e+00 5.548909e+00 -8.412431e+00 -4.237888e-01 -9.761888e+00 -1.935583e+00 1.708916e+00 -1.653944e+01 2.170929e+01 -1.979598e-01 -1.011850e+00 -8.464621e-02 -4.994164e-01 -1.959263e-01 -1.265084e+00 2.578817e-01 -2.344954e+00 3.035150e-02 -7.160134e-01 -1.184561e-01 -8.347700e-01 1.620757e-01 1.299120e-02 2.226225e-01 3.887713e-02 -6.938021e-01 -1.121318e-01 -3.035805e-01 6.359069e-02 -1.659785e-01 1.868663e-01 -5.145088e-01 -2.477921e-01 -1.094861e-01 -3.031473e-02 
-3.822838e+00 -1.881244e+01 -1.126545e+01 -7.910320e+00 1.281779e+00 4.268561e+00 -6.237107e+00 -1.041212e+00 -8.898988e+00 -5.395589e-01 1.893729e+00 -1.502926e+01 2.178864e+01 2.895309e-02 -5.736555e-01 4.635628e-01 -9.495612e-01 3.745246e-01 -8.946540e-01 5.287043e-01 -1.746785e+00 3.916403e-01 -3.472810e-01 -2.650990e-01 -2.304128e-01 1.138343e-01 -5.168956e-03 3.301715e-01 -1.727990e-01 -2.473308e-01 -1.981629e-01 1.190627e-01 -2.379394e-01 2.278726e-01 2.322449e-02 -2.173580e-01 -2.000658e-01 -3.142684e-02 -3.748940e-02 
-5.811429e+00 -1.962765e+01 -1.322363e+01 -1.058063e+01 -1.405838e-01 1.031900e+00 -8.037522e+00 -4.757019e+00 -1.037866e+01 -3.078762e+00 -1.376999e-01 -1.795190e+01 2.194852e+01 5.737974e-03 -4.601248e-02 6.800549e-02 -8.156020e-01 1.906430e-01 -6.486817e-01 1.936008e-01 -1.278276e+00 3.184723e-01 -3.288809e-01 -3.283970e-01 -2.686017e-01 6.790996e-02 1.021053e-01 3.848724e-01 -2.109181e-01 2.850490e-01 -1.433453e-01 4.471196e-01 -2.518661e-01 6.367807e-01 -1.376900e-02 1.696483e-01 -6.681991e-02 1.934607e-01 -4.052274e-02 
-4.661530e+00 -1.943633e+01 -1.317516e+01 -9.592359e+00 -2.677664e-01 1.869103e+00 -6.222160e+00 -5.744961e+00 -8.512710e+00 -3.033695e+00 4.628789e-01 -1.699102e+01 2.198337e+01 -5.095745e-03 2.309863e-01 -7.186522e-01 -1.328650e-01 -7.042529e-01 1.887082e-02 -6.323233e-01 -6.401892e-01 -4.334161e-02 -4.150322e-01 -4.734245e-01 -4.716280e-01 3.802643e-02 8.844300e-02 3.374488e-01 -1.966628e-01 5.067358e-01 -1.241824e-01 4.520133e-01 -2.125147e-01 7.121081e-01 -3.268422e-02 2.273268e-01 7.224258e-02 1.872490e-01 -3.572752e-02 
-3.898898e+00 -1.858578e+01 -1.272159e+01 -9.312227e+00 -4.121130e-01 3.505330e+00 -7.451823e+00 -4.463437e+00 -8.362349e+00 -2.333062e+00 7.823304e-01 -1.690161e+01 2.195158e+01 3.296781e-01 5.101879e-01 -5.481725e-01 5.174606e-01 -3.732981e-01 5.137581e-01 -4.209179e-01 2.855113e-01 1.789630e-01 1.660930e-01 -3.483704e-01 2.529897e-01 -2.610411e-03 3.171359e-02 2.128477e-01 -5.925577e-02 3.844394e-01 3.315827e-02 2.354146e-01 1.426224e-04 5.143412e-01 1.026840e-02 1.615840e-01 1.548687e-01 1.432719e-01 -2.949736e-02 
-4.804650e+00 -1.817895e+01 -1.510988e+01 -9.208741e+00 -2.103473e+00 3.126270e+00 -9.691512e+00 -4.388754e+00 -1.012390e+01 -2.987580e+00 -9.334291e-01 -1.791267e+01 2.197725e+01 3.090821e-01 8.354904e-01 -2.117498e-01 9.174727e-01 3.561343e-02 7.841371e-01 -2.266162e-01 1.031832e+00 2.979923e-01 5.418321e-01 1.061712e-01 4.449064e-01 -2.946400e-02 -1.000417e-02 1.546827e-01 1.390577e-01 1.576042e-01 2.388565e-01 3.057529e-02 2.469905e-01 3.016901e-01 8.783755e-02 9.965979e-02 3.135885e-01 4.141012e-02 -2.610075e-02 
-4.091080e+00 -1.770527e+01 -1.499740e+01 -8.185450e+00 -1.089107e+00 2.971851e+00 -8.407550e+00 -4.007613e+00 -8.678075e+00 -2.271227e+00 -1.181527e+00 -1.622593e+01 2.193863e+01 7.047545e-03 7.159113e-01 -4.817157e-01 5.813506e-01 -1.349132e-02 1.457517e-01 -8.563783e-03 4.575137e-01 1.990930e-01 5.533741e-04 1.561047e-01 -1.044452e-02 -4.580190e-02 -1.476953e-01 -3.364220e-02 6.636379e-02 -2.013442e-01 4.878053e-02 -2.081543e-01 4.541388e-02 -4.862996e-02 -1.322151e-01 -1.742594e-01 1.598203e-01 -2.635157e-01 -1.681909e-02 
-3.019854e+00 -1.569914e+01 -1.309591e+01 -5.568285e+00 2.488426e-01 6.056821e+00 -6.877106e+00 -8.139437e-01 -6.865122e+00 -3.553613e-01 1.975420e+00 -1.510396e+01 2.184256e+01 1.062177e-01 9.014949e-01 -5.663088e-02 6.232056e-01 3.101500e-01 3.557196e-01 3.964949e-01 7.822163e-01 3.858639e-01 1.660321e-01 8.421762e-01 -1.327880e-01 -7.087317e-02 -1.944731e-01 -2.303991e-01 1.711357e-02 -4.372982e-01 -3.535603e-02 -3.891097e-01 -7.419635e-02 -3.163314e-01 -2.073403e-01 -3.365334e-01 -7.442629e-02 -2.867685e-01 -5.466772e-03 
-4.756169e+00 -1.624582e+01 -1.613713e+01 -8.225780e+00 -1.655801e+00 2.768687e+00 -8.902039e+00 -3.963189e+00 -8.996355e+00 -3.646290e+00 1.083811e-01 -1.835859e+01 2.178982e+01 -3.072494e-01 3.089488e-01 -2.939653e-01 -3.420232e-01 -2.666500e-01 -3.127850e-01 -5.054638e-01 1.670701e-01 -5.260227e-01 -5.172074e-01 8.267309e-02 -7.757508e-01 -6.594209e-02 -1.020419e-01 -2.157907e-01 2.354054e-01 -2.862056e-01 1.080395e-01 -1.254736e-01 6.555735e-03 -1.855223e-01 5.851058e-02 -1.604807e-01 -4.283745e-02 7.901049e-02 2.706899e-03 
-3.941283e+00 -1.440066e+01 -1.482334e+01 -6.072272e+00 -2.694546e-01 5.006227e+00 -7.462195e+00 -4.997596e-01 -8.035768e+00 -1.469980e+00 2.632729e+00 -1.751051e+01 2.169705e+01 -5.061851e-01 -1.131184e-01 -2.200271e-01 -8.073243e-01 -1.461647e-02 -9.320431e-01 -3.490984e-01 -4.047217e-01 -3.761859e-01 -8.818578e-01 -2.291909e-01 -6.061919e-01 -4.669306e-02 -6.600267e-02 -1.836200e-01 2.877272e-01 -1.561866e-01 1.884802e-01 1.202326e-02 1.107973e-01 -2.002340e-01 2.632637e-01 -8.317553e-02 -6.076464e-02 3.418283e-01 1.111670e-02 
-5.166661e+00 -1.680977e+01 -1.560339e+01 -9.643633e+00 -2.162843e+00 1.933188e+00 -1.064236e+01 -3.329026e+00 -1.072311e+01 -4.300283e+00 -1.096559e+00 -1.890147e+01 2.168127e+01 -1.971264e-01 1.442128e-01 7.770638e-01 -1.344972e-01 6.890844e-01 1.622825e-01 3.969002e-01 1.233116e-01 8.725710e-01 -2.779456e-01 4.775883e-01 6.211310e-01 -4.437605e-02 6.244394e-03 7.578206e-03 2.600568e-01 1.382323e-01 2.228305e-01 2.575821e-01 2.961704e-01 -1.687681e-02 3.921885e-01 8.078079e-02 1.498575e-01 4.256045e-01 1.088057e-02 
-5.345779e+00 -1.598266e+01 -1.446304e+01 -8.896094e+00 4.292055e-01 1.814221e+00 -7.752604e+00 -3.154873e+00 -7.882534e+00 -4.437842e+00 1.432075e+00 -1.786363e+01 2.166314e+01 -2.789150e-01 6.569962e-02 8.464655e-01 -2.615777e-01 7.745957e-01 1.782075e-01 4.992794e-01 -1.970455e-01 1.002890e+00 -3.694586e-01 3.410055e-01 8.778995e-01 -2.613700e-02 -1.939348e-02 2.597298e-02 4.354721e-03 1.704316e-01 -1.082495e-01 2.162782e-01 2.924829e-02 5.870948e-02 -1.549432e-03 3.215465e-02 5.992513e-03 1.720219e-01 6.375968e-03 
-5.039507e+00 -1.473373e+01 -1.243170e+01 -7.486059e+00 1.439913e+00 5.175985e+00 -6.772168e+00 -2.019175e+00 -4.709946e+00 -3.551964e+00 3.096652e+00 -1.507604e+01 2.158497e+01 -3.896333e-01 2.574196e-01 4.731135e-01 7.617656e-02 4.529636e-01 4.200255e-01 5.512391e-01 -2.100068e-02 7.453147e-01 -3.695195e-01 5.469077e-01 6.100215e-01 -2.185944e-02 -5.762539e-02 -4.862655e-02 -2.774689e-01 6.323136e-02 -3.733620e-01 -9.092593e-02 -1.877350e-01 3.493776e-02 -4.085447e-01 -1.090507e-01 -1.978883e-01 -1.720434e-01 -1.016662e-03 
-5.399195e+00 -1.511021e+01 -1.217656e+01 -8.459015e+00 1.802046e+00 4.276061e+00 -6.900595e+00 -2.140213e+00 -6.027761e+00 -3.691618e+00 2.241167e+00 -1.503341e+01 2.161464e+01 -5.067803e-01 -3.987618e-02 -4.628431e-02 -6.058070e-02 -4.378335e-01 2.051525e-02 -2.801160e-01 -3.909025e-02 -3.202597e-01 -6.753139e-01 -2.339640e-01 2.595165e-01 -2.607759e-02 9.842691e-03 -2.174601e-02 -2.457818e-01 1.517141e-01 -3.986744e-01 -1.033061e-01 -1.739222e-01 1.859809e-01 -3.370017e-01 -1.026954e-01 -1.447928e-01 -2.040917e-01 -1.316819e-02 
-7.088481e+00 -1.595884e+01 -1.438105e+01 -9.481056e+00 -5.845973e-01 2.802093e+00 -8.312374e+00 -3.941621e+00 -7.924035e+00 -6.520874e+00 1.233395e+00 -1.726604e+01 2.159627e+01 -3.711802e-01 -4.616982e-02 -1.638373e-01 8.107325e-02 -5.714852e-01 -2.134267e-01 -1.519596e-01 2.190145e-01 -5.085185e-01 -6.702570e-01 -2.243445e-01 6.996054e-02 -4.948536e-02 9.080438e-02 -1.127308e-02 -5.552787e-02 1.140173e-01 -2.261774e-01 -1.578301e-01 -6.812477e-02 1.944369e-01 -8.172989e-02 -3.588454e-02 -1.596774e-01 -8.293495e-02 -1.994325e-02 
-6.855075e+00 -1.556929e+01 -1.371988e+01 -8.201394e+00 -7.475148e-01 3.103431e+00 -8.382841e+00 -2.388727e+00 -7.876787e+00 -6.329864e+00 1.193810e+00 -1.547104e+01 2.152728e+01 -2.389136e-01 1.088111e-01 -6.395306e-02 4.946095e-01 -7.065836e-01 -2.146102e-02 -1.869633e-02 6.128414e-01 -5.515701e-02 -7.325248e-01 2.632638e-03 1.275911e-01 -7.818067e-02 9.547093e-02 5.188228e-03 9.516309e-02 3.709667e-02 -5.967458e-02 -1.466916e-01 7.288781e-02 1.308875e-01 1.765884e-01 4.116523e-03 -1.004073e-01 -7.468925e-02 -2.604626e-02 
-6.167633e+00 -1.473488e+01 -1.247925e+01 -7.209367e+00 -1.428348e-01 4.695003e+00 -6.790776e+00 -7.997797e-01 -6.328164e+00 -5.584426e+00 2.498342e+00 -1.450751e+01 2.138129e+01 -6.962186e-02 1.267479e-01 2.041823e-01 3.686949e-01 -5.435976e-01 -3.481835e-01 7.995414e-02 6.252717e-01 2.040817e-01 -5.203148e-01 -3.698125e-01 2.614607e-01 -9.546915e-02 2.030024e-02 -3.989910e-02 1.297905e-01 -7.813159e-02 -7.349546e-02 -1.919030e-01 5.300336e-02 1.647262e-02 1.651723e-01 9.655710e-04 -2.083284e-01 -9.035607e-02 -2.283128e-02 
-7.053935e+00 -1.517821e+01 -1.344707e+01 -7.122139e+00 -1.951529e+00 3.222399e+00 -7.754739e+00 -6.471944e-01 -7.101358e+00 -7.822572e+00 1.621678e+00 -1.577473e+01 2.133137e+01 -1.803401e-01 -1.002951e-01 2.454890e-01 -1.884233e-02 -7.501429e-01 -6.456525e-01 -3.166599e-02 4.123403e-01 2.063573e-01 -7.297221e-01 -6.632451e-01 -2.095824e-01 -1.333137e-01 -1.444582e-02 -2.931875e-02 1.566734e-01 -1.495548e-01 -6.616573e-02 -1.779160e-01 1.421039e-01 2.106045e-03 7.956842e-02 5.885764e-02 -2.086565e-01 -8.766248e-02 -1.523885e-02 
-7.336982e+00 -1.552089e+01 -1.349645e+01 -8.177320e+00 -2.700556e+00 1.001902e+00 -8.226654e+00 -1.685998e+00 -7.291305e+00 -8.376213e+00 -8.298028e-01 -1.580680e+01 2.121694e+01 -2.990348e-01 -1.411251e-01 3.304104e-01 -5.288591e-02 -9.172277e-01 -8.608999e-01 1.195927e-01 4.017291e-01 1.866649e-01 -6.668451e-01 -9.330329e-01 -2.133319e-01 -1.361060e-01 5.176149e-03 3.091405e-02 1.315757e-01 -1.308373e-01 -8.983205e-02 -1.166358e-01 2.375037e-01 1.138892e-01 1.274579e-02 3.422245e-03 -5.393382e-02 -9.167539e-02 -8.118673e-03 
-7.172089e+00 -1.567801e+01 -1.198392e+01 -7.811524e+00 -3.219134e+00 1.721842e+00 -7.823376e+00 1.160542e-01 -6.363599e+00 -8.582158e+00 -4.584121e-01 -1.586905e+01 2.094262e+01 -1.962930e-01 9.606643e-02 6.563274e-01 -4.227644e-02 -8.506027e-01 -6.547401e-01 6.721001e-01 7.351228e-01 3.514679e-01 -3.650109e-01 -7.590734e-01 -7.335211e-02 -1.340860e-01 1.028362e-01 9.179135e-02 1.355924e-01 -2.047038e-01 -5.899129e-02 -1.675809e-01 2.763239e-01 2.049206e-01 -1.080773e-01 2.024512e-02 -5.536561e-02 -5.810222e-03 4.051013e-03 
-7.603773e+00 -1.519051e+01 -1.155899e+01 -7.129330e+00 -4.095344e+00 1.140641e+00 -6.158404e+00 8.271534e-01 -5.763751e+00 -8.538663e+00 -1.126814e+00 -1.552687e+01 2.089506e+01 -3.569208e-02 1.830760e-01 6.567253e-01 -2.738194e-01 -9.424632e-01 -9.267637e-01 9.155244e-01 1.033247e+00 1.952420e-01 -6.856107e-01 -5.915759e-01 -2.651300e-01 -1.356901e-01 1.993718e-01 1.321256e-01 8.760229e-02 -2.461528e-01 -7.582482e-02 -1.914283e-01 1.627093e-01 2.774869e-01 -2.213008e-01 3.130016e-02 -5.047366e-02 4.305926e-02 4.450615e-03 
-7.901916e+00 -1.486281e+01 -1.113437e+01 -7.857796e+00 -5.507296e+00 -1.206175e-01 -5.428415e+00 1.771959e+00 -6.107570e+00 -9.566554e+00 -2.025162e+00 -1.628139e+01 2.082183e+01 2.021736e-01 1.965286e-01 7.602706e-01 -9.319565e-01 -1.032395e+00 -1.450645e+00 9.520827e-01 1.121067e+00 -3.382891e-01 -6.191389e-01 -1.110811e+00 -2.127764e-01 -1.132923e-01 2.311942e-01 2.497447e-01 7.636318e-03 -4.156919e-02 -2.482732e-02 -9.194848e-02 5.641863e-02 2.686426e-01 -1.668316e-01 1.857502e-01 8.044554e-02 1.567949e-01 -4.899147e-04 
-7.150897e+00 -1.501264e+01 -1.063751e+01 -9.522951e+00 -6.268703e+00 -2.710288e+00 -4.846376e+00 2.652383e+00 -6.443089e+00 -1.131211e+01 -3.004443e+00 -1.692651e+01 2.059885e+01 4.984937e-01 4.692793e-01 7.164171e-01 -8.388029e-01 -1.205507e+00 -1.420179e+00 7.932044e-01 1.596247e+00 -5.749472e-01 -3.833500e-01 -1.009622e+00 7.176583e-02 -1.242833e-01 1.692922e-01 4.285902e-01 -4.920095e-02 2.626666e-01 6.409220e-02 1.891806e-01 -4.342100e-02 1.271341e-01 1.103015e-01 4.033261e-01 2.699786e-01 2.490367e-01 -3.577746e-03 
-6.387975e+00 -1.478444e+01 -8.643051e+00 -1.127408e+01 -7.294605e+00 -3.606122e+00 -3.719211e+00 4.808858e+00 -7.715572e+00 -1.029129e+01 -5.073692e+00 -1.623310e+01 2.052444e+01 6.926672e-01 1.201702e+00 6.646046e-01 3.222304e-02 -8.432089e-01 -8.677372e-01 1.015310e+00 1.796849e+00 -9.751742e-02 4.126052e-01 -1.477553e-01 5.423924e-01 -1.422847e-01 3.806684e-02 4.988931e-01 -1.961903e-01 4.003645e-01 6.340893e-02 2.653608e-01 -2.746346e-01 -2.596417e-01 3.778933e-01 2.693840e-01 4.159912e-01 5.619740e-02 -1.425801e-02 
-5.868038e+00 -1.288358e+01 -9.222825e+00 -9.615182e+00 -9.229356e+00 -4.217321e+00 -3.046877e+00 7.289818e+00 -7.834648e+00 -1.009321e+01 -4.650614e+00 -1.519224e+01 2.042225e+01 5.654008e-01 1.823434e+00 4.586283e-01 5.574502e-01 -7.167099e-01 -2.723666e-01 6.668313e-01 1.331169e+00 6.262854e-01 8.152133e-01 2.766794e-01 6.023837e-01 -1.391359e-01 -6.009921e-02 3.602207e-01 -1.917798e-01 2.105717e-01 1.144862e-02 5.241410e-02 -6.149090e-01 -7.437909e-01 3.751481e-01 -1.660499e-02 1.746155e-01 -1.728130e-01 -2.766283e-02 
-5.080150e+00 -9.919335e+00 -8.518683e+00 -7.650198e+00 -8.242846e+00 -3.705659e+00 -1.251648e+00 8.437428e+00 -5.899746e+00 -8.112886e+00 -1.940949e+00 -1.443696e+01 2.019856e+01 3.590839e-01 2.013896e+00 -9.180921e-02 3.718427e-01 -9.598227e-01 -6.977550e-01 -3.580150e-01 -4.454743e-02 9.505526e-01 1.285618e-01 3.259520e-01 -1.969454e-01 -1.770993e-01 -5.183437e-02 7.817653e-02 2.580324e-02 -1.451826e-02 -1.482835e-01 -2.926610e-01 -8.828557e-01 -9.931135e-01 -5.565032e-02 -1.934054e-01 -2.779491e-01 -2.679133e-01 -4.931397e-02 
-4.977962e+00 -8.328111e+00 -8.406814e+00 -8.547807e+00 -9.377923e+00 -4.022678e+00 -2.745791e+00 7.494231e+00 -4.219596e+00 -8.325382e+00 -3.187239e+00 -1.481271e+01 2.006623e+01 3.649175e-01 1.864343e+00 1.357357e-01 4.434815e-02 -1.089938e+00 -1.243100e+00 -1.594753e+00 -1.202077e+00 7.767349e-01 -3.243723e-01 -3.734106e-01 -4.227461e-01 -2.451838e-01 1.113821e-01 -6.653795e-02 4.167072e-01 2.632338e-01 -1.175049e-01 -5.101362e-01 -6.674662e-01 -8.616571e-01 -6.020157e-01 -7.065183e-02 -3.485542e-01 -5.819787e-02 -7.194596e-02 
-5.037475e+00 -6.992743e+00 -9.509969e+00 -9.948775e+00 -1.201950e+01 -7.192186e+00 -5.659949e+00 4.483729e+00 -4.770601e+00 -1.053235e+01 -4.175597e+00 -1.740789e+01 1.981711e+01 5.336140e-01 1.572161e+00 9.551045e-01 2.163149e-01 -1.397988e+00 -1.845654e+00 -2.268203e+00 -1.902113e+00 -4.511043e-01 1.535873e-02 -1.212367e+00 -2.847105e-01 -3.357850e-01 2.294513e-01 -2.072557e-02 7.406664e-01 6.381946e-01 2.367756e-01 -3.664309e-01 -2.456428e-01 -4.630603e-01 -9.684688e-01 2.098630e-01 -2.703726e-01 4.307168e-01 -7.915695e-02 
-4.064662e+00 -5.025034e+00 -8.048342e+00 -8.244539e+00 -1.279103e+01 -8.689674e+00 -8.816319e+00 3.256608e+00 -4.515211e+00 -1.050536e+01 -5.400455e+00 -1.582076e+01 1.938739e+01 1.034822e+00 1.711722e+00 2.018732e+00 1.951372e+00 -1.085116e+00 -2.249059e+00 -1.715371e+00 -2.048345e+00 -1.682970e+00 5.184970e-01 -6.969503e-01 3.551972e-01 -4.194945e-01 1.142495e-01 2.648320e-02 5.042339e-01 8.798642e-01 7.580869e-01 -8.742003e-02 1.145920e-01 -3.715111e-01 -7.722192e-01 1.291666e-01 1.407596e-01 5.611088e-01 -6.916691e-02 
-2.868605e+00 -3.710027e+00 -3.922558e+00 -6.720701e+00 -1.352627e+01 -1.060031e+01 -9.557290e+00 1.045408e+00 -8.007036e+00 -6.946126e+00 -6.896355e+00 -1.535635e+01 1.885924e+01 1.171375e+00 1.986597e+00 2.670009e+00 2.609275e+00 2.216650e-01 -2.026888e+00 -1.525933e+00 -1.936675e+00 -2.661985e+00 7.564793e-01 -8.641540e-01 1.567522e+00 -4.857967e-01 -1.755258e-01 -8.718843e-02 -9.638011e-03 6.932563e-01 1.188242e+00 4.644665e-01 1.800133e-01 -2.873394e-01 -1.079768e-01 -1.425630e-01 5.021968e-01 4.942636e-01 -6.159264e-02 
-8.884336e-01 -1.410781e+00 -1.106905e+00 -4.052416e-01 -1.405020e+01 -1.356393e+01 -9.373954e+00 -1.028336e+00 -1.101585e+01 -7.525969e+00 -5.311452e+00 -1.406272e+01 1.844765e+01 6.174265e-01 1.789527e+00 1.799464e+00 3.247010e+00 1.890664e+00 -1.589643e+00 -1.392994e+00 -3.042362e+00 -1.978880e+00 -4.910243e-02 1.562516e-01 1.456705e+00 -5.159773e-01 -5.427209e-01 -4.535532e-01 -3.801960e-01 1.637216e-02 9.940357e-01 1.092095e+00 1.254829e-01 -1.884128e-01 5.679829e-01 -2.154354e-01 3.578845e-01 8.324327e-02 -7.319925e-02 
-7.691182e-01 1.133180e+00 3.693542e-01 -8.219994e-01 -1.028171e+01 -1.488961e+01 -1.301078e+01 -3.057013e+00 -1.483043e+01 -8.239702e+00 -8.541014e+00 -1.044893e+01 1.785782e+01 -1.352194e-01 1.097227e+00 1.016547e+00 3.034587e+00 3.055355e+00 1.469634e-01 -1.529256e+00 -2.841861e+00 -8.429381e-01 -4.136309e-01 8.720629e-01 1.635846e+00 -5.955281e-01 -7.348924e-01 -8.452678e-01 -4.356419e-01 -3.019126e-01 3.878425e-01 1.269033e+00 3.568862e-01 3.411805e-02 9.591430e-01 -4.352160e-02 1.215796e-01 -4.791680e-01 -1.070564e-01 
-2.027010e+00 1.501213e+00 -1.197133e+00 5.041373e+00 -4.960016e+00 -1.449283e+01 -1.405467e+01 -9.904037e+00 -1.099798e+01 -1.010421e+01 -3.796894e+00 -1.099068e+01 1.730801e+01 -1.025608e+00 -1.114663e-01 9.445191e-01 1.820560e+00 2.468187e+00 2.124522e+00 -1.086180e+00 -2.537875e+00 2.474924e-01 2.638658e-02 2.244695e-01 7.372254e-01 -7.306277e-01 -7.038571e-01 -8.803656e-01 -2.467531e-01 -7.214639e-01 -3.072703e-01 1.055685e+00 7.463025e-01 6.118441e-01 7.389564e-01 3.434580e-01 -4.513447e-01 -7.157095e-01 -1.578240e-01 
-2.975147e+00 3.202806e-01 1.205180e+00 5.729507e+00 -2.794536e+00 -9.401093e+00 -1.486336e+01 -8.726170e+00 -1.223088e+01 -7.725364e+00 -3.293386e+00 -8.713153e+00 1.645139e+01 -1.681703e+00 -1.289242e+00 9.192894e-01 1.812865e+00 1.872019e+00 2.461284e+00 1.050829e-01 -2.018230e+00 1.020482e+00 5.011327e-01 -2.904329e-01 -4.685729e-01 -9.137312e-01 -5.658287e-01 -6.985124e-01 -3.567260e-01 -7.617785e-01 -5.878497e-01 1.479498e-01 1.175412e+00 8.442115e-01 5.250972e-01 4.306433e-01 -5.318828e-01 -6.256115e-01 -1.943512e-01 
-4.913224e+00 -1.561759e+00 3.197809e+00 5.421551e+00 -5.452708e+00 -5.685493e+00 -1.387865e+01 -1.088361e+01 -1.107811e+01 -7.651213e+00 -6.813151e+00 -1.124495e+01 1.549777e+01 -2.128386e+00 -1.419049e+00 6.143839e-01 2.505916e-01 9.458596e-01 2.531648e+00 1.521370e+00 -3.950201e-01 7.842618e-01 1.210815e+00 -1.519311e+00 -1.069597e+00 -1.145967e+00 -2.497407e-01 -3.860967e-01 -6.524636e-01 -6.064538e-01 -3.796047e-01 -6.227266e-01 1.098265e+00 1.290740e+00 5.214146e-01 2.126935e-01 6.872276e-02 2.995003e-01 -1.457633e-01 
-7.734410e+00 -3.781482e+00 2.768314e+00 8.052158e+00 -6.749195e-01 -6.986976e+00 -1.257303e+01 -1.265862e+01 -9.687824e+00 -6.960537e+00 -8.484788e+00 -1.266459e+01 1.419424e+01 -2.413039e+00 -1.741598e+00 -6.019747e-01 1.077092e-02 8.773058e-01 6.831344e-01 3.044008e+00 3.076432e-01 1.514279e+00 1.147389e+00 -9.154828e-01 -5.888333e-01 -1.359667e+00 2.165199e-01 4.517336e-02 -5.511279e-01 -6.301451e-01 -3.396018e-01 -6.248813e-01 5.512908e-01 1.434535e+00 5.896099e-01 1.698736e-02 6.386344e-01 1.136878e+00 3.890717e-02 
-1.028939e+01 -3.542913e+00 1.093310e+00 5.132978e+00 -1.290292e+00 -3.041964e+00 -7.592757e+00 -9.913052e+00 -8.348302e+00 -4.432601e+00 -8.797432e+00 -1.436302e+01 1.270682e+01 -1.908735e+00 -1.815784e+00 -1.557122e+00 -3.105445e-01 1.067536e+00 -1.001341e-01 2.935549e+00 2.752867e+00 2.607685e+00 7.667760e-01 8.805809e-01 2.294917e+00 -1.236509e+00 6.401070e-01 3.646247e-01 -8.330332e-02 -2.414407e-01 -3.153143e-01 -4.522524e-01 -3.844923e-01 7.294084e-01 3.535545e-01 -2.758108e-01 9.378484e-01 1.158427e+00 3.036433e-01 
-1.235229e+01 -7.396888e+00 -7.520908e-01 5.927725e+00 -4.894918e-01 -7.307404e+00 -2.786363e+00 -7.672880e+00 -6.024888e+00 -3.597554e+00 -6.878454e+00 -1.009846e+01 1.104845e+01 -7.089304e-01 -8.648937e-01 -7.505674e-01 -1.057288e+00 1.132488e-01 6.527557e-01 2.154532e+00 3.580439e+00 3.056933e+00 8.080848e-01 1.702795e+00 3.533766e+00 -6.739500e-01 8.647757e-01 7.516668e-01 5.655079e-01 -2.904378e-01 -6.163300e-01 4.773957e-02 -1.269995e+00 -2.336265e-01 -3.793517e-01 -5.465791e-01 4.700114e-01 3.108794e-01 4.888223e-01 
-1.214821e+01 -8.832908e+00 -2.827633e+00 4.931008e+00 -2.078329e-01 -6.025692e+00 -4.094119e+00 3.883901e-01 1.287446e-01 -5.498747e+00 -3.213208e+00 -1.053239e+00 1.088810e+01 2.200313e-01 -3.421191e-02 2.720717e-01 -4.225852e-01 -2.486476e-01 2.855283e-01 4.372016e-02 1.615549e+00 1.780607e+00 1.467285e-03 1.860893e+00 2.661253e+00 2.947130e-02 6.860415e-01 5.807700e-01 6.082212e-01 -4.458061e-01 -8.217487e-01 -9.574654e-02 -1.311434e+00 -1.002130e+00 -8.561157e-01 -3.588571e-01 -2.566513e-01 -7.661732e-01 4.095559e-01 
-1.035006e+01 -5.461065e+00 9.756477e-01 2.866604e+00 -6.495955e-01 -2.231009e+00 -3.549907e+00 9.287669e-02 1.358449e+00 -2.387038e+00 -2.762900e+00 -1.650444e+00 1.173365e+01 8.466013e-01 1.126021e+00 1.310947e+00 -1.385482e+00 -1.546186e+00 7.290055e-01 -1.860064e+00 -2.917378e-01 3.096415e-02 -1.202823e+00 9.443930e-01 7.822189e-01 4.514053e-01 3.022606e-01 7.162423e-02 3.294400e-02 -2.999056e-01 -5.190558e-01 -5.951176e-01 -7.509884e-01 -4.279420e-01 -5.109213e-01 -6.248071e-02 -4.811140e-01 -9.043710e-01 1.114349e-01 
-1.019039e+01 -4.681972e+00 1.589867e+00 4.550518e+00 -2.453506e+00 -4.152213e+00 -6.992415e+00 -5.718242e+00 -3.136422e+00 -5.030523e+00 -1.550649e+00 -5.280829e+00 1.251162e+01 7.437405e-01 9.268360e-02 4.531367e-01 -2.375427e+00 -2.211471e+00 -6.169182e-01 -1.614289e+00 -3.217523e-01 -1.600078e-01 -2.205068e-02 -2.343558e-02 -1.601451e-01 2.485775e-01 3.846040e-02 -2.056400e-01 -5.422282e-01 -3.580996e-02 -9.626109e-02 -4.953091e-01 2.615244e-01 5.350498e-01 1.069202e-01 4.289877e-01 -2.487168e-01 -2.990271e-01 -1.828717e-01 
-9.098264e+00 -3.842565e+00 3.593775e+00 -8.098062e-01 -7.097359e+00 -4.598766e+00 -1.063748e+01 -6.078460e+00 -4.237154e+00 -9.845864e+00 -2.987550e+00 -4.073593e+00 1.249396e+01 5.406380e-01 -5.701940e-01 -6.763904e-01 -1.580300e+00 -1.500618e+00 -1.871533e+00 -7.714229e-01 2.409468e+00 1.472706e+00 5.074691e-01 2.394496e-01 4.226874e-01 -2.263507e-01 -9.135942e-02 -1.907094e-01 -8.734332e-01 6.708302e-01 6.941071e-01 -4.491104e-02 8.134695e-01 6.962746e-01 1.820119e-01 6.399946e-01 2.211784e-01 2.908149e-01 -2.775410e-01 
-9.055299e+00 -9.179044e+00 -1.870792e+00 -5.108070e+00 -8.041381e+00 -7.926443e+00 -8.621696e+00 1.864991e+00 2.126536e+00 -1.879774e+00 -3.217999e+00 -6.424016e-01 1.175107e+01 5.652817e-01 -2.143673e-01 -1.445379e+00 -5.043131e-01 -7.527951e-01 -8.907592e-01 8.069846e-01 2.940230e+00 1.594448e+00 1.291178e+00 9.698003e-01 1.345749e+00 -5.460390e-01 -1.080578e-01 3.527554e-01 -4.379521e-01 1.021489e+00 1.213617e+00 7.314259e-01 4.662886e-01 -3.062791e-01 -5.990696e-01 -1.726839e-01 1.399841e-01 1.089149e-01 -1.503769e-01 
-8.214575e+00 -6.063825e+00 -6.758850e-01 -2.057731e-01 -5.359010e+00 -9.701749e+00 -6.592493e+00 8.348258e+00 6.090515e+00 -1.425175e+00 -7.319755e-01 -1.856429e+00 1.098205e+01 4.789692e-01 3.259416e-01 -2.107003e+00 1.033128e+00 1.195000e+00 6.413313e-01 9.966659e-01 1.558653e+00 6.378472e-02 1.340590e+00 1.553655e+00 1.483368e+00 -5.389692e-01 -1.651245e-01 3.698612e-01 -8.235821e-02 4.158534e-01 9.812708e-01 9.919212e-01 -1.013667e-01 -1.392789e+00 -1.234822e+00 -6.852210e-01 -3.447063e-01 -3.551528e-01 1.155263e-02 
-7.806115e+00 -4.643171e+00 -3.502207e+00 1.727007e+00 -7.086667e+00 -6.054667e+00 -4.979989e+00 1.769706e+00 -3.284043e-01 -2.785041e+00 2.170570e+00 3.396096e-01 1.053702e+01 2.343176e-01 1.408290e+00 -1.021250e+00 1.425212e+00 2.508773e+00 1.783865e+00 -1.667936e-01 -1.427641e+00 -2.450971e+00 -1.302013e+00 1.930161e-02 -1.458417e-01 -3.470730e-01 -2.401828e-01 1.249288e-01 1.474324e-01 -1.673560e-01 5.085034e-01 4.020177e-01 -4.427795e-01 -9.894031e-01 -5.746974e-01 -6.763022e-01 -8.330358e-01 -5.782263e-01 6.557150e-02 
-7.327693e+00 -4.480668e+00 -6.125516e+00 9.378877e-01 -1.599807e+00 -2.327819e+00 -7.475312e+00 1.762302e+00 -2.691085e+00 -2.690453e+00 2.086610e+00 2.852170e+00 1.040610e+01 -1.195046e-01 4.677058e-01 -1.300289e+00 -4.658392e-01 1.774854e+00 1.750803e+00 -7.914448e-01 -2.370522e+00 -2.678702e+00 -1.622064e+00 -1.008814e+00 -6.073028e-01 -2.680569e-01 -2.623348e-01 -1.055563e-01 2.528373e-01 -3.974199e-01 -3.613425e-01 -2.467922e-01 -4.573580e-02 -1.462622e-01 5.127437e-01 -1.176491e-01 -7.808053e-01 -5.852076e-01 2.286862e-02 
-8.326922e+00 -2.929013e+00 -4.252072e+00 1.446251e+00 2.623105e+00 -2.694266e+00 -9.014603e+00 -1.980224e+00 -5.737573e+00 -7.756806e+00 -4.530851e+00 -3.726135e+00 1.030368e+01 -3.364171e-01 3.393156e-01 -1.111583e+00 -5.915207e-01 1.499755e+00 5.645623e-01 -5.127593e-01 -4.222307e-02 9.222921e-02 -6.090250e-01 -1.914153e+00 -5.000961e-01 -3.536676e-01 -1.978465e-01 -1.604990e-01 1.607688e-01 -1.547032e-01 -7.968090e-01 -4.654725e-01 4.635564e-01 5.382855e-01 9.420356e-01 6.499816e-01 -1.685962e-01 -2.129421e-01 -2.239535e-02 
-8.551619e+00 -4.582088e+00 -6.802224e+00 -2.394611e+00 -1.339533e+00 -2.627795e+00 -8.532316e+00 -1.629664e+00 -4.598213e+00 -7.049361e+00 -2.425547e+00 -2.859944e+00 9.758344e+00 -5.471389e-01 3.327073e-01 -7.976840e-01 5.437468e-02 -1.072806e-01 1.705329e-02 9.410585e-01 1.345291e-01 1.355952e+00 4.058422e-01 -1.383609e+00 -1.265541e+00 -4.212768e-01 -5.981810e-02 2.024822e-01 5.746176e-01 3.863591e-01 -5.052661e-01 -2.767384e-01 5.347837e-01 4.445792e-01 4.176320e-01 5.215402e-01 9.172087e-02 -2.346008e-01 8.542000e-04 
-8.876471e+00 -2.895590e+00 -8.722001e+00 4.357775e-01 2.820452e-01 -3.081847e+00 -7.015294e+00 3.254355e+00 1.086459e+00 -3.650744e+00 -5.144289e+00 6.949897e-01 9.092453e+00 -5.410672e-01 6.732718e-01 -4.687427e-01 3.916626e-01 -5.341945e-01 3.233502e-01 1.284754e+00 1.103502e-02 2.418910e-01 9.339607e-01 -6.362957e-01 -8.815688e-01 -3.824817e-01 -7.735980e-02 3.071579e-01 8.470165e-01 2.806860e-01 -1.458920e-01 6.187272e-02 1.844153e-01 -8.819196e-02 -2.752678e-01 2.575278e-01 4.300705e-01 -1.529134e-01 5.734334e-02 
-9.788610e+00 -2.833739e+00 -7.878860e+00 1.714814e+00 -9.655824e-01 -2.048979e+00 -3.769849e+00 -1.820344e-01 6.765570e-01 -2.714559e+00 -4.525052e+00 -5.686385e+00 8.905495e+00 -3.161783e-01 1.313099e+00 1.251335e+00 9.742509e-01 2.656262e-01 4.877068e-01 9.837773e-01 -1.743072e-01 -6.654445e-01 2.141038e-01 -1.189236e+00 -1.589661e+00 -2.494020e-01 -1.037286e-01 2.878501e-01 7.919381e-01 4.481927e-02 2.858475e-01 1.786629e-01 -9.590227e-02 -4.069167e-02 -1.910364e-01 1.717845e-01 5.143670e-01 3.957001e-01 6.144834e-02 
-1.041364e+01 -4.365305e-01 -6.057540e+00 1.349643e+00 -2.348452e-01 -1.367218e+00 -4.972058e+00 -2.648509e+00 -7.165525e+00 -5.254548e+00 -6.662881e+00 -6.720459e+00 8.817903e+00 -8.386969e-01 1.384925e+00 2.098958e+00 3.519062e-01 5.838025e-01 6.386483e-01 3.879025e-01 -3.288264e-01 -2.734357e-01 7.743919e-01 1.389951e-01 -1.102509e+00 -1.528598e-01 -1.907062e-01 2.548961e-02 3.880654e-01 -8.275642e-02 2.936120e-01 1.326480e-01 8.339924e-02 -6.903653e-02 3.824798e-01 1.871388e-01 6.855553e-01 7.718137e-01 2.768200e-02 
-9.363893e+00 7.536222e-01 -1.877803e+00 2.019957e+00 2.468730e-01 -1.046790e+00 -4.635281e+00 4.501968e-01 -3.799798e+00 -5.176729e+00 -7.612158e+00 -7.100738e+00 8.648840e+00 -9.169140e-01 1.416157e+00 1.878098e+00 2.983925e-01 7.629424e-01 7.526333e-01 9.099313e-01 1.010786e-01 6.584058e-01 1.344489e+00 8.004670e-01 8.236018e-01 -2.288459e-01 -2.573871e-01 -2.602067e-01 -2.639225e-01 -6.251185e-02 1.194555e-02 -8.592273e-02 3.785574e-03 -1.161917e-01 4.412007e-01 1.676189e-01 9.832183e-01 1.061183e+00 -1.640133e-02 
-1.328214e+01 2.234974e+00 -1.227615e+00 2.043093e+00 2.594686e+00 -3.895723e-01 -4.643212e+00 1.294245e+00 1.957340e+00 1.452291e+00 -2.905355e+00 -4.110565e+00 8.456701e+00 -1.194424e+00 7.491888e-01 1.158216e+00 3.157641e-01 6.852267e-01 8.541553e-01 1.738774e+00 -4.718249e-01 1.492311e+00 1.304460e+00 1.796567e+00 1.770965e+00 -2.543330e-01 -4.156935e-03 -4.058073e-01 -4.925054e-01 8.980235e-02 -1.177533e-01 -2.598663e-01 -3.932269e-02 1.273498e-01 -4.261172e-03 -1.149788e-01 6.501483e-01 7.046937e-01 -8.845222e-03 
-1.293900e+01 2.911110e+00 -9.032831e-01 2.860351e+00 1.434286e+00 1.225520e+00 6.152687e-01 -1.648013e+00 -5.927333e-01 6.541886e-01 -2.401091e+00 -2.873148e+00 7.941978e+00 -1.425385e+00 3.298751e-01 4.021201e-01 6.798671e-01 2.746274e-01 -4.967599e-02 3.271883e-01 -6.837457e-01 6.577057e-01 7.871867e-01 2.898114e+00 2.279364e+00 -2.806520e-01 1.785691e-01 -4.092178e-01 -3.343324e-01 1.920815e-02 -2.870514e-01 -4.042289e-01 -3.800145e-01 4.180895e-01 -2.968612e-01 -2.203754e-01 1.536159e-01 1.177652e-01 5.145830e-02 
-1.459809e+01 2.230748e+00 -7.536149e-01 2.507998e+00 2.597781e+00 1.767520e+00 1.096335e+00 -3.958682e+00 -1.307507e+00 -1.647889e+00 -2.854494e-01 2.044653e-02 7.899595e+00 -6.053553e-01 -1.009245e-01 3.744231e-01 6.101478e-01 2.391852e-01 -2.594708e-01 4.826621e-01 7.004596e-01 -2.942658e-01 4.782240e-01 2.340989e+00 1.693060e+00 -1.712177e-01 3.522994e-01 -1.803976e-01 -1.134153e-01 -8.275642e-02 -2.721435e-01 -1.803263e-01 -3.443060e-01 6.017055e-01 -2.428943e-01 -4.958317e-02 -5.343288e-01 -3.797799e-01 7.754139e-02 
-1.583276e+01 2.405161e+00 -1.040364e-01 5.186753e+00 1.618588e+00 -2.373838e+00 -5.868910e+00 -3.423456e-01 1.121256e+00 3.093748e-01 5.568304e+00 2.230821e+00 7.524031e+00 -3.185593e-01 -2.049269e-01 5.983866e-01 2.472106e-01 -4.492458e-01 -7.117759e-01 -3.621491e-01 1.605443e+00 6.737310e-02 6.557054e-01 1.296351e+00 1.451289e+00 -1.306667e-02 3.106941e-01 -5.576963e-02 -1.351001e-01 -3.283527e-01 -3.354711e-01 8.188681e-03 2.287312e-02 1.601383e-01 5.415841e-02 1.846769e-03 -9.715912e-01 -5.673420e-01 5.723436e-02 
-1.486198e+01 1.983344e+00 2.449863e-01 3.930540e+00 3.698530e+00 1.128857e-01 1.012141e+00 4.143470e+00 -3.711822e-01 4.015862e+00 4.814932e+00 1.802629e+00 7.809648e+00 1.371445e-02 1.146327e-01 4.930107e-01 1.182647e-01 -3.135045e-01 2.836242e-01 3.619632e-01 1.392107e+00 5.729849e-01 1.122287e+00 -7.417683e-02 2.861793e-01 -4.716295e-04 2.440455e-02 1.219704e-02 -3.342011e-01 -3.489463e-01 -4.416900e-01 -1.850739e-01 -2.151710e-01 -5.507697e-01 2.611211e-01 -1.221085e-01 -6.842788e-01 -4.039123e-01 -1.244164e-02 
-1.440011e+01 2.010620e+00 1.589257e+00 3.385284e+00 -1.362325e+00 -1.505956e+00 -1.153116e+00 2.327898e+00 -7.242594e-01 1.100927e+00 1.530407e+00 3.492382e+00 7.921493e+00 -1.812925e-01 -5.679034e-02 -3.326455e-01 -7.159196e-01 -1.126345e+00 -2.803291e-01 5.019544e-01 -2.289801e-01 4.948282e-01 4.743855e-01 -7.522443e-01 1.461995e-01 -7.990358e-02 -1.047968e-01 -2.561294e-02 -4.575630e-01 -2.476799e-01 -2.432283e-01 -3.265514e-01 -2.187760e-01 -7.153166e-01 1.185371e-01 -1.886256e-01 -1.339350e-01 -2.352054e-01 -5.736050e-02 
-1.524548e+01 3.001390e+00 8.646920e-01 4.000260e+00 2.520684e+00 2.751643e+00 5.484624e-01 1.666695e+00 2.480252e+00 3.567813e+00 1.362739e+00 8.206178e-01 7.698509e+00 -5.519010e-01 -1.140625e-01 -8.310318e-01 -6.530789e-01 -1.630733e+00 -1.400446e+00 -1.025223e+00 -1.136187e+00 7.975650e-01 -4.173022e-02 -5.611265e-02 3.260347e-01 -2.000318e-01 -1.525305e-01 -8.281128e-02 -3.735803e-01 -1.337169e-01 -1.266981e-01 -4.794231e-01 -3.512883e-01 -4.675903e-01 2.249158e-04 -1.835253e-01 2.753180e-01 4.744267e-03 -5.196587e-02 
-1.654749e+01 1.612238e+00 -2.077158e+00 1.571935e+00 -3.424258e+00 -5.094748e+00 -3.127105e+00 -2.486698e-01 2.169633e+00 2.905173e+00 3.533092e+00 3.452770e+00 7.180019e+00 -5.597584e-01 -2.185369e-01 -1.027457e+00 -6.055111e-01 -1.006838e+00 -1.502488e+00 -7.623442e-01 -7.068881e-01 5.477787e-01 2.945889e-01 6.175489e-01 2.553504e-01 -2.001506e-01 -7.646023e-02 -4.279930e-02 -1.585963e-01 2.684349e-02 8.629879e-02 -2.546075e-01 -2.265552e-01 -5.268539e-02 -1.440509e-02 -2.318896e-03 3.413294e-01 1.474904e-02 -2.404825e-02 
