-1.548401e+01 3.136706e+00 -1.677212e+00 -1.628478e+00 -1.397342e+00 2.059273e+00 -1.128037e+00 7.408941e-01 2.146841e+00 3.124504e+00 3.282964e+00 2.179784e+00 7.295735e+00 -1.363567e-01 -4.927829e-01 1.691097e-01 1.133624e+00 2.323747e-01 -6.171600e-01 1.085927e-01 1.123303e-01 3.861893e-02 -9.290721e-01 5.744624e-02 4.516045e-01 -1.575959e-03 7.743744e-02 2.555670e-02 1.871272e-01 3.527410e-02 -9.208647e-02 1.250062e-01 1.720482e-02 1.265656e-01 4.231536e-02 2.940817e-01 -1.744476e-02 1.169763e-01 3.443758e-02 
-1.612353e+01 1.371539e+00 -1.095943e+00 2.957773e+00 -1.137629e+00 -1.281432e+00 -5.715579e-01 2.943741e+00 5.550357e+00 3.479611e+00 5.801225e+00 7.005199e-01 7.197348e+00 3.987046e-02 -6.648515e-01 6.764174e-01 1.206134e+00 -2.898256e-01 -3.901109e-02 5.428348e-01 3.483862e-01 -3.708764e-02 -4.243010e-01 2.538697e-01 1.279806e+00 9.698578e-02 6.986694e-02 5.394660e-02 3.414956e-02 -1.858887e-01 -5.798188e-02 2.010169e-01 -1.308504e-01 1.234765e-01 -5.317836e-02 1.049610e-01 -2.562397e-01 -3.262395e-02 1.911753e-02 
-1.584589e+01 1.555696e+00 -1.122412e+00 1.746083e+00 -3.651763e-01 6.437567e-01 -8.627324e-01 2.010558e-01 6.376463e-01 -1.698711e+00 2.311426e+00 5.177249e+00 7.336840e+00 1.627729e-01 -2.787601e-01 8.511059e-01 1.273782e+00 3.326971e-02 -2.812145e-01 -2.236320e-02 6.272473e-01 2.880336e-01 2.888453e-01 -1.279877e-01 6.224751e-01 1.212759e-01 1.680707e-02 9.171175e-02 -1.530389e-01 -3.665023e-01 -5.946247e-02 2.126038e-02 -2.522843e-01 -6.623947e-03 -1.458890e-01 1.831158e-01 -2.342335e-01 -4.714439e-01 -3.703794e-02 
-1.510347e+01 6.027797e-01 1.427125e+00 2.714778e+00 -3.363027e+00 2.571966e+00 1.453452e+00 2.752282e+00 2.715651e+00 3.414499e+00 5.038234e+00 7.080068e+00 7.760127e+00 6.342828e-02 -3.297854e-01 -1.008419e-03 1.340185e-01 4.218741e-02 2.199163e-01 -4.801394e-01 4.723400e-01 -3.517832e-01 -1.013380e+00 -1.130927e+00 2.030424e-01 3.252360e-02 -9.854336e-02 1.753629e-01 -3.035395e-01 -5.009437e-01 1.093757e-01 -9.400694e-02 -1.527690e-01 -2.396412e-01 -1.718642e-01 2.707517e-02 -1.048149e-01 -7.341225e-01 -9.544395e-02 
-1.518037e+01 2.127367e+00 1.317012e+00 4.861778e+00 -1.182813e-01 -1.273664e+00 -2.252003e+00 3.972675e+00 5.003981e+00 4.601288e+00 3.024522e+00 2.101907e+00 7.620635e+00 -6.422225e-02 -2.017970e-01 -2.572860e-01 -1.627710e-01 -2.310031e-01 -6.403387e-01 -6.414618e-01 1.723867e-02 -5.335110e-01 2.809414e-01 -4.212347e-01 -1.367165e+00 -1.545235e-01 -9.867617e-02 -1.134217e-01 -4.034269e-01 -2.185446e-01 2.950108e-01 -1.825297e-01 2.954975e-02 -2.959649e-01 -1.825326e-01 6.106955e-02 5.043707e-02 -3.976753e-01 -3.785139e-02 
-1.613936e+01 -5.636807e-01 -2.320949e+00 2.070076e+00 -1.049571e+00 7.766772e-01 -2.277873e+00 3.419618e+00 1.608410e+00 -4.737090e+00 -2.101994e-01 3.253372e+00 7.218118e+00 -3.392461e-01 1.733807e-01 -2.872471e-01 -5.802748e-01 3.891205e-01 -3.293325e-01 8.847483e-02 -5.449453e-01 -4.858736e-01 -2.850249e-01 -1.237075e-01 -1.395982e+00 -2.423415e-01 5.426110e-02 -3.487277e-01 -1.885886e-01 6.759084e-01 6.261521e-01 -3.638503e-01 -1.528530e-01 -1.243682e-01 3.904877e-01 5.814740e-01 3.122454e-01 -1.019318e-01 8.001813e-02 
-1.564912e+01 1.130175e+00 -5.342612e-01 1.254621e+00 -2.676960e+00 -1.660342e+00 -2.204116e+00 -4.583706e-02 -1.475880e+00 3.782190e+00 2.829430e+00 2.547145e-01 6.835279e+00 -1.292345e-01 -1.097433e+00 -1.022733e+00 5.382897e-01 1.334740e+00 -9.192174e-01 -1.590128e-01 -3.438864e-01 -5.577307e-01 2.299254e-01 -3.795902e-01 -5.662562e-01 6.942586e-02 1.259816e-01 -2.735935e-01 -2.322544e-02 6.526933e-01 5.141890e-01 6.651231e-02 -1.943387e-01 1.598243e-01 6.657786e-01 1.907000e-01 5.602674e-02 3.057748e-01 1.577301e-01 
-1.656570e+01 1.968287e+00 9.167939e-01 1.616924e+00 -1.377877e-01 1.118473e+00 1.872325e+00 2.036762e+00 3.526569e+00 2.398422e+00 4.517427e+00 1.023947e+00 6.941102e+00 3.673059e-01 -1.625828e+00 -5.611289e-01 3.163081e+00 2.390117e+00 -1.459957e+00 -1.485653e+00 3.118172e-02 1.612578e+00 1.919441e+00 4.095740e-01 -7.069134e-01 3.206682e-01 1.295676e-01 8.728822e-02 1.944916e-01 1.071765e-02 -2.905364e-01 2.864638e-01 -1.168259e-01 1.683192e-01 5.118986e-01 1.707982e-01 -4.176740e-02 4.184071e-01 9.118958e-02 
-1.561350e+01 -4.625721e+00 -5.415757e+00 7.780451e+00 6.099793e+00 -6.040675e+00 -5.121914e+00 2.944594e+00 1.256467e+00 2.183389e+00 -1.237238e+00 3.854364e-01 8.106235e+00 2.122626e-01 -6.702375e-01 -2.362962e-01 1.229088e+00 1.339371e+00 2.573251e-01 -8.259388e-01 5.282516e-01 1.746187e+00 1.322046e-01 -4.075845e-01 -1.828764e-01 3.526324e-01 -2.257278e-02 8.292547e-01 5.172511e-01 -1.096644e+00 -1.103686e+00 7.449785e-01 6.892899e-01 5.577798e-03 -2.523181e-02 -1.673705e-01 1.040290e-02 3.216102e-01 -9.530838e-02 
-1.432091e+01 -5.814516e+00 -2.686227e+00 1.462261e+01 6.512771e+00 -4.332992e+00 -8.247223e+00 2.080682e+00 8.305140e+00 5.659496e+00 3.870483e+00 -3.464475e-01 8.185820e+00 1.377541e-01 3.961911e-01 2.920011e-01 -8.720683e-01 -1.066009e+00 5.147854e-01 -1.620495e-01 -1.394813e-01 9.217554e-01 6.178147e-01 -3.185115e-01 5.045414e-01 7.202837e-02 -2.164837e-01 8.239068e-01 2.637835e-01 -1.654374e+00 -1.197575e+00 7.093713e-01 1.101712e+00 -1.513459e-01 -8.622369e-01 -5.890729e-01 -1.727975e-01 2.962959e-01 -1.936550e-01 
-1.570962e+01 1.670500e+00 8.565325e-02 8.972438e-01 6.948557e-01 2.352303e+00 -1.273899e+00 2.573615e+00 4.865167e+00 2.812075e+00 1.114523e+00 2.505708e-02 7.975925e+00 -1.272257e-01 2.037788e+00 1.136837e+00 -2.927316e+00 -2.455456e+00 1.818371e+00 2.625793e+00 -2.308083e-01 -3.384704e-01 4.394447e-02 3.650828e-02 4.361170e-01 -2.828473e-01 -1.276964e-01 1.570085e-01 -7.819030e-02 -4.479100e-01 -3.164722e-01 1.632201e-01 5.399750e-01 -2.076181e-01 -9.665436e-01 -3.919378e-01 7.108362e-02 6.707238e-02 -1.627709e-01 
-1.582837e+01 8.014345e-01 -3.733270e-01 6.974847e-01 -2.765018e+00 -5.041927e-01 -8.621819e-01 1.524640e+00 6.331362e+00 5.173070e+00 1.749134e+00 3.726593e+00 7.366356e+00 -5.454227e-01 1.139885e+00 7.110137e-02 -3.030612e+00 -1.700195e+00 1.306384e+00 2.296884e+00 -3.461173e-01 -1.656278e+00 -9.817647e-01 -6.764233e-01 4.650609e-01 -3.298926e-01 -5.132738e-02 -2.914197e-01 -2.311010e-01 5.720594e-01 6.003695e-01 -1.742926e-01 -3.887504e-01 -1.654526e-01 -6.807002e-01 -5.069916e-01 8.180975e-02 -1.571886e-01 -3.958676e-02 
-1.549589e+01 2.255494e+00 -8.878931e-01 1.058692e-01 -1.538903e+00 1.137030e+00 4.314007e+00 2.068743e+00 5.507122e-01 2.646286e+00 6.196140e-03 5.296676e-01 7.101583e+00 -8.449293e-02 -2.569326e-01 -5.166104e-01 6.880046e-02 7.425686e-02 6.774769e-01 6.443731e-01 -4.064907e-01 -1.797426e+00 -1.027631e+00 1.268538e-01 1.721943e-01 -2.602254e-01 5.120634e-02 -5.689805e-01 -2.176443e-01 1.151406e+00 8.232746e-01 -6.243096e-01 -1.062599e+00 -4.364106e-02 5.020069e-02 -1.886027e-02 1.001902e-01 -2.276674e-01 7.692701e-02 
-1.715545e+01 -4.073429e-01 -1.843970e+00 -1.343890e-01 -8.712273e-01 2.806304e+00 4.428737e-01 6.027364e-01 2.180960e+00 8.335452e-01 1.042765e+00 1.726826e+00 6.973460e+00 -1.401917e-01 8.649593e-02 -3.655550e-02 4.900850e-01 6.710572e-01 2.137548e-01 -1.114991e+00 -8.788815e-01 -1.752034e+00 -1.381390e+00 4.529991e-02 -1.493624e-01 -1.371734e-01 1.258488e-01 -1.450467e-01 7.371622e-02 8.400651e-01 3.826208e-01 -6.297836e-01 -6.314501e-01 1.835585e-01 5.164791e-01 4.234970e-01 2.792613e-01 -8.191452e-02 1.174370e-01 
-1.546875e+01 9.906856e-01 -1.762444e+00 1.657423e+00 1.191391e-01 4.084584e+00 1.296031e+00 1.001859e+00 -2.046561e+00 -1.557199e-01 2.102318e+00 1.886553e+00 6.871137e+00 -7.371842e-02 -2.801775e-01 1.024167e-01 1.069216e+00 4.752107e-01 -7.569661e-01 -9.811880e-01 -1.824259e-01 -3.965396e-02 1.494494e-01 1.764802e-01 -3.950047e-01 5.364069e-03 1.707270e-02 1.480954e-01 5.630957e-02 1.732107e-02 -1.307860e-01 -2.505640e-01 5.088046e-02 2.127500e-01 7.001030e-01 5.375825e-01 9.496468e-03 1.076089e-01 1.100346e-01 
-1.654308e+01 1.866021e+00 -1.186909e-01 2.372178e+00 -2.386635e-01 -9.094274e-01 -4.928165e+00 -2.336099e+00 -1.130481e+00 -3.329997e-01 9.278395e-01 2.301764e+00 6.795706e+00 7.858564e-02 4.262393e-01 1.301772e-01 6.694010e-01 1.234739e-02 -1.125332e+00 -4.741563e-02 4.597912e-01 4.711989e-02 5.471587e-01 6.951862e-01 3.391295e-01 1.245457e-01 1.992824e-02 6.800950e-02 5.403331e-02 -1.941429e-01 -2.408601e-01 3.138340e-01 5.241869e-01 1.970474e-01 5.539345e-01 4.492079e-01 1.004924e-01 2.483992e-01 6.797902e-02 
-1.617102e+01 -2.827428e-01 -1.237819e+00 4.199016e+00 5.215277e-01 -7.898853e-01 2.093596e+00 2.625638e+00 2.008494e+00 3.976979e+00 9.463396e-01 -1.732736e+00 7.217463e+00 -1.082334e-01 3.138420e-01 -3.185623e-01 6.582987e-02 -2.503819e-01 9.434017e-02 3.650005e-01 -1.204175e-02 8.035440e-01 6.961350e-01 -1.505452e-01 4.659495e-01 1.589789e-01 -9.822477e-03 1.503402e-01 1.839137e-01 -3.472080e-01 -9.326074e-02 5.266953e-01 2.066618e-01 -2.277484e-01 1.802157e-02 4.036095e-02 7.410506e-02 1.554497e-01 -3.496503e-03 
-1.641133e+01 2.360111e+00 -1.455398e+00 1.942011e+00 -1.010559e+00 -3.829243e-01 -1.928661e-01 2.089211e+00 3.889961e-01 1.502722e+00 5.096538e+00 5.232081e+00 7.422984e+00 -2.331564e-02 1.294422e-01 4.441764e-01 2.113589e-02 -1.704656e-01 1.357290e+00 8.328356e-01 2.114272e-02 5.959926e-01 5.911091e-01 7.112656e-01 6.623365e-01 1.258803e-01 -1.550564e-01 -3.678744e-01 5.332518e-01 -1.030881e-01 -8.401982e-02 2.379275e-01 -1.495920e-02 -4.630825e-01 9.994788e-02 -2.703613e-02 -2.889217e-01 -2.022973e-01 8.354311e-02 
-1.607603e+01 2.312700e+00 -2.687816e+00 2.201972e+00 -7.463865e-01 4.293027e+00 7.527626e-01 -1.271347e+00 1.210663e+00 2.406630e+00 -7.349307e-01 2.750748e+00 7.352363e+00 -7.189223e-02 6.198520e-01 8.649862e-01 -3.427621e-01 1.003240e-01 6.352270e-01 -3.879009e-01 -1.101970e+00 -2.239482e-01 3.293228e-01 5.389035e-01 2.205610e-01 -1.278677e-02 -4.138478e-01 -8.676025e-01 8.118922e-01 2.229555e-01 -6.518061e-02 -2.859106e-01 -1.680674e-02 -4.288455e-01 1.548553e-01 -2.057756e-01 -4.611441e-01 -1.392343e-01 2.164886e-01 
-1.670706e+01 1.215593e+00 2.826829e+00 3.476599e+00 -4.565776e-01 3.335396e+00 -9.378980e-02 -2.820696e-01 2.248264e+00 3.407933e+00 5.324706e+00 3.371380e+00 7.357611e+00 -7.148929e-01 -1.566298e+00 2.204772e+00 3.582986e-01 -5.830810e-01 -2.062503e-01 2.543523e-01 -1.310698e+00 1.060658e+00 5.954203e-01 -1.094257e+00 -5.496262e-01 6.281648e-01 -3.216737e-01 -8.195377e-01 4.972335e-01 2.546828e-01 -2.881368e-01 -3.867369e-01 -2.268528e-02 -4.215348e-01 2.157927e-01 -4.536871e-01 -9.816890e-01 -5.219520e-02 2.772266e-01 
-1.638306e+01 3.388649e+00 9.459103e-01 1.718172e+00 7.461296e-01 5.268040e-01 1.043629e-01 -1.698186e+00 -4.100048e-02 4.670778e+00 3.526829e+00 3.004075e-01 7.186197e+00 -1.831789e+00 -3.176147e+00 2.860532e+00 1.012100e+00 -3.699135e-01 -5.533450e-01 5.701647e-01 -1.490284e+00 1.345359e+00 -3.348434e-01 -1.553504e+00 3.756902e-01 9.903141e-01 5.125417e-01 -3.044923e-01 -3.005268e-01 -1.505501e-01 -2.482630e-01 -2.900813e-01 -3.410644e-02 -4.884095e-02 1.071604e-02 -4.770314e-01 -5.114512e-01 6.110621e-02 2.966139e-01 
-1.983280e+01 -6.010036e+00 7.751735e+00 3.975724e+00 -4.672741e+00 4.689750e-01 1.403364e+00 -4.250691e+00 6.318274e+00 3.348292e+00 -2.505899e+00 3.708714e+00 1.064705e+01 -7.517819e-01 -2.070315e+00 1.932583e+00 6.172805e-01 -1.375899e+00 1.776222e-02 2.401179e-01 -1.892402e+00 8.901575e-01 -1.345104e+00 -3.150919e+00 3.238959e-01 1.010467e+00 1.293498e+00 1.059345e+00 -1.283467e+00 -8.736238e-01 1.960667e-01 -4.548233e-01 -3.140090e-01 3.195282e-01 -7.238377e-01 -9.179758e-02 5.691187e-01 5.263091e-02 8.129255e-02 
-2.367213e+01 -9.955313e+00 9.152498e+00 7.012609e+00 -4.883451e-01 2.959076e+00 2.854832e+00 -6.738382e+00 5.902300e+00 7.629616e-01 -4.587445e+00 4.460464e+00 1.065908e+01 2.509242e+00 -6.506779e-01 -5.015452e-01 -1.225029e+00 -7.446287e-01 -9.271393e-01 -5.515009e-01 -1.055261e+00 -8.504583e-02 -1.085473e+00 -9.901455e-01 8.942483e-02 1.279193e+00 9.166998e-01 1.841057e+00 -1.799173e+00 -1.066825e+00 3.645474e-01 -9.481112e-01 -4.771804e-01 5.439476e-01 -1.093115e+00 1.258310e-01 1.111116e+00 -3.339990e-01 -5.544912e-02 
-1.682128e+01 -2.463636e+00 8.386473e+00 3.915522e+00 -6.719238e+00 2.208162e+00 -2.677238e-01 -7.224066e+00 3.727545e+00 -1.363302e+00 -6.372428e+00 2.911270e+00 1.067329e+01 3.582127e+00 2.467676e+00 -2.531453e+00 -2.891263e+00 5.846241e-01 -2.293513e+00 -7.549570e-01 6.938569e-02 -1.843299e+00 5.117109e-01 1.469659e+00 -1.435228e-01 8.902176e-01 -8.147520e-01 1.273458e+00 -1.592703e+00 -1.671102e-01 7.258110e-01 -5.310947e-01 -2.422068e-01 6.284846e-01 -6.110658e-01 1.010345e-01 1.346738e+00 -3.505036e-01 -1.322663e-01 
-5.342308e+00 -1.638062e+00 -1.879439e+00 -4.376945e+00 -1.954110e+00 -4.978174e+00 -1.817718e+00 -5.488141e+00 8.288078e-01 1.599569e+00 5.096242e-01 1.146723e+00 1.356896e+01 5.848049e-01 3.760175e+00 -3.903570e+00 -2.567874e+00 4.726382e-01 -4.138278e+00 -1.318067e+00 2.485539e-01 -2.753542e+00 -6.341134e-01 1.691879e+00 -1.060588e+00 7.731046e-01 -2.385895e+00 3.336861e-01 -6.195372e-01 9.759510e-01 1.169318e-01 6.103175e-01 7.657807e-02 6.907290e-01 2.407823e-01 -7.324052e-02 2.986489e-01 -2.930722e-01 -2.303418e-01 
-1.108716e+01 2.169684e+00 6.102777e-01 -4.786314e+00 -1.016689e+00 -7.030242e+00 -3.544484e-02 -4.528286e+00 -3.611610e-01 5.488235e+00 2.294047e+00 4.648402e+00 1.364307e+01 -3.863423e+00 2.091648e+00 -4.329966e+00 4.530876e-01 1.644459e+00 -1.032177e+00 -5.875612e-01 5.982457e-01 -8.308839e-01 -1.065714e+00 2.241934e+00 -8.536641e-01 6.021397e-01 -1.970315e+00 -7.889031e-01 9.761689e-02 1.291728e+00 -4.895990e-01 1.428867e+00 3.104600e-01 7.385063e-01 8.292834e-01 -1.459627e-01 -7.763817e-01 1.047743e-02 -1.356828e-01 
-2.361502e+01 6.528728e+00 -6.477182e+00 -1.475238e+00 -9.760044e-01 -1.311308e+01 -3.851536e+00 -6.843706e+00 -5.821183e+00 -5.833598e+00 -4.613529e-01 -1.711280e+00 1.303963e+01 -5.697464e+00 1.205651e+00 -2.700047e+00 1.982540e+00 -6.899220e-01 1.493722e+00 -2.523901e-01 2.134073e+00 6.125132e-01 -6.630943e-01 1.170211e-01 -1.020853e+00 2.714874e-01 -1.110280e-01 -1.154869e+00 8.009126e-01 7.554073e-01 -7.077050e-01 1.551381e+00 5.021004e-01 4.912278e-01 7.338476e-01 4.891190e-01 -1.049470e+00 6.509761e-01 -5.694045e-02 
-2.700143e+01 3.910951e+00 -1.096481e+01 4.730430e+00 1.013646e+00 1.114589e+00 -2.188704e+00 -3.554786e+00 2.898400e+00 -2.975235e+00 5.322464e+00 7.194215e-02 1.394873e+01 -3.128200e+00 -1.996709e-01 -2.645203e+00 1.292146e+00 -1.281921e+00 2.034902e+00 2.644112e-01 2.819235e+00 6.200519e-01 -2.038305e-01 -1.624762e+00 -1.110244e-01 4.626051e-01 1.338987e+00 -7.304067e-01 1.134919e+00 -9.777436e-02 -5.556127e-01 2.401692e-01 2.227858e-01 -3.201624e-01 -2.270616e-01 4.622785e-01 -9.445756e-01 8.063753e-01 -1.138701e-02 
-2.587225e+01 3.519518e+00 -9.591578e+00 7.773883e-01 -6.419397e+00 -1.582229e+00 -2.002661e+00 4.695444e+00 2.261351e+00 2.516062e+00 -4.193071e-01 -1.669560e+00 1.477344e+01 -3.381504e-01 -8.686693e-01 -7.414033e-01 7.898452e-01 -1.602786e+00 2.085220e+00 7.665985e-01 1.594059e+00 1.903529e-01 1.380660e+00 -1.622217e+00 1.823012e+00 5.580972e-01 1.425384e+00 -4.172596e-01 8.810501e-01 -1.882618e-01 3.322298e-01 -2.571850e-01 3.064148e-02 -1.252952e+00 -6.268944e-01 2.691381e-02 1.090531e-01 5.039966e-01 1.014241e-02 
-2.559971e+01 2.676313e+00 -1.105851e+01 5.480757e-01 -4.705066e+00 -2.620994e+00 3.619614e-01 3.798272e+00 -1.302947e+00 2.945927e-01 -5.851060e+00 4.072271e+00 1.508938e+01 1.518158e-01 -5.233981e-01 3.654650e-01 5.605692e-01 -6.772314e-01 -1.270317e-01 1.692357e-02 -7.324793e-01 -1.755242e+00 2.239376e-01 -1.611343e+00 1.756238e+00 4.019466e-01 5.930944e-01 -5.835853e-02 6.729737e-01 2.516262e-02 4.899890e-01 -2.362794e-01 -1.595713e-01 -1.243685e+00 -3.861598e-01 -1.925436e-01 6.905808e-01 -5.592079e-01 -4.040021e-02 
-2.600626e+01 2.803264e+00 -1.013738e+01 4.564602e+00 -6.130703e+00 -8.192314e-01 -1.293714e+00 -2.549731e+00 -2.769142e+00 -5.655427e-01 -2.985781e+00 5.403331e+00 1.525992e+01 -2.104999e-01 -7.187116e-01 1.997479e-01 1.406919e+00 6.686563e-01 1.288633e+00 2.451521e-02 -2.354893e+00 -1.334525e+00 -7.423727e-01 6.556239e-01 5.654759e-01 3.524322e-01 -6.966939e-03 1.449923e-01 1.915459e-01 -1.392521e-01 2.243000e-01 -2.031746e-01 -1.985376e-01 -3.205228e-01 6.713098e-02 -8.410581e-02 4.851728e-01 -1.302024e+00 -4.845341e-02 
-2.617533e+01 1.652085e+00 -8.864726e+00 5.640018e+00 -2.516451e+00 9.783345e-02 -2.458412e+00 -3.594869e+00 -3.362257e+00 -3.149434e-01 -1.450830e+00 5.316712e+00 1.571513e+01 -2.263877e-01 -5.662026e-01 2.490060e-01 1.109319e+00 3.224074e-02 1.251812e+00 -1.624290e-01 -1.424613e+00 -5.484278e-01 -1.050318e-01 6.892866e-01 -2.278263e+00 3.634428e-01 -6.302861e-03 2.974394e-01 1.808188e-02 -3.461762e-01 -2.924765e-01 -7.216297e-02 -9.045645e-02 6.798658e-01 4.862713e-01 2.615396e-01 5.698353e-02 -9.506330e-01 -4.297615e-02 
-2.663729e+01 4.378217e-01 -9.689514e+00 5.266222e+00 -4.170033e+00 3.501115e+00 -4.702799e-01 -3.382089e+00 -3.380952e+00 -8.911028e-01 6.587465e-01 5.352302e-01 1.622281e+01 -1.836549e-01 -1.222826e-01 2.745661e-01 -1.808646e-01 -8.360352e-01 3.798204e-01 -1.366175e-01 3.373712e-01 -7.734686e-02 1.124502e+00 -3.467372e-01 -2.670021e+00 3.351488e-01 1.002817e-01 4.892363e-01 2.772249e-02 -4.910386e-01 -3.798312e-01 -4.834968e-01 4.046704e-02 9.654484e-01 4.316538e-01 2.091495e-01 -4.552523e-01 1.156939e-01 -5.344260e-02 
-2.641620e+01 1.027517e+00 -1.003732e+01 5.744550e+00 -5.524333e+00 1.478394e+00 -8.621819e-01 -2.908771e+00 -3.738971e+00 -6.817431e-02 -4.227533e+00 -4.884763e+00 1.642505e+01 1.067089e-01 6.656330e-01 4.186164e-01 -3.762489e-01 -1.387218e+00 -3.358315e-02 -3.548773e-01 1.320635e+00 4.760107e-02 5.982945e-01 -8.253025e-01 -1.379225e+00 1.957477e-01 6.548402e-02 4.443406e-01 -1.325009e-02 -2.653876e-01 2.892927e-01 -2.696449e-01 2.129602e-01 3.165936e-01 2.056462e-01 -1.938883e-01 -1.777828e-01 1.217037e+00 -5.205972e-02 
-2.680409e+01 2.503910e+00 -8.178108e+00 3.607948e+00 -8.807534e+00 3.899995e-01 -2.774906e+00 -1.205679e+00 -2.967314e+00 4.933414e+00 -3.331117e+00 -2.846057e+00 1.658051e+01 1.244230e-01 1.111537e+00 2.534071e-01 -3.053596e-01 -5.206571e-01 -4.863026e-01 3.230567e-01 1.099638e+00 5.257394e-01 -4.814780e-02 -8.632453e-01 6.944540e-01 1.690553e-01 1.672873e-01 1.991972e-01 1.562639e-01 8.344551e-03 7.194802e-01 1.432008e-01 1.652601e-01 -4.892364e-01 -9.156139e-02 -5.963344e-01 1.993440e-01 1.081154e+00 -3.378412e-02 
-2.555843e+01 3.947390e+00 -7.527490e+00 4.587588e+00 -7.133330e+00 1.485730e+00 -3.080391e+00 1.920351e+00 -3.330941e+00 -2.356052e-01 -3.582270e+00 1.112779e-01 1.651491e+01 -5.289988e-02 1.038543e+00 1.933156e-01 -1.552095e-01 1.320849e+00 3.366903e-01 6.724621e-01 -2.225819e-01 1.781628e-01 -4.881309e-01 5.860303e-02 2.124765e+00 1.861384e-01 7.534693e-01 -2.413743e-01 3.888436e-01 -1.291922e-01 1.302571e-01 -6.895808e-01 -3.626329e-01 -8.600768e-01 -4.689558e-01 -4.263625e-01 2.162641e-01 6.138500e-02 5.729565e-02 
-2.644391e+01 4.535518e+00 -9.677339e+00 4.317230e+00 -5.968521e+00 1.065822e+00 2.254320e+00 -2.986997e-01 -9.561453e-01 -1.048685e+00 -3.980304e+00 1.509486e+00 1.702303e+01 7.323608e-01 6.874605e-01 1.168491e+00 -2.497285e-01 1.407454e+00 9.108782e-01 1.761583e-01 -1.337050e+00 -6.005563e-01 -1.313967e+00 2.080607e-01 9.837661e-01 1.709905e-01 1.424786e+00 -9.268251e-01 7.985694e-01 -4.729824e-01 -9.990235e-01 -1.459802e+00 -1.064111e+00 -3.982639e-01 -7.004136e-01 -3.422372e-01 2.162641e-01 -1.120418e+00 1.424101e-01 
-2.686064e+01 5.204754e+00 -8.321573e+00 4.613311e+00 -3.389820e-01 2.823566e+00 -1.452873e-02 -4.475410e+00 -3.853481e+00 4.822686e-01 -3.609740e+00 3.561304e+00 1.713454e+01 3.570074e+00 -3.292185e-01 1.905331e+00 -1.050304e+00 -1.699852e+00 -4.180089e+00 -2.094692e+00 -1.761477e+00 -1.734070e+00 -9.005702e-01 -2.796432e-01 -1.216859e+00 4.812898e-01 1.442052e+00 -1.407539e+00 8.232065e-01 -8.580955e-01 -1.862104e+00 -1.865141e+00 -1.107528e+00 4.859765e-01 -4.007709e-01 -3.996296e-01 1.631874e-01 -1.737331e+00 2.064018e-01 
-2.249093e+01 5.312506e+00 -1.938730e+00 2.346455e+00 -5.167645e+00 4.275333e+00 -3.427709e+00 -4.692881e+00 -5.708542e+00 -1.995819e+00 -2.277170e+00 3.476899e-01 1.712557e+01 5.436803e+00 -2.838529e+00 3.390522e+00 -2.222744e+00 -4.005251e+00 -5.526951e+00 -3.613781e+00 -1.223313e-01 -2.020215e+00 -1.553240e+00 3.871323e-01 -3.236839e+00 7.335331e-01 4.609428e-01 -1.319926e+00 2.909646e-01 -8.573217e-01 -1.415681e+00 -1.068644e+00 -4.120966e-01 1.079486e+00 2.023993e-01 -1.964164e-01 3.347552e-01 -1.257807e+00 1.947965e-01 
-9.684876e+00 1.912648e+00 -1.870439e+00 3.214996e-01 -1.603325e+01 -2.101969e+01 -1.071367e+01 -4.689896e+00 -9.625250e+00 -4.264891e+00 -5.832000e+00 -5.392552e+00 1.887010e+01 4.805125e+00 -4.236197e+00 3.198398e+00 -3.459188e+00 -5.283398e+00 -5.770181e+00 -2.970389e+00 1.599775e+00 -1.115746e+00 -2.366622e+00 7.849534e-01 -4.451468e+00 9.368626e-01 -1.145198e+00 -6.464915e-01 -3.538849e-01 -5.620253e-01 -2.176812e-01 9.828119e-01 4.931147e-01 8.572802e-01 5.357286e-01 -1.478991e-01 3.389852e-01 -4.219303e-01 3.403085e-02 
-7.847766e+00 -8.011082e+00 4.049718e+00 -4.650587e+00 -1.814774e+01 -1.464684e+01 -1.046543e+01 -8.031458e-01 -8.171207e+00 -6.440946e+00 -9.339473e-01 -1.019788e+01 1.982294e+01 2.419576e+00 -3.958676e+00 1.976763e+00 -3.331857e+00 -3.879374e+00 -3.637295e+00 -1.446746e+00 2.379610e+00 1.022959e-01 -1.562940e+00 1.349468e+00 -3.687882e+00 9.171769e-01 -1.809874e+00 5.139949e-01 -9.703482e-01 1.421669e-01 5.764247e-01 1.392165e+00 9.217442e-01 8.913659e-02 3.393490e-01 2.739109e-01 -2.892626e-02 3.958249e-01 -1.232370e-01 
-1.015645e+01 -9.314680e+00 4.675985e+00 -9.184299e+00 -2.026613e+01 -1.656599e+01 -1.134721e+01 1.578795e+00 -8.200652e+00 -9.128048e+00 -3.570793e-01 -1.342301e+01 2.047011e+01 -6.471414e-01 -3.001527e+00 8.426423e-01 -3.305797e+00 -2.851437e+00 -2.107980e-01 -7.128233e-01 1.273926e+00 -1.168041e-01 -1.635153e+00 9.340640e-01 -3.101133e+00 5.596321e-01 -1.324964e+00 1.136856e+00 -8.087341e-01 9.413862e-01 1.012279e+00 1.323244e+00 9.405556e-01 -3.317979e-01 -6.396272e-02 7.843645e-01 -8.356408e-02 9.432068e-01 -2.397779e-01 
-1.015702e+01 -8.867609e+00 4.671750e+00 -9.559736e+00 -2.244750e+01 -1.613788e+01 -1.034434e+01 4.070750e+00 -5.909051e+00 -7.378778e+00 1.732315e+00 -1.407662e+01 2.091133e+01 -8.863720e-01 -8.859612e-01 -2.831845e-01 -1.588522e+00 -2.339012e+00 -1.345824e+00 -1.337706e-01 4.862830e-01 -8.228642e-01 -5.493262e-01 1.678043e-01 -1.932967e+00 3.059874e-01 -3.860894e-01 1.155936e+00 -3.988744e-01 1.247516e+00 9.816465e-01 6.467068e-01 6.945806e-01 -3.912621e-01 -6.909628e-01 7.542429e-01 -3.975311e-02 9.219070e-01 -2.843823e-01 
-1.176626e+01 -1.266674e+01 2.032217e+00 -1.375249e+01 -2.814002e+01 -2.132782e+01 -1.433822e+01 -7.570932e-01 -1.134056e+01 -1.197219e+01 -2.494686e+00 -1.895863e+01 2.112406e+01 -1.668540e-01 -8.840744e-02 2.848917e-01 3.761221e-01 -9.920951e-01 -2.996989e-01 1.075768e+00 8.872852e-01 -9.726734e-01 1.048457e+00 9.578939e-01 -6.128457e-01 4.360095e-02 4.748884e-01 1.020457e+00 1.499707e-01 1.469040e+00 1.204909e+00 2.949616e-01 6.665316e-01 4.388201e-02 -8.292460e-01 8.705338e-01 3.867241e-01 9.572022e-01 -3.041492e-01 
-1.147505e+01 -1.076443e+01 3.955487e+00 -1.030952e+01 -2.590571e+01 -1.899524e+01 -9.639245e+00 2.796203e+00 -1.071613e+01 -7.766167e+00 9.738095e-01 -1.709475e+01 2.102568e+01 2.487863e-01 3.644421e-01 2.611936e-01 1.064760e+00 9.929504e-02 -3.592595e-01 1.131757e+00 6.167900e-01 -2.924524e+00 8.665476e-01 1.138816e+00 -3.225181e-01 -2.467458e-01 7.213280e-01 9.908130e-01 3.656793e-01 1.357350e+00 1.420769e+00 5.609992e-01 2.129602e-01 -3.669616e-01 -6.789609e-01 3.304427e-01 8.624121e-02 7.742583e-01 -4.018179e-01 
-1.033117e+01 -8.808444e+00 6.458438e+00 -6.928936e+00 -2.349751e+01 -1.663590e+01 -6.320738e+00 6.652678e+00 -1.066098e+01 -3.692562e+00 4.811748e+00 -1.497856e+01 2.063081e+01 1.159871e+00 1.475518e+00 1.320497e+00 2.712631e+00 1.954006e+00 7.707787e-01 1.986766e+00 1.427997e+00 -3.212433e+00 2.009618e+00 2.382138e+00 8.797966e-01 -6.847016e-01 5.539802e-01 1.320334e+00 8.228565e-02 9.511882e-01 1.483719e+00 6.067725e-01 -4.741572e-01 -1.265412e+00 3.193687e-02 -5.417390e-01 -9.482013e-01 6.626854e-01 -4.620949e-01 
-9.630029e+00 -8.974577e+00 3.764377e+00 -7.647521e+00 -2.427274e+01 -2.028043e+01 -8.694167e+00 3.449467e+00 -2.087153e+01 -7.186178e+00 3.773497e+00 -1.767882e+01 1.992417e+01 2.056895e+00 3.286349e+00 1.027318e+00 4.029820e+00 3.291662e+00 9.239346e-01 4.754589e-01 -1.618979e+00 -3.097911e+00 6.223654e-01 -1.130650e-01 1.191959e+00 -1.338933e+00 8.970945e-03 1.292736e+00 -2.600898e-01 4.673334e-01 1.364149e+00 9.406358e-01 -8.180518e-01 -1.541727e+00 1.399289e+00 -8.250434e-01 -1.594489e+00 7.303206e-01 -4.527944e-01 
-6.889348e+00 -6.184398e+00 8.729516e+00 -1.520115e+00 -1.918660e+01 -1.683140e+01 -4.876425e+00 6.056127e+00 -2.232464e+01 -2.214135e+00 8.016757e+00 -1.426734e+01 1.825113e+01 1.698962e+00 5.052391e+00 3.131601e-01 3.649584e+00 4.830310e+00 2.092555e+00 -9.667639e-01 -4.321840e+00 -7.264666e-01 -1.538031e+00 -3.157166e+00 1.943231e+00 -1.720701e+00 -8.110332e-01 5.033652e-01 -7.462040e-01 -4.655020e-01 6.798617e-01 8.643644e-01 -8.282973e-01 -1.027915e+00 2.199882e+00 -6.394191e-01 -1.464214e+00 5.727469e-01 -3.518990e-01 
-2.911487e+00 4.355279e+00 7.956079e+00 7.135201e+00 -1.160252e+01 -1.427786e+01 -7.983570e+00 -5.000325e+00 -2.037329e+01 -5.393682e+00 -1.194071e+00 -1.149039e+01 1.552076e+01 2.398263e-02 5.039635e+00 -5.357381e-01 2.933130e+00 5.481817e+00 3.683088e+00 -1.481667e+00 -4.216988e+00 2.828855e+00 -1.484979e+00 -4.063976e+00 2.797457e+00 -1.992697e+00 -1.356707e+00 -9.249765e-01 -7.065035e-01 -1.130383e+00 -9.999996e-02 6.753802e-01 2.031347e-01 7.638879e-01 2.241106e+00 6.114880e-01 1.933011e-01 5.279170e-01 -1.528196e-01 
-5.195294e+00 9.788704e+00 5.927990e+00 3.927015e+00 -5.680942e+00 -9.174232e+00 -1.151014e+01 -1.073174e+01 -1.454217e+01 -1.227914e+01 -8.490414e+00 -8.356245e+00 1.422903e+01 -1.878905e+00 3.115698e+00 -1.629065e+00 9.333789e-01 4.258376e+00 3.713015e+00 -1.175914e+00 -2.412478e+00 4.823691e+00 -1.338930e-01 -2.963519e+00 2.940780e+00 -2.117350e+00 -9.870804e-01 -2.273364e+00 -1.037632e+00 -9.946005e-01 -7.854614e-01 -3.165130e-01 9.003295e-01 1.364554e+00 1.160236e+00 1.390616e+00 1.648279e+00 -1.249510e-02 3.526338e-01 
-1.035718e+01 8.237081e+00 2.486432e+00 4.294791e+00 -3.616610e+00 -5.693269e+00 -1.278602e+01 -9.240997e+00 -1.061892e+01 -9.578908e+00 -8.293078e+00 -6.647324e+00 1.197157e+01 -2.937729e+00 -3.701805e-01 -1.534272e+00 -2.640413e-01 3.077637e+00 3.490616e+00 1.595606e+00 1.245761e+00 5.332626e+00 2.977724e+00 7.564963e-01 3.332793e+00 -1.904745e+00 -6.932391e-02 -2.485694e+00 -1.225489e+00 -5.723431e-01 -1.075912e+00 -1.334004e+00 7.757885e-01 6.370825e-01 -2.136101e-01 8.387448e-01 1.697025e+00 -6.386081e-01 9.085484e-01 
-1.256126e+01 7.453433e+00 3.319690e+00 4.567339e+00 -1.888345e+00 -2.557986e+00 -8.355105e+00 -3.885682e+00 -3.083694e+00 -7.909725e-01 -3.251510e+00 -1.984644e+00 9.438846e+00 -1.755455e+00 -3.609578e+00 -4.375838e+00 2.749868e-01 2.104922e+00 6.063269e-01 1.996255e+00 -2.303900e-01 3.822664e+00 3.183704e+00 2.673996e+00 1.613042e+00 -1.575959e-03 3.184315e-01 -1.477193e+00 -7.960808e-01 1.291664e-01 -1.215802e+00 -1.736110e+00 2.620040e-01 -1.651437e-01 -1.034555e+00 -2.654271e-01 6.702364e-01 -9.824712e-01 1.157926e+00 
-1.391662e+01 3.671938e+00 1.589118e+00 5.494987e+00 1.888646e+00 -1.326195e-01 -1.582687e+00 -2.194103e+00 5.605273e-01 3.751002e+00 -3.080414e-02 1.987873e+00 8.391997e+00 -3.845356e-01 -4.026143e+00 -5.289737e+00 4.005620e-01 1.178852e+00 -1.433551e+00 8.110096e-01 -2.122602e+00 2.261377e+00 1.049894e+00 1.602343e+00 2.682931e-01 1.492131e+00 6.223004e-02 8.543957e-02 2.460421e-01 4.038787e-01 -1.342009e+00 -1.224680e+00 -2.439703e-01 -5.342305e-02 -1.206293e+00 -1.226952e+00 -8.701473e-01 -1.026799e+00 8.404894e-01 
-1.219316e+01 -5.976339e+00 -1.550220e+01 4.701971e+00 2.091512e+00 -8.923063e+00 -7.129862e+00 -1.540735e+01 -1.018308e+00 -3.025027e+00 7.490048e-01 -4.608618e+00 1.601095e+01 -1.563340e+00 -2.442374e+00 -3.731759e+00 1.246777e+00 -8.713630e-01 -2.505496e+00 5.263230e-01 -1.554144e+00 1.186408e+00 -4.971126e-01 -3.521288e-02 -4.394362e-01 1.973863e+00 -5.368352e-01 1.363711e+00 1.994406e+00 3.049307e-01 -1.106953e+00 1.790165e-01 7.943337e-02 1.385559e+00 -8.135914e-01 -9.422488e-01 -1.397440e+00 -1.680057e-01 -7.258589e-02 
-1.246401e+01 -5.178977e+00 -1.455142e+01 6.229992e+00 2.880085e-01 -9.679156e+00 -9.344218e+00 -1.409315e+01 -3.448024e-01 -3.211608e+00 -2.281655e+00 -3.993550e+00 1.614629e+01 -2.722421e+00 -5.265163e-01 -6.261292e-01 1.269596e+00 -2.144366e+00 -1.077068e+00 1.110880e+00 1.640628e+00 6.194103e-01 -1.316722e+00 -2.239713e+00 -7.749570e-01 1.310022e+00 -6.262866e-01 1.379689e+00 2.213797e+00 -2.606542e-02 -4.446197e-01 9.763994e-01 4.092195e-01 1.832236e+00 -5.158620e-01 -2.570361e-01 -7.146938e-01 5.357231e-01 -5.744871e-01 
-2.110447e+01 -3.325045e-01 -7.269148e+00 1.043369e+01 -5.445193e+00 -1.031225e+01 -1.843588e+00 -5.706464e+00 3.300821e+00 2.054057e-01 -2.301836e+00 -1.191173e+00 1.543111e+01 -3.270825e+00 1.459218e+00 3.264414e+00 1.365196e+00 -1.768107e+00 1.322962e+00 2.243743e+00 4.815601e+00 5.757828e-01 -3.443041e-01 -2.392179e+00 1.294532e+00 -2.734382e-01 1.340169e-01 6.297992e-01 9.891722e-01 -4.518824e-01 2.875058e-01 1.084733e+00 2.710738e-01 8.736522e-01 -5.337200e-01 8.914719e-02 2.502050e-01 7.309339e-01 -5.594654e-01 
-2.307333e+01 -1.782645e+00 -5.658217e+00 8.976816e+00 -5.065097e+00 -4.822813e+00 1.328506e+00 1.158778e+00 1.497639e+00 -4.447642e+00 -9.704135e+00 -3.596219e+00 1.523215e+01 -2.662340e+00 9.214682e-01 2.281114e+00 2.109840e-01 -5.959431e-01 1.534211e+00 1.998343e+00 3.853670e+00 -1.270756e-02 -3.117305e-01 -7.926809e-01 2.079826e+00 -2.567554e-01 6.195911e-01 8.682605e-02 -5.568732e-01 -5.519654e-01 5.103599e-01 2.582596e-01 -1.192613e-01 -6.402395e-01 -5.271102e-01 3.933216e-01 1.187760e+00 6.060905e-01 -2.163504e-01 
-2.324183e+01 -3.783479e-01 -3.626422e+00 1.015512e+01 -4.073059e+00 -4.736069e+00 -1.247479e+00 1.044500e+00 9.391112e-01 -4.128648e+00 -7.500937e+00 1.665240e+00 1.510075e+01 -9.234436e-01 -1.711377e-02 -2.396817e-01 -4.833253e-01 -2.081943e-01 1.612696e+00 1.437890e+00 1.707695e+00 -1.166110e+00 -5.538769e-01 4.924004e-01 1.787975e+00 -4.007977e-02 6.891201e-01 -8.140056e-02 -1.392995e+00 -5.256034e-01 1.986705e-01 -4.019078e-01 -2.819289e-01 -1.397417e+00 -1.960421e-01 3.758403e-01 9.200597e-01 -3.711900e-01 1.289067e-01 
-2.470688e+01 -5.491832e-01 -4.967364e+00 7.424168e+00 -3.377517e+00 -4.796488e+00 3.498521e-01 1.800103e+00 7.727213e-01 -2.603166e+00 -3.645619e+00 4.977392e+00 1.502772e+01 -7.983497e-01 6.459316e-01 -1.658349e+00 -5.659619e-01 -3.724859e-01 6.940099e-02 9.174825e-01 -6.603956e-03 -1.145259e+00 7.546957e-01 2.256625e+00 2.008736e+00 1.115999e-01 3.928083e-01 1.949717e-01 -8.835158e-01 -3.734153e-01 -1.337472e-01 -4.571172e-01 -3.937052e-01 -1.115026e+00 2.625829e-01 3.480316e-01 7.969474e-02 -9.269357e-01 1.090856e-01 
-2.490479e+01 -1.035045e+00 -8.812846e+00 8.793476e+00 -7.329509e+00 -2.262368e+00 5.835379e+00 2.511786e+00 -2.167146e+00 -3.486830e+00 -2.868613e+00 3.461971e+00 1.533273e+01 -7.572605e-01 1.190060e+00 -1.730797e+00 -8.743638e-01 -8.864545e-01 4.592882e-02 1.374500e+00 -2.414050e-01 1.618025e-01 1.001752e+00 6.835026e-01 -5.258871e-01 1.870059e-01 6.978709e-03 3.733659e-01 1.632266e-01 -2.969601e-01 1.246410e-01 -3.642673e-01 -6.786464e-01 -5.232674e-01 6.203220e-01 2.071593e-01 -3.317255e-01 -8.350455e-01 2.277807e-02 
-2.623413e+01 1.775509e+00 -1.135603e+01 6.827627e+00 -5.299174e+00 -5.713121e+00 2.374312e+00 3.925150e-01 -2.675197e+00 -9.950632e-01 -7.371731e-01 5.549151e+00 1.567424e+01 -7.813662e-01 1.292535e+00 -1.390730e+00 -1.460652e+00 -9.253837e-01 3.199222e-02 6.171427e-02 -7.468407e-01 6.362517e-01 6.505080e-01 -4.897169e-01 -1.398013e+00 1.751945e-01 1.003347e-02 6.596278e-02 8.822552e-01 -1.461650e-01 4.284170e-01 1.803720e-01 -6.588273e-01 -6.989797e-02 2.697145e-01 -2.754318e-01 -2.278885e-01 -4.950855e-01 -6.789497e-02 
-2.626467e+01 4.409743e+00 -9.085482e+00 6.081677e+00 -7.544636e+00 -4.048163e+00 4.612337e+00 5.413330e-01 3.472352e+00 7.627591e-02 -5.538240e+00 -1.249581e+00 1.571250e+01 -8.971465e-01 1.526260e+00 4.428223e-01 -1.520874e+00 6.914650e-01 -1.901132e-01 -1.527597e+00 -5.385315e-01 1.044618e+00 5.339856e-01 2.069039e-01 -6.839361e-01 4.206614e-02 -2.595958e-02 -1.647876e-01 1.068573e+00 1.008439e-01 6.897153e-01 2.197329e-01 -4.208304e-01 3.790985e-02 -2.891006e-01 -2.041619e-01 4.475558e-01 2.778955e-01 -1.609270e-01 
-2.793328e+01 3.191170e+00 -1.178484e+01 1.476819e+00 -7.896865e+00 -3.743481e+00 1.269611e+00 -9.489788e-01 1.134479e+00 -1.131853e+00 -4.759552e+00 3.429219e-01 1.571382e+01 -6.781866e-01 8.077952e-01 1.666150e+00 -9.734737e-01 9.804330e-01 1.089267e+00 -9.259588e-01 -2.073839e-01 -2.382233e-01 -3.884940e-01 1.355599e+00 -3.877688e-01 -1.553910e-01 1.360092e-01 -1.560065e-01 8.598943e-01 2.052604e-01 7.440376e-01 1.177596e-01 9.874857e-02 1.585887e-01 -3.169892e-01 9.624728e-02 5.138263e-01 3.577418e-01 -2.669201e-01 
-2.854056e+01 5.888487e+00 -6.384539e+00 3.864077e+00 -2.572740e+00 -4.197914e+00 -1.250231e+00 4.897371e-01 1.151305e+00 -7.477469e-01 1.771823e-01 2.645058e+00 1.552338e+01 -9.386010e-01 6.083713e-01 2.083574e+00 -6.137615e-01 1.609131e+00 6.158624e-01 -2.360680e-01 -3.217170e-01 -8.462819e-01 5.004539e-01 1.998545e+00 3.585524e-01 -4.524108e-01 4.330515e-01 -2.357623e-01 4.118739e-01 3.934964e-02 4.943287e-01 8.591920e-03 5.179725e-01 1.827348e-01 -5.723699e-02 1.288432e-01 -6.865828e-02 6.997182e-02 -3.551528e-01 
-2.848741e+01 5.075060e+00 -4.376037e+00 3.069419e+00 -2.882056e+00 -1.917433e-01 6.757032e-01 -6.189355e-01 -2.706044e+00 -2.525470e+00 3.183175e+00 1.662856e+00 1.499187e+01 -8.065794e-02 9.713596e-01 2.088144e+00 -8.878665e-01 2.336096e+00 2.180092e-01 -9.049821e-02 -6.237617e-02 -3.083840e-03 1.148573e+00 1.183700e+00 -1.307012e-01 -9.122544e-01 7.312227e-01 -2.410442e-01 1.096007e-01 -1.797495e-01 4.709456e-01 -1.366522e-01 4.051045e-01 2.037403e-01 5.866354e-01 8.602745e-02 -4.460369e-01 -2.654626e-02 -3.642635e-01 
-3.068074e+01 6.509528e+00 -2.371770e+00 2.216201e+00 -2.006498e+00 -2.745283e+00 3.728906e+00 -1.232543e+00 1.160653e+00 3.274973e+00 4.838361e-01 -1.167901e-01 1.381143e+01 9.694000e-01 2.655097e-01 2.291270e+00 -1.367078e+00 2.485296e+00 2.884257e-01 6.445628e-01 3.025136e-01 6.410636e-01 4.097987e-01 -5.036687e-02 -4.625405e-01 -1.355282e+00 8.376745e-01 -2.897031e-01 -1.624117e-01 -3.153259e-01 7.159513e-02 -5.796945e-03 5.088046e-02 3.444980e-01 3.010239e-01 -4.037175e-01 -2.963746e-01 -2.765119e-01 -7.269435e-02 
-2.726606e+01 7.737505e+00 -3.350610e+00 -2.138548e+00 3.499872e+00 -3.380108e+00 -1.671856e+00 -4.001859e-01 1.113914e+00 2.599230e+00 1.005764e+00 1.070832e+00 1.200830e+01 2.023841e+00 -2.260340e-01 2.110319e+00 -1.495623e+00 2.897225e+00 5.696516e-01 6.593665e-01 4.992501e-01 1.951333e+00 8.681708e-02 1.497583e-01 -1.097549e-01 -1.525312e+00 2.657701e-01 -1.138839e-01 -4.334868e-01 -4.196392e-01 -9.076355e-01 -4.056093e-01 -3.453332e-01 1.020076e-01 -2.036955e-01 -5.013976e-01 -3.995454e-02 -3.706881e-01 4.988929e-01 
-2.430429e+01 5.885353e+00 4.559519e+00 -3.675326e-01 6.662691e+00 -1.161458e+00 3.147108e+00 1.893061e+00 2.446903e+00 -1.260983e+00 1.014174e+00 6.282057e-01 1.023841e+01 2.197694e+00 -2.411999e-01 1.260574e+00 -1.886527e+00 1.686304e+00 4.110678e-01 -3.565854e-01 1.119995e+00 -3.185814e-01 -9.872735e-01 1.033780e+00 -1.034437e+00 -5.093991e-01 -3.647724e-01 2.112794e-01 -1.060997e+00 -6.485403e-01 -1.416396e+00 -6.276461e-01 -6.516891e-01 -2.546231e-01 -5.994117e-01 -1.973308e-01 -3.758774e-02 -4.147374e-01 9.766888e-01 
-2.155569e+01 4.256931e+00 2.710364e+00 -3.117094e+00 7.269061e+00 1.865071e+00 4.263918e+00 3.144816e-01 6.407546e+00 1.769533e-01 3.666981e+00 7.410477e-01 9.151772e+00 6.341119e-01 6.552863e-01 4.362207e-01 -2.726260e+00 -1.802749e+00 -1.871454e+00 -1.316549e+00 3.898983e-02 -5.420120e-01 -6.599806e-01 4.419642e-01 -1.698242e+00 1.159210e+00 -6.823348e-01 2.109493e-01 -1.076663e+00 -4.971261e-01 -1.399038e+00 -3.811586e-01 -2.071875e-01 -6.113569e-01 -6.348377e-01 1.574049e-01 -3.826873e-01 -2.905073e-01 1.025740e+00 
-2.254747e+01 7.043584e+00 9.003829e-01 -6.726440e+00 4.540955e+00 -3.312785e+00 -1.021255e+00 4.010199e+00 -3.078552e+00 -4.500919e-01 4.321774e+00 -5.124354e+00 1.269287e+01 -1.595493e-01 8.812149e-01 -2.176659e+00 -3.994570e+00 -2.246748e+00 -1.629251e+00 -1.625719e+00 -7.404269e-01 -1.109330e+00 -2.035909e-01 -3.843330e-01 -1.742039e+00 2.185801e+00 -7.517974e-01 -3.390884e-01 -2.628347e-01 2.651038e-01 -4.865867e-01 2.740560e-01 8.695092e-01 -7.166420e-01 1.349101e-01 3.780456e-01 -4.470441e-01 4.960231e-01 4.523090e-01 
-2.497377e+01 1.043482e+01 6.605697e-01 -1.259060e+01 -4.453155e+00 -1.166131e+01 -6.170472e+00 -1.263671e+00 1.167196e+00 -1.106137e+00 1.561329e+00 -4.543853e+00 1.657722e+01 -2.092216e-01 2.676357e-01 -1.554416e+00 -2.927316e+00 -2.131504e+00 -3.158360e-01 2.583379e-01 -1.627345e+00 -8.275156e-01 4.820115e-01 -1.054579e+00 -1.208481e+00 2.255801e+00 -4.023593e-01 -1.114000e+00 8.579528e-01 1.174466e+00 4.023790e-01 8.494542e-01 1.488771e+00 -1.454252e-01 9.235245e-02 1.680550e-01 -9.650594e-02 9.815129e-01 -2.823758e-01 
-2.339393e+01 7.202273e+00 -5.298762e+00 -1.560341e+01 1.290079e+00 -2.544608e+00 2.353638e-01 -1.020190e+00 -4.798774e-01 -1.637429e+00 1.452275e-01 -5.439040e+00 1.745485e+01 -1.139482e+00 -1.742761e+00 9.414970e-01 -4.605058e-01 -5.822235e-01 1.003447e+00 3.203517e+00 -1.629994e+00 4.986326e-01 3.318376e-01 -4.531622e-01 1.200845e+00 1.203920e+00 8.593764e-02 -1.040319e+00 2.068117e+00 1.726470e+00 -5.328484e-02 -1.044336e-01 3.492584e-01 1.664689e-02 -3.277156e-01 -4.498143e-01 -4.378170e-02 7.585902e-01 -6.190373e-01 
-2.217937e+01 5.515471e+00 -1.961494e+00 -1.331521e+01 -1.763505e+00 -9.809475e-02 4.926629e+00 -5.307342e+00 9.704262e-01 3.180861e+00 4.821543e-01 -5.143426e+00 1.804977e+01 -8.876503e-01 -3.602633e+00 3.166914e+00 1.378968e+00 -6.232107e-01 1.059486e+00 3.712726e+00 -2.433570e-01 -8.841351e-01 -8.730797e-02 -6.177376e-03 1.738085e+00 2.382554e-01 1.007479e+00 -3.642431e-01 1.521548e+00 1.156255e+00 -6.698223e-01 -1.090644e+00 -1.386843e+00 2.411209e-02 -1.192087e+00 -1.018628e+00 -4.015210e-01 -2.519224e-01 -5.066993e-01 
-2.964203e+01 7.892880e-01 6.919006e+00 -8.666567e+00 2.852219e-01 -4.077077e+00 9.447813e+00 -2.117776e+00 -4.868882e-01 -9.337813e-01 2.595655e+00 1.180099e+00 1.797608e+01 6.092758e-01 -2.385254e+00 5.803322e+00 2.484570e+00 -3.267482e+00 -2.839094e+00 -1.606550e+00 -1.349320e+00 -2.719859e+00 -2.167947e+00 -1.127341e+00 5.776628e-01 9.938809e-02 1.966077e+00 4.198461e-01 -6.982171e-02 1.242654e-01 -1.210492e+00 -1.209613e+00 -2.593455e+00 -1.578844e-01 -1.558581e+00 -9.507473e-01 -8.474361e-01 -1.626929e+00 -1.289583e-01 
-2.628841e+01 -4.371819e+00 1.038597e+01 -9.164049e+00 -7.066452e+00 -5.597895e+00 7.786633e+00 -1.931433e+00 -3.250083e+00 -1.894594e+00 3.050014e-01 8.368045e-01 1.750798e+01 3.953573e+00 -1.232508e+00 3.622593e+00 1.381399e+00 -4.138159e+00 -3.847811e+00 -4.271028e+00 -1.647283e+00 -5.178719e+00 -3.361194e+00 -2.724988e+00 -2.156648e+00 2.744903e-01 1.705359e+00 6.871072e-01 -1.522942e+00 -5.665652e-01 -7.704002e-01 -6.030391e-01 -2.013411e+00 -2.277484e-01 -7.482474e-01 -5.670196e-01 -6.481717e-01 -1.841766e+00 1.227245e-01 
-1.829311e+01 2.195757e-01 1.754384e+01 -5.255885e+00 -1.239559e+01 -1.399044e+01 -9.226977e+00 -9.454630e+00 -1.196873e+01 -9.939487e+00 -5.403133e+00 -5.540757e+00 1.822293e+01 6.270275e+00 -8.288411e-01 3.646187e-01 1.595387e-01 -4.877128e+00 -2.590876e+00 -5.771895e+00 -1.717417e+00 -5.146961e+00 -2.784809e+00 -3.330916e+00 -4.986549e+00 5.410808e-01 3.870308e-01 1.371356e-01 -2.173616e+00 -7.385634e-01 3.214062e-01 6.405550e-01 1.972561e-01 5.246410e-01 6.303526e-01 3.719137e-01 3.391363e-01 -7.977988e-01 8.939998e-02 
-8.085250e+00 -3.618913e-01 1.083860e+01 -8.113261e+00 -1.611351e+01 -1.438014e+01 -7.090231e+00 -9.875072e+00 -1.918239e+01 -9.122029e+00 -9.143525e+00 -1.256637e+01 1.929908e+01 4.808777e+00 -9.452072e-01 -1.728597e+00 -2.913168e-01 -3.670322e+00 -2.079769e+00 -4.271787e+00 -1.197899e+00 -3.411804e+00 -2.613798e+00 -2.145203e+00 -4.688605e+00 6.309675e-01 -1.219973e+00 -1.426039e-01 -1.099224e+00 -2.311840e-01 9.902237e-01 7.946618e-01 1.329631e+00 9.225621e-01 1.714992e+00 8.057186e-01 1.308316e+00 7.636642e-01 -5.810640e-02 
-7.392023e+00 -5.359608e+00 8.516172e+00 -8.394019e+00 -1.957673e+01 -1.264009e+01 -1.197304e+01 -6.732839e+00 -1.825556e+01 -1.124446e+01 -9.334693e+00 -1.705144e+01 1.978599e+01 2.116794e+00 -1.843394e+00 -2.389264e+00 -3.719280e-01 -1.894327e+00 -5.203373e-01 -6.196359e-01 1.049304e+00 -4.513887e-01 -6.820157e-01 2.782780e-01 -2.145350e+00 3.681807e-01 -1.776205e+00 6.219947e-02 1.774197e-01 2.126893e-01 1.338111e+00 5.117330e-01 1.790928e+00 1.000406e+00 1.653533e+00 9.170071e-01 1.700348e+00 1.812316e+00 -1.767894e-01 
-7.695663e+00 -6.308606e+00 6.256741e+00 -9.051856e+00 -2.182776e+01 -1.667172e+01 -1.219927e+01 -9.281933e+00 -1.716608e+01 -1.431129e+01 -8.455095e+00 -1.685118e+01 1.988131e+01 -6.951819e-02 -1.438168e+00 -4.964670e-01 4.913003e-01 -6.784319e-01 -9.096819e-01 -1.988689e-01 1.582347e+00 1.048628e+00 -3.839433e-01 2.011848e+00 2.411264e-01 7.036009e-02 -1.201578e+00 3.268197e-01 8.107541e-01 4.166212e-01 1.066908e+00 3.698254e-01 1.309896e+00 6.794539e-01 9.117895e-01 8.546124e-01 1.413814e+00 1.554432e+00 -1.881506e-01 
-7.903745e+00 -6.024142e+00 7.888847e+00 -6.645989e+00 -1.900992e+01 -1.544652e+01 -9.771347e+00 -4.504833e+00 -1.523343e+01 -1.075530e+01 -4.355913e+00 -1.412510e+01 1.977287e+01 -1.714195e-01 -2.713898e-01 6.356229e-01 8.317035e-01 3.174359e-01 -6.173066e-01 1.146181e+00 1.894671e+00 8.906387e-01 6.852372e-01 3.092293e+00 1.610122e+00 -6.263486e-02 -4.040859e-01 4.998659e-01 6.578433e-01 3.096253e-01 4.677291e-01 1.349116e-01 2.979471e-01 5.201651e-02 -7.706629e-02 2.937589e-01 6.139871e-01 6.596187e-01 -1.016533e-01 
-8.177417e+00 -7.220772e+00 8.669696e+00 -6.531060e+00 -1.978962e+01 -1.752578e+01 -9.185696e+00 -3.077630e+00 -1.545030e+01 -1.128605e+01 -1.573604e+00 -1.282384e+01 1.965743e+01 -5.490869e-02 -9.719513e-02 8.126812e-01 1.189930e+00 5.583854e-01 -1.821913e-01 1.394617e+00 1.776713e+00 4.761773e-01 9.754058e-01 3.516951e+00 1.205669e+00 -9.439883e-02 1.050631e-01 3.665655e-01 -1.632973e-02 1.696123e-01 7.205462e-02 1.832915e-01 -1.321941e-01 -2.386630e-01 -5.490268e-01 -6.542685e-03 -1.131743e-01 -1.307590e-01 -1.716254e-02 
-8.008350e+00 -6.260020e+00 1.048815e+01 -5.496143e+00 -1.900881e+01 -1.529979e+01 -7.749089e+00 -3.618087e-01 -1.465995e+01 -9.330498e+00 2.685913e+00 -1.101439e+01 1.958462e+01 8.917753e-02 -1.456250e-02 2.452821e-01 8.269776e-01 -1.738955e-01 -2.096244e-01 7.329153e-02 1.212158e+00 -5.505130e-01 1.070558e-01 2.595566e+00 6.704611e-01 -5.769676e-02 2.388749e-01 1.354850e-01 -4.416546e-01 2.462738e-01 -9.867254e-02 -9.880323e-02 -5.410886e-01 -3.118735e-01 -5.516359e-01 -4.255557e-01 -6.724944e-01 -4.756258e-01 2.689957e-02 
-7.917881e+00 -6.676137e+00 9.020680e+00 -3.677514e+00 -1.903612e+01 -1.765568e+01 -6.237074e+00 -2.469992e+00 -1.507172e+01 -1.014686e+01 5.608935e+00 -1.237843e+01 1.950350e+01 3.254862e-01 2.662184e-01 -3.830549e-01 1.341566e+00 -7.237082e-02 -1.971548e-01 -3.233719e-01 7.302865e-01 -9.760417e-01 -1.276657e-01 1.694308e+00 5.730725e-02 -1.792506e-02 3.271973e-01 1.360132e-01 -4.654883e-01 3.680758e-01 7.062510e-02 -2.316395e-01 -5.191700e-01 -1.351284e-01 -2.065945e-01 -4.634766e-01 -9.094765e-01 -2.953026e-01 3.801678e-02 
-7.587665e+00 -6.369339e+00 8.940213e+00 -3.938022e+00 -2.025610e+01 -1.642919e+01 -1.087935e+01 1.251736e+00 -1.817517e+01 -1.078977e+01 5.030946e+00 -1.099572e+01 1.956122e+01 8.328012e-01 2.242642e-01 -9.748291e-01 1.987130e+00 1.394247e-01 -1.103621e+00 -7.001073e-01 8.585625e-01 -1.141409e+00 -8.908700e-01 6.411640e-01 -1.937938e-01 3.359130e-02 3.438657e-01 1.081515e-01 -3.248961e-01 4.648571e-01 2.664202e-01 -2.498210e-02 -4.053783e-01 3.055074e-03 3.228245e-01 -2.399851e-01 -8.032726e-01 -1.693997e-01 2.351018e-02 
-6.760993e+00 -5.834890e+00 7.528862e+00 -6.023179e-01 -1.952824e+01 -1.794655e+01 -9.237987e+00 -2.330322e-01 -1.857339e+01 -1.119467e+01 5.725543e+00 -1.254690e+01 1.957959e+01 1.209178e+00 4.635162e-01 -9.047506e-01 2.450273e+00 7.547464e-01 -8.932514e-01 -8.141718e-01 1.277830e+00 -2.614807e-01 -8.430874e-01 -5.325885e-02 1.611499e-01 5.007386e-02 2.644419e-01 9.804996e-02 -1.426619e-01 1.480996e-01 2.630505e-01 3.405785e-01 -6.793182e-01 1.286764e-01 6.575454e-01 -5.613575e-02 -7.353404e-01 -3.870163e-02 -4.324918e-04 
-4.422904e+00 -5.559438e+00 6.359442e+00 2.901950e+00 -1.806582e+01 -2.067271e+01 -9.749331e+00 2.812406e+00 -1.861592e+01 -1.326075e+01 5.833179e+00 -1.189885e+01 1.971449e+01 1.366778e+00 4.273733e-01 -1.118372e+00 2.596913e+00 7.446283e-01 1.350789e-02 -1.708088e+00 9.536542e-01 7.065049e-01 -7.349478e-01 -5.468624e-01 -2.284504e-01 2.585050e-02 5.917528e-02 1.649313e-01 3.687920e-03 -3.927096e-01 2.750484e-01 7.909604e-01 -9.236976e-01 -2.258404e-02 5.939409e-01 3.325405e-01 -7.428941e-01 -1.330451e-01 -2.876782e-02 
-3.453743e+00 -4.764035e+00 5.786643e+00 5.154576e+00 -1.635706e+01 -2.000034e+01 -1.087275e+01 3.138612e+00 -1.615839e+01 -1.312669e+01 4.941249e+00 -1.112127e+01 1.967710e+01 1.380475e+00 6.548610e-01 -1.024595e+00 1.777163e+00 9.403033e-01 9.471134e-01 -3.216358e+00 1.325934e+00 1.387704e+00 -4.860951e-01 -1.388429e+00 -1.188951e-01 -1.612332e-02 -1.181337e-01 2.935441e-01 1.262709e-01 -7.635326e-01 3.755753e-01 5.388424e-01 -7.302096e-01 -3.159408e-01 3.634108e-01 6.058403e-01 -7.054281e-01 -6.953612e-02 -5.883851e-02 
-2.407682e+00 -4.767561e+00 4.219122e+00 6.168149e+00 -1.811820e+01 -1.533518e+01 -1.860180e+01 4.333846e+00 -1.585038e+01 -1.349876e+01 2.688716e+00 -1.285085e+01 1.964168e+01 1.042995e+00 9.532173e-01 -8.966256e-01 3.600539e-01 1.422031e+00 1.931037e+00 -4.117486e+00 7.215024e-01 1.003878e+00 5.932647e-01 -2.405713e+00 -7.191004e-01 -7.711549e-02 -4.352976e-01 3.036456e-01 4.097985e-01 -6.538024e-01 7.390342e-01 9.091082e-02 5.671003e-01 -9.310735e-01 3.547138e-01 9.752064e-01 -4.088228e-01 5.400166e-01 -1.116859e-01 
-8.657306e-01 -2.956159e+00 3.475860e+00 6.650854e+00 -1.480045e+01 -1.588024e+01 -2.089322e+01 5.635684e+00 -1.301755e+01 -1.350642e+01 3.560170e-01 -1.266530e+01 1.953543e+01 7.805722e-01 1.668138e+00 -3.844091e-01 -2.489183e-01 2.294080e+00 8.422222e-01 -3.260769e+00 -1.859116e-01 1.406791e+00 1.521852e+00 -2.651185e+00 5.870367e-02 -1.926269e-01 -9.832951e-01 -4.858713e-02 4.035723e-01 -3.405014e-01 7.289253e-01 7.845090e-02 2.024558e+00 -1.286674e+00 6.006666e-01 1.221881e+00 1.580509e-01 7.576423e-01 -2.331618e-01 
-5.021536e-01 -1.696836e+00 3.032232e+00 3.954380e+00 -1.173405e+01 -1.307812e+01 -2.532633e+01 5.171320e+00 -1.516706e+01 -1.010473e+01 -3.902940e+00 -1.472268e+01 1.939987e+01 -5.098121e-01 1.439091e+00 6.105706e-01 3.408801e-01 3.762758e+00 5.205067e-01 1.149787e+00 -2.945800e+00 2.470532e+00 3.136880e+00 -1.959654e+00 2.382976e+00 -4.443364e-01 -1.388981e+00 -4.877721e-01 1.935543e-01 -6.496365e-02 3.514264e-01 4.023567e-01 2.910035e+00 -7.352792e-01 8.268482e-01 9.118972e-01 8.849102e-01 9.038970e-01 -3.632331e-01 
-5.038499e-01 2.041558e+00 4.458406e+00 5.016660e+00 -8.078553e+00 -1.691771e+01 -2.381432e+01 1.790722e+00 -9.466338e+00 -7.214630e+00 -5.019114e+00 -9.891930e+00 1.883512e+01 -2.759493e+00 1.691286e-01 2.396961e-01 8.419355e-02 3.414624e+00 2.044731e+00 4.272990e+00 -3.273880e+00 3.657618e+00 4.351324e+00 -8.212537e-01 2.118291e+00 -9.984041e-01 -1.323104e+00 -8.481917e-01 -3.656009e-01 -8.353576e-02 -3.324524e-01 8.824026e-01 2.162872e+00 1.134886e-01 3.237522e-01 2.195307e-01 1.057737e+00 4.288340e-01 -3.739978e-01 
-5.137619e+00 -7.076596e-02 6.780836e+00 8.689492e+00 -2.665256e+00 -1.221414e+01 -1.139180e+01 -8.472602e+00 -5.273404e+00 -9.600450e-01 -4.422065e+00 -2.322772e+00 1.777012e+01 -4.131873e+00 -7.361452e-01 -2.410358e-01 -1.311747e-01 2.618890e+00 3.341715e+00 6.665876e+00 -1.410948e+00 4.012733e+00 3.738054e+00 1.103881e+00 2.770545e+00 -1.490345e+00 -4.406102e-01 -6.087263e-01 -7.862393e-01 -2.538832e-01 -1.077239e+00 5.495819e-01 1.497239e-01 1.074028e+00 -4.636796e-01 -8.191267e-01 5.661979e-01 -2.709918e-01 -2.159436e-01 
-1.234583e+01 -2.923245e+00 2.800360e+00 4.703613e+00 -2.262310e+00 -6.088578e+00 -6.495773e+00 -3.911693e+00 3.235618e-01 3.678230e+00 -3.490330e+00 -8.273203e+00 1.535809e+01 -4.023945e+00 -1.485367e+00 -1.786657e+00 -4.305297e-01 1.203719e+00 3.843726e+00 4.795674e+00 -3.857156e-01 2.254480e+00 2.319067e+00 1.105848e+00 2.009117e+00 -1.539593e+00 6.668735e-01 -2.778988e-02 -4.521655e-01 6.447357e-02 -1.165973e+00 -3.206837e-01 -1.393225e+00 8.283976e-01 -1.176259e+00 -1.586905e+00 -1.486259e-01 -2.382058e-01 6.244753e-02 
-1.524088e+01 -2.895034e+00 2.655837e+00 3.454708e+00 -1.547820e+00 -1.784199e+00 -6.563233e-01 9.677456e-01 1.064402e-03 3.139824e+00 8.521571e-01 -1.679096e+00 1.368658e+01 -2.080699e+00 -7.771072e-01 -2.307337e+00 -6.712831e-01 -5.179132e-01 2.368793e+00 1.637170e+00 9.802854e-01 8.537478e-01 5.747689e-02 -9.212710e-02 1.082531e+00 -1.253450e+00 1.037828e+00 1.642710e-01 1.539207e-01 3.341301e-01 -9.758446e-01 -1.208675e+00 -1.911712e+00 4.382507e-01 -1.045049e+00 -1.853158e+00 -6.043607e-01 -3.070119e-01 2.415430e-01 
-1.557222e+01 -3.972942e+00 -2.412004e+00 5.481306e+00 -2.618998e+00 -2.914023e+00 -5.203377e+00 -4.858329e+00 -8.318202e-01 2.331122e+00 -2.127487e+00 -1.680458e-01 1.317868e+01 -4.506436e-01 5.063649e-02 -9.880323e-01 6.765574e-01 -8.470109e-01 9.277489e-01 -1.787511e-01 -3.274336e-01 -6.440234e-01 -1.742813e+00 -9.663156e-01 1.771345e+00 -8.045505e-01 9.994440e-01 2.423762e-01 5.893548e-01 3.398437e-02 -5.029243e-01 -1.246315e+00 -9.749249e-01 9.629288e-02 -3.684178e-01 -1.292466e+00 -3.714072e-01 -2.298420e-01 2.603610e-01 
-1.392736e+01 -3.431833e+00 -2.149956e+00 4.944418e+00 -5.076244e+00 -1.957686e+00 -3.852086e+00 -3.097672e+00 -4.270626e-01 7.678406e-04 -5.564589e+00 -9.627080e-01 1.259251e+01 -7.293198e-01 -6.827104e-01 1.291616e-01 9.860395e-01 -1.235103e+00 -1.243720e+00 -4.053617e-01 7.510616e-01 2.367071e-01 -3.496758e+00 -8.817540e-01 1.354324e+00 -6.501349e-01 8.042713e-01 2.351137e-01 2.459082e-01 -4.014282e-01 1.640492e-02 -6.430777e-01 3.264279e-03 4.033274e-03 1.394905e-01 3.686469e-02 3.432656e-01 -3.414149e-01 1.862010e-01 
-1.525501e+01 -2.401728e+00 2.629986e-01 7.341528e+00 -4.732932e+00 -1.363428e+00 -5.791780e+00 -3.515982e+00 -2.682675e+00 -3.466584e+00 -5.113858e+00 2.249146e-01 1.188237e+01 2.975456e-01 -3.207143e-01 -5.805302e-02 -1.089327e+00 -9.523084e-01 -5.815116e-01 9.423451e-01 2.103500e-01 7.209405e-01 -2.366143e+00 -3.564543e-01 7.241597e-01 -5.394281e-01 4.964710e-01 4.873216e-01 -1.334899e-01 -8.383884e-01 2.669818e-01 1.869408e-01 3.472429e-01 1.720776e-01 3.770942e-01 1.194771e+00 6.748189e-01 -6.048741e-01 8.999651e-02 
-1.904628e+01 -7.094605e+00 1.963925e+00 7.455363e+00 -6.666849e+00 -8.778060e+00 -2.389059e+00 4.051988e+00 2.110384e+00 -1.144527e+01 -2.063016e+00 4.895939e+00 1.108389e+01 1.566563e+00 5.839925e-01 -1.542905e+00 -1.795519e+00 -3.832901e-01 -9.197018e-02 1.092849e+00 7.316808e-01 8.686646e-01 5.533860e-01 1.319160e+00 -1.008687e-01 -4.550133e-01 2.341600e-01 6.478235e-01 -2.579474e-01 -4.779350e-01 4.835561e-01 7.791260e-01 2.837404e-02 -2.353166e-01 1.152777e-02 1.671822e+00 4.625120e-01 -5.576466e-01 2.111470e-01 
-1.152538e+01 -3.745292e+00 -4.759315e+00 -1.220750e+00 -6.584923e+00 -2.411256e+00 -1.223260e+00 -7.381412e+00 1.504183e+00 -3.776277e+00 -5.659892e+00 5.233102e-01 1.123607e+01 8.837518e-01 1.853814e+00 -8.194376e-01 -2.124580e+00 6.208076e-02 1.286433e+00 8.083526e-01 5.426130e-01 9.252841e-01 2.205898e+00 1.307361e+00 -5.253793e-01 -4.521439e-01 -4.147111e-01 -1.581193e-01 2.414896e-01 2.945613e-01 4.016132e-01 1.974718e-01 -5.637629e-01 -6.382284e-02 -3.135104e-01 7.603748e-01 6.141499e-02 -1.526721e-01 3.501934e-01 
-7.960289e+00 1.600184e-01 -7.352791e+00 2.476161e-01 -6.066610e+00 -1.893384e+00 -6.717352e-01 2.493450e+00 1.822941e+00 2.922602e+00 1.304570e+00 -1.616318e+00 1.064049e+01 1.483460e-01 1.469140e+00 -7.799973e-01 -8.859761e-01 6.755161e-01 1.717734e+00 -1.965915e-01 -5.917940e-01 1.922776e-01 2.576303e+00 5.989410e-01 -8.091058e-01 3.619747e-01 -6.389040e-01 -9.676933e-01 6.313316e-01 5.329548e-01 2.354299e-01 -3.334564e-01 -6.437111e-01 -3.057469e-01 -3.867976e-01 -4.119472e-01 -4.660288e-01 2.734906e-01 4.263599e-01 
-1.637910e+01 3.239756e+00 8.241509e-01 3.220469e-01 -4.722900e+00 1.625987e+00 -2.609228e+00 -2.366361e-02 2.087015e+00 3.788553e-01 -2.612150e-01 8.546844e-01 9.843329e+00 -1.067165e+00 -1.553967e+00 7.679934e-01 -7.122264e-02 5.263160e-01 -4.990656e-01 -1.231902e+00 5.529308e-01 -5.084894e-01 4.244089e-01 3.108996e-01 3.148826e-01 8.030668e-01 2.951224e-01 -1.045468e+00 2.917010e-01 3.714807e-01 -2.443890e-02 -7.004767e-01 -3.395386e-01 -3.739634e-01 -5.495486e-01 -9.330509e-01 -4.806828e-01 1.625310e-01 4.490281e-01 
-1.587756e+01 -3.241407e+00 -4.727551e+00 2.253964e+00 -4.219635e+00 -2.207991e+00 -2.679132e+00 -2.585550e+00 2.780151e+00 -6.410508e-01 -1.767575e+00 6.846267e-01 1.358995e+01 -6.526200e-01 -2.550661e+00 8.201292e-01 -1.573699e-01 5.616438e-01 -8.665518e-01 -1.105691e+00 -8.020552e-01 -3.482545e-01 -6.155512e-01 -5.128527e-01 8.464096e-01 1.049171e+00 1.403137e+00 -1.512726e-03 -3.440587e-02 -5.040390e-01 -6.853430e-01 -2.535357e-01 1.728182e-01 -3.108438e-01 -8.324350e-01 -1.239592e+00 -6.276646e-02 -3.053949e-01 2.745151e-01 
-1.290222e+01 -9.814257e+00 -2.232012e+00 -2.580207e+00 -4.876722e+00 -4.749448e+00 -6.379633e+00 -2.077693e+00 -1.516543e+00 1.271618e-01 -2.569248e+00 9.472625e-01 1.377666e+01 2.759794e+00 -1.363615e+00 -1.609703e-01 -6.314501e-01 -3.258592e-03 -9.237652e-01 -4.349691e-01 -1.222020e+00 -1.552342e+00 -8.634459e-01 -5.401530e-01 -5.403590e-01 1.449424e+00 1.952862e+00 1.199908e+00 -5.740121e-01 -1.070024e+00 -1.339355e+00 7.819412e-01 4.889157e-01 -4.321405e-01 -7.512624e-01 -1.009269e+00 4.599438e-01 -9.074202e-01 2.256265e-01 
-1.296159e+01 -6.066067e+00 -1.723798e+00 9.120205e-01 -3.181339e+00 -3.038312e+00 -4.314992e+00 -4.897325e-01 1.883234e+00 -2.932595e-02 -1.059259e-01 2.569565e+00 1.391987e+01 5.250532e+00 1.366239e+00 -4.876649e-01 -3.125941e+00 -2.486325e+00 6.623667e-01 2.689662e-01 -1.258551e+00 -3.448054e+00 -2.977736e+00 7.106873e-01 -1.908340e+00 1.411387e+00 1.346890e+00 1.137978e+00 -5.372573e-01 -1.262864e+00 -1.728035e+00 9.653471e-01 1.796205e-01 4.691958e-02 -4.069168e-01 -7.177352e-01 7.858571e-01 -1.054567e+00 1.482941e-01 
-4.038406e+00 -2.165458e+00 -1.482926e+00 -2.163723e+00 -5.259047e+00 -2.577838e+00 -3.965473e+00 -7.181851e+00 -5.226198e+00 -4.244099e+00 -3.792499e+00 -2.790034e+00 1.692552e+01 5.745794e+00 2.486953e+00 -1.448113e+00 -3.936913e+00 -4.646640e+00 2.646205e+00 5.251842e-01 -1.379437e+00 -2.715047e+00 -3.440952e+00 1.998776e+00 -2.844573e+00 1.750180e+00 -2.736609e-01 2.746615e-01 -3.005421e-02 -7.706519e-01 -1.262517e+00 5.967628e-01 -2.658889e-01 5.072909e-01 6.814333e-01 -1.217578e-01 8.378260e-01 -4.768525e-01 -8.153389e-02 
5.942715e+00 -2.341566e-01 -7.540195e+00 -1.358393e+01 -1.646016e+01 1.799487e-02 -2.540976e+00 -6.326041e+00 -1.260578e+01 -1.334391e+01 2.397199e+00 -6.988631e+00 1.907257e+01 4.588722e+00 1.214013e+00 -1.222305e+00 -4.819046e+00 -5.756894e+00 2.175295e+00 -6.875811e-01 -4.887548e-01 -1.801436e+00 -2.915463e+00 2.146961e+00 -3.274162e+00 1.640274e+00 -1.519074e+00 -5.171524e-01 5.785761e-01 4.152283e-01 1.272448e-01 -3.657271e-01 -4.550939e-01 6.089206e-01 1.680552e+00 8.844113e-01 1.362461e-01 2.451652e-01 -2.732922e-01 
6.374710e+00 -2.952812e-01 -6.564531e+00 -1.501672e+01 -2.146996e+01 6.954026e+00 -4.640293e+00 -6.056975e+00 -7.847308e+00 -1.041989e+01 6.172910e+00 -8.496503e+00 1.995128e+01 1.722337e+00 8.607072e-02 5.620545e-02 -3.638233e+00 -4.680596e+00 1.303450e+00 -1.286182e+00 9.296721e-01 1.031626e+00 -1.503302e+00 2.930920e+00 -2.241702e+00 9.273868e-01 -1.743931e+00 -5.230945e-01 8.852010e-01 1.010051e+00 1.114185e+00 -1.183442e+00 -2.026526e-01 4.431416e-01 1.535021e+00 9.372317e-01 -5.016819e-01 6.620721e-01 -4.235643e-01 
4.775650e+00 -9.316036e-01 -5.294527e+00 -1.675709e+01 -2.385977e+01 3.072576e+00 -7.415532e+00 -3.496367e+00 -5.813237e+00 -1.151859e+01 5.646496e+00 -1.094804e+01 2.060829e+01 -3.330371e-01 -1.895635e-02 1.653116e+00 -1.199239e+00 -1.832932e+00 -4.949580e-01 -1.100567e+00 6.315696e-01 3.081317e+00 4.754249e-01 9.257351e-01 -9.840387e-01 4.562657e-01 -1.196199e+00 1.327643e-02 6.147283e-01 1.240191e+00 1.395905e+00 -1.022349e+00 3.063450e-01 1.499940e-02 9.364891e-01 7.046499e-01 -8.713055e-01 8.984884e-01 -3.845185e-01 
5.156755e+00 -1.386903e+00 -2.324655e+00 -1.876891e+01 -2.496215e+01 2.411858e+00 -7.959351e+00 -3.948365e+00 -3.464614e+00 -1.267364e+01 9.237206e+00 -1.201884e+01 2.079436e+01 -5.127339e-01 4.880367e-01 1.540211e+00 -6.965331e-01 -1.037713e+00 -1.935709e+00 -2.816179e-01 2.760217e-01 2.518651e+00 -4.504078e-01 1.008260e-01 -6.793659e-01 2.243086e-01 -4.333053e-01 3.348745e-01 1.344716e-03 7.827495e-01 8.506399e-01 -5.862521e-01 3.870490e-01 -3.284514e-01 -1.066943e-01 2.181860e-01 -1.047859e+00 6.105512e-01 -2.226682e-01 
4.886476e+00 2.164411e-01 -1.395577e+00 -1.770444e+01 -2.387927e+01 -1.861330e-01 -6.384037e+00 -4.222548e+00 6.096030e-01 -9.840450e+00 5.494010e+00 -1.014821e+01 2.093232e+01 -2.745991e-01 1.079363e+00 1.109245e+00 -8.877616e-02 -5.988585e-01 -1.316924e+00 3.420358e-01 -8.691595e-02 2.137391e+00 8.118855e-02 -7.945318e-01 4.370056e-01 6.915893e-02 2.776437e-02 2.442909e-01 -4.210344e-01 1.600167e-01 1.470030e-01 2.741214e-02 1.974241e-01 -2.291385e-01 -7.639601e-01 -1.589257e-01 -5.682544e-01 3.058306e-01 -1.159701e-01 
3.755033e+00 1.570585e+00 -8.132492e-01 -1.802569e+01 -2.664918e+01 -1.095430e+00 -6.564026e+00 -4.313800e+00 1.534563e+00 -1.351080e+01 6.753141e+00 -1.229340e+01 2.091067e+01 -4.734709e-01 1.211178e+00 3.349961e-01 -2.798395e-01 -1.044401e+00 -1.216727e+00 -7.227826e-02 -3.533677e-01 9.701948e-01 -2.153270e-01 -1.448236e+00 1.003423e-01 7.566193e-03 1.455719e-01 -3.478832e-02 -3.917109e-01 -8.255556e-02 1.160577e-02 3.360429e-01 -3.158707e-02 -1.425421e-01 -7.991542e-01 9.076085e-02 -2.993961e-01 1.445210e-01 -5.452720e-02 
4.103343e+00 2.986638e+00 -5.040861e-01 -1.757254e+01 -2.601104e+01 -1.758306e+00 -6.403852e+00 -3.748377e+00 2.373991e+00 -1.069402e+01 2.915764e+00 -8.626033e+00 2.089580e+01 -2.137870e-01 8.406782e-01 1.504899e-01 -6.074153e-01 -1.094649e+00 -7.175035e-01 -2.180378e-01 -1.994364e-01 3.589221e-02 -4.367557e-01 -1.140991e+00 1.550564e-01 -1.512236e-02 1.734632e-01 -2.696321e-01 -2.235358e-01 -1.869720e-01 5.745296e-02 2.561742e-01 -5.879631e-02 -2.011280e-02 -6.604071e-01 7.204242e-02 6.881753e-02 -1.032143e-01 -1.371891e-02 
3.181113e+00 3.283640e+00 -1.095414e+00 -2.023399e+01 -2.911813e+01 -2.885972e+00 -8.311072e+00 -5.952504e+00 5.044408e-01 -1.332312e+01 3.285206e+00 -1.227790e+01 2.085055e+01 1.846872e-01 4.333262e-01 6.111433e-02 -8.500589e-01 -7.317666e-01 -5.551054e-01 -1.595822e-01 -3.805567e-01 -4.262066e-01 2.623792e-01 -1.223008e+00 1.842542e-01 -6.247131e-03 2.311716e-01 -3.326181e-01 -1.566024e-02 8.963621e-03 2.949598e-01 2.697811e-01 6.918791e-02 1.262567e-01 -2.719964e-01 2.622388e-01 1.988404e-01 8.190416e-02 5.695530e-03 
4.104475e+00 3.563795e+00 -5.019685e-01 -1.963799e+01 -2.811717e+01 -2.878204e+00 -6.600904e+00 -4.400788e+00 1.304141e+00 -1.211773e+01 1.523208e+00 -9.380167e+00 2.088684e+01 2.635784e-01 1.202293e-01 1.284845e-01 -7.385266e-01 -4.678368e-01 -3.667412e-01 9.170127e-02 -1.740600e-01 -4.664658e-01 2.026210e-01 -5.631732e-01 -1.209263e-01 7.366000e-03 1.008794e-01 -2.561634e-01 4.251814e-02 1.739974e-01 3.325361e-01 2.075857e-01 7.783777e-02 1.303239e-01 8.976629e-03 2.586888e-01 2.433564e-01 5.653401e-02 1.054914e-02 
4.678395e+00 3.448990e+00 -5.093799e-01 -2.124318e+01 -2.925467e+01 -3.311490e+00 -7.262514e+00 -5.890247e+00 -6.156553e-02 -1.148740e+01 1.334843e+00 -1.099452e+01 2.088400e+01 4.436406e-01 -9.166739e-02 2.674567e-01 -1.693873e-01 1.169590e-01 -4.326542e-02 1.188414e-01 2.651462e-01 -1.387783e-01 7.761319e-01 -7.429388e-01 6.479915e-01 2.484953e-02 -7.164818e-02 -1.474236e-01 3.535464e-02 3.421265e-01 3.397859e-01 1.068637e-01 8.724343e-02 1.563234e-01 1.887159e-01 1.206135e-01 2.771966e-01 1.193182e-01 8.027432e-03 
4.672740e+00 3.504629e+00 -1.541599e-01 -2.075993e+01 -2.828214e+01 -3.378813e+00 -6.469903e+00 -4.649387e+00 3.254314e-01 -1.059881e+01 1.074719e+00 -9.872063e+00 2.091592e+01 1.611293e-01 -1.775600e-01 2.598394e-01 -7.770394e-02 1.438836e-01 6.455985e-02 3.191707e-02 1.292014e-01 -6.291128e-02 5.998513e-01 -1.643110e-01 2.060891e-01 2.204683e-02 -1.614980e-01 -8.971946e-02 -5.107608e-02 2.632982e-01 2.392080e-01 -8.455756e-03 2.283142e-02 -9.878059e-02 1.824540e-01 1.740755e-03 2.598737e-01 1.003136e-02 3.363628e-03 
5.115479e+00 2.854985e+00 6.818342e-02 -2.051967e+01 -2.845157e+01 -2.851879e+00 -7.782115e+00 -4.501848e+00 3.001924e-01 -1.020212e+01 -2.057146e-01 -8.792117e+00 2.096008e+01 -1.221124e-01 -1.548821e-01 1.721566e-01 5.301880e-01 6.612821e-01 -2.364707e-01 3.065448e-01 2.493905e-01 3.154612e-01 6.666751e-01 -3.636967e-02 6.173972e-01 2.651781e-02 -2.514142e-01 -6.139559e-02 -1.847726e-01 7.700973e-02 1.689055e-01 -1.670461e-01 7.019566e-02 -3.746327e-01 1.709389e-02 -1.641432e-01 2.905917e-01 -1.014858e-01 -4.053767e-04 
4.691965e+00 2.973315e+00 5.086350e-01 -2.038832e+01 -2.780005e+01 -2.784555e+00 -6.181481e+00 -4.448547e+00 8.087101e-01 -9.761112e+00 1.471632e+00 -9.451687e+00 2.095921e+01 -2.609027e-01 -2.966190e-01 -7.921200e-02 2.282675e-01 4.560033e-01 -3.124619e-01 1.120089e-01 -6.601149e-01 2.187428e-01 2.658521e-01 3.828521e-01 -5.542165e-02 2.331472e-02 -1.686036e-01 -1.327665e-01 -2.945014e-01 -6.011428e-02 2.094941e-01 -9.963737e-02 8.741139e-02 -4.044420e-01 -1.930271e-01 -2.381025e-01 1.503966e-01 8.352116e-02 -1.978055e-03 
4.058108e+00 2.940402e+00 2.000902e-02 -1.877766e+01 -2.618938e+01 -4.790877e+00 -5.874344e+00 -4.743624e+00 1.273761e+00 -8.572680e+00 9.541882e-01 -8.117846e+00 2.099507e+01 -6.025824e-01 -3.389983e-01 -4.866492e-01 6.272424e-02 8.053373e-01 -6.900704e-01 4.297193e-01 -1.213236e+00 -1.941146e-01 1.223846e-01 4.362960e-01 2.713398e-01 2.218029e-02 -6.102293e-02 -2.518719e-01 -3.889660e-01 -2.063696e-01 1.605325e-01 2.065952e-01 1.694590e-01 -2.467460e-01 -4.594470e-01 -4.262549e-01 1.365483e-01 1.253958e-01 -6.289362e-03 
3.896959e+00 1.978866e+00 -5.263204e-01 -2.049012e+01 -2.713294e+01 -3.972208e+00 -6.863456e+00 -7.829572e+00 9.316331e-01 -1.008448e+01 2.408972e+00 -1.048634e+01 2.101496e+01 -4.415126e-01 -7.491850e-01 -8.830838e-01 -1.445424e-01 1.119172e+00 -2.066904e-01 4.075137e-01 -1.161786e+00 -7.733020e-01 -3.184368e-01 3.513874e-01 7.967733e-01 1.437276e-02 1.687348e-02 -3.671481e-01 -4.741916e-01 -6.898762e-02 2.773969e-01 4.476608e-01 3.035737e-01 1.754755e-01 -5.987740e-01 -4.621319e-01 1.090531e-01 2.709815e-01 -1.103451e-02 
2.500325e+00 1.657178e+00 -1.847146e+00 -2.015518e+01 -2.475817e+01 -5.709237e+00 -5.292546e+00 -8.877694e+00 -7.322667e-01 -9.428987e+00 1.507511e+00 -6.917906e+00 2.104317e+01 -3.368721e-01 -1.187861e+00 -1.370756e+00 -3.150816e-01 1.132205e+00 7.436391e-01 1.005925e+00 -7.334554e-01 -1.485618e+00 -1.172296e+00 6.621019e-01 8.183542e-01 -3.748000e-04 1.093796e-01 -4.717946e-01 -4.775391e-01 1.050742e-01 2.182755e-01 6.433702e-01 6.792822e-02 4.103462e-01 -5.209063e-01 -4.249640e-01 2.338892e-01 -1.148678e-01 -1.808445e-02 
3.263102e+00 -1.314987e-01 -2.973156e+00 -2.042225e+01 -2.291956e+01 -3.359393e+00 -4.434985e+00 -8.190317e+00 -2.054506e+00 -1.092492e+01 2.952203e+00 -6.068015e+00 2.100709e+01 -3.092966e-01 -1.708035e+00 -2.008403e+00 7.231116e-02 1.679444e+00 1.208975e+00 1.341666e+00 -2.277790e-02 -2.129284e+00 -1.397557e+00 8.152614e-01 1.025913e+00 -2.052757e-02 3.174884e-02 -3.848423e-01 -3.516756e-01 3.547658e-01 1.902464e-01 3.779582e-01 -3.381949e-01 4.363457e-01 -2.141899e-01 -9.029150e-02 3.995652e-01 -5.842435e-01 -2.087731e-02 
2.690878e+00 -1.943685e+00 -5.610043e+00 -2.038723e+01 -2.263477e+01 -1.379396e+00 -2.058804e+00 -8.230399e+00 -4.661127e+00 -1.401419e+01 3.993257e+00 -6.235689e+00 2.099725e+01 -1.215645e-01 -2.218572e+00 -2.311907e+00 4.795529e-01 1.616506e+00 1.818958e+00 3.025592e-01 2.689108e-01 -2.120783e+00 -1.462944e+00 1.373877e+00 -4.176013e-01 -5.082346e-02 2.019387e-02 -2.251987e-01 -8.515295e-02 5.541580e-01 2.205219e-01 4.779636e-02 -8.615530e-01 4.149283e-01 2.325491e-01 3.152744e-01 6.010957e-01 -8.643188e-01 -1.453237e-02 
2.254925e+00 -4.760900e+00 -8.686852e+00 -2.001289e+01 -1.979687e+01 -9.248447e-02 -1.772033e+00 -8.266644e+00 -7.750091e+00 -1.477912e+01 5.242857e+00 -5.698100e+00 2.093538e+01 -3.903794e-01 -2.158050e+00 -2.170904e+00 1.232059e+00 1.828301e+00 1.145307e+00 -9.318423e-01 5.189098e-01 -1.526518e+00 -6.244131e-01 1.993224e+00 -1.506552e+00 -6.470352e-02 2.484242e-02 -4.614428e-02 2.104923e-01 5.283118e-01 1.539465e-01 -3.080152e-01 -1.067050e+00 3.670481e-01 7.115251e-01 3.928375e-01 5.475153e-01 -9.337382e-01 4.080776e-04 
2.396285e+00 -7.120857e+00 -1.054977e+01 -1.796221e+01 -1.823636e+01 1.752003e+00 -5.111456e+00 -7.495265e+00 -8.489031e+00 -1.481632e+01 7.231342e+00 -9.190640e+00 2.082475e+01 -1.955251e-01 -2.088882e+00 -1.715055e+00 1.875868e+00 2.160486e+00 1.014156e+00 -2.165105e+00 1.070497e+00 -6.241344e-01 1.747842e-02 3.078527e+00 -2.237132e+00 -5.095692e-02 8.107643e-03 1.529151e-01 4.281424e-01 3.776198e-01 1.695182e-01 -5.962096e-01 -7.010688e-01 5.360705e-01 9.876279e-01 3.792290e-01 -4.710529e-02 -3.644989e-01 1.442661e-02 
1.458222e+00 -8.332769e+00 -1.135815e+01 -1.547480e+01 -1.597641e+01 8.021393e-01 -7.567449e+00 -5.963591e+00 -7.773460e+00 -1.364595e+01 1.129913e+01 -1.212334e+01 2.076965e+01 -1.480443e-01 -2.003557e+00 -1.254466e+00 2.015621e+00 2.177121e+00 7.116140e-02 -2.759721e+00 1.411684e+00 6.800397e-01 -1.734125e-01 2.700371e+00 -2.733114e+00 -1.832545e-02 3.440515e-02 2.242199e-01 4.092629e-01 1.543935e-01 -2.071190e-02 -5.906313e-01 -3.292092e-01 6.313677e-01 9.249510e-01 1.538548e-01 -9.106850e-01 1.746864e-01 1.787023e-02 
2.111304e+00 -1.060182e+01 -1.284944e+01 -1.327690e+01 -1.374265e+01 3.244768e+00 -9.986563e+00 -4.029809e+00 -7.770189e+00 -1.449295e+01 1.635752e+01 -1.420893e+01 2.082518e+01 -2.022820e-01 -1.531148e+00 -6.293454e-01 1.975788e+00 2.289793e+00 -6.250818e-01 -2.288849e+00 2.503006e+00 1.714108e+00 2.076508e-01 7.847220e-01 -1.626898e+00 -1.909614e-03 -6.826138e-02 2.919595e-01 2.902282e-01 -3.339108e-02 -2.617925e-01 -6.030912e-01 -7.139318e-02 5.850320e-01 5.695311e-01 4.062989e-02 -1.599776e+00 5.623757e-01 9.464535e-03 
1.656691e+00 -1.303819e+01 -1.380869e+01 -1.227701e+01 -1.115833e+01 -4.826146e-01 -1.313334e+01 -2.941178e+00 -4.709735e+00 -1.580832e+01 1.418123e+01 -1.685476e+01 2.084333e+01 -2.150654e-01 -1.315708e+00 -6.676008e-01 1.954049e+00 1.660065e+00 -9.881669e-01 -2.516029e+00 2.959363e+00 1.929038e+00 4.969276e-02 -1.413300e+00 -9.382108e-01 9.231724e-05 -5.418292e-02 3.171143e-01 1.869934e-01 -8.786925e-02 -4.056138e-01 -2.149568e-01 7.439462e-02 5.000317e-01 3.344436e-02 8.215468e-02 -1.364607e+00 7.847409e-01 -2.628818e-03 
1.285763e+00 -1.242420e+01 -1.247092e+01 -9.681781e+00 -9.196548e+00 -7.311932e-01 -1.377293e+01 3.508312e+00 -1.450641e+00 -1.269717e+01 9.713724e+00 -1.495909e+01 2.077818e+01 -5.036030e-01 -9.728459e-01 -5.572356e-01 1.739626e+00 1.109911e+00 -1.471694e+00 -2.644138e+00 3.221631e+00 1.598944e+00 1.090917e-01 -2.863456e+00 -3.227719e-01 -1.285350e-02 -1.739297e-02 2.552507e-01 -1.733396e-02 -1.499310e-01 -5.365183e-01 1.693329e-02 1.278893e-01 -2.232661e-02 -3.356009e-01 -1.810866e-01 -5.286735e-01 5.221181e-01 -1.214623e-02 
7.960933e-01 -1.400011e+01 -1.488600e+01 -7.501944e+00 -9.948936e+00 -2.151025e+00 -1.825504e+01 5.064717e+00 -1.288458e+00 -1.429543e+01 7.554814e+00 -1.643915e+01 2.079348e+01 -2.683900e-01 -6.970258e-01 -3.554636e-01 1.694257e+00 7.389690e-01 -5.803380e-01 -2.210086e+00 3.552500e+00 9.047535e-01 2.865699e-01 -2.298710e+00 5.384362e-01 -2.606625e-02 5.060866e-02 3.802323e-01 -2.925082e-02 -1.334225e-01 -3.156043e-01 9.518577e-02 6.475523e-01 -4.141210e-01 -2.986674e-01 -1.719963e-01 2.593701e-01 4.145598e-01 -2.624611e-02 
2.426968e-02 -1.498516e+01 -1.509775e+01 -6.966151e+00 -8.797503e+00 -3.279123e+00 -2.064608e+01 8.075617e+00 -1.486163e+00 -1.470415e+01 5.353297e+00 -1.603069e+01 2.078605e+01 -2.625462e-01 -5.640766e-01 -8.719119e-01 1.356014e+00 6.774008e-02 -7.442031e-01 -1.802414e+00 2.094754e+00 5.481948e-01 -8.161423e-01 -1.415961e+00 2.454426e-01 -4.962230e-02 1.313606e-01 4.319283e-01 -5.328539e-02 -1.744359e-01 -1.436007e-01 2.141678e-02 9.025970e-01 -8.113728e-01 -1.825326e-01 -2.690847e-01 5.719891e-01 2.117659e-01 -4.164751e-02 
9.459345e-01 -1.524298e+01 -1.427296e+01 -5.163393e+00 -7.662789e+00 -2.110027e+00 -2.074735e+01 1.253717e+01 -1.681299e-01 -1.337182e+01 4.867809e+00 -1.362644e+01 2.070909e+01 -8.248412e-02 3.813087e-01 -6.565982e-01 1.478753e+00 6.031454e-01 -8.759406e-01 3.010409e-01 1.452397e+00 9.610522e-01 -3.476573e-01 -8.403408e-01 8.503449e-01 -1.128166e-01 1.278410e-01 3.999071e-01 8.181701e-02 -3.157386e-01 6.965505e-02 -1.806008e-01 8.574162e-01 -1.083415e+00 -9.382262e-02 -2.449336e-01 3.212090e-01 8.073322e-02 -5.246645e-02 
-1.012577e-01 -1.462311e+01 -1.713749e+01 -4.071012e+00 -1.000077e+01 -4.472386e+00 -2.153886e+01 1.024606e+01 7.306564e-01 -1.723915e+01 3.976999e+00 -1.513829e+01 2.057244e+01 6.032376e-02 6.474907e-01 -6.730175e-01 9.751023e-01 4.597762e-01 -1.216581e+00 6.134371e-01 2.148117e-01 6.580656e-01 -9.193718e-01 -7.328748e-01 5.802018e-01 -1.777459e-01 1.619082e-01 2.087045e-01 3.759225e-01 -3.950827e-01 6.179262e-02 -3.952736e-02 3.140711e-01 -8.689836e-01 -3.074224e-01 -1.477915e-01 -4.358027e-02 9.640139e-02 -5.536777e-02 
4.460869e-01 -1.227491e+01 -1.714913e+01 -1.555689e+00 -6.331340e+00 -5.934080e+00 -1.630378e+01 1.124088e+01 2.408578e+00 -1.476598e+01 4.041469e+00 -1.263391e+01 2.033608e+01 2.093407e-01 6.965317e-01 -4.586545e-02 3.060431e-01 8.912560e-01 -1.247094e+00 8.688959e-01 -9.246147e-01 3.807421e-01 -8.864390e-01 -1.034104e+00 7.748114e-01 -2.243242e-01 8.441026e-02 -1.187834e-02 4.249289e-01 -2.999007e-01 -3.365367e-01 3.335536e-02 -4.756688e-01 -6.924959e-01 -7.838474e-01 -3.077049e-01 -3.443653e-01 -1.109647e-01 -3.804119e-02 
5.755723e-01 -1.323175e+01 -1.702473e+01 -3.894239e+00 -7.164540e+00 -7.450581e+00 -1.980062e+01 9.797896e+00 5.156581e-01 -1.860322e+01 2.102879e+00 -1.362605e+01 2.008377e+01 4.009078e-01 3.217792e-01 7.021467e-01 -3.314500e-02 2.325462e-01 -7.562326e-01 -5.161997e-01 -1.061535e+00 -6.987182e-01 -1.285585e+00 -1.537077e+00 7.652904e-01 -2.706355e-01 -1.334209e-02 1.071611e-01 4.306865e-01 1.615128e-01 -4.053586e-01 1.587887e-01 -5.533495e-01 -2.460768e-01 -1.171736e+00 -1.627447e-01 -4.328433e-01 -1.672809e-01 -1.206489e-02 
1.654429e+00 -1.245633e+01 -1.455883e+01 -3.721297e+00 -4.625368e+00 -6.856755e+00 -1.727198e+01 8.138725e+00 1.843039e+00 -1.712206e+01 6.340797e-01 -1.050859e+01 1.983168e+01 1.691646e-01 4.846350e-01 7.803503e-01 4.833336e-01 -9.660279e-01 -9.393155e-01 -1.512603e+00 -1.371908e+00 -2.279574e+00 -1.703174e+00 -2.160126e+00 2.030424e-01 -2.565552e-01 -1.061139e-01 2.928178e-01 2.940443e-01 5.161367e-01 -3.979046e-01 3.260853e-01 -3.937052e-01 2.371020e-01 -1.327124e+00 -1.038462e-01 -3.428545e-01 -3.153199e-01 2.058174e-02 
1.298768e+00 -1.292377e+01 -1.492146e+01 -3.154309e+00 -9.690894e+00 -7.792377e+00 -2.363543e+01 6.489788e+00 -2.480296e+00 -2.248915e+01 -2.005274e+00 -1.237445e+01 1.947136e+01 1.357335e-02 1.289276e+00 1.067435e+00 1.694122e+00 -6.383022e-01 -5.765238e-01 -9.625884e-01 -7.918768e-01 -3.870535e+00 -1.324746e+00 -2.333992e+00 2.975976e-02 -2.218551e-01 -1.227822e-01 5.250207e-01 1.904747e-01 5.516817e-01 -1.667857e-02 4.156508e-01 3.470749e-01 4.395892e-01 -8.162004e-01 2.490606e-01 -3.498542e-01 -1.504976e-01 4.596152e-02 
9.301023e-01 -1.000547e+01 -1.429890e+01 4.906108e-01 -9.897662e+00 -1.045985e+01 -2.194948e+01 6.035659e+00 -7.491626e+00 -2.133956e+01 -4.705173e+00 -1.224453e+01 1.935942e+01 -1.274083e-01 1.676926e+00 1.241616e+00 2.023183e+00 -6.629974e-01 2.935602e-01 -8.764233e-01 1.262733e-01 -4.668983e+00 -1.386180e+00 -2.349956e+00 -4.339775e-01 -1.458485e-01 -8.984394e-02 4.066415e-01 1.083287e-01 2.345115e-01 2.927134e-01 3.462089e-01 3.686576e-01 4.404130e-01 3.715510e-02 3.140910e-01 -4.573674e-01 -1.678851e-02 3.538661e-02 
1.005306e+00 -8.010690e+00 -1.181766e+01 2.470142e+00 -7.719636e+00 -8.531639e+00 -2.227478e+01 6.889763e+00 -1.416966e+01 -2.311838e+01 -6.897159e+00 -1.260967e+01 1.921074e+01 -6.458748e-02 2.350602e+00 1.423922e+00 1.955399e+00 -2.401120e-03 7.056435e-01 9.009706e-01 3.872873e-01 -3.585031e+00 -1.988007e-01 -3.191523e+00 3.312588e-01 -9.620056e-02 -1.326770e-01 7.731874e-02 4.338847e-02 -1.022755e-02 2.657565e-01 2.881974e-02 1.658479e-01 -1.257068e-01 8.597231e-01 4.154287e-01 -3.737740e-01 7.348461e-02 -4.906490e-03 
1.164194e+00 -6.527636e+00 -9.902328e+00 3.582225e+00 -8.925688e+00 -5.019173e+00 -2.233423e+01 8.569829e+00 -1.565735e+01 -2.373831e+01 -8.669249e+00 -1.256080e+01 1.923283e+01 -2.411798e-01 1.987046e+00 1.143946e+00 1.525338e+00 1.795544e-01 1.506734e-01 -6.012262e-01 2.406064e-01 -2.236588e+00 -6.956679e-01 -4.018051e+00 -3.168257e-02 -1.424452e-01 -2.065889e-01 -3.340046e-01 1.287480e-01 5.957260e-02 5.670817e-01 -1.427518e-01 2.997107e-01 -8.232656e-01 9.857725e-01 6.237518e-01 1.300018e-01 1.571225e-01 -7.944602e-02 
8.588570e-01 -2.909532e+00 -1.000027e+01 5.076861e+00 -1.018859e+01 -6.984065e+00 -1.893866e+01 7.158403e+00 -1.632291e+01 -2.228341e+01 -1.598073e+01 -1.056024e+01 1.905376e+01 -5.929036e-01 1.520732e+00 1.333192e+00 1.891936e+00 2.690744e-01 -3.610199e-01 -2.711794e-01 -1.477596e+00 -7.882188e-01 4.070443e-01 -3.368743e+00 1.959333e-01 -2.480804e-01 -2.465665e-01 -8.522191e-01 3.275855e-01 5.740585e-02 6.414175e-01 1.418453e-01 6.497357e-01 -1.116777e+00 6.581832e-01 5.967500e-01 7.932093e-01 -8.208179e-02 -1.606559e-01 
-2.024712e-01 -2.621149e+00 -9.488346e+00 6.813398e+00 -7.765894e+00 -1.048013e+01 -2.662368e+01 7.104249e+00 -1.759841e+01 -2.523534e+01 -2.025426e+01 -1.342778e+01 1.872558e+01 -8.964160e-01 4.219872e-01 1.930722e+00 2.352649e+00 2.036667e+00 1.132646e-01 1.208243e+00 -3.057623e+00 -1.138682e+00 1.429640e+00 -1.611228e+00 4.193600e-01 -4.672251e-01 -2.441758e-01 -1.073000e+00 3.818809e-01 -1.662461e-02 5.109725e-01 5.560465e-01 1.420328e+00 -1.040271e+00 3.748330e-01 6.133168e-01 1.163790e+00 -4.433325e-02 -2.303689e-01 
-1.275674e+00 -2.360194e+00 -5.358583e+00 1.031383e+01 -6.953872e+00 -7.605943e+00 -2.148602e+01 2.347424e-01 -1.713991e+01 -2.033443e+01 -1.794847e+01 -1.119637e+01 1.822380e+01 -9.698288e-01 -1.127906e+00 2.668408e+00 1.828744e+00 2.276073e+00 1.433721e+00 3.244891e+00 -3.547582e+00 -8.430740e-01 1.722443e+00 -4.288695e-01 -3.046185e-01 -7.370854e-01 -2.247847e-01 -1.063559e+00 -1.880530e-01 -3.563909e-01 1.167786e-01 5.652741e-01 1.364734e+00 -1.559280e-01 3.768043e-01 1.770377e-01 1.236959e+00 -6.847671e-02 -2.914864e-01 
-2.251055e+00 -4.692331e+00 -2.569762e+00 1.272682e+01 -3.596030e-01 -4.142243e+00 -1.501909e+01 -3.256297e+00 -2.094257e+01 -1.756525e+01 -1.574191e+01 -1.014622e+01 1.731164e+01 -1.273706e+00 -2.053732e+00 2.385724e+00 1.473757e+00 1.730892e+00 2.033581e+00 4.742343e+00 -3.925857e+00 -3.349417e-01 1.713102e+00 3.309121e-01 -2.992551e-03 -1.049854e+00 -4.940156e-02 -5.828453e-01 -7.919300e-01 -6.006140e-01 -5.124715e-01 3.982382e-01 8.314666e-01 7.835034e-01 8.852924e-01 1.077580e-01 1.123000e+00 1.884588e-01 -2.396423e-01 
-2.965770e+00 -7.513073e+00 -1.176321e-01 1.126392e+01 -2.511435e+00 -2.983936e+00 -8.516380e+00 -5.399020e+00 -1.886644e+01 -1.750671e+01 -2.038152e+01 -1.372419e+01 1.607523e+01 -1.528094e+00 -2.559024e+00 1.655550e-01 5.496320e-01 1.005986e+00 1.505311e+00 4.785236e+00 -1.823244e+00 6.938337e-01 1.150489e+00 1.845039e+00 6.467018e-02 -1.414205e+00 2.508947e-01 1.966223e-01 -9.304467e-01 -4.619939e-01 -4.748441e-01 1.005555e-01 -5.535316e-02 1.187036e+00 9.466357e-01 3.897716e-01 1.024602e+00 5.875229e-01 -6.990149e-02 
-5.726241e+00 -1.031344e+01 -1.801000e-01 1.370700e+01 -1.332135e+00 -2.623152e+00 -9.396508e+00 -9.707919e+00 -1.840980e+01 -1.808396e+01 -1.738281e+01 -1.217857e+01 1.455065e+01 -8.642751e-01 -1.776778e+00 -7.776275e-01 -1.086553e-02 1.094132e-01 2.068496e+00 4.595445e+00 -2.281609e-03 2.519292e+00 2.254399e+00 2.866718e+00 1.176852e+00 -1.326921e+00 3.817846e-01 7.879243e-01 -6.341320e-01 -4.847447e-01 -3.519553e-01 -3.302241e-01 -8.335879e-01 1.255459e+00 6.614301e-01 3.446967e-01 4.373836e-01 6.934642e-01 1.333807e-01 
-7.178287e+00 -1.234505e+01 -5.725979e+00 1.257193e+01 -1.438027e+00 -8.390831e-01 -3.706532e-01 -5.655294e+00 -1.493711e+01 -1.432224e+01 -7.902334e+00 -9.856567e+00 1.253326e+01 7.986397e-02 -2.834375e-01 -4.020133e-01 2.609440e-01 7.125589e-01 1.919008e+00 3.041435e+00 4.259096e-01 2.462994e+00 3.400582e+00 3.426259e+00 2.043139e+00 -9.480222e-01 1.742601e-01 9.436066e-01 -1.423271e-01 -4.882012e-01 -1.036249e-01 -5.818207e-01 -1.370467e+00 6.439298e-01 3.399867e-01 1.953796e-01 -2.969789e-01 5.448676e-01 2.066187e-01 
-4.465312e+00 -1.116056e+01 -3.653421e+00 1.201918e+01 -3.490139e-01 5.127665e+00 3.884676e+00 -3.139034e+00 -1.031044e+01 -7.884901e+00 -7.647816e+00 -6.195559e+00 1.244799e+01 -1.686802e-01 7.479822e-01 -5.012066e-01 -8.056350e-01 1.178164e-01 1.754659e-01 1.446241e+00 1.226938e+00 2.087669e+00 2.311522e+00 1.727277e+00 2.475266e+00 -6.160353e-01 -2.903292e-01 6.085398e-01 -2.959073e-01 -4.695259e-01 2.357362e-01 -9.030678e-01 -1.417327e+00 2.507968e-01 -9.229218e-03 -3.826324e-01 -6.248059e-01 3.963916e-02 9.029478e-02 
-3.197034e+00 -8.506740e+00 -3.913262e-01 1.341311e+01 5.599831e-01 2.735959e+00 5.042132e-02 -6.553745e+00 -1.060116e+01 -5.602697e+00 -8.117608e+00 -6.499914e+00 1.238655e+01 -1.004526e+00 8.965225e-01 -6.843587e-01 -1.493868e+00 4.836139e-01 -4.574025e-01 -4.924758e-01 7.817363e-01 2.609755e+00 2.098955e+00 9.298995e-01 2.139872e+00 -7.364848e-01 -5.356398e-01 1.134333e-01 -5.160345e-01 -3.489105e-01 2.559539e-01 -6.048116e-01 -8.422378e-01 2.188767e-01 -9.417050e-02 -3.602026e-01 -3.670261e-01 -2.336336e-01 -4.563344e-02 
-8.560219e+00 -8.492634e+00 -5.353818e+00 9.258121e+00 -1.742326e+00 -3.532880e+00 -2.375848e+00 -3.124109e+00 -1.013984e+01 -1.088607e+01 -8.638975e+00 -1.480828e+00 1.154391e+01 -1.773717e+00 6.759799e-01 -2.115891e+00 -1.480906e+00 1.402652e+00 -1.258684e+00 -7.244006e-01 1.073843e+00 2.399798e+00 9.920518e-01 9.908625e-01 1.326904e+00 -9.812543e-01 -2.208666e-01 -6.436662e-02 -1.399170e-01 6.921977e-02 2.148038e-01 1.244327e-01 -1.311863e-01 1.313021e-01 -2.382518e-01 1.076505e-01 1.646981e-01 -4.836550e-01 -4.886014e-02 
-1.015419e+01 -9.195958e+00 -8.297750e+00 6.482838e+00 1.676862e+00 1.204785e+00 2.975618e-01 -1.754046e+00 -1.973648e+00 -2.326850e+00 -2.757052e+00 -1.514998e+00 9.303070e+00 -1.795813e+00 3.199367e-01 -2.174797e+00 -1.146038e+00 1.349832e+00 -3.878662e-01 -8.423510e-02 1.596847e+00 1.836009e+00 2.259428e+00 1.959445e+00 1.449027e+00 -9.935995e-01 1.673537e-01 1.292128e-01 4.954259e-01 3.186018e-01 -2.820102e-01 2.783831e-01 1.823918e-01 -5.455570e-02 -5.561584e-01 -1.032008e-01 1.344333e-01 -5.350644e-01 1.040150e-01 
-9.855073e+00 -7.436275e+00 -1.027925e+01 8.079816e+00 6.105924e+00 -4.001867e-01 1.395900e-01 -1.694967e-01 -2.624719e+00 -4.562546e+00 -5.373420e+00 -2.053382e+00 9.083555e+00 -8.772410e-01 7.145323e-01 -4.556725e-01 -6.334755e-01 7.586908e-01 7.628569e-01 5.861071e-01 1.475961e+00 1.283286e+00 2.769588e+00 2.036025e+00 4.023491e-01 -7.318137e-01 3.519675e-01 2.767742e-01 1.008453e+00 1.502663e-01 -5.877773e-01 2.991323e-01 2.331992e-01 -4.170556e-01 -6.093844e-01 -3.145899e-01 -6.598933e-02 -6.122343e-01 1.993519e-01 
-1.152821e+01 -7.435492e+00 -8.802258e+00 8.271914e+00 3.385063e+00 -7.696020e-01 -1.627822e+00 -4.668988e-02 -5.178524e+00 2.532477e+00 4.656008e-02 1.031894e+00 8.648681e+00 -6.159136e-01 1.523425e+00 9.628253e-01 -3.248035e-01 -6.045178e-01 -7.612646e-02 -2.358782e-01 3.079514e-01 3.873183e-01 6.942189e-01 1.079473e+00 -7.319422e-02 -3.411035e-01 3.343694e-01 2.743314e-01 7.477553e-01 -1.232078e-01 -3.787080e-01 3.173922e-02 2.794717e-01 -5.480828e-01 -3.777527e-01 -7.508152e-01 -4.015713e-01 -5.351759e-01 2.110656e-01 
-1.225932e+01 -5.799626e+00 -7.380320e+00 5.196717e+00 1.196448e+00 1.268656e+00 1.517302e+00 3.401708e+00 -2.120875e+00 5.320601e-01 1.396214e-01 -7.425866e-01 8.212056e+00 -6.036781e-01 1.458084e+00 1.357567e+00 -1.140232e+00 -5.590718e-01 8.128378e-02 5.175925e-01 -3.670319e-01 7.727420e-02 2.016630e-01 1.100874e+00 -9.732482e-01 -3.107408e-01 1.546698e-01 2.417022e-02 2.479166e-01 -9.952840e-02 -2.959543e-02 -1.338891e-01 1.527330e-02 -2.836602e-01 -2.810993e-01 -6.677119e-01 -4.236279e-01 -9.529658e-02 1.697421e-01 
-1.203145e+01 -2.397026e+00 -4.933484e+00 6.300591e+00 1.109506e+00 -1.005653e-02 -1.570578e+00 -1.999659e+00 -2.891833e-01 -1.403244e+00 -1.160169e-01 -2.536536e+00 8.033427e+00 -2.607200e-01 1.319749e+00 6.572896e-01 -1.508586e+00 1.152440e-01 1.116509e-01 1.347170e+00 -2.220241e-01 5.504403e-01 -2.108960e-01 4.190597e-01 -5.389626e-01 -1.487846e-01 1.264464e-01 -2.071744e-01 -1.834336e-01 -2.885124e-02 1.503216e-01 9.721898e-02 -7.122523e-02 2.816873e-01 -5.520768e-02 -1.766759e-01 -4.371740e-01 2.149999e-01 1.131257e-01 
-1.262233e+01 -2.665033e+00 -5.426345e+00 3.364406e+00 4.448439e+00 -3.734300e-01 2.698512e+00 -1.027865e+00 -4.682159e+00 -1.586543e+00 2.119401e-01 -5.135877e+00 7.837526e+00 -2.813560e-01 9.372010e-01 9.365882e-01 -5.392265e-01 2.507246e-01 -5.754149e-04 -1.290258e-01 3.225915e-01 -2.037383e-01 -1.165284e-01 2.482014e-01 1.586109e-01 2.077894e-02 9.649649e-02 -1.431321e-01 -1.455407e-01 3.012678e-01 7.047193e-02 3.251991e-01 -6.294346e-01 1.958632e-01 -2.094126e-02 -1.529552e-01 -5.471547e-01 3.896357e-01 8.560386e-02 
-1.265004e+01 -2.404078e+00 -6.492534e+00 1.644835e+00 2.335620e+00 6.100951e-01 4.517663e+00 1.057719e+00 -1.145905e+00 2.537401e+00 2.105682e+00 5.336409e-01 8.092023e+00 -1.449398e-01 7.479822e-01 2.561155e-01 -7.695828e-01 -2.579277e-01 4.509704e-01 -2.685223e-01 1.371667e+00 2.517843e-01 -3.018442e-02 -6.800093e-01 4.359900e-01 5.868217e-02 2.278378e-02 -1.821655e-02 1.420038e-01 3.936124e-01 -5.471438e-02 3.896883e-01 -8.338399e-01 -2.290870e-01 -1.972017e-01 -1.356890e-01 -3.978952e-01 1.698912e-01 1.307085e-02 
-1.335740e+01 -1.110667e+00 -1.917555e+00 4.828394e+00 1.837372e+00 9.557746e-01 -2.172191e+00 3.485712e+00 -2.711653e+00 -2.020988e+00 2.696830e-01 -1.484801e+00 8.286831e+00 -1.792721e-01 1.028480e+00 8.306240e-01 -3.439037e-03 -2.023653e-02 1.537439e+00 -1.821583e+00 -1.843779e-01 1.220245e-01 -6.533940e-01 -1.085350e+00 4.875305e-01 1.350525e-02 1.089677e-02 2.384011e-02 1.712604e-01 1.569729e-01 -1.313986e-01 1.709880e-01 -2.197004e-01 -6.875019e-01 -1.386415e-01 1.224423e-01 -3.240092e-02 1.600219e-01 -3.839369e-02 
-1.238880e+01 5.655564e-01 -5.407816e+00 1.720908e+00 1.125111e+00 1.580242e+00 -4.768850e-01 2.601332e+00 -1.576155e-02 -1.337038e+00 -3.545270e+00 -2.182514e+00 8.102299e+00 -1.978992e-01 1.183115e+00 1.420367e+00 1.915401e-01 -2.280895e-02 1.291274e+00 -1.975693e+00 -1.114101e+00 -5.984712e-01 -6.209402e-01 -9.036174e-01 1.460432e-01 -7.971800e-02 -9.528938e-02 -2.817143e-01 9.949145e-02 2.254834e-01 -1.346212e-02 -1.761173e-01 1.220108e-01 -6.684013e-01 -6.668779e-02 4.723370e-01 4.174924e-01 -6.803064e-02 -1.146835e-02 
-1.364973e+01 9.922529e-01 -1.815912e+00 3.309130e+00 4.952261e+00 6.828874e+00 -3.912082e+00 -2.721576e+00 -4.636822e+00 -2.916142e+00 -2.389852e+00 -1.340173e+00 7.899838e+00 -2.002732e-01 8.386938e-01 1.210809e+00 -2.348755e-01 -5.237440e-01 4.342465e-01 -3.742360e-01 -1.872185e+00 -4.719193e-01 7.909817e-01 1.979966e-01 1.103731e+00 -1.020062e-01 -5.524544e-02 -7.891672e-01 -4.967533e-01 2.616474e-01 6.036308e-02 -5.219193e-01 3.856213e-01 -2.322790e-01 2.403764e-01 9.894066e-01 3.702572e-01 -4.683772e-01 4.544633e-02 
-1.349367e+01 2.460026e+00 5.583976e-01 3.362217e+00 6.636456e-01 4.129466e+00 -4.490578e+00 -1.409078e+00 -3.175302e+00 -1.201545e-01 -1.083070e+00 1.191224e+00 7.886938e+00 -6.108003e-01 -5.657774e-01 5.633438e-01 4.734767e-01 -7.357128e-02 1.220667e-01 -3.820174e-01 -1.126510e+00 2.152141e-01 1.609513e+00 7.657506e-01 -2.124550e-01 5.908255e-02 -1.188112e-02 -7.379333e-01 -7.618031e-01 2.399283e-01 3.897174e-01 -3.682816e-01 4.412995e-01 2.062630e-01 5.169429e-01 6.917406e-01 1.922940e-01 -5.173332e-01 8.267542e-02 
-1.380636e+01 2.135988e+00 1.153960e+00 2.833539e+00 -5.507655e-01 1.852125e+00 -2.036787e+00 -3.870331e+00 -3.491723e+00 1.325442e+00 2.805994e-02 2.347060e+00 7.884533e+00 -2.490325e-01 -2.042960e+00 -1.224505e+00 1.163735e+00 3.069747e-01 -4.876229e-01 -6.904280e-01 -1.339699e+00 9.172643e-01 3.178555e+00 -6.887556e-02 -1.675265e+00 1.713241e-01 7.863278e-02 -2.415862e-02 -4.294030e-01 -3.287520e-02 3.132374e-01 -6.345667e-02 2.911448e-01 6.539178e-01 4.408147e-01 -8.480506e-02 -6.281681e-02 -3.333857e-01 4.970341e-02 
-1.536471e+01 -2.834693e+00 -4.075344e+00 4.325986e+00 3.509347e+00 4.679274e+00 -3.324780e+00 -2.456774e+00 4.876149e-01 4.589798e+00 -9.255382e-01 -5.088197e+00 8.405334e+00 -2.329620e-01 -1.065684e+00 -1.170846e+00 6.919505e-01 1.510179e+00 -8.918285e-02 3.891040e-01 -3.490454e-01 1.291787e+00 1.643883e+00 1.911715e-01 -1.051067e+00 1.970156e-01 1.644317e-01 8.946175e-01 3.154678e-01 -5.220437e-01 -2.299344e-01 -6.945203e-02 4.206406e-01 7.649691e-01 6.237658e-02 -9.319751e-01 1.420372e-01 5.495513e-01 -4.685362e-02 
-1.395903e+01 -6.575046e+00 -5.621689e+00 8.646256e+00 5.064283e+00 4.115656e+00 -7.947241e+00 -8.896029e+00 -1.882507e+00 1.062224e+01 -2.812552e+00 -6.576996e+00 8.497163e+00 3.894559e-03 9.680997e-01 -6.905568e-02 -5.084404e-01 2.505530e-01 2.225569e-01 6.961860e-01 1.008590e+00 1.193946e+00 3.498010e-01 1.710433e-01 -1.439037e-01 7.756705e-02 8.175395e-02 1.211462e+00 8.688655e-01 -6.981691e-01 -4.986356e-01 -1.090603e-02 4.894196e-01 8.789550e-01 -3.066107e-01 -1.350396e+00 4.709217e-01 1.092194e+00 -8.709249e-02 
-1.458214e+01 1.487127e+00 -1.907496e+00 3.915522e+00 5.407596e+00 2.551683e+00 4.098483e-01 -6.411090e-01 2.479153e+00 3.451158e+00 1.293357e+00 3.977537e-01 8.565598e+00 8.479468e-02 2.401769e+00 1.563063e+00 -1.300644e+00 -1.194973e+00 -5.801913e-01 1.027941e+00 1.524065e+00 3.889222e-01 -1.635991e+00 1.355946e+00 1.769695e+00 -1.282982e-01 5.930809e-02 4.003693e-01 5.404153e-01 -2.204534e-01 -4.482956e-01 -2.053642e-01 -5.636092e-02 2.658302e-01 -4.421109e-01 -6.975107e-01 1.454616e-01 6.510876e-01 -5.338836e-02 
-1.417842e+01 4.815281e+00 -2.753900e-01 4.960836e-01 -2.475807e-01 4.028481e+00 -4.229434e-01 2.654441e-01 1.482216e+00 3.643759e+00 -2.258965e-01 -1.115283e+00 8.192378e+00 9.726590e-04 2.280442e+00 1.752817e+00 -1.330755e+00 -8.336343e-01 -2.966181e-01 1.437320e+00 2.118457e+00 -1.642811e-01 -1.933465e+00 1.703447e+00 2.375359e+00 -1.014723e-01 4.821798e-02 -4.382549e-01 -2.286909e-01 1.208089e-01 3.636734e-02 -2.057292e-01 -3.114896e-01 -2.546746e-01 -3.162355e-01 -1.129903e-01 -1.808043e-01 2.063573e-01 6.725906e-03 
-1.483093e+01 3.478769e+00 1.066611e+00 1.897681e+00 1.904767e-01 1.821484e+00 -1.946517e+00 5.831215e-01 7.498193e-01 -1.015511e-01 4.560594e+00 1.029510e+00 7.916455e+00 6.507185e-02 2.799668e-01 6.203884e-01 8.818298e-04 -1.891585e-01 -8.564294e-01 -2.632082e-01 4.252124e-01 -2.395065e-01 -7.020149e-01 1.523033e-01 9.447935e-01 1.964451e-02 3.115117e-02 -7.585325e-01 -7.322787e-01 2.644332e-01 2.979720e-01 9.857445e-02 -3.853073e-01 -6.491462e-01 -2.569565e-02 5.768482e-01 -5.577801e-01 -4.382118e-01 3.259375e-02 
-1.382954e+01 3.831019e+00 1.654762e+00 3.001009e+00 3.504331e+00 2.997485e+00 4.175542e-01 1.084156e+00 -1.839508e+00 2.731096e+00 4.071181e+00 4.983749e+00 8.314380e+00 2.548127e-01 -1.623941e-01 -7.412341e-01 -5.551597e-01 -7.065587e-02 -6.679185e-01 -2.155706e-01 2.848059e-01 -7.285579e-02 -6.821355e-01 -1.309953e-01 1.300372e+00 3.719477e-02 -6.673400e-02 -5.990869e-01 -7.041603e-01 1.639375e-01 1.276022e-01 1.411676e-01 -3.894222e-01 -7.947434e-01 6.139091e-02 5.551176e-01 -3.258337e-01 -7.363529e-01 -3.519411e-02 
-1.443117e+01 3.379245e+00 2.291177e-01 2.667164e+00 2.585859e+00 -1.214540e+00 -1.326190e+00 1.075628e+00 2.942334e+00 3.974588e-01 -9.359249e-02 2.072504e+00 8.602548e+00 1.136484e-01 -1.694810e-01 -8.512607e-01 -3.661218e-01 -8.660485e-02 9.844780e-02 -7.208847e-02 -8.047044e-01 2.148934e-01 6.224852e-01 -5.157447e-01 1.159567e-01 -3.467455e-02 -1.658809e-01 -1.964786e-01 -2.771617e-01 4.394108e-02 9.426346e-02 2.773404e-01 -5.762060e-02 -4.756446e-01 -1.455991e-01 3.093038e-01 2.633987e-01 -5.449337e-01 -9.210879e-02 
-1.310408e+01 4.052791e+00 -3.562366e+00 -2.663942e+00 -1.798616e+00 2.206867e+00 -1.810563e+00 1.442769e+00 2.162945e-02 -1.674128e-02 1.445843e+00 4.865345e+00 8.035176e+00 -3.569601e-01 -4.902316e-01 -1.032212e+00 -3.276391e-01 -2.469521e-01 -6.835131e-02 -6.054015e-01 -1.240425e+00 -8.440425e-02 1.799872e-01 4.081859e-01 -8.921291e-01 -2.502825e-01 -2.225268e-01 -1.083379e-01 1.394598e-01 2.817155e-01 2.250658e-01 4.597169e-02 -4.955861e-02 -2.470550e-01 -1.960421e-01 1.267454e-01 3.390859e-01 -5.245261e-01 -6.737978e-02 
-1.462511e+01 2.520367e+00 -5.813769e-01 2.899761e+00 2.408630e+00 2.708771e+00 -1.193537e+00 -3.619601e+00 8.933073e-01 4.385160e+00 3.294736e+00 1.669213e+00 7.882784e+00 -4.584962e-01 -5.384222e-01 -6.198661e-01 1.070131e-01 3.702561e-01 2.304787e-01 -3.563956e-01 -1.190509e+00 -9.617665e-01 4.133914e-01 1.199664e+00 -6.834282e-01 -2.971945e-01 -1.585761e-01 -7.301564e-02 2.255558e-01 2.910532e-01 2.899053e-01 -1.640745e-01 -2.142559e-02 5.767976e-02 -1.739515e-01 -1.256844e-01 2.743262e-01 -2.107168e-01 -1.857252e-02 
-1.551737e+01 1.809206e+00 -3.101268e+00 1.246959e+00 2.358471e+00 6.942493e-01 -2.675829e+00 -2.770187e+00 -1.237045e+00 1.637323e+00 4.418199e+00 7.251545e-01 7.422984e+00 -5.719025e-01 -5.198547e-01 -1.596161e-01 6.168755e-01 8.262596e-01 -5.040534e-01 -3.212842e-01 -7.577163e-01 -4.648619e-01 5.603982e-02 7.067541e-01 -9.224694e-01 -1.684036e-01 -5.431573e-02 -4.021600e-03 2.205346e-01 2.399283e-01 2.602425e-01 -1.605815e-01 6.037010e-02 1.397970e-01 -2.639142e-02 -6.049263e-02 1.040290e-02 -2.994753e-02 2.923147e-02 
