-1.591010e+01 1.310884e+00 -4.391326e-01 2.603541e+00 -7.928895e-01 4.415793e+00 -5.639355e-01 -5.566028e-01 6.995768e+00 1.056464e+00 3.710841e+00 2.584777e+00 7.798096e+00 1.107153e-01 -3.575522e-01 -6.071811e-01 -5.132691e-01 -3.889793e-01 -1.545039e+00 -2.020904e-01 5.807868e-01 -1.733730e+00 -9.535708e-02 -1.457499e-01 -5.768700e-01 -1.408924e-01 -2.467377e-02 2.679536e-02 6.052686e-02 1.359955e-01 2.247988e-01 2.873908e-02 -1.318131e-01 -7.545307e-02 1.815194e-01 2.158563e-01 -1.564905e-01 1.365668e-01 -1.878123e-02 
-1.535293e+01 1.649939e+00 1.173461e+00 2.031534e+00 -9.902465e-01 2.596274e-01 -8.146054e-01 3.174209e+00 2.560772e+00 -1.863053e-01 6.128653e+00 3.534139e+00 7.550596e+00 1.094940e-01 -2.581460e-01 -2.964866e-01 -3.783987e-01 2.432652e-01 -1.471968e+00 -6.035613e-01 1.262025e-01 -1.684288e+00 4.769850e-01 -3.203530e-01 -4.999980e-01 -2.096163e-01 -9.166723e-02 3.257619e-02 -4.570075e-03 1.791761e-01 1.488495e-01 1.413799e-01 -8.600253e-02 -1.904595e-01 4.120308e-01 2.741063e-01 -2.877940e-01 1.962759e-02 7.870725e-04 
-1.563479e+01 -6.466869e-01 -4.281207e+00 3.231605e-01 -2.638863e+00 -1.230830e+00 -1.448806e+00 4.816130e-01 5.446632e-01 1.201194e+00 1.773277e+00 -7.734996e-01 7.217388e+00 -1.193478e-02 -2.733476e-01 -4.600100e-01 9.931177e-02 4.191958e-01 -1.437856e+00 -6.601905e-01 4.305494e-01 -8.510770e-01 6.977093e-01 -8.409385e-01 6.754600e-02 -2.004281e-01 -1.501390e-01 1.759111e-01 2.169705e-01 2.271444e-01 -8.916187e-03 2.788481e-01 8.458389e-02 -1.614663e-01 4.616367e-01 1.446783e-01 -8.124320e-02 6.479591e-02 2.700333e-02 
-1.549987e+01 9.992152e-01 -1.430706e-04 1.851444e+00 1.346436e+00 -1.205866e-01 -3.139141e+00 -4.447148e-01 1.800028e+00 3.369065e+00 3.077877e+00 1.764363e+00 7.040472e+00 -2.861964e-01 -2.368340e-01 -7.036035e-01 7.622778e-02 -4.857035e-02 -8.915524e-01 -4.028892e-01 -2.964756e-01 -1.150545e-01 8.785822e-01 -1.237193e+00 -8.007949e-01 -1.071399e-01 -1.264094e-01 1.956747e-01 2.641279e-01 8.879504e-02 -3.765270e-01 3.656830e-01 3.782825e-01 -7.179440e-02 3.213229e-01 -1.723293e-01 1.758605e-01 -3.600731e-02 6.257182e-02 
-1.589590e+01 2.694176e-01 -2.152186e+00 3.190078e+00 1.348672e-01 -2.583326e+00 -2.702674e+00 3.405791e+00 3.121232e+00 2.767151e+00 1.031793e+00 3.807611e+00 7.051013e+00 -4.421695e-01 5.111719e-01 6.809888e-01 3.952357e-01 -2.874885e-01 -4.408299e-01 1.204546e-01 -1.505161e-02 -2.102860e-01 4.272257e-01 -9.347356e-02 -1.025537e-01 -5.716742e-02 3.908114e-05 2.691950e-01 3.045579e-01 -7.801014e-02 -1.669230e-01 4.721475e-01 4.266480e-01 -1.602237e-01 8.695640e-02 -4.010035e-01 5.161136e-01 1.575000e-01 6.955782e-02 
-1.665299e+01 7.508139e-03 -3.409506e+00 9.792861e-01 -2.619783e+00 -3.522404e+00 -2.202373e+00 2.297351e-01 6.973652e-01 3.423645e+00 3.139871e-01 -2.760682e+00 7.098451e+00 -3.073068e-01 3.280081e-01 4.536066e-01 -8.226094e-02 -1.286206e+00 -1.419644e-01 8.974258e-01 -9.940438e-03 -3.980096e-01 -2.492586e-01 1.852466e-01 -5.950100e-01 3.152671e-02 1.732257e-01 1.899432e-01 1.581393e-01 -8.121707e-02 2.881301e-01 3.951580e-01 2.022297e-01 7.310263e-02 3.740721e-02 -4.543379e-01 4.854573e-01 5.994019e-01 5.059046e-02 
-1.726861e+01 2.405195e+00 8.286524e-01 2.735837e+00 -2.093895e+00 -1.734509e+00 -1.314907e+00 6.892877e-02 4.450890e-02 3.309885e+00 2.688391e+00 9.763424e-01 6.902743e+00 -1.117847e-03 7.901651e-01 4.843378e-01 -2.114672e-01 2.033797e-01 5.480582e-01 8.228071e-01 -5.137777e-01 -2.747304e-01 -7.433289e-01 1.028464e+00 7.522566e-01 7.793643e-02 2.517562e-01 -2.006334e-01 -3.717379e-01 -1.846516e-01 3.850559e-01 1.374050e-01 -7.102942e-02 1.637409e-01 1.942752e-01 -1.620066e-01 -3.526492e-03 3.350582e-01 2.606436e-02 
-1.634983e+01 1.571636e+00 7.778991e-01 1.667530e+00 -3.970873e+00 -1.255149e+00 6.541234e-01 1.174277e+00 1.348562e+00 1.851248e+00 3.175742e+00 2.051411e-01 7.272388e+00 3.593303e-01 5.733194e-01 1.853437e-01 -2.636775e-02 1.146810e+00 5.897886e-01 2.571498e-01 3.181036e-01 1.039781e-01 -8.077297e-01 6.291602e-01 1.768691e+00 7.821770e-02 8.833672e-02 -3.366064e-01 -3.452902e-01 -7.037676e-02 3.031592e-01 -1.234666e-01 -4.283637e-01 -2.830458e-02 2.716604e-01 2.531658e-01 -4.355721e-01 -8.883867e-02 -2.445265e-02 
-1.605322e+01 3.438560e+00 -1.824121e+00 1.788355e+00 1.827009e+00 -9.764191e-01 -1.744379e-02 3.645211e-01 1.422146e+00 -1.630015e-01 4.742762e+00 6.086330e+00 7.353742e+00 4.832016e-01 -6.147864e-01 -1.043337e+00 -5.560172e-01 4.209729e-01 -1.196274e-01 8.536233e-02 6.396426e-01 5.100819e-01 -1.035035e-01 -3.329865e-01 3.910922e-01 4.980933e-02 -6.184137e-02 -3.868058e-01 -1.645753e-01 -3.799223e-03 -3.599709e-01 -2.527406e-01 -1.248613e-01 2.346901e-02 2.793138e-01 5.461361e-01 -6.379601e-01 -8.139614e-01 -4.897875e-02 
-1.546437e+01 2.357364e+00 -1.156480e+00 1.321114e+00 1.154446e+00 -9.521003e-01 -1.565577e+00 1.672829e+00 5.286184e-01 1.121470e+00 2.432285e+00 3.527910e+00 7.264138e+00 -1.078914e-01 -6.524922e-01 -5.090670e-01 -2.619100e-01 1.206469e-01 -4.254191e-01 -8.756850e-01 -7.282919e-01 5.678731e-01 6.966085e-01 -1.311949e+00 -8.584861e-01 -7.676264e-02 -1.585296e-01 -8.017471e-02 1.136201e-01 8.653665e-02 -5.220765e-01 -1.199199e-01 4.033565e-01 2.207321e-03 1.402473e-01 3.159381e-01 -1.939554e-01 -7.983239e-01 -2.422730e-02 
-1.529558e+01 -1.061345e+00 -3.421541e+00 1.289228e-01 -2.551215e+00 -2.483713e+00 2.218085e-01 3.018086e+00 3.005046e+00 3.157184e+00 1.395235e+00 1.270371e+00 7.156201e+00 -7.683638e-02 -5.308797e-01 8.710172e-03 -1.128259e-01 -1.083619e+00 -2.079365e-01 7.649112e-01 1.269769e-01 8.899645e-01 1.235154e+00 -1.190842e+00 -2.003834e+00 -8.941983e-02 -1.079895e-01 4.110971e-01 5.361236e-01 2.749321e-01 -1.666818e-01 1.994736e-01 7.229609e-01 3.009755e-01 -6.707695e-02 -1.452935e-01 3.447347e-01 -2.541612e-02 4.540730e-02 
-1.726861e+01 5.590994e-01 -9.691641e-01 1.187671e+00 -1.178660e+00 -2.628222e+00 -3.843924e+00 -3.793546e+00 3.396760e+00 3.674161e+00 -1.709998e+00 -1.679256e+00 6.987535e+00 -1.530783e-01 1.306859e-01 2.272113e-01 1.847012e-01 -7.114201e-01 3.448052e-02 1.934105e+00 5.855882e-01 6.152280e-01 1.026894e-01 8.827396e-02 -1.025315e+00 2.665135e-02 1.179659e-01 3.794260e-01 3.423497e-01 2.099354e-01 4.300262e-02 3.274023e-01 7.376963e-01 7.123339e-01 -2.713965e-01 -5.383456e-01 6.261799e-01 6.281850e-01 1.150795e-01 
-1.553538e+01 1.683111e+00 -1.874351e+00 1.290908e+00 -2.424811e+00 -1.177984e+00 4.946133e+00 3.732608e+00 4.438010e+00 4.736326e+00 8.597409e-01 -1.329786e+00 7.044826e+00 -3.409205e-02 1.049188e+00 1.268968e+00 5.954039e-01 3.557239e-03 6.479686e-01 2.295163e+00 1.487787e+00 1.510721e-01 -5.330628e-01 6.906720e-01 3.472291e-01 2.252287e-01 -1.982297e-02 1.848541e-01 7.424536e-02 1.190576e-01 5.717547e-01 1.938477e-01 -1.991326e-01 1.221150e-01 -2.649902e-01 -6.555829e-01 4.652079e-01 8.797569e-01 8.623406e-02 
-1.611003e+01 1.638753e+00 -7.933590e-01 1.663324e+00 -2.466548e+00 -1.432863e+00 5.742776e+00 4.244170e+00 2.888307e+00 8.458099e-01 3.141410e+00 -2.981954e-01 7.452971e+00 4.606954e-01 4.546877e-01 5.724431e-01 4.337091e-01 -2.079149e-01 7.835490e-01 2.047617e+00 2.153168e+00 -4.196650e-01 -1.111019e+00 8.782570e-01 1.107027e+00 3.413936e-01 -1.591195e-01 -1.522622e-01 -2.858653e-01 6.575940e-02 6.495525e-01 1.090308e-01 -9.079189e-01 -4.444262e-01 -1.983199e-01 -2.238941e-01 -3.418279e-02 5.799016e-01 -7.363256e-03 
-1.604448e+01 3.644153e+00 2.835761e+00 2.868133e+00 -1.889980e+00 1.586111e-01 6.904265e+00 6.437693e+00 4.014207e+00 1.906135e+00 2.422420e+00 2.315666e+00 8.049720e+00 -4.828203e-01 2.314335e-01 2.074757e-01 3.580449e-01 1.523353e+00 3.868509e-01 -2.874774e-01 -4.602839e-02 8.232270e-02 -1.435996e+00 7.403346e-01 1.328722e+00 1.842569e-01 -2.006135e-01 -3.805308e-01 -5.971038e-01 -9.503845e-02 3.741257e-01 -3.602020e-02 -1.158184e+00 -1.020425e+00 -1.910633e-01 2.696823e-01 -1.750112e-01 1.377505e-01 -1.097870e-01 
-1.471055e+01 1.851289e+00 -4.621547e-01 2.567600e+00 -2.485032e+00 6.211348e-01 5.415296e+00 5.619090e+00 1.510116e+00 -4.656449e-01 1.899554e+00 2.032851e+00 8.192033e+00 -7.242821e-01 -2.216325e-01 -6.713217e-01 6.321673e-01 1.776488e+00 7.103044e-01 -1.314149e+00 -8.695461e-01 -3.420447e-01 -5.653183e-01 -1.075011e-01 1.383291e+00 1.043138e-02 -4.040609e-02 -1.679247e-01 -2.577688e-01 -1.542085e-01 -6.665836e-03 -8.390171e-02 -8.272899e-01 -9.993701e-01 -1.826476e-02 7.034848e-01 -4.850552e-02 -1.562485e-01 -9.014355e-02 
-1.864951e+01 2.733835e+00 -1.002651e+00 2.628777e+00 5.201754e+00 -2.707081e-01 3.672543e+00 2.814606e+00 5.539013e+00 -1.787832e+00 5.182364e+00 4.148359e+00 7.596888e+00 -4.444376e-01 -5.155292e-01 -1.094650e+00 2.097581e-02 8.818282e-01 5.045963e-01 -1.814815e+00 -2.103196e+00 -8.429888e-01 5.424867e-01 3.084446e-01 8.976740e-01 -1.581437e-01 4.873477e-01 9.483129e-02 2.431544e-01 -1.200615e-01 -7.344936e-01 -1.728769e-01 -7.536687e-02 -2.620451e-01 -3.867404e-02 6.391886e-01 -1.420266e-01 -5.235759e-01 2.437420e-02 
-1.842883e+01 9.857148e-01 -2.230670e+00 4.943570e+00 2.869841e+00 2.333267e+00 7.880216e-01 1.708217e+00 4.151985e-01 -1.338717e-01 1.224366e+00 5.701975e+00 7.731408e+00 2.394717e-01 -1.149333e-02 -6.529827e-02 -1.688259e-01 7.957665e-02 3.052949e-01 -1.325170e+00 -1.815112e+00 -4.839239e-02 1.417128e+00 8.515961e-01 5.412676e-01 6.181023e-02 7.804276e-01 -5.265400e-02 5.711454e-01 -5.239080e-01 -8.192032e-01 -5.301231e-01 2.244517e-01 1.901110e-01 8.890913e-03 8.003805e-02 -2.530102e-01 -7.166471e-01 3.024994e-01 
-1.640827e+01 1.499505e+00 -1.753485e+00 1.784914e+00 -1.584852e-01 1.824912e+00 1.434417e-01 -2.122513e+00 3.465932e-01 4.452693e+00 4.302765e+00 4.970019e+00 7.489408e+00 1.471904e+00 6.005928e-01 1.120387e+00 1.581973e-01 -1.300620e+00 -2.749474e-01 -6.589236e-01 -8.833307e-01 -2.579018e-01 7.687154e-01 -4.493885e-01 -8.681508e-01 2.804516e-01 5.551933e-01 -2.649142e-01 3.154404e-01 -6.549854e-01 -4.847850e-01 -7.522249e-01 3.568329e-01 4.154986e-01 -1.182135e-01 -4.942034e-01 -6.141124e-01 -5.030789e-01 5.278917e-01 
-1.463353e+01 2.411366e+00 -4.134944e-01 2.145477e+00 5.933793e-01 1.099559e+00 5.534402e-01 -9.880218e-01 3.864271e+00 3.499689e+00 6.597456e+00 4.328390e+00 8.554803e+00 2.219843e+00 -1.042814e+00 1.076969e+00 -2.056049e+00 -1.228352e+00 -1.550753e+00 -7.699013e-01 -5.289564e-01 -5.902990e-01 -2.782115e-01 -9.936727e-01 -1.317041e+00 1.303622e+00 -4.422357e-01 -3.155644e-02 -3.215466e-01 -5.208818e-01 -1.366236e-01 -6.593971e-01 1.720458e-01 2.476141e-01 -4.094426e-01 -7.553698e-01 -5.879364e-01 -2.490772e-01 5.086239e-01 
-1.318762e+01 5.023903e+00 3.690195e+00 4.818921e+00 -1.632552e-01 -1.028798e+00 4.947948e-01 -2.537248e-01 2.524809e+00 2.386833e-01 2.488755e-01 4.941859e-01 8.587573e+00 1.341229e+00 -1.324490e+00 -8.884001e-02 -2.310401e+00 -8.881406e-01 -2.328393e+00 -3.082541e-01 -6.685067e-01 -1.163254e+00 -1.080855e+00 -1.839417e+00 -6.885351e-01 1.860445e+00 -1.682205e+00 4.067985e-01 -9.426386e-01 -5.267093e-02 2.316302e-01 -1.847403e-01 1.156590e-01 1.538004e-01 -3.880695e-01 -9.594077e-02 2.935230e-02 1.181257e-01 2.837950e-01 
-8.940037e+00 -5.990565e+00 4.320445e-01 -6.853692e+00 -3.269690e+00 -3.993345e+00 -3.237230e+00 -1.871156e+00 -3.625318e+00 5.821084e-01 -1.717101e+00 1.355091e+00 1.370050e+01 -1.906468e+00 7.932948e-01 -1.068571e+00 -1.538904e+00 -8.097517e-01 -1.964940e+00 -6.404273e-01 -6.844598e-01 -1.643064e+00 -1.434895e+00 -1.393151e+00 -7.939552e-01 1.815066e+00 -2.282917e+00 1.093186e+00 -8.972620e-01 9.933733e-01 5.142903e-01 4.349064e-01 4.102488e-01 3.675218e-01 1.416331e-02 3.152499e-01 2.366792e-01 2.749999e-01 -1.978255e-01 
-1.254852e+01 -9.213253e-01 -2.620476e+00 -5.267672e+00 -2.667483e+00 -7.270762e+00 4.979088e-01 -5.023793e+00 -1.725395e+00 5.069842e-01 -7.372697e-01 3.013983e+00 1.421865e+01 -4.876065e+00 1.716417e+00 -2.519982e+00 -3.636506e-01 -3.516607e-01 -9.916360e-01 -1.453346e-01 -3.673535e-02 -1.671764e+00 8.672432e-01 -1.027962e-01 -5.389544e-01 1.443695e+00 -1.573127e+00 6.359565e-01 -4.996233e-01 1.168896e+00 6.428015e-01 7.418861e-01 5.080494e-01 4.344133e-01 4.031301e-01 6.014367e-01 4.380441e-01 3.741210e-01 -3.947855e-01 
-2.448503e+01 9.350616e+00 -2.601117e+00 -5.061731e-01 -2.203604e+00 -5.603994e+00 -2.649738e+00 -2.025197e+00 -2.226103e+00 -3.808827e+00 1.249661e-01 -9.012026e-01 1.481448e+01 -6.086166e+00 2.902734e+00 -2.193640e+00 1.937375e+00 1.074937e+00 -4.447815e-02 1.199828e+00 9.927779e-01 -2.650768e-01 3.239641e-01 -6.785333e-01 -1.676038e-02 5.228134e-01 2.780423e-01 -2.786005e-01 2.418602e-02 6.803143e-01 3.795908e-01 5.232701e-01 6.508286e-01 2.315298e-01 5.571068e-01 5.202800e-01 1.711095e-02 7.414485e-01 -3.392732e-01 
-2.979560e+01 5.935379e+00 -7.392852e+00 -1.731397e-01 -2.454623e+00 -5.181690e+00 -5.255305e-01 -3.609290e-01 -6.533295e+00 6.770507e+00 -1.186343e+00 -1.072511e+00 1.524875e+01 -4.434316e+00 8.005975e-01 -2.024337e+00 1.795879e+00 1.383556e+00 4.206161e-01 1.312072e+00 6.648887e-01 1.633347e-01 1.046905e+00 -6.433401e-03 7.935920e-01 5.325642e-01 1.744229e+00 -4.051364e-01 7.128812e-01 9.949984e-02 -2.820927e-01 4.207192e-01 2.749562e-01 -1.232228e-01 4.703107e-01 -7.849035e-02 -2.956609e-01 6.907976e-01 -1.600411e-01 
-3.074770e+01 5.094106e+00 -8.149965e+00 2.860718e-01 1.998728e+00 -5.260725e+00 3.273443e+00 7.615930e-01 -2.546999e+00 -9.295754e-01 -4.885077e+00 3.314241e+00 1.579943e+01 -7.368437e-01 -1.417498e-01 -1.195442e+00 7.828545e-01 2.207555e-01 -5.469430e-02 1.884951e+00 1.224853e-01 2.247787e-01 1.076629e+00 -1.355687e+00 2.247022e+00 5.742860e-01 2.012924e+00 -3.473775e-01 8.218378e-01 -3.938243e-01 -1.026798e+00 3.648881e-01 -2.562324e-01 -2.773701e-01 1.937901e-02 1.308745e-02 -9.664807e-03 2.245983e-01 3.395177e-02 
-3.158947e+01 5.209824e+00 -9.967665e+00 3.315873e+00 2.148982e+00 -5.339294e+00 4.096035e+00 -3.093076e+00 -7.477709e-01 4.302138e+00 1.735788e+00 4.874709e+00 1.638931e+01 1.170426e+00 1.212977e+00 5.453771e-01 7.111445e-01 -1.335174e+00 1.117046e+00 8.867840e-01 -2.177946e-01 4.348099e-01 9.861614e-02 -1.242595e+00 1.783114e+00 6.176018e-01 1.185142e+00 -6.377098e-02 6.540499e-01 -4.113495e-01 -9.992313e-01 3.598737e-01 -8.243785e-01 -1.283312e-01 -1.093695e-01 -3.451622e-01 -4.095610e-02 -5.017082e-01 6.683853e-03 
-2.727250e+01 9.005003e+00 -7.290823e+00 1.663706e+00 -3.401460e+00 -5.798544e+00 4.464515e+00 -4.660201e-02 -3.994348e+00 2.808239e+00 -8.114614e+00 7.360245e+00 1.711577e+01 1.176009e+00 9.594687e-01 6.306630e-01 5.106557e-01 -2.699772e+00 1.431668e+00 1.312230e-01 4.752149e-02 -3.038217e-01 8.635003e-01 -1.087208e-01 6.114486e-01 6.499479e-01 7.103117e-02 -2.903104e-01 1.965907e-01 -2.276063e-01 -2.138588e-01 3.511290e-01 -1.036676e+00 -1.690597e-01 1.404992e-02 -4.993157e-01 5.401377e-01 -1.021300e+00 -8.503550e-02 
-2.568075e+01 1.004531e+01 -5.095352e+00 2.693778e+00 -6.430383e+00 6.725783e-01 3.312886e+00 -1.045267e+00 -3.635830e+00 5.394353e+00 -5.784407e+00 5.819711e+00 1.767883e+01 5.346692e-01 -6.887174e-02 3.327967e-01 -1.246885e-01 -2.152432e+00 1.477035e+00 -1.932888e+00 6.084150e-02 -1.192290e-01 -5.722538e-01 -8.347525e-01 -8.969964e-01 5.281576e-01 -1.359799e-01 -5.451116e-01 -1.350278e-01 -3.138771e-01 6.253613e-01 -1.292149e-01 -5.575364e-01 -1.933588e-01 -2.863948e-02 -4.618587e-01 5.114217e-01 -7.163979e-01 -2.101449e-01 
-2.782203e+01 7.474048e+00 -7.432618e+00 3.150313e+00 -7.210270e+00 -1.108301e+00 4.321275e+00 -2.526524e-02 -2.622243e+00 2.841969e+00 -1.668958e+00 5.898825e+00 1.840460e+01 -6.410031e-02 -9.523503e-01 -1.060382e-01 6.276211e-02 -4.399222e-01 1.521016e+00 -1.888420e+00 -8.621116e-01 5.720477e-01 -1.084488e+00 1.141033e+00 -1.519406e+00 1.938201e-01 4.714842e-01 -2.103175e-01 1.675048e-01 -3.516827e-01 8.304647e-01 -6.227063e-01 -1.403097e-01 -4.671375e-01 -1.690100e-01 -5.734922e-01 2.292356e-01 -2.852118e-01 -2.528496e-01 
-2.864139e+01 5.631425e+00 -8.232113e+00 1.948945e+00 -6.708829e+00 -2.992358e-01 -5.496892e+00 -2.799565e+00 -2.030246e+00 1.424113e+00 -5.661287e+00 1.120242e+00 1.838581e+01 1.110584e+00 -5.565137e-01 2.387707e-01 -6.343532e-01 6.616681e-01 4.261571e-01 -8.910141e-01 -7.298408e-01 -1.463635e-01 -1.236739e+00 6.896265e-01 -7.334390e-01 -2.051160e-01 1.293498e+00 -2.113057e-01 3.866711e-01 -2.860988e-01 5.401326e-02 -1.474117e+00 1.802454e-01 -3.555137e-01 -5.624555e-01 -3.388210e-01 2.453575e-01 -1.956228e-01 -1.084724e-01 
-2.611228e+01 6.449940e+00 -6.252212e+00 2.350038e+00 -5.461485e+00 2.293048e+00 -5.727582e-01 -3.480260e+00 -1.937297e+00 -6.290784e-01 -2.470818e+00 2.112587e+00 1.773131e+01 3.245707e+00 1.516998e-01 1.515099e+00 -9.927962e-01 4.561473e-02 -1.156479e+00 -1.091433e+00 -1.892864e+00 -1.135467e+00 -1.671802e+00 2.752491e-01 -8.965503e-01 -2.475879e-01 1.444135e+00 -7.884499e-01 4.102827e-01 -3.563801e-01 -9.502057e-01 -1.988644e+00 -3.566473e-01 1.877639e-01 -6.452264e-01 -2.011840e-01 -6.240492e-02 -6.881132e-01 1.551550e-01 
-2.098252e+01 7.774916e+00 -4.491545e+00 -7.793262e-02 -3.997108e+00 1.102833e+00 1.304931e+00 -2.966617e+00 -4.710277e+00 9.460778e-01 -1.934929e+00 4.045574e+00 1.698973e+01 5.347332e+00 -1.677405e+00 1.455611e+00 -1.027422e+00 -2.125184e+00 -4.554819e+00 -1.430194e+00 -1.201462e+00 -2.077868e+00 -1.972780e+00 8.249351e-01 -2.186721e+00 2.065710e-01 5.736788e-01 -1.384666e+00 1.432336e-01 -2.416536e-01 -1.355349e+00 -1.508789e+00 -6.116654e-01 7.339408e-01 -9.593340e-02 8.234838e-02 2.112440e-01 -1.047528e+00 3.544813e-01 
-1.542285e+01 7.160837e+00 -1.727324e+00 -8.002061e-01 -8.338366e+00 -7.592051e+00 -4.536769e+00 -9.405636e+00 -6.959311e+00 -5.277890e+00 -2.155914e+00 -4.652714e-02 1.786468e+01 5.038177e+00 -4.334100e+00 1.336915e+00 -1.522659e+00 -3.797611e+00 -5.931575e+00 -3.402203e+00 3.126827e-01 -1.688332e+00 -1.722332e+00 7.613322e-01 -4.233269e+00 7.637690e-01 -7.018846e-01 -1.299386e+00 -2.457651e-01 -1.743082e-01 -7.863320e-01 -1.635208e-01 -4.084555e-02 1.353222e+00 4.786445e-01 6.101374e-01 3.093159e-01 -5.194017e-01 2.981801e-01 
-7.249414e+00 -3.111490e+00 -3.216435e+00 -1.612716e+00 -1.589636e+01 -1.813142e+01 -1.066599e+01 -5.844478e+00 -9.908230e+00 -6.115602e+00 -1.694213e+00 -8.734066e+00 1.935220e+01 3.082755e+00 -5.236804e+00 1.043842e+00 -1.577698e+00 -4.193504e+00 -4.730052e+00 -2.793852e+00 1.836895e+00 -3.494806e-01 -7.996934e-01 1.502785e+00 -4.302855e+00 1.061541e+00 -1.572341e+00 -1.136739e-01 -2.298041e-01 7.732239e-02 2.967297e-01 1.515328e+00 7.877849e-01 1.168494e+00 6.606272e-01 9.511332e-01 6.621746e-02 6.420782e-01 3.613020e-02 
-7.788010e+00 -9.777644e+00 -2.052490e-01 -4.495692e+00 -1.850016e+01 -1.774793e+01 -1.159860e+01 -4.780210e-01 -7.779808e+00 -5.709931e+00 1.215290e+00 -1.266358e+01 2.036901e+01 8.685984e-01 -4.565402e+00 4.922320e-01 -1.589240e+00 -2.852008e+00 -1.886674e+00 -6.135696e-01 3.353983e+00 3.935864e-01 7.924942e-01 1.482920e+00 -2.435476e+00 8.158041e-01 -1.372081e+00 1.063590e+00 -2.659471e-01 5.333830e-01 9.944187e-01 1.878017e+00 1.413922e+00 4.388313e-01 1.995476e-01 8.180185e-01 -1.710954e-01 1.490620e+00 -2.259198e-01 
-9.386864e+00 -9.940036e+00 -3.310653e-02 -6.119183e+00 -1.988405e+01 -1.746967e+01 -9.133423e+00 1.754013e+00 -6.046972e+00 -2.836198e+00 3.893548e+00 -1.115980e+01 2.104528e+01 -4.294335e-01 -2.130024e+00 7.290590e-01 -6.075287e-01 -1.114422e+00 9.991270e-01 1.114567e+00 3.120573e+00 1.844683e-01 1.525563e+00 7.952247e-01 1.246424e-01 3.612701e-01 -5.913650e-01 1.424669e+00 -1.458443e-01 8.744009e-01 1.056062e+00 1.143895e+00 9.871292e-01 -3.807102e-01 -4.498076e-01 2.239179e-01 -3.251177e-01 1.384209e+00 -3.638368e-01 
-1.001122e+01 -1.225209e+01 -8.577162e-01 -6.493511e+00 -2.060491e+01 -1.735602e+01 -8.370515e+00 3.564516e+00 -6.922242e+00 -2.955170e+00 2.465039e+00 -1.101154e+01 2.109753e+01 -6.636838e-02 -5.694798e-01 1.647623e-01 6.590986e-01 -3.650875e-01 5.937712e-01 1.713290e+00 1.864929e+00 -9.575275e-01 1.205210e+00 2.596533e-01 1.006217e+00 -1.582058e-02 1.587389e-01 1.366762e+00 1.061013e-01 1.112165e+00 8.086845e-01 -5.204186e-02 3.379977e-01 -1.017249e+00 -6.939819e-01 -4.119161e-01 -5.316218e-02 8.846164e-01 -3.579776e-01 
-8.285091e+00 -1.252441e+01 7.554003e-01 -3.651447e+00 -2.041649e+01 -1.333127e+01 -6.707166e+00 7.737154e+00 -9.414715e+00 1.350425e-01 1.657260e+00 -8.937145e+00 2.079480e+01 5.932900e-01 -1.114957e-01 4.784171e-01 1.669985e+00 -1.563797e-01 -2.507057e-01 9.782521e-01 6.778989e-01 -1.922758e+00 1.133678e-01 4.888852e-01 8.972279e-01 -3.419075e-01 4.200920e-01 1.146448e+00 3.219699e-01 1.064648e+00 7.889939e-01 -8.556318e-01 -1.589038e-02 -1.080344e+00 -5.245282e-01 -8.634640e-01 -4.790580e-02 1.928870e-01 -3.939968e-01 
-8.670739e+00 -1.133251e+01 2.237992e-01 -2.433638e+00 -2.005934e+01 -1.684813e+01 -4.245099e+00 5.854835e+00 -1.088364e+01 -1.169360e+00 3.631918e+00 -8.744657e+00 2.041530e+01 1.150885e+00 1.259178e+00 1.148017e+00 2.832841e+00 7.124135e-01 -1.521837e+00 1.144339e+00 -5.108349e-01 -2.022686e+00 -5.611350e-01 1.370352e+00 1.601417e+00 -6.223347e-01 2.333378e-03 1.252628e+00 4.410174e-01 5.272402e-01 1.025763e+00 -4.126514e-01 -2.474387e-01 -8.769083e-01 7.544784e-02 -9.030839e-01 -5.239427e-01 -3.071172e-02 -4.993125e-01 
-7.090457e+00 -1.095720e+01 1.818079e+00 2.011884e-01 -2.093880e+01 -1.897743e+01 -6.304953e+00 3.998537e+00 -1.368041e+01 -3.162145e+00 5.754162e+00 -7.807130e+00 1.967670e+01 1.062256e+00 2.687975e+00 1.847221e+00 3.628919e+00 2.291643e+00 -2.221036e+00 1.319547e+00 -1.093198e+00 -1.905668e+00 -1.908489e+00 3.625269e-04 7.913617e-01 -1.305354e+00 -5.054927e-01 1.231777e+00 -1.085141e-01 -3.656847e-01 1.084272e+00 7.378501e-01 -3.315733e-01 -6.586308e-01 1.060479e+00 -2.091473e-01 -9.684061e-01 -1.002774e-02 -5.903183e-01 
-4.853592e+00 -6.740420e+00 4.351033e+00 5.744609e+00 -1.678119e+01 -2.214260e+01 -2.850066e+00 2.879658e+00 -1.490258e+01 -4.112391e+00 7.268303e+00 -3.569260e+00 1.854485e+01 -2.889878e-01 4.294123e+00 1.685248e+00 2.315910e+00 3.539546e+00 -4.844650e-01 3.055443e-01 -1.634208e+00 -5.888640e-01 -2.299078e+00 -2.115698e+00 9.055545e-01 -2.030565e+00 -8.803808e-01 5.314569e-01 -7.621216e-01 -1.403779e+00 5.748891e-01 1.704531e+00 -5.388795e-01 -2.032303e-01 1.953782e+00 6.660278e-01 -8.433820e-01 -6.289676e-03 -5.229372e-01 
-4.881996e+00 -1.381113e+00 7.927830e+00 1.040402e+01 -1.059694e+01 -2.178858e+01 -8.073397e-01 3.759149e+00 -1.693307e+01 -7.936061e+00 -1.591574e-01 -7.567297e+00 1.520314e+01 -1.214359e+00 4.530046e+00 -3.327155e-01 9.995300e-02 3.851324e+00 2.919935e+00 -2.601130e-01 -2.053478e+00 2.662706e+00 -6.332177e-02 -2.610145e+00 1.195051e+00 -2.589263e+00 -8.036202e-01 -4.615119e-01 -1.006416e+00 -1.721491e+00 -1.376684e-01 2.018849e+00 -3.622325e-01 2.041243e-01 2.059683e+00 1.677808e+00 2.840218e-01 3.445280e-01 -1.754403e-01 
-1.122006e+01 5.349844e+00 5.595273e+00 4.044265e+00 -7.532243e+00 -1.786485e+01 -5.466791e+00 -2.196411e+00 -1.220097e+01 -1.027810e+01 -3.989694e+00 -4.336724e+00 1.249898e+01 -2.112688e+00 2.995285e+00 -1.572674e+00 -2.421653e+00 2.806995e+00 4.430193e+00 -7.601464e-01 -1.047043e+00 5.462122e+00 1.846357e+00 -1.541268e+00 1.368273e+00 -2.594982e+00 6.237840e-02 -1.469501e+00 -1.268255e+00 -9.005182e-01 -4.277225e-01 1.272007e+00 2.271849e-01 6.208673e-01 1.163489e+00 1.597438e+00 1.142751e+00 -5.856032e-02 4.997975e-01 
-9.978992e+00 5.648011e+00 -4.673870e-01 1.551293e+00 -6.306364e+00 -6.516882e+00 -6.297168e+00 -3.731097e+00 -1.718203e+00 -3.963466e-01 -1.667379e+00 -1.448145e+00 9.752884e+00 -2.044122e+00 1.029813e+00 -1.556040e+00 -2.609745e+00 1.969597e+00 5.415965e+00 4.114858e-02 -3.663283e-01 5.367282e+00 4.407750e+00 1.133366e+00 2.282559e+00 -1.900243e+00 4.753518e-01 -1.813287e+00 -1.345883e+00 2.541097e-01 -5.480727e-02 -1.505567e-01 5.879653e-01 9.252959e-01 -3.465140e-01 3.790546e-01 1.078193e+00 -5.445091e-01 1.154716e+00 
-1.286862e+01 4.721878e+00 6.858108e-01 -1.937338e+00 -4.891475e+00 -7.627594e+00 -3.906202e+00 1.389727e+00 4.800401e+00 1.349602e+00 3.159602e-01 2.119935e-01 8.295157e+00 4.378403e-01 -1.303178e+00 -4.044415e+00 -8.319564e-01 2.341796e+00 4.627417e+00 1.290789e+00 6.266324e-01 3.876322e+00 3.452635e+00 1.726180e+00 6.888420e-02 1.239711e-01 2.854496e-01 -1.289850e+00 -1.190363e+00 1.238545e+00 4.369747e-01 -9.808698e-01 5.901043e-01 3.932015e-01 -1.440508e+00 -6.669871e-01 2.991559e-01 -7.574543e-01 1.381798e+00 
-1.427793e+01 4.081955e+00 2.602924e+00 3.461020e-01 -2.068853e+00 1.726412e-01 -1.381857e+00 1.339799e-01 1.402782e+00 8.288937e+00 3.354503e+00 1.570628e+00 7.803825e+00 -1.129510e-01 -2.387109e+00 -5.826116e+00 5.757397e-01 3.810056e+00 2.068359e+00 1.654380e+00 1.736066e+00 1.723045e+00 1.028741e+00 1.147045e+00 -8.778155e-01 1.824817e+00 -6.504267e-01 -4.549899e-01 -9.835714e-02 1.112707e+00 -1.585645e-01 -1.775165e+00 1.199965e-01 -9.333222e-02 -1.634169e+00 -1.543588e+00 -6.000013e-01 -5.714855e-01 1.006808e+00 
-6.881793e+00 -3.832345e-01 -1.616166e+01 4.871919e-01 2.057756e+00 1.927799e+00 -1.470084e+00 -9.958279e-01 5.619791e+00 2.642353e+00 2.130404e+00 -5.501624e+00 1.409329e+01 -1.651223e+00 -1.745514e+00 -5.389254e+00 2.178367e+00 4.071681e+00 1.199467e+00 1.383777e+00 -1.322987e-01 8.167043e-02 2.009970e-01 -5.234948e-02 -8.388591e-01 2.451395e+00 -1.623012e+00 4.287854e-01 1.936400e+00 3.812123e-01 -1.209398e+00 -1.847201e+00 -3.950307e-01 -3.681464e-01 -1.655599e+00 -1.150978e+00 -9.630439e-01 3.796658e-01 9.239376e-02 
-1.353722e+01 -3.735212e+00 -2.117419e+01 3.217607e+00 9.269335e+00 -9.530357e-01 7.563635e-01 6.142622e+00 6.487868e+00 4.101296e+00 3.160746e+00 -2.980581e+00 1.597773e+01 -4.251823e+00 -1.023887e+00 -1.375459e+00 1.448657e+00 3.119788e-01 -1.745899e+00 5.946439e-01 -4.535279e-01 -9.062591e-01 -1.684352e+00 -9.772927e-01 -1.211397e-01 1.970047e+00 -1.051077e+00 8.736129e-01 2.658270e+00 -3.060179e-01 -2.104314e+00 -1.200403e+00 -5.454748e-01 -6.443413e-01 -1.188000e+00 -3.962353e-01 -4.734251e-01 7.414485e-01 -5.355571e-01 
-2.149489e+01 -9.740993e-02 -1.437221e+01 7.518748e+00 9.797607e+00 -1.067147e+00 1.943283e+00 -2.276034e+00 2.665893e+00 4.448401e+00 1.510107e-01 -1.706666e+00 1.646493e+01 -5.607778e+00 1.590025e-01 3.412112e+00 6.377246e-01 -1.955966e+00 -2.701195e+00 -1.544561e-01 -1.191336e-01 -3.087062e+00 -9.457788e-01 -2.026828e+00 1.588629e+00 5.133440e-01 1.726357e-01 6.917885e-01 1.504531e+00 -8.320888e-01 -1.703511e+00 -2.486435e-01 -3.441103e-01 -2.131708e-01 -4.686862e-01 -2.048616e-02 2.906187e-01 4.194139e-01 -6.731361e-01 
-2.823007e+01 -1.180920e+00 -5.169127e+00 4.073706e+00 -4.378705e+00 -7.059844e+00 -1.160510e-01 -1.493339e+00 -1.651258e+00 -1.035976e+00 -5.423294e-01 -9.323497e-01 1.646837e+01 -3.389958e+00 1.028621e+00 3.064484e+00 -1.840015e-01 -3.697700e+00 -1.983295e+00 -3.040734e-01 -1.492334e+00 -2.632429e+00 -3.790511e-01 -2.328772e-01 1.615839e+00 1.160018e-01 1.310476e+00 3.801177e-01 -4.388794e-01 -4.141951e-01 -5.167285e-02 7.605985e-01 -1.355564e-01 2.054090e-04 4.481439e-01 3.124972e-01 6.042019e-01 7.725614e-02 -4.557064e-01 
-2.757403e+01 -8.653947e-01 -7.103507e+00 3.247431e+00 -8.978285e-01 -8.525048e+00 -1.806387e+00 2.226544e+00 -5.745994e+00 4.818406e-01 -6.152584e+00 1.417385e+00 1.641498e+01 -1.219070e+00 6.871820e-01 -8.672548e-02 -1.165819e+00 -2.440911e+00 7.482564e-02 1.124733e-01 -6.790389e-01 -1.398593e+00 -5.540894e-01 1.028552e+00 3.897540e-01 1.286907e-02 1.421520e+00 -9.682547e-02 -1.329329e+00 3.012190e-02 6.158776e-01 8.384441e-01 2.279013e-02 1.326077e-01 1.296830e+00 2.031340e-02 5.018261e-01 -3.468899e-01 -1.434024e-01 
-2.744730e+01 1.791887e+00 -9.485770e+00 4.433505e+00 -3.871897e+00 -7.140751e+00 1.110831e+00 -3.570291e+00 -2.468434e+00 4.189299e+00 5.148032e+00 3.536631e+00 1.658250e+01 1.063536e-01 6.125156e-01 -1.820356e+00 2.796021e-01 2.959852e-01 6.690935e-01 -2.166594e-01 -1.724136e-01 4.902529e-01 -3.178428e-01 5.160689e-01 8.646651e-01 -5.810499e-02 7.432601e-01 -4.015296e-01 -6.525714e-01 1.900616e-01 7.206796e-01 2.745064e-01 -1.372200e-01 5.099337e-01 9.882528e-01 -4.870176e-02 -3.188030e-01 -4.865444e-02 -8.079132e-02 
-2.798153e+01 1.852446e+00 -1.264712e+01 1.509616e+00 -2.660328e+00 -6.523252e-01 1.892423e+00 -4.632445e+00 -3.918550e+00 -9.344815e-01 2.448465e+00 -1.991973e+00 1.647204e+01 -2.481626e-01 -1.170100e-01 -7.921317e-01 5.566100e-01 -8.735290e-01 1.646931e-01 -8.427151e-02 -1.158810e-01 1.835627e+00 -8.747727e-01 1.078776e-01 2.296165e-01 -1.166094e-01 2.507074e-01 -3.226731e-01 3.808671e-01 2.236213e-01 3.969506e-01 -1.519632e-01 -1.643142e-01 3.972053e-01 2.753454e-01 2.309473e-01 -4.014233e-01 3.810364e-01 -7.635935e-02 
-2.749483e+01 5.224553e-01 -1.149916e+01 6.340322e+00 -2.016980e+00 -7.650977e+00 -3.047800e+00 1.073318e+00 -1.142790e-01 -1.916616e+00 -2.262066e+00 5.095853e+00 1.614914e+01 -1.591846e-01 -5.769315e-01 1.544716e-01 -9.487164e-02 -8.780705e-01 -6.555421e-01 -8.917742e-01 7.756307e-01 6.916742e-01 -4.622769e-01 -1.366490e+00 1.452431e+00 -2.233048e-01 1.767655e-01 -4.939302e-02 7.541027e-01 -2.013186e-01 1.703082e-01 1.451713e-01 4.109059e-02 -1.946704e-01 -4.506013e-01 2.194447e-01 -2.691559e-02 2.037521e-02 -9.356143e-02 
-2.879106e+01 -8.156358e-01 -1.005766e+01 5.077013e+00 -6.192481e+00 -7.446138e+00 -1.482281e-01 -6.747356e-01 2.255368e+00 -8.394263e-01 -1.907701e+00 1.785543e+00 1.604854e+01 1.672425e-01 -3.313221e-01 8.304154e-01 1.396019e-01 1.311119e-01 -2.248747e-02 -3.714708e-01 8.330926e-01 -1.227513e-01 6.728297e-01 -3.727646e-02 2.000943e+00 -2.863095e-01 4.765972e-01 2.668728e-01 6.753532e-01 2.939921e-02 6.430426e-01 3.785248e-01 6.806594e-02 -5.194634e-01 -5.961308e-01 2.380257e-01 1.622786e-01 -2.622850e-01 -1.342755e-01 
-2.783841e+01 2.412594e-01 -1.000795e+01 2.175301e+00 -6.495969e+00 -7.021963e+00 -2.327448e+00 -1.670798e+00 -2.097192e+00 1.830091e+00 4.935373e-01 8.910123e+00 1.567798e+01 7.824119e-01 4.727209e-01 1.138995e+00 -5.185057e-01 6.452795e-01 1.488463e+00 1.324899e-01 -1.620423e+00 -7.836321e-01 5.482578e-03 4.542086e-01 8.092797e-02 -4.411024e-01 5.727611e-01 3.611942e-01 5.745749e-01 2.271444e-01 6.452929e-01 5.151981e-01 4.037724e-01 -4.967521e-01 7.360218e-03 1.967346e-01 2.660302e-01 -1.011020e+00 -1.984265e-01 
-2.697371e+01 3.365343e-01 -9.240899e+00 4.290121e+00 2.350363e-01 -1.079306e+00 -3.252022e-01 9.047055e-01 -3.540115e+00 5.563515e-01 8.842071e-01 6.106264e+00 1.527602e+01 1.663992e+00 6.926963e-01 2.092506e+00 9.154806e-01 1.580022e+00 9.852746e-01 -2.561857e-01 -1.515102e+00 -4.074023e-01 8.155266e-02 8.901001e-03 -3.959161e-01 -6.791514e-01 4.662401e-01 4.255677e-02 5.393553e-01 -1.102149e-01 1.969105e-01 1.268259e-01 1.411489e-01 1.939767e-01 2.904823e-01 3.613584e-01 -8.572347e-02 -1.035193e+00 -2.751973e-01 
-2.449213e+01 2.310305e+00 -6.212447e+00 4.141001e+00 -2.004459e+00 -3.392392e+00 -2.297347e+00 -7.818389e+00 -1.134505e+00 -2.586908e+00 -1.387597e+00 3.340405e+00 1.433002e+01 1.956398e+00 7.168400e-01 2.396434e+00 6.527933e-01 1.623857e+00 1.416430e+00 1.069593e+00 -5.340675e-01 8.706573e-01 8.171537e-01 -5.940679e-02 -2.404103e+00 -1.019021e+00 2.619166e-01 -2.455954e-01 2.888608e-01 -3.751248e-01 -1.321229e-01 -1.218767e-01 -4.334107e-02 1.240563e+00 4.145820e-01 5.840355e-01 7.868195e-03 -3.629636e-01 -2.866528e-01 
-2.214437e+01 1.612909e+00 -1.492394e+00 8.671556e+00 -5.382930e-01 -4.334743e+00 -1.444654e+00 -5.176793e+00 -2.631081e-01 1.776737e+00 -9.227392e-01 2.591629e+00 1.332673e+01 1.911386e+00 -2.407089e-01 2.898282e+00 -9.970711e-01 6.267189e-01 6.474492e-01 -1.341862e-01 1.259643e+00 5.023851e-01 2.073686e+00 -2.090043e-01 -1.932463e+00 -1.373235e+00 -6.452898e-02 -1.658496e-01 -2.255171e-01 -7.788810e-01 -4.148634e-01 -1.348408e-01 -3.519533e-01 8.819442e-01 6.932505e-02 1.928112e-02 2.361147e-01 3.088917e-01 -1.766046e-01 
-2.047123e+01 3.187065e+00 -1.900513e+00 3.248579e+00 2.009460e+00 1.687886e+00 3.579644e+00 -1.300267e+00 6.176946e-01 5.305737e+00 1.100062e+00 -1.353458e+00 1.155734e+01 1.968087e+00 -2.885491e-01 2.180611e+00 -1.437804e+00 4.614508e-01 1.047783e+00 -1.450813e-01 3.195072e+00 8.345215e-01 1.929472e+00 6.024120e-01 -9.653931e-01 -1.527184e+00 -5.181202e-02 -4.953075e-01 -6.620029e-01 -4.613052e-01 -6.099206e-01 -5.804507e-01 -8.161789e-01 -1.102449e-01 -3.409014e-01 -7.886484e-01 5.270611e-02 8.924664e-01 3.424999e-01 
-1.942736e+01 -1.305511e+00 3.094759e+00 -2.492288e-01 1.361342e+00 -3.824807e-01 -3.934227e+00 3.944414e+00 -1.904101e+00 6.978708e+00 -1.404565e+00 -1.209558e+00 9.795967e+00 1.335646e+00 3.660119e-01 1.073022e+00 -1.933469e+00 8.688241e-02 4.954191e-01 -1.408530e+00 1.029795e+00 -4.278285e-02 -3.782806e-01 8.586534e-01 4.293051e-01 -1.307980e+00 1.321906e-01 -6.027222e-01 -1.059180e+00 4.204623e-02 -5.750402e-01 -7.792537e-01 -6.005543e-01 -1.152137e+00 -5.654035e-01 -1.359056e+00 -3.637115e-01 5.930471e-01 1.008198e+00 
-1.601006e+01 2.327277e+00 2.396771e+00 1.412115e+00 -6.462133e-01 -1.299400e-01 -1.777842e+00 3.596781e+00 3.858739e+00 4.459746e+00 1.865617e+00 4.132035e-01 8.459240e+00 1.985185e+00 -2.063107e+00 -1.016652e-03 -1.185590e+00 -1.156084e+00 -1.409632e+00 -2.374012e+00 -9.702206e-01 -5.610773e-01 -1.900123e+00 -3.296756e-01 8.771549e-01 6.609175e-01 4.061296e-01 -7.447726e-01 -1.072767e+00 6.377201e-02 -9.039932e-01 -1.267364e+00 -7.111295e-01 -1.281502e+00 -9.238130e-01 -1.045489e+00 -7.956513e-01 -5.362853e-01 1.403470e+00 
-1.769686e+01 3.873276e+00 1.723898e+00 -7.716791e-02 1.224206e+00 -9.488267e-01 -5.808283e+00 -2.475871e+00 -2.097745e+00 3.085948e-01 2.987510e+00 3.854331e+00 8.335720e+00 2.563716e+00 -2.367138e+00 -1.306808e+00 -9.130710e-01 -1.440022e+00 -2.020004e+00 -2.022455e+00 -2.418385e+00 -1.626888e+00 -2.806689e+00 -1.561568e+00 1.115578e-01 2.573654e+00 5.654848e-01 -5.214942e-01 -7.894927e-01 8.495577e-02 -1.203933e+00 -1.140842e+00 -4.208177e-01 -1.281931e-01 -4.950482e-01 -1.512414e-01 -6.238137e-01 -1.613098e+00 1.180932e+00 
-1.141015e+01 -9.717856e+00 -1.220314e+00 -2.765142e+00 -3.702563e+00 -5.076932e+00 -7.353303e+00 -2.941637e+00 -2.091106e+00 -8.599705e-01 -2.744681e+00 5.010383e-01 1.559204e+01 3.384931e+00 -2.645833e+00 -1.993324e+00 -1.629209e+00 -3.295093e+00 -4.031372e+00 -3.393715e+00 -1.488462e+00 -2.992482e+00 -2.083858e+00 -2.165796e+00 -3.487894e+00 3.549290e+00 1.229478e-01 4.495865e-01 -2.790720e-01 1.314787e-01 -9.454640e-01 -5.793500e-01 4.311422e-03 7.133694e-01 -7.229266e-02 5.480532e-01 1.853149e-01 -1.781996e+00 2.075876e-01 
-8.908355e+00 -7.118820e+00 -1.630526e+00 -2.726141e+00 -4.310137e+00 -8.008742e+00 -1.125919e+01 -4.878599e+00 -7.063879e+00 -4.394796e+00 -6.907090e+00 -6.956320e-01 1.909805e+01 3.463266e+00 -1.950139e+00 -1.878294e+00 -1.286797e+00 -4.863067e+00 -3.897869e+00 -3.002759e+00 6.480063e-01 -1.302318e+00 -1.042655e+00 -1.342356e+00 -5.453556e+00 3.152510e+00 -4.042160e-01 6.129814e-01 3.253335e-01 6.014511e-01 -2.448012e-01 7.270690e-02 8.716224e-01 6.954212e-01 6.604571e-01 1.009236e+00 8.846241e-01 -6.871787e-01 -6.551829e-01 
-3.479790e+00 -5.406187e+00 -5.892231e+00 -5.409527e+00 -1.435447e+01 -1.675647e+01 -1.602140e+01 -2.643963e+00 -8.620775e+00 -3.607678e+00 -4.015739e+00 -1.475106e+01 2.082459e+01 2.149882e+00 -2.356515e-02 -1.110720e+00 -3.413146e-01 -4.171981e+00 -3.367669e+00 -1.862196e+00 1.063560e+00 -1.084851e+00 -4.196490e-02 4.873169e-01 -5.250299e+00 1.409474e+00 -1.086868e+00 6.115980e-01 9.512402e-01 1.184659e+00 1.160141e+00 9.925455e-01 1.674466e+00 -1.767222e-01 8.223140e-01 7.702879e-01 7.581890e-01 1.330256e+00 -1.057929e+00 
-4.346132e+00 -8.033381e+00 -5.331851e+00 -5.188907e+00 -1.776499e+01 -1.459818e+01 -1.648849e+01 6.153582e-01 -5.344322e+00 -3.531021e+00 -3.088786e+00 -1.578701e+01 2.148161e+01 1.160132e+00 -6.132960e-01 -1.212628e-01 1.450260e+00 -2.225490e+00 -1.988316e+00 1.570007e+00 -2.173300e-01 7.215482e-01 1.218641e+00 1.534935e+00 -2.443208e+00 3.677393e-01 -1.117414e+00 2.426130e-01 1.043840e+00 1.132129e+00 1.778505e+00 1.068129e+00 1.451830e+00 -7.895145e-01 3.275591e-01 2.392055e-01 1.529300e-01 2.300846e+00 -8.897020e-01 
-2.942287e+00 -9.378415e+00 -4.923209e+00 -3.240412e+00 -1.783535e+01 -1.862060e+01 -1.404977e+01 -3.708168e-01 -8.375124e+00 -1.501746e+00 -2.217079e+00 -1.820464e+01 2.144747e+01 -8.978764e-01 -2.563576e-01 1.884296e+00 2.925498e+00 1.186696e+00 -2.335324e-02 2.692200e+00 -1.939329e+00 1.071090e-01 6.368313e-01 1.864664e-01 1.658216e+00 -3.480017e-01 -4.360739e-01 -2.469788e-01 3.792842e-01 6.520844e-01 1.122207e+00 9.683296e-01 3.043082e-01 -2.506549e-01 2.026657e-01 -2.251721e-01 -5.220730e-01 2.090081e+00 -3.698838e-01 
-3.376004e+00 -8.199244e+00 -2.721460e+00 3.440522e+00 -1.369741e+01 -1.701837e+01 -4.395086e+00 -7.101786e+00 -3.579397e+00 6.455808e-01 -1.315343e-01 -1.118472e+01 2.062522e+01 -6.000619e-01 -6.207477e-01 1.843556e+00 2.740399e+00 1.350187e+00 -2.294077e-01 1.979206e+00 -1.798230e+00 -2.606413e-01 -1.860687e-01 -4.273453e-01 2.596440e+00 -4.172881e-01 4.533921e-01 -3.961934e-01 -7.204385e-01 -1.920140e-01 -2.725287e-01 7.308177e-01 -1.560853e+00 1.006546e+00 -3.283472e-02 -6.538624e-01 -6.400415e-01 6.832592e-01 3.725697e-02 
-8.453880e+00 -6.604644e+00 2.224105e+00 4.903422e+00 -1.045444e+01 -1.566306e+01 -8.606653e+00 -8.481911e+00 -8.968227e+00 -2.511784e+00 -4.561887e+00 -8.761476e+00 1.951307e+01 8.495815e-01 -1.254742e+00 -1.965399e-01 2.274123e+00 -3.486989e-01 5.944638e-01 -5.451587e-01 6.007668e-01 4.194163e-01 -4.653593e-01 -1.141876e+00 2.680300e+00 -4.741669e-02 1.131914e+00 -4.861175e-01 -1.663981e+00 -8.261266e-01 -1.340400e+00 5.627738e-01 -2.219373e+00 1.717432e+00 2.748918e-01 -6.274164e-01 -7.997321e-02 -6.136634e-01 2.753442e-01 
-4.590302e+00 -1.252403e+01 3.122249e-01 4.441534e+00 -1.470447e+01 -1.722414e+01 -9.313511e+00 -4.320721e+00 -6.351269e+00 -3.956316e+00 -4.053227e+00 -7.526183e+00 2.036236e+01 2.553423e+00 -2.095150e+00 -2.683083e+00 8.159843e-01 -2.820613e+00 1.357038e+00 -4.615737e+00 3.545419e+00 4.010223e-01 -1.499516e+00 -1.001078e+00 4.618679e-01 4.037420e-01 6.427043e-01 -2.256403e-02 -1.237982e+00 -9.673668e-01 -7.054801e-01 7.597423e-01 -1.597038e+00 1.499223e+00 1.464268e-01 -2.778183e-01 4.608335e-01 -8.623071e-01 2.220478e-01 
1.912723e+00 -1.348951e+01 -7.422677e+00 7.629632e+00 -1.907494e+01 -1.554568e+01 -1.431601e+01 1.242451e+00 -4.891748e+00 -1.527810e+00 -5.965930e+00 -6.632885e+00 2.134205e+01 3.184992e+00 -1.949542e+00 -4.172414e+00 -2.427802e-01 -3.429558e+00 1.997365e+00 -5.107156e+00 3.976151e+00 1.150742e+00 -1.843428e+00 7.346231e-02 -3.428343e-01 6.182581e-01 -3.435154e-01 4.531934e-01 -2.145439e-02 -9.116296e-01 5.660484e-01 4.488489e-01 -1.048972e-01 5.000622e-01 -2.172552e-01 -5.307665e-02 8.899158e-01 -6.706066e-01 2.200797e-02 
4.208037e+00 -1.523300e+01 -1.131341e+01 6.157173e+00 -2.349013e+01 -1.029190e+01 -2.461891e+01 5.763243e+00 -3.612593e+00 -7.343960e+00 -4.435215e+00 -9.940081e+00 2.172934e+01 1.445734e+00 -3.860179e-01 -2.358291e+00 -8.379412e-01 -6.365854e-01 2.867816e+00 -3.725001e+00 4.010226e+00 1.058045e-01 -8.860016e-01 1.269197e+00 -2.033645e-01 3.601450e-01 -1.057304e+00 7.583421e-01 9.735987e-01 -4.786949e-01 1.517223e+00 -1.968483e-01 1.485223e+00 -4.291012e-01 -4.029230e-01 3.775307e-01 7.529679e-01 -7.525703e-02 -1.419000e-01 
3.071851e+00 -1.499809e+01 -1.282502e+01 2.831426e+00 -2.320990e+01 -9.142370e+00 -2.648985e+01 6.356510e+00 -4.583578e+00 -1.003494e+01 -4.003506e+00 -9.269173e+00 2.192092e+01 -3.141110e-01 1.566180e-01 -4.663536e-01 -1.457148e+00 1.389677e+00 2.083250e+00 -1.515074e+00 2.868732e+00 -5.190710e-01 -1.037591e+00 2.172446e+00 -3.400092e-01 8.440566e-02 -1.086540e+00 5.297276e-01 1.187159e+00 -1.255268e-01 1.193012e+00 -7.519191e-01 1.628180e+00 -8.028376e-01 -5.049694e-01 3.021253e-01 2.470155e-01 -5.986864e-02 -1.858817e-01 
2.058570e+00 -1.370011e+01 -8.778364e+00 2.650954e+00 -1.582004e+01 -6.087095e+00 -2.185220e+01 1.317283e+01 -5.976154e+00 -4.132935e+00 1.311576e+00 -7.224679e+00 2.187371e+01 -9.835396e-01 6.433657e-01 3.319509e-01 -9.702466e-01 2.355815e+00 3.297098e-01 1.014485e+00 1.953678e+00 -7.785444e-01 -1.477342e-02 1.714243e+00 8.419912e-02 -3.879105e-02 -5.346631e-01 2.101453e-02 7.740209e-01 6.774679e-02 5.208439e-02 -9.643589e-01 1.089445e+00 -9.623692e-01 -8.011621e-02 -6.335028e-02 -2.195669e-01 -1.490839e-01 -1.129044e-01 
1.416734e+00 -1.347292e+01 -1.102145e+01 2.096917e+00 -1.596135e+01 -7.231479e+00 -2.327474e+01 1.188117e+01 -6.305348e+00 -8.321188e+00 2.022674e+00 -9.690281e+00 2.169176e+01 -1.033088e+00 1.844875e-01 4.180826e-01 -8.042770e-01 1.039396e+00 -4.932959e-01 6.641951e-01 9.901448e-01 -9.319586e-01 -7.683186e-01 1.085968e+00 -7.859260e-01 -1.115465e-01 -1.137580e-01 -2.173336e-01 5.808406e-01 1.312529e-01 -6.268786e-01 -6.494906e-01 4.766177e-01 -6.571121e-01 9.239887e-02 3.107858e-02 -4.282697e-01 -8.765495e-02 -4.390828e-02 
1.177677e-01 -1.277899e+01 -1.055577e+01 1.673265e+00 -1.533530e+01 -9.598814e+00 -2.115416e+01 1.276899e+01 -6.643948e+00 -8.274887e+00 1.122950e+00 -9.308418e+00 2.164982e+01 -8.680426e-01 -2.949576e-01 1.069498e+00 -8.255442e-01 -2.010041e-01 -6.657583e-01 6.327767e-01 1.375090e-01 -8.831137e-02 -1.337358e+00 7.145449e-01 -7.257072e-01 -1.063899e-01 3.294585e-02 -2.640249e-01 5.810385e-01 5.997790e-02 -7.852068e-01 -1.482941e-01 1.060335e-01 -4.231645e-01 1.239766e-01 9.743931e-02 -2.683207e-01 2.280495e-02 -1.258397e-02 
-1.123297e+00 -1.453676e+01 -9.845229e+00 -7.007931e-01 -1.825511e+01 -9.853226e+00 -2.351814e+01 1.150960e+01 -8.909581e+00 -1.180573e+01 1.520328e+00 -1.215713e+01 2.147497e+01 -9.406208e-01 -4.609824e-01 2.069246e+00 -8.733152e-01 -4.665784e-01 -6.662777e-01 1.058952e+00 4.912638e-01 -4.021841e-01 -2.209663e-01 5.308806e-01 -3.733154e-01 -1.013270e-01 4.933368e-02 -5.962675e-03 5.607905e-01 9.362801e-02 -4.106038e-01 5.154853e-02 3.542186e-01 -2.920738e-01 6.870143e-02 5.481024e-01 -1.756462e-01 3.464593e-01 4.167393e-03 
-1.011863e+00 -1.464322e+01 -4.019069e+00 -7.793262e-02 -1.567814e+01 -8.105550e+00 -1.856650e+01 1.404659e+01 -5.116375e+00 -9.077336e+00 5.135799e+00 -9.620512e+00 2.145022e+01 -8.650767e-01 -3.541244e-01 2.411659e+00 -6.359562e-01 -8.174524e-01 -3.253355e-01 1.347165e+00 8.717176e-02 -4.235786e-01 1.985751e-01 6.502450e-01 -7.987760e-03 -1.067649e-01 2.029444e-02 1.796662e-01 2.575984e-01 -2.353761e-02 -2.550885e-01 2.959520e-02 2.454853e-01 -4.551261e-01 -2.583572e-01 6.493639e-01 -2.936501e-01 3.139381e-01 6.270703e-03 
-2.722151e+00 -1.484534e+01 -3.943724e+00 -1.393625e+00 -1.812274e+01 -1.130954e+01 -1.927388e+01 1.369844e+01 -9.080541e+00 -9.024596e+00 2.671028e+00 -1.140088e+01 2.128499e+01 -7.877880e-01 1.840404e-01 2.551217e+00 -4.308720e-01 -7.052991e-01 -4.056795e-01 2.078148e+00 -4.448544e-01 -4.208391e-01 1.204329e+00 2.398754e-01 5.876584e-01 -9.054492e-02 3.851771e-02 2.653905e-01 -1.149528e-02 -1.859163e-01 -1.951327e-01 5.619604e-02 -6.621319e-03 -7.407092e-01 -1.571045e-01 3.737457e-01 -3.379588e-01 2.728817e-01 1.543513e-02 
-3.408778e+00 -1.439520e+01 -1.448966e+00 -1.160005e+00 -1.948874e+01 -1.049720e+01 -1.654038e+01 1.211067e+01 -8.676655e+00 -8.672279e+00 3.798840e+00 -9.726412e+00 2.121097e+01 -8.430939e-01 2.807640e-01 2.116471e+00 -1.164430e+00 -1.357091e+00 -6.480964e-01 1.350585e+00 -1.670141e+00 -1.370937e+00 1.196844e+00 -6.080473e-01 3.634361e-01 -8.041916e-02 -1.064579e-02 2.796202e-01 -2.160856e-01 -3.567866e-01 -8.607107e-02 -3.125040e-02 -3.103614e-01 -7.600380e-01 -3.499540e-04 5.786865e-02 -2.980950e-01 1.173158e-01 2.441176e-02 
-3.864345e+00 -1.374023e+01 1.625008e+00 -2.314724e+00 -1.987630e+01 -1.068614e+01 -1.414059e+01 1.025333e+01 -9.233243e+00 -5.986817e+00 3.388045e+00 -9.166388e+00 2.114176e+01 -7.591755e-01 5.485796e-01 2.159466e+00 -1.538583e+00 -1.172275e+00 -2.236936e-01 1.024239e+00 -2.333818e+00 -7.141001e-01 1.148515e+00 -5.296327e-01 8.051897e-01 -3.738469e-02 -5.541734e-02 2.579298e-01 -3.537323e-01 -2.948614e-01 5.240587e-02 -3.993389e-02 -4.461888e-01 -6.017489e-01 2.999499e-01 -3.430976e-01 1.968621e-02 -4.180132e-02 2.621459e-02 
-4.656398e+00 -1.379192e+01 3.778620e+00 -5.439733e+00 -2.158632e+01 -1.165796e+01 -1.438037e+01 7.418144e+00 -1.189501e+01 -4.611890e+00 1.736972e+00 -8.920949e+00 2.111976e+01 -9.329442e-01 8.617018e-01 1.527081e+00 -1.866034e+00 -1.014313e+00 -5.726009e-01 3.223936e-01 -2.768732e+00 -2.787745e-01 5.158457e-01 -4.554003e-01 4.695997e-01 -1.132024e-02 -1.156350e-02 3.125759e-01 -3.725293e-01 8.183918e-02 3.432637e-01 -1.431147e-02 -1.713254e-01 -2.188314e-01 6.310904e-01 -3.913689e-01 3.699229e-01 -4.448027e-02 2.095632e-02 
-5.894185e+00 -1.240407e+01 4.239585e+00 -6.946604e+00 -2.293563e+01 -1.184830e+01 -1.523254e+01 4.375313e+00 -1.104188e+01 -5.312232e+00 1.053892e+00 -7.777228e+00 2.114382e+01 -1.020178e+00 1.183170e+00 1.077251e+00 -1.554293e+00 -6.146681e-01 -6.430749e-01 3.612865e-01 -2.904256e+00 5.329114e-01 -1.706565e-01 2.619186e-01 3.255206e-01 5.931046e-03 1.204569e-01 2.906878e-01 -3.373097e-01 4.342846e-01 4.843125e-01 6.243347e-02 6.123298e-02 2.960052e-01 4.480872e-01 -4.491674e-02 4.085167e-01 2.199504e-02 5.744876e-03 
-7.058229e+00 -1.075431e+01 4.878972e+00 -8.174355e+00 -2.302983e+01 -1.277942e+01 -1.438192e+01 1.206022e+00 -9.165744e+00 -6.430203e+00 2.688786e+00 -8.072503e+00 2.115345e+01 -7.703413e-01 1.526248e+00 7.948913e-01 -7.473151e-01 8.036646e-02 -5.100919e-01 8.253409e-01 -2.479254e+00 1.161048e+00 -1.004211e-01 8.458457e-01 3.811301e-01 2.743308e-03 2.611956e-01 1.779369e-01 -1.879231e-01 6.173502e-01 4.200167e-01 2.101140e-01 1.086478e-01 7.351834e-01 8.406509e-02 4.268343e-01 1.282356e-01 2.275888e-01 -8.227115e-03 
-7.764522e+00 -9.342543e+00 6.461218e+00 -8.719214e+00 -2.222729e+01 -1.334063e+01 -1.233297e+01 -1.161318e+00 -7.933063e+00 -5.931011e+00 4.221474e+00 -7.962865e+00 2.115459e+01 -2.380436e-01 1.669769e+00 8.388734e-01 7.355602e-02 7.019485e-01 5.699067e-02 1.078968e+00 -9.984095e-01 8.064739e-01 1.232071e+00 8.623127e-01 9.595284e-01 -1.563307e-02 2.975110e-01 5.965222e-02 -1.216390e-01 5.478368e-01 1.590564e-01 2.685135e-01 -1.329420e-01 9.346842e-01 -2.763854e-01 6.508386e-01 -2.471188e-01 2.474628e-01 -2.043383e-02 
-7.572790e+00 -7.691240e+00 6.642255e+00 -8.290209e+00 -2.153803e+01 -1.346269e+01 -1.170396e+01 -2.209422e+00 -7.643703e+00 -4.804147e+00 4.382477e+00 -6.922553e+00 2.112801e+01 -1.786665e-02 1.508066e+00 7.066450e-01 4.067777e-01 4.276863e-01 1.278111e-01 5.068498e-01 -4.571862e-02 4.702466e-03 1.948517e+00 -1.144712e-01 1.290509e+00 -4.169751e-02 1.500205e-01 -9.435503e-02 -6.135676e-02 2.125100e-01 -1.457054e-01 1.126387e-01 -3.802953e-01 6.993560e-01 -4.184000e-01 3.315698e-01 -4.357838e-01 -4.921515e-02 -3.181424e-02 
-6.827168e+00 -5.586322e+00 7.552675e+00 -6.521040e+00 -2.017144e+01 -1.122115e+01 -1.117667e+01 1.091012e+00 -7.770402e+00 3.538787e-02 4.519014e+00 -3.554933e+00 2.107828e+01 9.117501e-02 1.490629e+00 5.130953e-01 6.076940e-01 7.111393e-03 3.804442e-01 -1.441944e-01 5.525979e-01 -2.708167e-01 2.058934e+00 -4.935620e-01 1.108068e+00 -7.404368e-02 -3.312989e-02 -2.278576e-01 -5.271674e-02 -1.210552e-01 -2.846645e-01 -8.261754e-02 -3.864152e-01 1.739576e-01 -3.517864e-01 -2.870597e-01 -3.584551e-01 -5.190902e-01 -4.056551e-02 
-7.615943e+00 -5.092204e+00 7.866612e+00 -7.239491e+00 -2.191963e+01 -1.319986e+01 -1.242587e+01 -1.486022e-01 -9.223284e+00 3.291390e-01 1.967822e+00 -3.824043e+00 2.098295e+01 -1.848312e-01 1.143974e+00 6.511034e-01 4.822775e-02 -3.007179e-01 -1.087187e-01 -4.645858e-01 2.422105e-01 -3.924001e-01 1.144222e+00 -6.550961e-01 6.085502e-02 -1.271102e-01 -8.976624e-02 -3.370511e-01 -5.997172e-02 -3.420619e-01 -2.394968e-01 -1.514740e-01 -1.944387e-01 -2.086838e-01 -3.657327e-01 -6.792762e-01 -2.373469e-01 -8.528997e-01 -4.826513e-02 
-7.287105e+00 -3.189021e+00 8.414433e+00 -6.205978e+00 -2.200072e+01 -1.156957e+01 -1.269314e+01 5.711234e-01 -8.496842e+00 1.796975e+00 2.960676e+00 -3.971680e+00 2.085668e+01 -3.203918e-01 7.123689e-01 6.031742e-01 -3.525361e-01 -3.573869e-01 -2.378923e-01 -3.674169e-01 -2.727784e-01 -7.537581e-01 1.990154e-01 -6.595395e-01 -1.021151e+00 -1.757700e-01 -3.509643e-02 -3.733172e-01 -4.631917e-02 -2.850148e-01 -1.780943e-01 -8.011033e-02 6.640226e-02 -3.044994e-01 -4.091591e-01 -6.294318e-01 -3.594782e-01 -8.320288e-01 -4.619938e-02 
-8.266520e+00 -3.170120e+00 9.466648e+00 -8.206855e+00 -2.212712e+01 -1.383214e+01 -1.326870e+01 -7.387459e-01 -9.242648e+00 3.600113e-02 1.885742e+00 -6.409873e+00 2.060299e+01 -2.610732e-01 2.119099e-01 3.619771e-01 -8.235136e-01 -5.874196e-01 -3.204872e-01 -3.537347e-01 -6.767156e-01 -1.582273e+00 -5.179809e-01 -1.218287e+00 -1.909268e+00 -2.322118e-01 1.119352e-01 -1.982618e-01 -1.724898e-01 1.950743e-02 -2.226191e-01 2.871647e-01 2.601019e-01 -1.038940e-01 -4.425510e-01 -2.706907e-01 -4.686626e-01 -5.198379e-01 -2.193619e-02 
-8.103739e+00 -2.985357e+00 9.768552e+00 -7.800409e+00 -2.185464e+01 -1.209429e+01 -1.259194e+01 2.261238e-02 -1.152986e+01 1.176970e+00 1.261855e+00 -7.367333e+00 2.038941e+01 -4.613024e-02 9.014843e-02 4.259768e-01 -3.816048e-01 -7.398533e-01 8.573440e-02 1.321098e-01 -5.106801e-01 -1.721467e+00 -2.571849e-01 -2.009403e+00 -2.066878e+00 -2.524633e-01 1.320595e-01 1.641518e-01 -2.456991e-01 1.720396e-01 -2.633666e-01 2.895496e-01 3.401961e-01 -8.078366e-03 -4.042269e-01 -1.821114e-01 -4.496832e-01 -2.376138e-01 1.896568e-02 
-8.513421e+00 -4.134441e+00 8.999404e+00 -1.055988e+01 -2.493007e+01 -1.453973e+01 -1.424491e+01 -3.257525e+00 -1.561851e+01 -1.950652e+00 -3.274256e+00 -1.167248e+01 2.005528e+01 2.379015e-01 4.637788e-01 -1.226724e-01 1.603347e-01 -1.222429e+00 1.165183e+00 5.860292e-01 -1.584741e-01 -2.121440e+00 1.869301e-02 -2.323496e+00 -2.015283e+00 -1.984592e-01 8.243711e-02 5.954413e-01 -1.162967e-01 2.907409e-01 -1.839613e-01 3.012295e-01 3.690728e-01 2.912959e-02 -2.237749e-01 -2.366255e-01 -1.823490e-01 -6.416743e-02 7.128553e-02 
-7.394715e+00 -2.255945e+00 1.077838e+01 -6.937428e+00 -2.429864e+01 -1.078669e+01 -1.154463e+01 -7.226132e-01 -1.391666e+01 1.504450e+00 -4.506247e+00 -1.167497e+01 1.986828e+01 9.047715e-02 1.407169e+00 -3.829002e-01 1.584603e-02 -1.356697e+00 4.671949e-01 8.638537e-01 -5.721689e-01 -2.505366e+00 -9.799057e-01 -2.355298e+00 -2.156239e+00 -9.776421e-02 1.072395e-02 7.371458e-01 9.653793e-02 2.327904e-01 -9.041103e-02 8.732207e-02 1.974763e-01 -3.558588e-01 -2.862499e-01 -4.150621e-01 9.422793e-02 -3.129358e-01 9.581164e-02 
-7.431314e+00 -1.215636e+00 8.348507e+00 -7.836733e+00 -2.701692e+01 -8.659737e+00 -1.086216e+01 -1.158195e+00 -1.865650e+01 -3.421705e-02 -6.847503e+00 -1.433306e+01 1.987126e+01 8.280061e-02 2.530594e+00 1.850617e-01 4.314648e-01 -1.198932e+00 9.949713e-01 1.125969e+00 -5.003029e-01 -2.309294e+00 -1.339670e+00 -1.957126e+00 -2.185382e+00 4.680910e-02 1.531254e-02 4.877301e-01 2.752742e-01 3.904717e-01 2.836294e-01 -9.276865e-02 -9.836128e-02 -9.973682e-01 -1.467865e-01 -2.675939e-01 9.352238e-02 -6.340358e-01 6.760474e-02 
-8.192777e+00 2.590730e+00 8.178980e+00 -9.082836e+00 -2.759468e+01 -1.269852e+01 -9.964319e+00 -3.887740e+00 -2.253768e+01 -4.680575e+00 -8.728242e+00 -1.681922e+01 1.999249e+01 8.506868e-02 2.742522e+00 7.548562e-01 6.467017e-01 -1.203671e+00 6.074504e-01 8.496647e-01 -2.118994e+00 -3.058753e+00 -1.653308e+00 -1.721534e+00 -3.546774e+00 1.039071e-01 1.563790e-01 -1.981135e-01 2.886877e-02 9.292348e-01 1.157167e+00 4.365574e-01 -3.924164e-01 -1.236286e+00 2.136640e-01 2.278504e-01 1.485203e-01 -5.553495e-01 -9.391448e-03 
-7.700611e+00 6.095456e+00 1.122418e+01 -7.329727e+00 -2.927669e+01 -8.609228e+00 -9.405372e+00 -4.176567e+00 -2.285470e+01 -5.556616e+00 -1.094914e+01 -2.002799e+01 2.022738e+01 3.174583e-01 2.234909e+00 6.849359e-01 1.797161e+00 1.192647e-01 6.313457e-01 1.013249e-01 -4.371935e+00 -2.578551e+00 -9.826579e-01 -2.172853e+00 -4.490352e+00 3.874600e-02 1.858771e-01 -7.743685e-01 -3.651424e-01 1.125715e+00 1.973562e+00 6.927816e-01 -4.975846e-01 -9.777632e-01 6.400478e-01 2.412700e-01 5.951471e-02 1.326418e-01 -1.246604e-01 
-6.834816e+00 7.801146e+00 1.311513e+01 -3.957333e+00 -2.918725e+01 -7.775376e+00 -8.024870e+00 -9.808433e+00 -2.711155e+01 -4.001084e+00 -1.106318e+01 -2.656078e+01 2.020997e+01 7.551951e-01 5.643773e-01 -4.884856e-01 3.979133e+00 3.770171e+00 2.831626e+00 -5.858252e-01 -4.817536e+00 -1.302448e+00 -1.917690e-02 -1.504848e+00 -3.780513e+00 -1.407049e-01 1.190803e-01 -1.039793e+00 -6.146477e-01 7.202879e-01 2.375973e+00 6.503426e-01 -3.724522e-01 1.933554e-01 1.270524e+00 4.425241e-02 2.438405e-01 1.244094e+00 -2.366241e-01 
-6.522911e+00 7.353315e+00 9.305493e+00 -1.413890e+00 -2.562409e+01 -7.964314e+00 -1.132510e+01 -2.005789e+01 -2.926210e+01 -5.287395e+00 -1.654400e+01 -3.191371e+01 1.995651e+01 6.770340e-01 -2.521846e-01 -1.018950e+00 4.393897e+00 6.181862e+00 3.346762e+00 -6.441012e-01 -4.040020e+00 1.279062e-02 -9.504024e-01 -1.767886e+00 -1.405214e+00 -4.541346e-01 -5.200867e-02 -1.051799e+00 -5.799557e-01 -2.061967e-01 1.978947e+00 -3.534754e-02 -1.145227e-01 1.785842e+00 1.573999e+00 -1.647101e-01 8.298026e-01 2.205774e+00 -3.391229e-01 
-5.005447e+00 4.783594e+00 6.696148e+00 7.854840e+00 -1.057011e+01 1.137440e+00 -1.193335e+01 -2.003499e+01 -2.584567e+01 -4.911160e+00 -1.345495e+01 -2.977827e+01 1.942462e+01 5.004738e-01 -1.213012e+00 -1.466384e+00 2.949758e+00 7.644989e+00 2.501420e+00 -6.400472e-01 -1.318245e+00 1.998303e+00 -1.448106e+00 -7.047586e-01 1.131412e+00 -8.327254e-01 -3.758978e-01 -8.880087e-01 -5.492870e-01 -1.284039e+00 5.259439e-01 -1.146406e+00 4.001479e-01 2.714798e+00 1.370870e+00 -1.583690e-01 1.234367e+00 2.162973e+00 -4.263352e-01 
-5.230499e+00 6.343093e+00 9.338980e+00 8.733499e+00 -7.675938e+00 3.668927e+00 -1.067118e+01 -1.926322e+01 -2.342346e+01 -9.853723e+00 -1.859246e+01 -2.544571e+01 1.834937e+01 1.845147e-01 -2.135538e+00 -1.725907e+00 1.280977e+00 8.076818e+00 6.199176e-01 -4.439358e-01 2.807707e+00 3.641243e+00 -1.091754e+00 1.576147e+00 4.082582e+00 -1.310792e+00 -5.351875e-01 -8.298051e-01 -6.527693e-01 -1.254319e+00 -8.633261e-01 -1.613970e+00 7.895675e-01 2.473671e+00 8.845623e-01 3.796936e-01 1.343481e+00 1.412494e+00 -3.744661e-01 
-4.978682e+00 2.241260e+00 5.766369e+00 5.717844e+00 6.331781e-02 -1.084918e+00 -1.155190e+01 -1.679648e+01 -2.003912e+01 -8.958057e+00 -1.356268e+01 -2.413878e+01 1.684993e+01 -8.781617e-01 -2.933918e+00 -2.881284e+00 -8.845366e-01 5.452470e+00 -1.536901e+00 1.314986e+00 5.332624e+00 3.737779e+00 -7.402465e-01 2.995014e+00 4.290597e+00 -1.843989e+00 -3.975297e-01 -3.929324e-01 -2.280893e-01 -4.547559e-01 -2.270117e+00 -9.415494e-01 1.044051e+00 9.391022e-01 4.099899e-01 7.216234e-01 5.149142e-01 5.280671e-01 -1.462944e-01 
-5.613962e+00 -2.053437e+00 1.140497e+00 6.059671e+00 9.442842e+00 -3.753899e+00 -1.373579e+01 -7.638328e+00 -1.395981e+01 -8.722567e+00 -8.609463e+00 -1.432123e+01 1.468958e+01 -1.309618e+00 -3.540787e+00 -3.575413e+00 3.957125e-02 2.961403e+00 -2.703966e+00 2.326328e+00 5.003032e+00 3.565971e+00 5.942276e-01 3.099654e+00 4.077527e+00 -1.820737e+00 -2.362495e-02 2.693432e-01 5.852596e-01 3.126022e-01 -2.890973e+00 1.912794e-01 8.989543e-01 -9.797652e-01 -2.572801e-01 6.704519e-01 -4.755417e-01 -4.375381e-01 1.886202e-01 
-9.204419e+00 -5.688154e+00 -3.610950e+00 4.769215e+00 8.132297e+00 -2.835399e+00 -3.826797e+00 8.157156e-01 -1.188893e+01 -9.177911e+00 -3.471563e+00 -1.388766e+01 1.203446e+01 -7.399841e-01 -2.475039e+00 -1.682066e+00 1.296687e+00 -1.147989e+00 -5.445498e-01 3.195147e+00 2.279398e+00 4.085831e+00 1.317059e+00 1.108099e+00 3.774351e+00 -1.309198e+00 4.683378e-01 9.512836e-01 1.360817e+00 5.664911e-01 -2.084784e+00 1.030643e+00 1.809618e-02 -1.809109e+00 -5.913686e-01 5.607355e-01 -8.896310e-01 -6.843751e-01 4.846987e-01 
-9.665448e+00 -7.395772e+00 -3.849019e+00 9.405683e+00 3.095818e+00 -8.975412e+00 -2.902484e+00 -3.054566e+00 -9.668111e+00 -6.773015e+00 -8.139870e+00 -1.018365e+01 1.165313e+01 -2.688047e-03 -1.018224e+00 6.006368e-01 1.753344e+00 -3.077894e+00 1.079990e+00 3.110647e+00 -5.647345e-01 2.180678e+00 1.231851e+00 1.419444e-01 2.152902e+00 -6.349919e-01 5.207133e-01 1.241313e+00 1.329620e+00 -1.676242e-02 -7.327254e-01 1.090449e+00 -5.296104e-01 -1.098430e+00 -8.221635e-01 1.052551e-01 -6.434281e-01 -7.855521e-01 5.147460e-01 
-6.652917e+00 -7.462889e+00 -1.492635e-01 1.052790e+01 -2.502323e+00 -1.196691e+00 -9.926174e-01 -7.691409e+00 -1.755825e+00 -3.347656e+00 -8.256676e+00 -7.335563e+00 1.182203e+01 8.099776e-01 5.610985e-01 1.834675e+00 1.090855e+00 -1.952017e+00 1.724473e+00 1.013344e+00 -9.290215e-01 1.473486e+00 1.744526e+00 2.571657e-02 1.830992e+00 -1.328914e-02 6.585262e-02 8.673380e-01 3.234209e-01 -2.992427e-01 7.324136e-01 -1.502509e-01 -8.711991e-01 4.130135e-01 -8.914984e-01 -3.533712e-01 1.630899e-01 -6.185228e-01 3.504249e-01 
-6.903643e+00 -6.257103e+00 2.412991e+00 1.194683e+01 -6.289222e-01 8.264410e-01 4.008585e-01 -6.208764e+00 -8.122833e+00 -5.478426e+00 -5.506992e+00 -6.832227e+00 1.162082e+01 5.191417e-01 1.147700e+00 1.314501e+00 5.859417e-02 -3.003229e-01 1.613654e+00 7.690918e-01 1.114981e+00 7.614672e-01 9.066544e-01 4.237140e-01 1.121153e+00 1.050322e-01 -2.987439e-01 3.899007e-01 -4.939513e-01 -3.504631e-01 8.982967e-01 -1.052661e+00 -8.801117e-01 1.076061e+00 -1.801217e-01 -3.904349e-01 4.592813e-01 -2.694496e-01 1.352111e-01 
-6.535474e+00 -3.451702e+00 2.431304e+00 8.952971e+00 2.350363e-01 8.863025e-01 -4.113537e-01 -2.252095e+00 -5.294528e+00 -1.102208e+00 -4.659358e+00 -6.408004e+00 1.198427e+01 -6.717677e-01 7.788385e-01 -4.219485e-01 6.477704e-01 1.125288e+00 -1.562528e+00 1.011027e-02 3.504685e+00 3.381433e-01 -2.873487e-01 1.782638e+00 1.197579e+00 7.287356e-02 -3.496117e-01 1.239331e-01 -6.863401e-01 -3.852424e-01 3.249394e-01 -9.984813e-01 -4.758379e-01 5.083460e-01 1.609400e-01 -3.359700e-01 3.075167e-01 -1.622917e-01 -4.334489e-02 
-7.128695e+00 -3.663081e+00 1.432982e+00 1.048623e+01 2.260926e-01 -1.948701e+00 6.520475e-01 -1.990818e-01 -4.091723e+00 -3.362068e+00 -7.819836e+00 -5.041270e+00 1.209725e+01 -7.555116e-01 8.225057e-01 -7.409601e-01 2.226401e-01 -1.251821e-01 -2.539642e+00 -7.882710e-01 2.598769e+00 1.847890e+00 2.956718e-01 1.559767e+00 1.122491e+00 -1.944542e-03 2.081885e-02 2.938500e-01 -1.887146e-01 -5.967638e-01 -2.229406e-01 -2.360463e-01 -4.085778e-01 -4.826006e-01 3.148600e-01 3.200181e-01 6.681718e-02 -1.206122e-01 -7.207761e-02 
-9.898694e+00 -4.865396e+00 -1.768659e+00 1.449754e+01 2.696334e+00 -7.621514e+00 -1.067870e+00 6.826959e+00 -2.080594e+00 -5.842701e+00 1.813133e+00 -2.243641e+00 1.194830e+01 -3.008516e-01 1.343233e+00 -5.692605e-01 -9.172390e-01 -4.150431e-01 -1.191284e+00 -5.870920e-01 8.708843e-01 1.734786e+00 3.703108e-01 9.952690e-01 1.018855e+00 -1.765201e-01 3.995089e-01 5.360025e-01 4.622547e-01 -7.901730e-01 -3.587654e-01 9.434410e-01 -1.623535e-01 -1.298138e+00 -5.959355e-02 6.226230e-01 -4.610779e-01 -2.430340e-01 -1.776713e-02 
-8.999578e+00 -1.437815e+00 8.087697e-01 1.028778e+01 -2.485628e+00 -7.618240e+00 -3.212318e+00 2.245279e+00 -4.899480e-01 -1.629917e+00 -9.444430e-01 -3.302018e+00 1.162884e+01 4.376658e-01 2.334762e+00 4.445847e-01 -2.142721e+00 -6.448784e-01 2.478075e-01 -9.751342e-01 1.886797e-02 1.637467e+00 2.178049e+00 1.151401e+00 6.075827e-01 -1.306729e-01 3.783358e-01 3.551169e-01 4.085020e-01 -4.118012e-01 3.014347e-02 1.088492e+00 3.989596e-01 -9.191555e-01 -6.019134e-01 3.227217e-01 -2.978128e-01 -2.146246e-01 6.069386e-02 
-7.104114e+00 2.151771e+00 -1.026960e-01 4.465623e+00 -4.840348e-01 -2.235381e+00 -1.414553e+00 8.797259e-01 1.578721e+00 -1.170070e-01 -3.120750e+00 -2.183216e+00 1.133619e+01 7.291995e-01 2.702729e+00 1.296457e+00 -2.120278e+00 -4.085272e-01 1.760836e+00 -7.080781e-01 -1.696161e+00 1.454625e-01 1.884557e+00 -3.185233e-01 2.397273e-01 4.840297e-02 8.020835e-02 -9.578789e-02 2.261382e-01 1.698263e-01 -4.797585e-02 4.728202e-01 5.822018e-01 -3.069156e-01 -7.529988e-01 -2.224686e-01 -6.254604e-02 -2.366792e-01 9.772715e-02 
-6.337735e+00 4.502013e+00 2.822680e+00 4.788332e+00 -1.407618e+00 -3.402681e+00 -4.050480e+00 2.868729e+00 2.265880e+00 4.665188e+00 4.039595e-01 -2.033710e+00 1.174984e+01 6.212047e-01 1.918359e+00 3.688846e-01 -1.234858e+00 2.231527e-02 1.426820e+00 1.266972e+00 -7.134231e-01 -3.670920e-01 1.152258e+00 7.276140e-01 4.389699e-01 1.891322e-01 -2.410587e-01 -4.764827e-01 -2.259128e-01 4.882151e-01 -1.349358e-01 -1.544092e-01 6.648510e-01 2.426439e-01 -3.722523e-01 -8.093923e-01 -1.334542e-01 -1.631639e-01 1.613373e-03 
-7.583715e+00 5.678483e+00 3.706938e+00 6.645826e+00 1.151911e-01 -9.249756e-01 -4.189568e+00 -1.965350e+00 -2.731790e+00 4.327798e-01 -4.535409e-01 -1.678633e+00 1.212957e+01 8.477818e-03 1.072735e+00 5.993680e-01 -5.220324e-01 -9.886441e-01 5.833818e-01 1.202995e+00 -2.975598e-01 -1.027973e+00 -2.291127e-01 8.944627e-01 -8.025037e-02 1.521920e-01 -4.363361e-01 -6.417552e-01 -4.062980e-01 4.186113e-01 -2.198062e-01 -6.778648e-01 1.845828e-01 7.521651e-01 8.236431e-02 -6.366087e-01 -8.177236e-02 1.105872e-01 -1.381065e-01 
-5.653838e+00 6.390152e+00 7.475519e-01 3.023370e+00 -2.673445e+00 -1.139635e+00 4.510185e+00 1.006737e-01 -1.701591e-01 3.856606e+00 1.360114e+00 -1.359064e+00 1.217792e+01 -4.074507e-01 7.675118e-01 -3.363806e-01 -5.008721e-01 -1.029517e+00 6.460949e-02 1.393405e+00 5.327727e-01 3.629296e-01 -8.121333e-01 -1.223998e-01 -4.828235e-02 -1.744574e-01 -5.064760e-01 -4.906631e-01 -1.248708e-01 4.845113e-01 2.046260e-01 -5.142849e-01 -5.725095e-01 4.869462e-01 3.417889e-01 -1.509464e-01 -1.859826e-01 3.691369e-01 -1.884733e-01 
-7.403455e+00 6.571059e+00 3.931926e+00 2.737749e+00 -4.794287e+00 -4.502926e-01 3.198968e-01 7.761645e-01 -2.343396e+00 -8.584374e-01 8.735525e-01 -2.922024e+00 1.188298e+01 -9.380038e-01 6.943259e-02 -3.821954e-01 -3.943223e-01 -9.813384e-01 -9.473083e-01 1.514929e-01 1.441477e+00 1.921651e-01 -3.163016e-01 -3.023176e-01 1.036400e+00 -4.604163e-01 -3.118542e-01 -2.681752e-01 -1.261650e-02 5.456235e-01 8.429219e-01 -4.611018e-02 -4.310375e-01 1.098964e-01 3.440566e-01 2.885582e-01 -1.416033e-01 4.976018e-01 -1.071203e-01 
-8.465352e+00 7.892949e+00 1.028526e+00 4.238120e+00 -4.100855e+00 -3.317097e+00 6.613892e-01 4.161945e+00 3.886402e+00 1.250254e+00 -8.714391e-01 -1.653716e+00 1.100092e+01 -1.437851e+00 -3.325242e-02 2.353875e-01 1.123985e+00 1.041963e+00 -3.791867e-01 -1.069769e+00 8.516787e-01 7.318540e-01 4.410967e-01 3.960947e-01 1.726315e+00 -4.470091e-01 -3.273658e-02 -1.312140e-01 1.900612e-01 5.554702e-01 9.188713e-01 4.432229e-01 -2.188591e-01 -4.176420e-01 -4.377636e-02 1.526416e-01 3.796005e-02 1.056654e-01 4.521951e-02 
-1.086773e+01 5.274626e+00 1.655355e+00 4.067206e+00 -4.077601e+00 -4.573254e+00 -1.507970e+00 3.211158e+00 -3.799044e+00 1.543601e-01 -8.497353e-01 3.650007e+00 1.041609e+01 -1.035531e+00 1.321763e-01 2.503301e-01 1.393725e+00 2.190349e+00 5.747241e-01 2.793201e-01 9.259270e-02 5.077338e-01 5.870720e-01 -7.273726e-02 1.520381e+00 -2.472129e-01 2.727982e-01 3.499722e-02 1.101245e-01 2.408755e-01 5.429019e-01 7.578467e-01 2.586759e-01 -6.684333e-01 9.795474e-02 -7.155935e-02 -1.528569e-01 -4.344853e-01 1.347980e-01 
-1.111135e+01 6.872313e+00 3.062842e+00 7.978342e+00 2.177601e+00 -9.745484e-01 7.493562e-02 3.141943e+00 4.217256e+00 5.555947e+00 4.202138e+00 3.985772e+00 1.067665e+01 -5.224242e-01 8.016310e-02 2.976955e-01 1.382504e+00 1.978877e+00 1.519977e+00 2.352330e-01 -8.810074e-01 -1.382203e-02 -5.004771e-01 -4.738323e-02 2.379430e-01 -5.501101e-02 3.371696e-01 -1.543373e-01 -1.801405e-01 -5.371422e-01 -3.210720e-01 4.260394e-01 2.833340e-01 -3.753257e-01 -2.644233e-01 -2.248280e-01 -2.041153e-01 -6.000817e-01 9.945486e-02 
-1.125829e+01 7.742129e+00 4.166333e+00 7.836487e+00 3.018306e+00 1.251551e+00 2.009713e+00 1.749329e+00 2.957066e-02 -7.622530e-02 -2.026875e+00 1.860296e+00 1.080911e+01 -3.199844e-02 1.876172e-01 1.372734e-01 6.807933e-01 1.264492e+00 1.892434e+00 7.922755e-01 -1.034343e+00 1.054859e+00 -2.032423e-01 -8.449464e-01 -3.919015e-01 1.755692e-02 1.026925e-01 -3.161512e-01 -2.247916e-01 -9.111779e-01 -7.827957e-01 -2.837628e-02 -6.740499e-02 1.576662e-01 -2.439007e-01 9.557138e-02 2.318814e-01 -2.730008e-01 1.397032e-02 
-1.088193e+01 7.060162e+00 1.261363e+00 9.265740e+00 2.246169e+00 1.370339e+00 7.908750e-02 4.878580e-01 1.902936e+00 -1.136550e+00 -5.198364e-01 4.306459e-01 1.052930e+01 -2.539200e-01 -8.328243e-01 -6.088727e-01 -1.205255e+00 -1.003030e-01 1.092284e+00 9.042981e-02 -4.614270e-01 -8.637310e-01 -2.877891e-01 -2.383662e-01 -3.180033e-01 -8.210678e-02 -1.164456e-01 -2.746972e-01 -3.721747e-02 -8.606801e-01 -7.256529e-01 -1.466430e-01 1.631927e-01 6.270111e-01 -1.766634e-01 4.749089e-01 5.523085e-01 4.585637e-02 -3.177668e-02 
-1.114194e+01 6.118599e+00 3.242310e+00 6.827828e+00 2.210395e+00 3.716629e+00 2.451889e+00 -6.336233e-01 2.632697e+00 2.484438e+00 -2.713506e+00 3.468108e+00 1.057742e+01 -6.562401e-01 -9.921426e-01 -4.205388e-01 -1.868278e+00 -6.839741e-01 6.465834e-01 1.454432e-02 6.710840e-01 -2.868626e-01 9.585053e-01 1.182157e+00 4.334684e-01 -1.638629e-01 -1.222797e-01 -8.264515e-02 -6.030149e-02 -3.635618e-01 -3.526573e-01 -1.915281e-01 3.027668e-02 6.579371e-01 -7.654459e-02 3.340767e-01 7.770272e-01 4.161989e-02 -3.977677e-02 
-1.243927e+01 3.519949e+00 4.807048e-01 2.456334e+00 2.079817e+00 3.254106e+00 3.064031e-01 2.026707e+00 -1.402840e+00 2.836756e+00 3.353714e+00 1.591808e+00 1.038172e+01 -7.923241e-01 -7.033131e-01 3.904528e-01 -1.646415e+00 -6.750888e-01 1.409678e+00 1.440153e+00 1.401207e+00 -2.262014e-01 1.293280e+00 1.700652e+00 5.461010e-02 -1.231724e-01 5.536440e-02 2.346582e-01 -3.418357e-02 2.749321e-01 6.856018e-02 -1.774633e-01 5.291459e-02 2.010179e-01 4.144686e-01 1.276703e-01 2.609149e-01 -7.762446e-02 -2.858416e-02 
-1.376063e+01 4.551772e+00 2.454326e+00 1.899621e+00 -3.188750e-01 3.542189e+00 1.969233e+00 4.335762e+00 2.481115e-01 2.729742e+00 1.947302e+00 3.447551e+00 1.006363e+01 -3.739531e-01 -2.901885e-01 -6.639913e-01 -9.163840e-01 -2.114691e-01 7.761033e-01 2.688051e-01 1.323920e+00 3.535369e-01 6.766827e-01 2.070681e+00 -3.701930e-01 -1.608627e-01 1.335671e-01 1.380146e-01 -2.180643e-01 4.884409e-01 1.871858e-01 -4.829143e-01 -4.070330e-01 -6.591141e-01 -2.506786e-02 -4.278427e-01 -3.185208e-01 -5.208100e-02 -7.256588e-02 
-1.353394e+01 4.326892e+00 3.608047e+00 3.497876e+00 1.348672e-01 8.505549e+00 7.521339e+00 5.009171e+00 1.963796e+00 5.207309e+00 5.653141e+00 7.140841e-01 1.017020e+01 -1.183594e-01 -1.059912e-02 -6.580707e-01 -3.065818e-01 6.124129e-03 1.401051e-01 2.278852e-01 2.172742e-01 8.883991e-01 4.915165e-01 6.220157e-01 -3.041753e-01 -2.265863e-01 1.950783e-02 -4.124057e-02 -2.807868e-01 2.897020e-01 -4.243034e-02 -8.632757e-01 -9.445198e-01 -1.085728e+00 -4.216881e-01 -6.695924e-01 -7.293646e-01 1.591821e-01 -1.666515e-01 
-1.246494e+01 4.264019e+00 -1.640991e+00 1.725266e+00 2.125728e+00 4.971850e+00 1.880744e-01 4.494486e+00 2.716794e+00 4.682359e+00 6.490121e+00 2.056523e+00 9.878925e+00 -3.252769e-01 -6.484683e-01 -9.865272e-01 -9.604722e-02 -8.885077e-02 -1.133277e+00 -1.414485e+00 -2.032259e+00 -9.695293e-01 -7.798777e-01 1.288753e-01 3.524332e-01 -4.750424e-01 -1.553176e-01 -1.383289e-01 1.147413e-01 6.322999e-02 -3.344937e-01 -5.694435e-01 -5.748862e-01 -8.860894e-01 -6.387068e-01 -5.140625e-01 -7.756841e-01 1.515814e-01 -1.834028e-01 
-1.367870e+01 3.610981e+00 -7.619652e-01 1.011022e+00 8.885204e-01 3.240076e+00 2.335636e+00 3.033699e+00 1.804454e+00 4.318083e+00 4.192272e+00 7.670342e-01 9.341301e+00 -7.190481e-01 -7.304374e-01 -8.520433e-01 -6.080630e-01 -9.485612e-01 -1.951954e+00 -2.440902e+00 -2.349152e+00 -1.673330e+00 -1.326460e+00 -9.752888e-01 4.892266e-01 -7.993479e-01 -1.176256e-01 -5.463035e-02 1.876868e-01 -6.838937e-02 -3.242064e-01 -9.833343e-02 -2.744735e-01 -1.713378e-01 -3.855184e-01 -2.002992e-01 -3.306916e-01 -1.382811e-02 -9.836899e-02 
-1.531524e+01 1.666911e+00 -2.931516e-01 2.663189e+00 -1.139904e+00 5.088945e-01 -2.510131e+00 -4.838007e+00 -4.519399e+00 -7.247469e-01 3.322144e+00 5.183688e+00 8.103116e+00 -8.504215e-01 -6.219400e-01 6.595645e-03 -4.494675e-01 -1.406455e+00 -1.025055e+00 -1.271328e+00 -1.823321e+00 -1.559182e+00 -9.846395e-01 -1.009094e+00 -8.879892e-03 -7.914723e-01 3.775507e-03 1.136560e-01 2.176960e-01 -6.152384e-02 -1.742366e-01 3.001288e-01 1.621232e-01 4.181909e-01 1.379229e-01 1.663561e-01 -6.699102e-02 -1.771817e-01 6.871649e-03 
-1.570417e+01 1.973179e+00 -1.326007e+00 -1.140240e-02 -2.974549e+00 9.774978e-01 -3.333761e+00 -2.069952e+00 -2.784350e+00 1.278771e+00 2.360860e+00 1.596792e+00 7.061326e+00 -4.439142e-01 -2.970441e-01 -2.161345e-01 -4.718033e-01 -9.560644e-01 -4.056795e-01 -1.216220e+00 -7.439352e-01 -7.442350e-01 -4.074536e-01 -4.624576e-01 -1.926589e-01 -5.601738e-01 9.567847e-02 1.191898e-01 1.049141e-01 2.501792e-02 4.348484e-02 3.711866e-01 2.504169e-01 4.289598e-01 2.672950e-01 2.415158e-01 1.572338e-01 -1.547533e-01 7.098506e-02 
