-1.574689e+01 2.130163e+00 -1.477003e+00 9.144851e-01 -1.877571e+00 -1.739718e+00 2.283100e+00 4.740886e+00 3.024657e+00 1.938361e+00 4.309740e+00 1.064944e+00 7.685797e+00 2.042974e-01 9.113164e-02 1.767248e-01 3.422103e-01 4.952349e-01 7.378491e-01 -6.591895e-01 -7.679161e-01 -5.134795e-01 5.882022e-01 -2.172635e-01 -2.456912e-01 -5.063391e-03 3.573573e-03 -1.623370e-02 3.498878e-02 -1.312941e-01 -8.298213e-02 5.865489e-02 1.040080e-01 -2.030698e-01 7.238156e-02 -1.083452e-01 7.856356e-02 1.457818e-03 -3.030901e-02 
-1.555015e+01 1.783559e+00 -7.689704e-01 1.277889e+00 -2.346954e-01 -5.433130e-01 8.513666e-01 3.343522e+00 9.915402e-01 5.560395e+00 3.382248e+00 1.381691e+00 7.665202e+00 1.261640e-01 1.286440e-01 1.832958e-01 2.741387e-02 3.892542e-01 8.124011e-01 -7.888251e-01 -1.489889e+00 -6.258838e-01 3.927550e-01 -2.281875e-01 -5.869069e-01 -6.309632e-02 -3.614724e-03 -6.346574e-02 6.062438e-02 -1.596283e-01 -1.769552e-01 4.305150e-02 3.737538e-01 1.149538e-01 2.115930e-01 -2.891689e-01 6.568742e-03 6.831751e-02 -2.673650e-02 
-1.482340e+01 2.758803e+00 -9.480858e-01 2.443934e+00 -2.234338e-01 1.351480e+00 -2.972693e-01 1.599943e+00 1.473756e+00 3.067808e+00 3.687107e+00 -3.219207e-01 7.670405e+00 2.614015e-01 -9.028287e-03 3.481680e-01 -1.569240e-01 1.333293e-01 9.937358e-01 -7.452257e-02 -1.422516e+00 -9.537752e-02 1.442498e-01 1.810855e-01 -6.772592e-02 -1.276268e-01 -2.806626e-02 -8.659980e-02 -1.251737e-02 -1.986711e-01 -1.784572e-01 -1.716724e-01 2.985036e-01 5.427052e-01 4.071348e-01 -3.355717e-01 -1.508783e-01 2.691820e-01 -5.845803e-03 
-1.557826e+01 2.458941e+00 -8.250230e-01 2.873683e-01 -7.586931e-01 7.769728e-01 -3.706284e-01 -1.138126e+00 6.704780e-01 3.337083e+00 3.479693e+00 -1.176163e+00 7.377746e+00 1.579644e-01 -1.760250e-01 3.940157e-01 -2.063678e-01 -2.086841e-01 8.250524e-01 9.171969e-01 1.341337e-01 3.354806e-01 -6.358320e-01 -3.835036e-01 6.915011e-03 -7.760455e-02 -8.121438e-02 -1.019349e-01 -1.352693e-01 -2.037417e-02 -9.129301e-02 -4.833266e-01 1.031021e-01 6.531426e-01 3.527778e-01 -2.627267e-01 -3.098093e-01 1.675471e-01 1.307150e-02 
-1.442647e+01 1.746720e+00 2.918146e-01 6.252105e-01 -9.488161e-01 2.568671e+00 2.521886e+00 -1.307415e-01 2.708163e+00 3.770933e+00 5.166398e+00 2.005438e+00 7.191527e+00 4.803049e-02 -1.895446e-01 8.567079e-03 -5.342100e-01 -9.802290e-02 -1.268043e-01 -1.977732e-02 1.133500e+00 1.041572e+00 -5.752348e-01 -8.940134e-01 8.033338e-01 -2.704826e-02 -1.936235e-01 -8.029052e-02 -3.057488e-01 -6.091703e-02 -1.060624e-01 -7.014194e-01 -2.936462e-01 1.069548e-01 -1.560495e-01 8.809341e-02 -2.327999e-01 2.869091e-02 6.981219e-03 
-1.495934e+01 1.409623e+00 5.809280e-01 1.155192e+00 -9.150312e-01 2.973154e+00 4.028455e+00 4.879216e+00 2.051917e+00 2.029373e+00 7.253941e-01 2.526095e-01 7.516922e+00 -1.732052e-01 -2.906567e-01 -3.232682e-01 1.141688e-01 4.857814e-02 -1.044021e+00 -3.005774e-01 4.978926e-01 5.692936e-01 -5.610101e-01 -1.239689e+00 -1.846989e-01 -4.805404e-02 -1.976988e-01 -8.826476e-02 -2.328285e-01 6.554504e-02 -5.579653e-02 -4.858089e-01 -3.390568e-01 -5.279312e-01 -4.766305e-01 3.766748e-01 2.765877e-01 2.694674e-01 -2.523945e-02 
-1.489280e+01 2.336145e+00 -1.608074e+00 -6.614014e-01 -6.354775e-01 -3.807715e-01 -2.596018e+00 4.259077e+00 5.991055e+00 8.451810e-01 5.939015e-01 2.980044e+00 7.465760e+00 -5.411335e-01 -3.531138e-01 -8.220664e-01 -6.217477e-01 -5.256232e-01 -1.578687e+00 -9.338385e-01 -1.069708e+00 -9.926609e-01 5.473773e-01 -5.548273e-01 1.715516e-01 -1.074221e-01 -9.479856e-02 -7.284205e-02 4.163300e-02 1.165882e-01 1.344414e-02 1.820044e-01 2.045682e-01 -5.805051e-01 -5.031811e-01 3.742442e-01 5.534633e-01 2.026484e-01 -7.853216e-03 
-1.621094e+01 7.104741e-01 -1.491333e+00 1.501129e+00 -6.725746e-01 -2.968132e+00 6.849548e-01 -8.438818e-01 1.875811e+00 1.994816e+00 -4.326012e-01 -2.586905e+00 7.000323e+00 -5.360043e-01 -5.351535e-01 -3.549284e-01 1.650476e-01 -2.738773e-01 -8.778975e-01 -3.208762e-01 -1.404078e+00 -1.030629e+00 6.860680e-01 8.299304e-01 1.670128e+00 -1.635859e-01 6.572121e-02 6.359635e-02 3.009236e-01 5.916985e-02 6.936738e-02 6.759936e-01 2.517907e-01 1.726883e-01 8.182976e-02 2.270809e-01 5.569939e-01 1.874011e-01 4.961321e-02 
-1.650634e+01 3.302002e-01 -2.782228e+00 -2.656502e+00 -3.698645e+00 -2.353717e+00 -4.759898e-01 -2.617550e+00 -2.167163e+00 6.525267e+00 2.971334e+00 4.283092e+00 6.912742e+00 -2.444998e-01 -4.315661e-01 2.325783e-01 2.323920e-02 1.303203e-01 7.003471e-01 1.013001e+00 -8.180993e-01 -6.743572e-01 6.722701e-01 8.385831e-01 8.892775e-01 -8.534686e-03 1.953370e-01 2.690864e-01 4.235093e-01 2.853015e-01 4.033548e-01 6.909469e-01 2.456755e-01 7.733207e-01 6.679170e-01 -8.182932e-02 1.775244e-01 -4.935485e-01 1.056506e-01 
-1.683214e+01 -2.635815e-01 -6.058699e-01 2.978176e+00 -7.527310e-01 -4.298249e-01 1.363896e+00 1.297493e+00 9.778337e-01 2.619246e+00 3.686324e+00 7.951997e+00 6.975393e+00 6.997597e-03 6.637728e-02 6.541674e-01 8.755524e-02 6.730028e-02 1.196457e+00 -1.501018e-02 1.235669e+00 8.191643e-01 5.118156e-01 8.486419e-01 3.935550e-01 1.505218e-01 1.889411e-01 3.835299e-01 1.465009e-01 1.785900e-01 2.886045e-01 3.127419e-01 2.258600e-02 6.295972e-01 4.406221e-01 -3.852154e-01 -3.259787e-01 -8.729773e-01 1.186478e-01 
-1.580483e+01 6.661088e-01 -8.878188e-01 -1.283406e+00 5.678241e-02 1.851576e+00 2.129981e+00 -9.024962e-01 3.068268e+00 3.894109e+00 2.727525e+00 2.156990e+00 7.435410e+00 1.641194e-01 6.915199e-01 7.909635e-01 8.434319e-01 1.320513e+00 8.387579e-01 1.416904e-01 1.477158e+00 1.422005e+00 2.254727e-01 3.234226e-01 -1.657898e+00 2.638284e-01 1.321139e-01 2.957256e-01 -1.509939e-01 2.562590e-01 4.178125e-02 -1.074858e-01 -1.954054e-02 2.779006e-01 -3.459835e-02 -6.335073e-01 -4.102541e-01 -3.296200e-01 4.719751e-02 
-1.652641e+01 8.752594e-01 8.325325e-01 1.252327e+00 -2.213433e+00 9.112462e-01 -6.931130e-01 4.476731e+00 3.354026e+00 5.869701e+00 3.932481e+00 4.436323e-01 7.491558e+00 2.042974e-01 8.208138e-01 9.847024e-02 6.478746e-01 5.741354e-01 6.164572e-01 2.278065e-01 5.963182e-01 1.243286e-01 -1.016627e+00 -5.422809e-01 -1.421073e+00 2.934680e-01 9.136136e-02 -2.271824e-02 -3.915699e-01 -5.445851e-02 -8.949066e-02 -1.256897e-01 1.380943e-01 -1.957159e-01 -4.127057e-01 -5.837900e-01 -4.191575e-01 2.127997e-01 -1.836661e-02 
-1.583867e+01 3.218301e+00 4.532292e-01 2.423911e+00 3.634011e+00 1.169816e+00 1.260996e+00 3.178621e+00 3.755250e+00 6.027434e+00 4.465105e+00 -2.522364e-01 7.973904e+00 3.173088e-01 6.698123e-01 -2.444162e-01 1.024508e+00 8.585526e-02 4.528945e-01 7.938663e-01 8.910404e-01 -4.999730e-01 -1.731133e+00 -5.172961e-01 1.484129e-01 1.560403e-01 2.706289e-02 -3.351157e-01 -3.060810e-01 -3.721762e-01 -4.663342e-01 -1.368012e-01 -4.434085e-02 -1.065661e-01 -3.974570e-01 -3.541329e-01 -3.012129e-01 4.578160e-01 -7.569694e-02 
-1.579335e+01 2.564309e+00 -7.837211e-01 4.364053e+00 3.297117e-01 2.993523e+00 2.937423e+00 2.238838e+00 1.256115e+00 -3.530617e+00 1.058920e-01 2.051245e+00 8.173562e+00 3.872357e-01 -3.644849e-02 -7.860753e-01 -2.752499e-01 2.371368e-01 7.608924e-01 3.494456e-01 5.500165e-01 -2.832683e-01 -1.428716e+00 -8.268467e-01 5.543529e-01 1.125156e-01 -5.817786e-02 -3.614044e-01 -1.683611e-02 -4.299279e-01 -3.033207e-01 -2.991001e-01 -2.472164e-01 -1.677195e-01 -1.161040e-01 3.568615e-01 7.733550e-02 9.241147e-02 -9.277695e-02 
-1.458478e+01 3.170370e+00 -1.301681e+00 2.283321e+00 -7.858535e-01 3.075418e+00 4.283981e+00 4.671331e+00 1.617051e+00 -6.152510e-02 2.054408e+00 2.095589e+00 7.874833e+00 2.080588e-01 -5.553378e-01 -2.972829e-01 -5.559966e-01 -8.427294e-01 8.254395e-02 -1.408012e-01 9.675629e-01 -3.613060e-01 -1.338958e+00 -1.040352e+00 -3.564797e-01 -2.411101e-02 -1.014208e-01 -1.993784e-01 2.273942e-01 -3.644677e-01 -2.797899e-01 -5.348650e-01 -3.743888e-01 -4.588434e-01 -1.248944e-01 6.545025e-01 2.594972e-01 -3.113966e-01 -5.228847e-02 
-1.521746e+01 7.168120e-01 -2.220016e+00 -5.345600e-02 1.182284e+00 3.762997e+00 -4.572808e-01 6.480167e+00 3.006382e+00 1.770363e+00 1.003642e+00 2.041986e+00 8.103758e+00 -3.198365e-02 -3.732981e-01 4.067535e-02 -7.116336e-01 -4.783164e-01 -6.937011e-01 -5.410874e-01 -2.805015e-01 -5.256354e-01 5.715593e-01 1.058070e-01 -7.065457e-01 -8.036379e-02 9.509701e-02 -1.143782e-01 3.593926e-01 2.830098e-01 -2.400378e-01 -8.380082e-01 -2.519160e-01 -4.289762e-01 -3.578702e-01 3.490541e-01 4.296342e-01 -7.486007e-02 3.678618e-02 
-1.508668e+01 1.365258e+00 -3.150707e-01 1.852604e+00 -1.005787e+00 1.197253e+00 2.254544e+00 5.895587e+00 1.073363e+00 -3.318140e+00 -1.185161e+00 -2.029918e+00 7.888057e+00 1.964941e-02 -1.585065e-01 4.791400e-01 -5.796096e-01 -9.553966e-01 -1.493893e+00 -6.328934e-01 -9.877795e-01 -1.003466e+00 5.411184e-01 3.139046e-01 -7.780944e-01 -8.979724e-03 3.086517e-01 -3.551828e-01 1.977167e-01 4.329309e-01 5.404732e-02 -8.059149e-01 -1.016986e-01 -7.192538e-02 -2.258347e-01 3.491277e-01 3.279614e-01 3.929539e-01 1.782917e-01 
-1.570215e+01 1.600156e+00 -1.073677e+00 1.020993e+00 -1.952427e+00 4.635297e-01 1.247210e+00 2.240702e-01 -1.100140e+00 9.553543e-01 2.255169e+00 5.810517e-01 7.765140e+00 9.567381e-01 -8.068801e-01 6.228058e-01 1.151575e+00 -9.065853e-01 -2.641091e+00 -6.641105e-01 -6.172279e-01 -1.751578e+00 -6.234565e-01 6.441135e-01 3.909959e-01 2.889286e-01 1.183033e-01 -5.858224e-01 5.569658e-02 1.385889e-01 2.351845e-01 -7.076253e-01 2.252938e-02 6.152765e-01 2.279778e-01 1.232270e-01 5.328606e-02 3.836996e-01 2.682170e-01 
-1.424406e+01 1.936065e+00 5.210823e-01 -1.151762e+00 -3.995422e+00 -2.744482e+00 2.674480e-01 2.860540e+00 -1.346855e+00 3.051385e+00 2.998337e+00 -1.065058e+00 7.999051e+00 1.256962e+00 -2.114862e+00 4.001386e-01 6.770973e-01 -3.582941e-01 -2.973338e+00 -5.876824e-01 7.763954e-01 -8.774053e-01 1.003990e+00 3.303447e-01 1.059352e+00 6.826090e-01 -4.667788e-01 -3.259147e-01 -2.188203e-01 -2.354639e-01 7.493579e-01 -1.505724e-01 2.187802e-01 5.732819e-01 4.305161e-01 1.325075e-01 -1.135250e-01 -1.093569e-02 2.328661e-01 
-1.085524e+01 -3.602465e+00 4.755659e-01 7.206954e+00 -1.855710e+00 -7.471072e+00 -2.784093e+00 4.911649e+00 -4.541693e+00 -4.532099e+00 2.132286e+00 3.514128e+00 9.492914e+00 -5.899697e-02 -2.324322e+00 3.586219e-01 -6.469262e-01 3.991168e-01 -3.492190e+00 -4.509731e-01 1.913696e+00 5.512848e-01 9.564793e-01 3.640903e-01 2.931097e-01 9.149187e-01 -1.079142e+00 5.494993e-01 -3.035341e-01 -6.615181e-01 9.412592e-01 6.584989e-01 4.572708e-01 -7.224027e-03 2.143437e-01 1.233743e-01 -4.553340e-01 -5.085512e-01 8.329690e-02 
-1.122578e+01 -6.607420e+00 9.113433e-01 2.144861e+00 -2.845409e+00 -9.702172e+00 1.331893e+00 7.433626e+00 -1.593155e+00 4.445317e+00 5.277639e-01 1.800771e+00 1.043723e+01 -1.806143e+00 -1.029289e+00 -4.827642e-01 -8.576167e-01 2.138437e+00 -1.821019e+00 3.545203e-01 6.129535e-01 -2.332572e-03 4.135230e-01 -1.137555e-01 -7.839590e-01 8.422886e-01 -1.168289e+00 1.276470e+00 -2.636134e-01 -1.144186e-01 7.748412e-01 1.288190e+00 4.063679e-01 -5.411553e-01 -2.647636e-01 -5.207411e-01 -5.508154e-01 -3.988034e-01 -3.411969e-02 
-1.750612e+01 -5.749428e+00 5.240325e-01 -3.862168e+00 -5.314729e-01 -1.351919e+01 -1.539451e+00 7.505917e+00 1.779035e+00 5.040664e+00 5.310805e+00 6.137010e-01 1.112075e+01 -2.907363e+00 1.397781e+00 -4.533440e-01 -1.388583e+00 2.551327e+00 7.531466e-02 1.151094e+00 -5.714808e-01 -1.117521e+00 2.886303e-01 -1.410580e+00 -1.230098e+00 6.255552e-01 -5.724524e-01 1.261660e+00 -1.790657e-01 4.847658e-01 1.970846e-01 1.488434e+00 2.224040e-01 -7.061664e-01 -4.551628e-01 -3.830057e-01 -5.981467e-01 1.060280e-01 -5.742608e-02 
-1.994909e+01 -2.136826e+00 -1.916995e+00 9.437656e-02 6.034728e+00 -8.825861e+00 1.417561e+00 4.628347e+00 -4.518434e+00 3.329776e-01 8.400587e-01 -3.534709e+00 1.139650e+01 -3.160400e+00 2.406616e+00 -5.118856e-01 4.759302e-01 2.439830e+00 1.683681e+00 6.431631e-01 -6.869576e-01 -1.366792e+00 -1.265985e+00 -1.536369e+00 -1.730763e-01 6.567968e-01 1.021155e-01 5.296075e-01 -6.412078e-02 4.880575e-01 -7.530096e-01 7.989295e-01 -2.910961e-02 -1.755250e-01 2.114136e-01 9.803687e-02 -3.565266e-01 6.263514e-01 -1.064318e-02 
-2.103032e+01 1.150958e+00 -3.774451e-01 1.288966e+00 6.460683e+00 -7.532181e+00 2.928561e+00 3.456452e+00 -8.666905e+00 -1.032556e+00 -5.076714e+00 3.137394e-02 1.214094e+01 -2.244169e+00 2.266087e+00 -5.220408e-01 1.110220e+00 1.233924e+00 2.197563e+00 5.169107e-01 -9.669854e-01 -1.042335e+00 -1.189069e-01 -1.915465e+00 5.178855e-01 7.206152e-01 5.624495e-01 -3.523787e-01 -1.487792e-01 4.803073e-01 -1.121142e+00 9.234404e-02 -3.870154e-01 -8.191644e-03 6.395127e-01 4.460581e-01 1.517353e-01 5.480766e-01 -5.131301e-03 
-2.526578e+01 1.975281e+00 -1.197583e+00 1.948887e+00 5.857192e+00 -4.276779e+00 2.313133e+00 6.023367e+00 -3.203865e+00 1.152092e+00 -1.960028e+00 1.226241e+00 1.321121e+01 -1.627308e+00 1.184703e+00 -7.690505e-01 3.333391e-01 -9.679338e-01 1.112417e+00 5.261374e-01 -6.701494e-02 1.017110e+00 1.107403e+00 -1.643987e+00 1.473929e+00 7.414430e-01 8.163040e-01 -7.196319e-01 -1.930740e-01 8.333723e-02 -1.108976e+00 -4.063143e-01 -2.647125e-01 -5.804854e-03 4.808068e-01 2.899089e-01 3.036049e-01 2.173249e-01 -8.148100e-02 
-2.606882e+01 3.524500e+00 -2.446334e+00 7.615402e-01 5.726689e+00 -4.805974e+00 5.968254e-01 1.973120e+00 -4.089797e+00 4.036787e+00 -2.866387e+00 8.227540e-01 1.381647e+01 -8.618739e-01 2.468936e-01 -1.068777e+00 1.084258e+00 -1.350400e+00 8.227932e-01 -7.253144e-01 -9.224859e-01 8.880475e-01 1.332153e+00 -5.980908e-01 6.868939e-01 5.575534e-01 7.282898e-01 -6.192967e-01 -7.026669e-02 -1.335025e-01 -5.821859e-01 -5.371701e-01 -1.426927e-01 1.078579e-01 2.480104e-01 -5.009279e-01 4.033333e-01 -1.675260e-01 -1.400022e-01 
-2.556635e+01 2.600356e+00 -4.727633e+00 2.025146e+00 1.562530e+00 -4.626388e+00 5.214017e+00 5.035130e+00 -1.721497e+00 3.335715e+00 -8.484954e+00 3.439571e+00 1.426608e+01 2.299430e-01 -1.821183e-01 -1.203931e+00 9.055302e-01 -1.812937e+00 3.394850e-01 -5.929847e-02 -7.383884e-01 7.210338e-02 -5.419490e-01 -6.771549e-01 8.291382e-01 3.308511e-01 4.354374e-01 -2.644867e-01 1.594571e-01 -3.376752e-01 1.646922e-01 -4.999938e-01 -2.638632e-01 6.773407e-02 -1.665143e-01 -6.458077e-01 6.006923e-01 -4.016572e-01 -1.256101e-01 
-2.518949e+01 2.072726e+00 -3.956383e+00 6.671860e+00 1.855996e+00 -3.243331e+00 -2.148479e+00 -6.621776e-01 -4.967838e+00 4.536330e+00 -4.804337e+00 2.359220e+00 1.440114e+01 4.686176e-01 -1.470814e-01 -6.558501e-01 1.565678e-01 -1.254449e+00 -1.018030e-01 9.617189e-02 -9.210654e-02 6.702923e-01 -1.798984e+00 -3.820976e-01 2.649816e-03 2.259112e-01 4.885419e-02 1.627668e-02 2.855311e-01 -6.857272e-01 5.092434e-01 -3.818454e-01 -8.555932e-03 -3.476887e-02 -1.137121e-01 -2.135250e-01 4.721557e-01 -2.678971e-01 -4.565381e-02 
-2.455566e+01 1.791086e+00 -6.462313e+00 3.521365e+00 -1.272092e+00 -3.360560e+00 3.389394e+00 3.649488e+00 -2.404325e+00 -1.807533e+00 -4.376595e+00 4.604225e+00 1.457305e+01 -1.152462e-01 5.933181e-02 -1.782583e-01 -8.912750e-01 -1.924694e-01 -9.251891e-01 -1.203874e+00 -1.433987e-01 2.933103e-01 -5.561737e-01 1.251642e+00 -1.922696e-01 2.791377e-01 -3.274843e-01 9.593146e-02 1.515394e-01 -4.187609e-01 8.125907e-01 -1.068947e-01 1.675397e-02 -4.161392e-01 -1.100643e-01 5.035828e-01 5.566357e-01 -3.127827e-01 2.879056e-02 
-2.423101e+01 3.193742e+00 -4.858703e+00 7.964747e-01 8.715955e-01 -5.947921e+00 1.989663e+00 2.205624e+00 -3.965447e-01 -2.386114e+00 -6.831122e+00 2.540714e-01 1.479243e+01 -4.450481e-01 2.074771e-01 -1.540651e-01 -1.445985e+00 3.855767e-01 -4.540803e-01 -1.958540e-01 -1.393681e+00 2.089695e-01 2.714185e-01 7.983480e-01 -1.419403e-01 3.551502e-01 -3.445777e-01 1.160861e-01 -2.304477e-01 2.090909e-01 4.308408e-01 1.774534e-01 3.411963e-01 -4.687775e-01 -2.020946e-01 3.877231e-01 4.094736e-01 -1.864424e-01 4.675520e-02 
-2.662120e+01 2.336541e+00 -5.168046e+00 5.063480e-01 1.092854e+00 -7.900082e+00 -2.874684e+00 2.883986e+00 -2.540558e+00 4.016600e+00 -1.213730e+00 3.531184e+00 1.546642e+01 -9.506075e-01 1.204560e-01 -6.970682e-01 -3.869224e-01 1.430005e+00 -1.881674e-02 1.704471e-01 -2.168194e+00 -2.477011e-01 9.406899e-01 1.515874e+00 -6.625075e-01 4.102459e-01 -3.916001e-02 1.950399e-01 -3.340421e-01 7.823579e-01 -1.279410e-01 3.216075e-01 7.070858e-01 -7.973082e-02 -2.676472e-02 -2.320861e-01 -6.389100e-02 -6.764412e-02 1.639462e-03 
-2.638143e+01 2.836838e+00 -5.373713e+00 9.489936e-01 2.602576e+00 -3.244578e+00 4.044520e-03 -7.248078e+00 -3.854712e+00 2.981244e+00 -2.394032e+00 2.186228e+00 1.573025e+01 -8.367412e-01 4.028461e-01 -1.548759e+00 9.498860e-01 8.852985e-02 3.324063e-01 1.114803e+00 -1.423486e+00 -6.941497e-02 -6.085206e-01 1.533071e+00 -6.943899e-01 3.942245e-01 1.265670e-01 1.660347e-01 -1.875925e-01 7.725659e-01 -5.060862e-01 1.787537e-01 2.665689e-01 7.575163e-01 1.166326e-01 -4.249893e-01 -1.172603e-01 -1.860009e-02 -4.514344e-02 
-2.823359e+01 2.571439e+00 -9.690185e+00 1.510502e+00 5.012568e+00 -4.806805e+00 5.234695e+00 -2.464762e+00 -1.913387e+00 2.121975e-01 9.844657e-01 3.257050e-01 1.615536e+01 -1.150753e-01 9.367784e-01 -1.151214e+00 1.822654e+00 -6.835912e-01 2.894824e-01 1.676095e+00 -5.272586e-01 2.988629e-01 -1.276370e+00 5.647249e-01 -2.542216e-01 2.678338e-01 2.743516e-01 4.335405e-02 1.933426e-01 2.544256e-01 -7.493047e-01 1.359626e-01 -3.893369e-01 8.433762e-01 1.304461e-01 -3.719421e-02 -3.460370e-01 1.010066e-02 -8.056236e-02 
-2.760836e+01 5.089961e+00 -1.034174e+01 5.043572e+00 -6.460767e-01 -5.832770e+00 3.509034e+00 -2.237339e+00 -1.057359e+00 -3.526853e+00 -2.647135e-01 -1.615223e+00 1.641919e+01 -2.297964e-01 6.294436e-01 -8.649272e-01 1.312039e+00 -1.087956e+00 2.854159e-01 3.840458e-01 1.573504e+00 5.190192e-01 -7.449353e-01 6.875933e-01 -4.390112e-01 2.006331e-01 2.304294e-01 -1.296257e-01 4.855220e-01 -2.970907e-01 -3.677050e-01 2.478460e-01 -7.298598e-01 5.235464e-01 -9.529405e-02 5.739236e-01 -4.113287e-01 -4.024795e-02 -8.188929e-02 
-2.658334e+01 5.893686e+00 -8.440591e+00 7.572488e+00 -7.010600e-01 -5.158494e+00 3.753236e+00 -2.257658e+00 -2.445029e+00 8.886344e-01 5.453745e-01 4.160779e+00 1.646103e+01 1.177864e-01 2.238531e-01 -7.207695e-02 7.042326e-01 -1.728354e+00 6.843824e-01 -1.410707e+00 5.502938e-01 1.102218e-01 8.229095e-01 2.085579e-01 -7.397075e-01 1.041489e-01 1.073794e-01 -2.648373e-01 3.918940e-01 -4.775960e-01 -1.775560e-01 3.178249e-01 -7.114012e-01 -3.489789e-02 -3.982344e-01 3.989923e-01 -3.308398e-01 1.185369e-02 -5.364943e-02 
-2.835576e+01 4.323075e+00 -1.032320e+01 4.477804e+00 1.968523e-02 -1.641611e+00 2.664665e+00 5.155786e-01 -9.938116e-01 -1.081484e+00 1.263105e+00 -1.926610e+00 1.658047e+01 1.991683e-01 1.113160e-01 3.393570e-01 2.350011e-02 -1.227703e+00 1.374328e+00 -9.908904e-01 6.555122e-01 -4.516496e-01 1.211386e+00 -3.454317e-01 -6.528042e-01 6.658769e-02 7.924879e-02 -2.849919e-01 2.725195e-01 -2.877987e-01 5.950446e-02 3.086638e-01 -8.533496e-02 -4.212353e-01 -4.692155e-01 2.887457e-02 -4.069793e-01 3.536535e-01 -3.714782e-02 
-2.727108e+01 4.074709e+00 -1.005979e+01 5.314953e+00 -3.961637e+00 -3.480284e+00 -1.396671e+00 -1.090062e+00 -1.394205e+00 3.104077e+00 1.263105e+00 -3.216988e+00 1.659543e+01 2.073749e-01 -1.282300e-01 2.061450e-01 7.881452e-02 -1.501515e+00 1.334115e+00 -1.193571e+00 -2.427948e-01 -1.207115e+00 -2.597313e-01 -5.731061e-01 -8.809223e-02 6.649868e-02 4.336391e-02 -2.094557e-01 4.777889e-02 -1.812122e-01 4.448090e-01 -2.710466e-02 3.859275e-01 -2.263571e-01 -8.512827e-02 -3.207670e-01 -2.019962e-01 5.337670e-01 -1.737992e-02 
-2.626843e+01 6.555600e+00 -7.834970e+00 6.290137e+00 -5.154047e+00 1.995557e-01 1.129540e+00 4.565735e-01 -3.840590e+00 1.422051e+00 -2.350592e+00 -1.190782e+00 1.668475e+01 1.218897e-01 -6.195087e-01 3.584726e-01 1.856600e-01 -9.037436e-01 1.503702e+00 -1.512582e-01 -1.360515e-01 -1.168396e+00 -5.916323e-02 -9.564210e-01 1.003478e+00 3.365489e-02 1.326799e-01 -7.207905e-03 1.024276e-01 -1.925459e-01 6.386129e-01 -4.835038e-01 1.227498e-01 -2.501605e-01 2.641561e-01 -2.304657e-01 3.906107e-02 2.769687e-01 -6.934569e-03 
-2.659022e+01 4.136504e+00 -8.653422e+00 7.060400e+00 -5.621736e+00 5.911518e-01 -1.446890e+00 -3.442057e+00 -7.057026e+00 -1.661776e+00 -5.136101e-01 3.352344e+00 1.674133e+01 3.732162e-01 -4.580342e-01 1.570118e-01 -2.828165e-01 3.335893e-01 4.840708e-01 9.909369e-02 -1.858188e-01 4.298932e-02 -1.455071e-01 -4.959888e-01 1.100938e+00 3.365489e-02 4.304565e-01 4.858806e-01 4.399538e-01 -4.177192e-01 3.318111e-01 -9.649631e-01 -1.190249e-01 -2.786085e-01 2.665480e-01 -7.070737e-02 -7.714378e-02 -2.826959e-01 4.787799e-02 
-2.808732e+01 1.194135e+00 -9.233756e+00 4.533187e+00 -3.669497e+00 3.841150e+00 1.933536e+00 1.011065e+00 -4.004236e+00 1.005309e+00 -2.630796e+00 -1.937601e-01 1.667608e+01 7.794418e-01 2.400386e-01 8.760878e-01 -7.582073e-01 1.047705e+00 -6.182454e-01 -1.023492e+00 -6.236048e-01 2.439364e-01 1.860669e-03 -1.886014e-01 1.375366e-01 4.825214e-02 1.006483e+00 4.497775e-01 6.275975e-01 -5.615152e-01 -5.581043e-01 -1.612622e+00 -5.720551e-01 -5.555406e-01 -2.912545e-01 -4.678566e-01 -2.201612e-01 -5.906581e-01 1.463432e-01 
-2.449544e+01 4.464886e+00 -8.575032e+00 4.779007e+00 -3.036195e+00 -2.880418e+00 -1.303618e+00 -2.296344e+00 -1.097233e+00 2.584688e+00 -1.076367e+00 1.789076e+00 1.676821e+01 2.030774e+00 1.871541e+00 2.147277e+00 -1.537697e+00 -8.179895e-01 -2.429785e+00 -1.352424e+00 -1.392018e+00 -5.805619e-01 -6.439400e-01 -1.342873e+00 -1.068661e+00 2.986304e-01 1.286543e+00 -5.984410e-01 7.039506e-01 -7.001442e-01 -1.439158e+00 -1.487322e+00 -6.799195e-01 -2.275828e-01 -8.945637e-01 -6.846977e-01 -3.978201e-01 -8.211610e-01 2.298380e-01 
-2.341821e+01 7.591054e+00 -3.493633e+00 3.639802e+00 -1.208496e+00 -1.155650e+00 -4.059754e+00 -3.234563e+00 -5.600824e+00 -6.917714e-01 -3.011968e+00 2.784366e-01 1.691259e+01 4.325539e+00 4.643511e-01 2.501364e+00 -1.994432e+00 -3.118472e+00 -5.102514e+00 -2.285708e+00 -2.310703e+00 -2.312849e+00 -2.149481e+00 -1.633928e+00 -8.651043e-01 6.329428e-01 1.122967e+00 -1.713345e+00 3.423392e-01 -6.068081e-01 -1.621096e+00 -7.741761e-01 -3.796546e-01 5.408990e-01 -7.012345e-01 -3.858783e-01 -1.606516e-01 -6.663646e-01 2.368469e-01 
-1.877034e+01 1.029615e+01 -7.870927e-01 -1.816912e-01 -1.094187e+01 -9.059073e+00 -5.212821e+00 -8.278908e+00 -9.161582e+00 -4.032898e+00 -7.037362e+00 -2.226788e+00 1.811618e+01 5.033014e+00 -3.562420e+00 2.864262e+00 -3.165428e+00 -4.779226e+00 -4.710325e+00 -2.669540e+00 -4.802638e-01 -3.151454e+00 -2.493433e+00 -1.762529e+00 -2.503473e+00 8.904417e-01 2.790495e-01 -2.032403e+00 -2.331422e-02 -2.170050e-01 -5.631610e-01 6.262873e-01 3.107926e-02 1.422398e+00 1.922050e-02 4.403866e-01 4.460083e-01 -2.309612e-01 1.070116e-01 
-9.322003e+00 6.003531e-01 -6.206207e-01 -2.958983e+00 -1.530874e+01 -1.858209e+01 -7.540126e+00 -7.550918e+00 -1.153611e+01 -6.433445e+00 -7.820055e+00 -2.511373e+00 1.916693e+01 4.893160e+00 -5.609796e+00 2.229265e+00 -2.978481e+00 -5.077109e+00 -3.348658e+00 -2.263102e+00 1.625074e+00 -1.976686e+00 -1.002544e+00 -7.821772e-01 -2.476922e+00 9.366366e-01 -8.679650e-01 -7.899104e-01 -1.643931e-01 1.710898e-01 6.203890e-01 1.730464e+00 6.819457e-01 1.534513e+00 7.354896e-01 1.123834e+00 7.421746e-01 1.035412e-01 -6.225748e-02 
-6.378864e+00 -9.852028e+00 4.309901e+00 -7.748843e+00 -1.988229e+01 -1.771908e+01 -1.291109e+01 -2.539397e+00 -1.388655e+01 -7.011684e+00 -7.484671e+00 -9.333615e+00 2.009326e+01 3.142252e+00 -5.253333e+00 2.166840e+00 -2.130761e+00 -2.654431e+00 -1.751502e-01 -1.208334e+00 3.752037e+00 -6.525967e-01 9.846442e-01 4.611087e-01 -1.417447e+00 6.818969e-01 -1.360901e+00 7.893400e-01 -4.649332e-01 5.528511e-01 1.264683e+00 1.405807e+00 9.635821e-01 5.394799e-01 7.374629e-01 9.570047e-01 6.659328e-01 6.086580e-01 -1.932496e-01 
-5.148493e+00 -1.038402e+01 5.103488e+00 -7.468941e+00 -2.212468e+01 -1.356950e+01 -1.152564e+01 2.020793e+00 -1.312190e+01 -4.214923e+00 -6.699238e+00 -8.552468e+00 2.060725e+01 9.309216e-01 -2.639464e+00 2.028103e+00 -1.656414e+00 -1.078762e+00 1.282154e+00 3.934263e-01 3.245908e+00 1.153243e-01 1.730729e+00 9.652371e-01 -8.903756e-01 4.258222e-01 -1.282452e+00 1.404496e+00 -5.685829e-01 6.894801e-01 1.194891e+00 4.657025e-01 7.832986e-01 -4.926454e-01 1.891685e-01 1.926102e-01 4.244661e-01 4.662550e-01 -2.454764e-01 
-5.146198e+00 -1.047869e+01 7.184599e+00 -8.580455e+00 -2.080641e+01 -1.244085e+01 -9.261356e+00 5.695127e+00 -1.163164e+01 -2.189156e-01 -5.291955e+00 -6.293332e+00 2.080561e+01 2.095975e-01 -1.100886e+00 6.401293e-01 -1.062176e+00 -4.549137e-01 3.172357e-03 8.200087e-01 1.406735e+00 -5.100278e-01 9.247582e-01 6.935421e-01 -2.534752e-01 1.796273e-01 -7.880448e-01 1.306001e+00 -5.733446e-01 7.974417e-01 7.367914e-01 -5.449718e-01 3.773776e-01 -1.079989e+00 -2.964570e-01 -4.095216e-01 3.504757e-01 1.675063e-01 -2.361198e-01 
-5.283862e+00 -1.228380e+01 8.082283e+00 -1.082521e+01 -2.024067e+01 -1.481038e+01 -7.397839e+00 4.561136e+00 -1.208728e+01 -1.175918e+00 -4.090520e+00 -8.483272e+00 2.094002e+01 -5.267107e-02 -6.634953e-01 1.495448e-01 -6.534214e-02 -2.023320e-01 -1.109536e+00 6.393186e-01 3.347279e-01 -1.102064e+00 -9.661325e-03 1.223845e+00 -7.275518e-01 -3.968733e-02 -2.722420e-01 9.978095e-01 -3.615049e-01 9.996976e-01 6.193376e-01 -6.514176e-01 -2.095609e-02 -7.438389e-01 -4.296885e-01 -4.733071e-01 5.277252e-01 4.157364e-02 -2.522812e-01 
-5.263213e+00 -1.440620e+01 6.021402e+00 -1.138118e+01 -2.309848e+01 -1.708264e+01 -1.087526e+01 3.223949e+00 -1.695430e+01 -3.907328e+00 -5.321306e+00 -1.063569e+01 2.082512e+01 -3.062201e-01 2.885952e-01 2.392986e-01 1.060906e+00 5.911859e-01 -1.704296e+00 5.556629e-01 -1.923343e-01 -1.526169e+00 -1.930175e-01 2.084140e+00 -6.614412e-01 -2.658556e-01 -4.859941e-03 1.202598e+00 9.561725e-02 1.197578e+00 9.337494e-01 -1.711612e-02 -2.480091e-01 -3.704031e-01 -1.192135e-01 -5.292115e-01 1.397617e-01 -1.158320e-01 -3.355037e-01 
-5.353268e+00 -1.173716e+01 6.432735e+00 -6.395345e+00 -2.199020e+01 -1.679580e+01 -7.522401e+00 4.930015e+00 -1.597117e+01 -2.418961e+00 -5.652679e-01 -1.001876e+01 2.039914e+01 -1.723503e-01 1.655035e+00 4.210464e-01 2.280432e+00 1.494696e+00 -1.121133e+00 4.209527e-01 3.262716e-01 -1.525118e+00 -7.694408e-02 2.908419e+00 -4.784643e-01 -6.128070e-01 6.074035e-02 1.461542e+00 2.723719e-02 1.012865e+00 9.865685e-01 5.957898e-01 -4.743827e-01 -7.821566e-01 2.287552e-01 -9.010233e-01 -9.072588e-01 1.216830e-01 -4.194407e-01 
-6.642146e+00 -9.308949e+00 9.205442e+00 -5.490882e+00 -1.697546e+01 -1.996931e+01 -6.420538e+00 4.549413e+00 -1.732063e+01 -5.624375e-01 3.365811e+00 -8.832667e+00 1.974683e+01 2.451593e-01 3.752872e+00 9.824184e-01 3.752918e+00 3.365239e+00 -7.650045e-02 -3.108806e-01 -4.410322e-01 -8.946636e-01 -1.687747e+00 5.500153e-01 -9.571259e-01 -1.211294e+00 -1.107034e-01 1.257892e+00 -4.776679e-01 3.493451e-01 8.031283e-01 1.200953e+00 -5.060342e-01 -1.304025e+00 8.084440e-01 -9.248876e-01 -1.590826e+00 4.297268e-01 -4.720417e-01 
-5.455942e+00 -6.557509e+00 8.595185e+00 -2.368079e+00 -1.582876e+01 -1.897286e+01 -7.520925e+00 5.529835e+00 -1.952944e+01 -3.233286e+00 6.108370e+00 -1.177695e+01 1.841491e+01 -2.463192e-02 4.912328e+00 -8.596565e-02 3.653117e+00 3.343508e+00 1.055637e+00 -1.299217e+00 -3.451747e+00 -2.741139e-01 -3.767396e+00 -2.545382e+00 2.866751e-02 -1.664164e+00 -5.601134e-01 3.731897e-01 -8.095465e-01 -4.146358e-01 6.270978e-01 1.506579e+00 4.653699e-02 -1.205586e+00 1.365110e+00 -1.708785e-01 -1.250142e+00 8.003089e-01 -4.350917e-01 
-3.986380e+00 1.767715e+00 9.851944e+00 5.369485e+00 -9.353314e+00 -1.637635e+01 -1.243057e+01 7.183840e-01 -1.964864e+01 -1.193869e+01 -5.907935e+00 -1.454240e+01 1.576081e+01 -9.336814e-01 4.949459e+00 -1.895528e+00 2.121403e+00 3.682512e+00 3.212074e+00 -1.114375e+00 -4.823328e+00 1.890532e+00 -2.972094e+00 -3.143068e+00 1.233479e+00 -2.100479e+00 -7.631404e-01 -1.587072e+00 -1.372921e+00 -1.217535e+00 3.848806e-01 1.102486e+00 9.198701e-01 2.006279e-02 1.788724e+00 1.462574e+00 5.130397e-01 1.068808e+00 9.408249e-02 
-6.804475e+00 7.285646e+00 5.679607e+00 6.440100e+00 -9.083697e+00 -1.331384e+01 -1.101361e+01 -1.041325e+01 -1.617801e+01 -1.556757e+01 -8.655581e+00 -7.020875e+00 1.407119e+01 -2.383510e+00 2.922458e+00 -2.187639e+00 1.022943e+00 4.471517e+00 4.767576e+00 1.055290e+00 -3.510525e+00 3.907806e+00 -2.893186e-01 -1.495593e+00 2.427627e+00 -2.343737e+00 -3.654634e-01 -2.994920e+00 -1.312348e+00 -1.340913e+00 2.311292e-01 7.703616e-02 1.179424e+00 1.651917e+00 1.693884e+00 2.550242e+00 1.762485e+00 6.297759e-01 7.044378e-01 
-1.063612e+01 8.517179e+00 1.185285e+00 7.121207e-01 -1.935204e+00 -6.738180e+00 -1.024604e+01 -1.159569e+01 -9.543700e+00 -9.255867e+00 -4.967528e+00 -5.043399e+00 1.141623e+01 -2.391033e+00 -3.187678e+00 -4.831419e+00 -1.019777e+00 4.725770e+00 3.580165e+00 3.111159e+00 -3.112768e-01 5.957947e+00 3.886338e+00 2.590324e+00 3.187472e+00 -4.010580e-01 -5.500822e-02 -2.633888e+00 -6.040741e-01 -8.027306e-01 -5.070375e-01 -1.443172e+00 4.188813e-01 2.184946e+00 5.525653e-01 1.977646e+00 1.394733e+00 6.921441e-02 1.156650e+00 
-1.404789e+01 4.680770e+00 1.989829e+00 5.075098e+00 2.820522e+00 4.615973e-02 -3.336502e+00 -5.865562e+00 -5.042600e+00 -6.021492e+00 -1.839885e+00 -4.388464e+00 8.868358e+00 -1.123288e+00 -5.993679e+00 -5.179831e+00 -1.480817e+00 3.977553e+00 1.256701e+00 2.484972e+00 2.551938e+00 6.161445e+00 5.554609e+00 3.400325e+00 2.200612e+00 1.008377e+00 -1.738132e-01 -4.700645e-01 4.556231e-01 -2.249635e-01 -1.306785e+00 -2.142842e+00 -4.998058e-01 1.593731e+00 -6.405388e-01 5.016678e-01 -1.840359e-01 -3.356944e-01 1.091358e+00 
-1.231964e+01 -1.286807e+01 -1.245994e+01 9.532539e-01 8.323491e+00 -5.155999e+00 -7.132991e-01 -3.111473e+00 4.573480e+00 2.719496e+00 3.635449e+00 7.864233e-02 1.635675e+01 -1.838799e+00 -3.761979e+00 -3.419850e+00 -6.402728e-01 1.394232e+00 -2.248300e+00 2.653286e-01 3.070128e+00 3.526472e+00 3.994019e+00 1.382622e+00 1.693054e+00 2.006685e+00 -7.832337e-01 2.271147e+00 1.974823e+00 4.943077e-01 -1.743306e+00 -1.444354e+00 -6.337162e-01 5.926988e-01 -1.843211e+00 -1.348995e+00 -1.584276e+00 -5.775308e-01 2.544713e-01 
-1.157912e+01 -1.199028e+01 -1.339682e+01 -1.084876e+00 5.675018e+00 -7.821513e+00 -3.355211e+00 -1.895813e+00 7.570614e+00 6.217671e+00 4.044406e+00 1.421162e+00 1.664291e+01 -3.528670e+00 8.594687e-01 -6.153788e-01 -2.916877e-01 -3.965742e-01 -3.032377e+00 -2.054621e-02 2.767365e+00 1.920846e+00 2.165009e+00 -1.811957e+00 1.496428e+00 1.909222e+00 -9.687710e-01 2.747761e+00 2.002009e+00 6.276866e-01 -1.359804e+00 -3.157083e-01 -6.500777e-02 -3.163455e-01 -2.130125e+00 -2.115083e+00 -1.441566e+00 -4.510682e-01 -3.102239e-01 
-2.106416e+01 -1.957385e+00 -8.220594e+00 5.907020e-01 3.608837e+00 -1.404631e+01 -8.910316e+00 1.770315e+00 1.782358e+00 4.594496e+00 -9.969234e-01 5.177023e-01 1.756251e+01 -5.104675e+00 4.741522e+00 2.760619e+00 8.571301e-01 -1.803576e+00 -1.497207e+00 1.195229e+00 2.544452e+00 -1.137781e+00 -1.163710e+00 -2.725034e+00 6.519193e-01 4.209268e-01 -7.803181e-03 1.290666e+00 9.325671e-01 2.578424e-01 -5.680173e-01 8.738139e-01 3.945906e-01 -1.054509e+00 -1.525082e+00 -1.719702e+00 -1.712948e-01 -4.078947e-01 -5.572377e-01 
-2.731927e+01 3.523312e+00 -3.206626e+00 3.797859e+00 3.194806e+00 -1.067077e+01 6.593529e-01 5.530225e+00 5.956996e+00 3.866052e+00 -8.583573e+00 2.874300e+00 1.781138e+01 -4.334111e+00 3.493332e+00 1.739875e+00 9.087916e-01 -1.222354e+00 -6.974664e-01 1.694856e+00 1.233173e+00 -2.157073e+00 -2.441798e+00 -1.753768e+00 4.659567e-01 2.501213e-01 1.116514e+00 -3.460694e-01 -3.868082e-01 -8.195931e-02 8.363607e-02 1.034340e+00 -8.725797e-03 -1.283769e+00 -8.300409e-01 -7.976850e-01 1.076871e+00 -4.970546e-01 -4.123978e-01 
-2.997331e+01 3.082828e+00 -3.751559e+00 2.797539e+00 5.450078e-01 -1.121701e+01 3.255969e+00 5.897542e+00 -3.084914e-01 -1.923523e+00 -3.675301e+00 2.611156e+00 1.787706e+01 -1.475145e+00 1.374359e+00 6.531658e-02 4.880907e-02 -1.032960e+00 9.532217e-01 1.380532e+00 -1.435408e+00 -2.059826e+00 -2.301258e+00 4.970175e-01 1.688858e-01 5.012130e-02 1.613865e+00 -1.078911e+00 -9.899924e-01 -4.388865e-01 3.537898e-01 6.233913e-01 -5.836626e-01 -9.161394e-01 2.398778e-01 5.242063e-01 1.017362e+00 -4.666008e-01 -8.794555e-02 
-2.879571e+01 2.956466e+00 -6.931385e+00 2.355746e+00 1.095503e+00 -1.272353e+01 -9.643940e-01 2.206405e+00 -2.169655e+00 -2.732373e+00 -3.384922e+00 2.703743e+00 1.773615e+01 2.391754e-01 8.128163e-01 -1.201691e+00 -2.972974e-01 -3.636433e-01 9.139124e-01 -1.567942e-01 -1.661787e+00 -1.768386e+00 -1.254464e+00 1.961380e+00 -7.472783e-01 3.267581e-02 1.159984e+00 -7.085031e-01 -5.176993e-01 -4.477618e-01 1.428136e-01 3.729096e-01 -4.525833e-01 -1.547338e-03 6.699502e-01 1.051210e+00 3.417770e-01 -3.000223e-01 -1.373936e-02 
-2.770186e+01 5.197705e+00 -6.032015e+00 1.555661e+00 -5.056373e-01 -8.253848e+00 -1.195795e+00 -3.744507e+00 -4.453640e+00 -3.612734e+00 -1.111197e+00 1.447476e+00 1.785083e+01 6.780564e-01 6.873307e-01 -7.182746e-01 -7.343334e-01 -4.641076e-01 8.140578e-01 -7.972829e-01 -5.889479e-01 -1.327456e-01 8.634498e-01 5.043723e-01 -1.074525e+00 8.981866e-02 3.817799e-01 -4.160850e-01 -8.599133e-02 -3.298833e-01 3.481097e-03 -2.253978e-01 -1.000566e-01 8.433117e-01 5.946038e-01 7.812632e-01 -4.400345e-01 3.150391e-02 2.535414e-02 
-2.725904e+01 6.530248e+00 -8.075195e+00 2.932591e+00 1.901705e+00 -7.582481e+00 2.100933e+00 2.042676e+00 -8.123056e-01 -1.561867e+00 -5.847368e-02 -2.795254e-01 1.798763e+01 3.891164e-01 2.941173e-01 -4.566295e-01 -9.385010e-01 -7.925808e-01 1.236520e+00 5.209090e-01 8.023188e-01 2.292293e-01 1.231727e+00 -4.853571e-02 -4.124604e-01 1.615588e-01 -4.368807e-02 -4.721676e-01 1.386939e-01 -2.094214e-01 -1.299937e-01 -3.515252e-01 2.316900e-01 4.405248e-01 3.368713e-01 2.636139e-01 -5.573651e-01 4.305014e-01 -1.578079e-02 
-2.735139e+01 4.733058e+00 -6.771656e+00 -1.162839e+00 -2.178323e+00 -9.717553e+00 -2.263195e+00 3.034429e+00 -1.650888e+00 1.808685e+00 -2.817078e+00 -1.269725e+00 1.820051e+01 3.586837e-01 -4.467995e-01 -7.370915e-01 -1.279911e+00 -8.011061e-01 -3.352488e-01 5.413615e-01 1.549244e+00 -8.547273e-02 3.618875e-01 -6.982459e-01 1.589693e-01 1.125156e-01 -1.366265e-01 -4.549923e-01 2.247365e-01 1.444640e-01 1.738041e-01 -1.801243e-01 3.617500e-01 -1.308855e-01 -3.944204e-02 -3.764504e-01 -1.314853e-01 4.599359e-01 -8.600619e-02 
-2.702501e+01 4.659776e+00 -8.845181e+00 -9.775160e-01 -2.031259e+00 -5.808659e+00 2.173800e+00 2.828498e+00 -2.425092e+00 7.155049e-01 -2.774812e+00 2.000078e+00 1.836895e+01 1.803616e-01 -9.809223e-01 -4.990423e-01 -1.071569e+00 -8.450697e-01 -2.691309e-01 3.322223e-01 -5.282290e-01 -1.076835e-01 3.143770e-01 -2.240775e-01 7.884055e-01 -5.757785e-02 -4.855573e-02 -3.225848e-01 6.830214e-01 3.187608e-01 4.237314e-01 9.529922e-02 -4.745504e-02 -2.370009e-01 -6.073039e-02 -3.580366e-01 3.686081e-02 -1.100022e-01 -1.414312e-01 
-2.602523e+01 3.898436e+00 -9.332375e+00 -2.889114e+00 -2.544657e+00 -1.081668e+01 1.474180e+00 3.608849e+00 -4.074845e+00 -2.942113e+00 -3.244037e+00 1.102466e+00 1.822284e+01 9.915064e-02 -9.498841e-01 4.264226e-01 5.441878e-02 4.312119e-01 6.663092e-01 1.105883e+00 -5.781350e-01 -1.615595e-01 -5.601566e-01 -6.530033e-02 6.248353e-01 -2.306085e-01 1.396418e-01 -1.130638e-01 1.292573e+00 3.538035e-01 4.829089e-01 7.204987e-01 -2.882671e-01 3.915710e-02 2.149417e-01 -2.271512e-01 1.571080e-01 -4.794428e-01 -1.434726e-01 
-2.701985e+01 2.043413e+00 -9.289808e+00 -1.562456e+00 -2.140563e+00 -8.378561e+00 1.893657e+00 -8.853026e-01 -1.381997e-01 2.385555e+00 -9.656156e-01 2.476660e+00 1.768890e+01 2.759340e-01 -1.067182e+00 2.376515e+00 -1.198460e-02 7.100380e-01 1.212121e+00 1.444154e-03 6.810196e-01 -3.654910e-02 -9.742763e-02 -1.807058e-01 -1.195444e+00 -3.740887e-01 4.002317e-01 -1.334194e-02 1.236042e+00 2.208413e-01 2.683780e-01 6.478012e-01 -4.407494e-01 5.863125e-01 4.995836e-01 -1.762554e-01 1.678535e-01 -3.336152e-01 -1.096868e-01 
-2.685752e+01 1.291580e+00 -4.417026e+00 -5.983489e-01 3.293423e-02 -5.101126e+00 3.406134e+00 2.000864e+00 -3.601766e+00 -1.827036e+00 -4.048254e+00 1.616083e+00 1.738713e+01 1.009226e+00 -9.693068e-01 4.287928e+00 -4.068547e-02 8.359110e-01 2.526647e+00 -7.345412e-01 1.140432e+00 9.537793e-01 -5.679802e-01 6.557187e-02 -1.246413e+00 -4.465409e-01 5.996928e-01 -1.677443e-01 3.033044e-01 1.494642e-01 -4.587743e-01 1.503632e-02 -5.767547e-01 1.828160e-01 5.873681e-01 1.908425e-01 3.387069e-01 1.177692e-01 -1.233985e-01 
-2.522850e+01 6.272892e-01 5.800851e-01 -2.182756e+00 2.296818e-01 -2.605636e+00 1.214716e+00 7.037785e+00 -2.844176e+00 -3.290889e-01 -3.276910e+00 -4.233989e+00 1.691628e+01 1.726447e+00 -1.038048e+00 3.750600e+00 8.011911e-02 2.944734e-01 2.039573e+00 -9.512155e-01 1.544254e+00 1.832604e+00 -5.630016e-01 5.499071e-01 5.596477e-02 -4.979872e-01 7.263088e-01 -1.057906e-01 -9.855075e-01 4.150970e-01 -8.057286e-01 -6.218657e-01 -2.065620e-01 -7.088112e-01 -3.920285e-02 2.349620e-01 2.391831e-01 3.525527e-01 -1.453439e-01 
-2.187466e+01 -2.398144e-01 7.172798e+00 -2.782181e+00 4.496151e-01 -1.070014e+00 -1.858981e+00 5.349693e+00 2.046933e+00 -4.425005e+00 -1.760832e+00 -1.774571e+00 1.637648e+01 2.372544e+00 -1.803148e+00 1.256011e+00 7.557638e-01 -1.654969e+00 3.277374e-01 -1.301524e+00 -9.557223e-02 1.840708e+00 6.267511e-01 1.262998e+00 5.880480e-01 -7.856597e-01 5.995230e-01 1.908337e-01 -1.626508e+00 4.379727e-01 -7.509569e-01 -9.806846e-01 9.460881e-02 -1.095794e+00 -9.078989e-01 2.816595e-01 -1.203304e-01 -1.479573e-01 -1.222077e-01 
-2.087889e+01 -2.380835e+00 3.668036e+00 -6.964516e-02 -8.772716e-01 -1.957818e-01 -2.293260e-01 5.161737e+00 6.199974e+00 8.694739e-01 6.400805e-01 4.451699e+00 1.570423e+01 3.225857e+00 -1.178957e+00 -1.035026e+00 1.665321e+00 -2.073209e+00 -7.976222e-01 -7.480737e-01 -2.245132e+00 -6.760080e-01 4.799523e-01 4.164391e-01 -3.497620e-01 -9.312760e-01 1.839602e-01 6.754223e-01 -1.009261e+00 2.090909e-01 -7.397033e-02 -5.589203e-01 2.049079e-01 -1.038833e+00 -1.328822e+00 -3.654021e-01 -4.680239e-01 -5.944903e-01 -3.554870e-02 
-1.716942e+01 -6.220413e+00 3.192087e-01 2.123559e+00 -7.688579e+00 -4.667543e+00 -2.379387e+00 2.460791e+00 1.079593e+00 7.076354e-01 3.082183e-01 2.136253e-01 1.406469e+01 3.256974e+00 5.533303e-02 -1.451837e+00 1.356525e+00 -1.734873e+00 -9.581727e-01 -3.631654e-01 -2.443924e+00 -2.331308e+00 3.187867e-01 -4.694899e-01 -1.783294e+00 -8.410224e-01 -4.850042e-01 1.203825e+00 2.906435e-02 -2.540894e-01 7.098562e-01 1.562943e-01 7.218662e-02 -4.283311e-01 -7.790326e-01 -8.193396e-01 -5.117735e-01 -2.665925e-01 9.636209e-02 
-1.145178e+01 -2.277448e+00 -1.168082e+00 3.690499e+00 -6.066902e+00 -4.794750e+00 -2.265164e+00 -2.743375e+00 -5.740796e+00 -4.957176e-01 -2.229275e+00 -6.977018e+00 1.341563e+01 2.204309e+00 1.409777e+00 5.814822e-02 8.252981e-01 -3.550433e-02 -1.120445e-01 -3.957665e-01 -2.475947e+00 -2.725548e+00 -2.235825e+00 -9.241897e-01 -1.730832e+00 -6.481430e-01 -1.215324e+00 9.179794e-01 6.511291e-01 -6.581846e-01 5.184054e-01 3.912908e-01 -2.615417e-01 3.095739e-01 2.260643e-01 -4.724969e-01 -1.328668e-01 3.088901e-01 1.557339e-01 
-1.030343e+01 -1.481905e-02 2.332045e+00 2.120151e+00 -5.629685e+00 -3.561347e+00 -2.656577e+00 -2.917264e+00 -3.639148e+00 -2.148660e+00 -2.673453e+00 -4.976639e+00 1.331570e+01 4.583594e-01 2.921316e+00 8.547320e-01 -9.469530e-02 8.753612e-01 7.663144e-01 -1.116681e+00 -2.121753e+00 -1.029579e+00 -2.111928e+00 -6.255631e-01 -5.429055e-02 -4.453838e-01 -1.399390e+00 1.341377e-01 4.276620e-01 -5.952662e-01 1.663444e-01 1.677013e-01 -4.227437e-01 6.201146e-01 7.520539e-01 2.629510e-01 1.762452e-01 5.491773e-01 1.447101e-01 
-1.329074e+01 1.564902e+00 2.951995e+00 4.058589e+00 -2.084255e+00 -1.309461e+00 -2.069704e+00 -4.528375e+00 -5.068352e+00 -8.881894e+00 -2.489520e+00 -1.607426e+00 1.283812e+01 -1.451380e+00 1.977794e+00 1.067244e+00 -8.998852e-01 -7.863958e-01 2.967117e-01 -1.678743e+00 -8.583013e-01 -1.966764e-01 -6.674107e-01 -1.698899e-01 3.302169e-01 -3.504127e-01 -8.178167e-01 -9.774365e-01 -2.526504e-01 -4.485535e-01 -2.716292e-01 -2.096170e-01 -3.236557e-01 7.517751e-01 7.799798e-01 1.067930e+00 2.550967e-01 3.161876e-01 1.905063e-01 
-1.395841e+01 6.464889e+00 2.532654e+00 1.465768e+00 -5.303098e+00 -2.579031e+00 -8.060533e+00 -7.255111e+00 -4.404214e+00 -5.659152e+00 -2.689498e+00 -2.742842e+00 1.212642e+01 -1.912145e+00 4.420722e-01 1.819517e-01 -7.572941e-01 -5.277963e-01 -3.241037e-01 -1.835290e+00 -1.522709e-01 1.645480e-01 8.490829e-01 3.474659e-02 -6.793918e-02 -2.663896e-01 8.694650e-02 -1.694242e+00 -4.729062e-01 1.362684e-02 8.924341e-02 -1.363284e-01 3.039393e-01 7.513235e-01 5.333699e-01 8.454906e-01 2.917337e-01 1.511175e-01 2.971714e-01 
-1.688033e+01 4.371798e+00 4.067990e+00 -4.820426e-01 -1.016217e+01 -3.802457e+00 -7.957140e+00 -4.865602e+00 -6.342216e+00 -2.077492e+00 -3.070670e+00 -6.442446e+00 1.225822e+01 -6.996230e-01 -2.237682e+00 -8.686608e-01 -1.086311e+00 -6.921165e-01 -6.150826e-01 -1.654753e+00 2.981302e-01 5.772474e-01 1.623333e+00 2.122674e-02 -1.431133e-01 2.149633e-01 1.263224e+00 -8.856890e-01 -4.721310e-01 3.119273e-01 5.869452e-01 3.652261e-01 8.516410e-01 5.089031e-01 3.783716e-01 2.887457e-02 1.886281e-01 2.963335e-01 4.614049e-01 
-1.806940e+01 7.920745e-01 2.683954e+00 6.039090e-01 -4.229929e+00 -3.935483e+00 -8.889145e+00 -3.510050e+00 -2.179208e+00 -1.305594e+00 -2.209316e+00 -2.898779e+00 1.227361e+01 5.171732e-01 -3.441886e+00 -5.419031e-01 6.655142e-02 1.274544e+00 5.407003e-01 3.908121e-01 1.056700e+00 1.250323e+00 9.702772e-01 7.374546e-01 9.379007e-01 7.578204e-01 2.037352e+00 3.936949e-01 -4.477136e-01 -9.091792e-02 -1.128212e-01 6.954387e-01 9.847020e-01 3.421504e-01 -1.312929e-01 -8.375325e-01 2.657910e-01 1.622065e-01 5.491526e-01 
-1.473392e+01 -6.787259e+00 -1.466889e+00 -9.417294e-01 -6.081476e+00 -3.706428e+00 -9.928973e+00 -4.910541e+00 -3.294826e+00 -2.941771e+00 -2.623752e+00 -2.244818e+00 1.383923e+01 3.650205e+00 -5.086854e-01 -9.315333e-01 2.477583e-01 1.247129e+00 1.690609e+00 1.466187e+00 1.081931e+00 1.152175e+00 -5.834851e-01 4.219553e-01 1.308866e+00 1.444514e+00 1.908359e+00 1.348676e+00 -3.345958e-01 -7.331869e-01 -1.063466e+00 6.634045e-01 5.674567e-01 2.469368e-01 -7.308348e-01 -1.293606e+00 4.877111e-01 -3.850238e-01 4.174119e-01 
-1.244583e+01 -5.165153e+00 2.590393e+00 2.028129e+00 -9.700145e-01 7.650635e-02 -5.120260e+00 -1.949347e+00 3.236645e-01 -3.756218e-01 7.739211e-01 -1.523393e-01 1.512520e+01 6.099698e+00 1.546116e+00 -2.025305e+00 -1.878976e+00 -2.061340e+00 2.000264e+00 1.527699e+00 1.166494e+00 -7.794079e-01 -2.235255e+00 1.163384e+00 1.693822e-02 1.864540e+00 1.017463e+00 1.062217e+00 -3.786137e-01 -1.375331e+00 -2.016314e+00 -6.516747e-02 -3.360559e-01 -1.050179e-01 -1.060984e+00 -1.177083e+00 4.707229e-01 -1.133200e+00 1.476362e-01 
-1.441318e+00 4.807132e+00 -5.426527e-01 4.453100e-02 -5.556153e+00 2.644329e+00 -2.510351e+00 -2.366380e-01 -1.832394e+00 -5.460019e+00 -2.452734e+00 -1.271674e+00 1.805504e+01 6.050801e+00 2.011498e+00 -1.799950e+00 -3.779496e+00 -4.341262e+00 1.972100e+00 6.140988e-01 1.477851e+00 -2.062078e+00 -3.241936e+00 2.246703e+00 -1.607888e+00 1.748564e+00 -6.287136e-01 -1.559144e-01 9.910547e-02 -1.041196e+00 -1.681225e+00 -7.242334e-01 -8.095266e-01 -2.942194e-01 -6.249911e-01 -4.594599e-01 4.899625e-01 -1.347396e+00 -2.054302e-01 
5.783170e+00 2.725925e+00 -7.904509e+00 -9.283831e+00 -1.479931e+01 2.890428e+00 -4.959757e+00 -1.390372e-02 -6.807819e+00 -1.122256e+01 3.522350e+00 -3.300804e+00 1.948864e+01 4.404356e+00 6.088784e-01 -2.000813e+00 -4.796551e+00 -6.012715e+00 7.395916e-02 -8.635616e-01 3.337575e-01 -2.447464e+00 -3.585889e+00 2.178563e+00 -3.269715e+00 1.344024e+00 -1.671922e+00 -5.747811e-01 7.830722e-01 1.285886e-01 -3.397183e-01 -1.010591e+00 -6.333764e-01 -3.247961e-01 2.969856e-01 4.627042e-01 -1.964699e-01 -7.171616e-01 -4.160043e-01 
6.405525e+00 -6.755449e-01 -5.219041e+00 -1.418275e+01 -2.087398e+01 4.747391e+00 -6.938483e+00 1.510849e+00 -1.003921e+01 -1.372781e+01 7.235840e+00 -8.709867e+00 2.040044e+01 1.354415e+00 -8.194478e-01 -4.482664e-01 -3.499402e+00 -5.183257e+00 -9.675106e-01 -1.385794e+00 2.725183e-02 -1.138832e+00 -2.205526e+00 2.364055e+00 -3.784844e+00 6.776246e-01 -1.617303e+00 -2.267186e-01 7.609802e-01 1.086867e+00 7.681324e-01 -1.026076e+00 1.409488e-03 -2.686098e-01 9.053180e-01 1.000314e+00 -8.515869e-01 3.412600e-01 -4.287973e-01 
5.651815e+00 6.209513e-01 -5.075749e+00 -1.484097e+01 -2.337539e+01 -6.052533e-01 -7.223549e+00 -1.154538e+00 -7.810048e+00 -1.417158e+01 6.822969e+00 -1.278177e+01 2.067272e+01 8.820853e-02 8.751369e-02 1.214345e+00 -1.376059e+00 -3.338959e+00 -1.582904e+00 -6.391983e-01 2.679093e-01 2.439364e-01 -4.398158e-01 1.224634e-01 -2.480441e+00 3.200812e-01 -9.492437e-01 3.302515e-01 4.283818e-01 1.355333e+00 1.222477e+00 -4.590349e-01 5.550565e-01 -9.160027e-02 9.629041e-01 9.178201e-01 -9.788955e-01 1.152749e+00 -3.158038e-01 
5.395990e+00 1.762961e+00 -4.198294e+00 -1.467439e+01 -2.718447e+01 -4.447904e-01 -8.307689e+00 4.698595e-01 -7.025460e+00 -1.501328e+01 7.717196e+00 -1.545512e+01 2.085135e+01 1.222316e-01 1.138812e+00 3.973012e-01 -5.542729e-02 -1.837510e+00 -2.329931e+00 5.090680e-01 1.676816e-01 1.119009e+00 1.864971e-01 -9.833526e-01 -2.962338e-01 1.165209e-01 -1.958309e-01 5.355663e-01 -2.199277e-01 9.286122e-01 1.078138e+00 -9.785185e-02 6.074316e-01 -1.858462e-01 5.331307e-01 4.908405e-01 -8.008784e-01 1.283003e+00 -1.616754e-01 
6.729609e+00 1.944384e+00 -2.343501e+00 -1.591840e+01 -2.833846e+01 -2.427713e+00 -7.471690e+00 1.846513e+00 -7.094822e+00 -1.277902e+01 3.894130e+00 -1.233004e+01 2.086349e+01 2.742243e-01 1.281245e+00 -2.816021e-01 2.580645e-01 -1.573227e+00 -1.539980e+00 9.642532e-01 -1.944137e-01 1.238167e+00 -1.930175e-01 -1.042299e+00 7.499121e-01 4.549290e-02 4.291110e-02 1.844368e-01 -5.629354e-01 4.142637e-01 7.001935e-01 2.287555e-01 2.251785e-01 -2.571919e-01 1.146593e-01 4.235348e-02 -6.399334e-02 6.232530e-01 -7.324722e-02 
6.478372e+00 4.356746e+00 -4.598670e+00 -1.392160e+01 -2.757995e+01 -5.991155e+00 -4.269492e+00 8.488984e-01 -4.801700e+00 -1.349138e+01 3.783770e+00 -1.041689e+01 2.088777e+01 2.824309e-01 1.261441e+00 -7.999640e-01 3.264248e-01 -6.754003e-01 -1.478230e+00 8.495342e-01 -6.707382e-01 1.029716e+00 1.250464e-01 -1.057982e+00 1.015101e+00 6.507591e-03 3.696803e-02 -2.345176e-01 -2.575782e-01 1.188800e-01 4.623320e-01 4.778187e-01 -2.558229e-01 -1.070821e-01 -2.552556e-01 1.215482e-02 3.116896e-01 -1.205204e-01 -2.302789e-02 
6.481240e+00 5.730089e+00 -6.283619e+00 -1.392671e+01 -3.104390e+01 -5.531798e+00 -4.421626e+00 -2.316272e+00 -2.731202e+00 -1.589740e+01 3.577921e+00 -1.155133e+01 2.088214e+01 2.229332e-01 9.483939e-01 -1.001574e+00 5.043702e-01 -4.191410e-01 -8.650956e-01 3.163831e-01 -5.987905e-01 8.619349e-01 -1.974272e-01 -1.602638e-01 -1.984909e-02 8.821787e-03 -3.797139e-02 -4.666469e-01 -2.993993e-03 8.804570e-02 6.647971e-01 3.836665e-01 -3.971507e-01 1.519168e-01 -4.964239e-01 2.551436e-01 4.116739e-01 -1.880323e-01 1.027031e-03 
6.931516e+00 6.176910e+00 -6.227988e+00 -1.403790e+01 -2.920958e+01 -6.283397e+00 -5.585525e+00 -8.024611e-01 -4.059062e+00 -1.282863e+01 2.585466e+00 -1.076921e+01 2.087455e+01 3.328671e-01 1.326428e-01 -5.305532e-01 4.159193e-01 -1.028706e-01 -2.781675e-01 -4.462059e-01 -1.654405e-01 3.083345e-02 2.495124e-01 1.341446e-01 -5.139720e-01 1.976972e-02 -9.157231e-02 -7.156886e-01 7.806545e-02 3.741921e-02 5.368295e-01 5.588500e-01 -3.606297e-01 2.864801e-01 -7.004571e-01 4.964536e-02 4.871994e-01 4.112519e-02 1.480672e-02 
7.616968e+00 5.775642e+00 -6.536488e+00 -1.333836e+01 -2.961964e+01 -6.606817e+00 -5.232022e+00 -3.218240e-01 -3.156516e+00 -1.409734e+01 3.691803e+00 -1.225353e+01 2.091444e+01 5.897259e-02 -4.875490e-01 -4.310922e-01 6.536148e-01 1.464440e+00 -2.215381e-01 -3.736223e-01 3.124088e-01 -7.445911e-01 1.020490e+00 4.201165e-01 5.742927e-01 4.406878e-02 -1.282496e-01 -9.199519e-01 1.112497e-02 -1.047517e-01 5.868450e-01 7.736921e-01 -3.400194e-01 3.431825e-01 -9.074205e-01 -1.108495e-01 4.321415e-01 4.314390e-01 1.205079e-02 
7.575095e+00 4.996873e+00 -7.124408e+00 -1.213610e+01 -2.880681e+01 -6.844601e+00 -6.095099e+00 -9.759594e-01 -4.434534e+00 -1.314375e+01 4.397401e+00 -1.263558e+01 2.097080e+01 -9.353299e-02 -1.599210e+00 -6.948281e-01 4.390105e-01 1.066762e+00 9.943383e-01 -6.085963e-01 3.061706e-01 -1.669488e+00 -2.356916e-01 1.087997e+00 9.236123e-01 6.302739e-02 -2.048305e-01 -9.149570e-01 -1.962853e-01 -1.630867e-01 6.513796e-01 7.504644e-01 -3.876382e-01 2.531941e-01 -7.990652e-01 -2.717126e-01 3.873686e-01 4.082420e-01 -5.573612e-03 
6.454854e+00 3.882195e+00 -7.990906e+00 -1.160953e+01 -2.392323e+01 -6.359471e+00 -6.035034e+00 -6.672575e-01 -6.266208e+00 -1.063748e+01 4.772312e+00 -7.746469e+00 2.105448e+01 -2.053476e-01 -2.785324e+00 -8.637325e-01 -3.090109e-02 1.930153e+00 2.367000e+00 -1.302446e+00 8.813365e-01 -2.824896e+00 -5.092323e-01 1.523445e+00 1.418588e+00 4.745107e-02 -2.013212e-01 -7.192814e-01 -3.210859e-01 1.436912e-06 6.669499e-01 3.902861e-01 -6.568178e-01 1.028263e-01 -3.713250e-01 -4.316029e-02 2.376992e-01 -1.344630e-01 -3.092144e-02 
7.045662e+00 -8.720196e-01 -8.974987e+00 -1.270741e+01 -2.672341e+01 -1.435420e+00 -8.226944e+00 9.012605e-01 -1.085121e+01 -1.573728e+01 7.485128e+00 -8.404328e+00 2.111951e+01 -5.592563e-01 -3.293360e+00 -1.295626e+00 -5.725371e-02 2.921089e+00 2.179791e+00 -1.919868e+00 8.161815e-01 -2.924394e+00 -3.440837e-01 1.519335e+00 1.105096e+00 -9.780792e-03 -2.736004e-01 -1.755433e-01 -3.034233e-01 4.618067e-01 9.692459e-01 -5.814388e-01 -7.052294e-01 1.941771e-02 4.703420e-01 7.126902e-01 -2.426244e-01 -4.824188e-01 -4.963461e-02 
6.855227e+00 -5.217044e+00 -9.929567e+00 -1.320757e+01 -2.100978e+01 2.523774e+00 -1.067832e+01 3.146578e+00 -1.407304e+01 -1.534654e+01 9.765506e+00 -7.275734e+00 2.107746e+01 -7.146684e-01 -3.236805e+00 -1.736331e+00 9.018773e-01 3.871907e+00 1.136966e+00 -3.002163e+00 5.717811e-01 -1.973685e+00 8.588979e-01 1.393005e+00 -1.888575e-01 -7.422227e-02 -2.554315e-01 3.186845e-01 -1.138970e-01 9.015697e-01 4.822080e-01 -1.396420e+00 -5.849649e-01 1.167677e-02 1.354048e+00 8.519723e-01 -8.196063e-01 -7.240106e-01 -4.578990e-02 
4.578610e+00 -6.920354e+00 -1.263274e+01 -1.162316e+01 -1.565719e+01 -3.874228e-01 -1.337291e+01 1.197849e+00 -1.515294e+01 -1.250974e+01 9.497434e+00 -7.345419e+00 2.091032e+01 -1.206721e+00 -2.251011e+00 -1.775458e+00 2.281737e+00 4.942078e+00 -1.297648e+00 -3.284809e+00 5.581956e-01 2.565425e-01 2.643811e+00 -6.000055e-02 -6.846865e-01 -1.243335e-01 -4.470688e-02 4.753652e-01 3.934996e-01 8.958195e-01 -3.227962e-01 -1.479934e+00 -3.413783e-01 4.556842e-01 1.605561e+00 3.931736e-01 -1.251729e+00 -4.513128e-01 -1.908111e-02 
4.114568e+00 -9.277656e+00 -1.484323e+01 -7.642336e+00 -1.009658e+01 -1.198052e+00 -1.847260e+01 2.043067e+00 -1.398374e+01 -7.956711e+00 1.073135e+01 -9.220561e+00 2.078783e+01 -1.158849e+00 -1.713080e+00 -1.193178e+00 3.307402e+00 3.330803e+00 -2.876194e+00 -3.544849e+00 1.068900e+00 2.354706e+00 2.256758e+00 -1.784918e+00 -1.306445e+00 -1.241555e-01 1.484715e-01 4.098186e-01 9.974036e-01 3.730541e-01 -1.091002e+00 -1.095050e+00 1.904127e-01 7.676440e-01 1.104807e+00 -4.117313e-01 -1.325207e+00 2.210756e-01 1.021349e-02 
2.382297e+00 -1.009683e+01 -1.539575e+01 -4.081573e+00 -7.469970e+00 -6.062656e+00 -2.075362e+01 4.243837e+00 -9.613063e+00 -6.212756e+00 6.702435e+00 -1.085546e+01 2.064281e+01 -5.607951e-01 -1.678614e+00 4.004373e-01 3.219081e+00 1.577776e+00 -3.213109e+00 -3.355393e+00 2.845967e+00 2.939389e+00 9.227667e-01 -3.150423e+00 -5.926649e-01 -8.027478e-02 3.161230e-01 1.999471e-01 1.447881e+00 -3.909268e-01 -1.457082e+00 -3.317845e-01 5.600392e-01 6.199211e-01 9.174315e-03 -9.987639e-01 -6.441477e-01 7.098444e-01 2.824618e-02 
2.159167e+00 -1.219388e+01 -1.451408e+01 -4.415697e-01 -8.449734e+00 -9.019581e+00 -2.471206e+01 6.968229e+00 -5.069598e+00 -7.211159e+00 2.238341e+00 -1.205277e+01 2.059034e+01 -2.952780e-01 -1.474105e+00 2.162659e+00 2.298436e+00 9.906105e-02 -3.380588e+00 -2.014750e+00 3.266009e+00 2.208836e+00 -3.392473e-01 -3.687756e+00 8.706172e-01 -4.520580e-02 2.490511e-01 2.937978e-01 1.498599e+00 -8.330232e-01 -1.163898e+00 3.004484e-01 8.759883e-01 -1.199837e-01 -8.765045e-01 -8.305352e-01 2.543803e-01 8.580365e-01 1.803900e-02 
2.752269e+00 -1.385599e+01 -1.079522e+01 8.718821e-01 -8.591497e+00 -1.254228e+01 -2.703050e+01 1.296525e+01 -4.913428e+00 -8.268755e+00 -2.008164e+00 -8.892606e+00 2.060769e+01 -5.780018e-02 -1.370708e+00 3.786143e+00 8.315601e-01 -7.275549e-01 -2.704348e+00 -1.249700e+00 2.559008e+00 3.752498e-01 -1.051904e+00 -2.329281e+00 1.776012e+00 -2.259788e-02 -1.159543e-02 7.364120e-01 9.316258e-01 -6.722685e-01 -6.550313e-01 6.243960e-01 1.366219e+00 -1.352857e+00 -9.682956e-01 -2.661148e-01 7.770207e-01 5.454267e-01 -3.616113e-02 
2.452850e+00 -1.476905e+01 -6.330400e+00 1.372894e+00 -9.040639e+00 -1.486110e+01 -2.540774e+01 1.401249e+01 -5.289315e+00 -8.624936e+00 -3.352049e+00 -5.848424e+00 2.057929e+01 -1.649986e-01 -3.980525e-01 4.607069e+00 3.360787e-01 -1.336024e+00 -1.628539e+00 -2.178444e-01 6.123990e-01 -7.459418e-01 -9.085191e-01 -9.236489e-01 1.799470e+00 -6.282929e-02 -2.903542e-01 1.359980e+00 2.167081e-01 -9.916816e-02 -3.066362e-02 9.815009e-01 1.951801e+00 -1.965811e+00 -5.123901e-01 2.493248e-01 6.934105e-01 -9.304962e-03 -1.466368e-01 
1.946361e+00 -1.566309e+01 -5.569820e-01 -8.309615e-01 -1.081203e+01 -1.666360e+01 -2.665386e+01 1.351662e+01 -7.626465e+00 -1.076545e+01 -2.148657e+00 -5.077511e+00 2.053506e+01 -6.840647e-01 1.465189e+00 3.836470e+00 8.389963e-01 -9.798023e-01 -9.672093e-01 2.577085e+00 -2.591424e+00 -4.247866e-01 -1.233166e-01 -6.474112e-01 1.669915e+00 -2.522374e-01 -5.847348e-01 2.001775e+00 -3.884139e-01 5.309755e-01 7.705356e-01 1.104437e+00 2.047718e+00 -2.038382e+00 1.639676e-03 6.175275e-01 1.331097e-01 -3.062191e-01 -3.293113e-01 
1.737571e+00 -1.328043e+01 3.402102e+00 2.089903e+00 -1.401961e+01 -1.510138e+01 -2.598920e+01 9.754751e+00 -7.442467e+00 -1.050507e+01 -2.309501e+00 -4.962995e+00 2.031221e+01 -1.434112e+00 3.907872e+00 3.221037e+00 1.798910e+00 7.164649e-02 6.584775e-01 5.831045e+00 -3.987681e+00 4.704128e-02 4.432527e-01 -1.061660e+00 8.772283e-01 -6.635413e-01 -7.589520e-01 1.737311e+00 -8.584369e-01 3.697207e-01 1.254419e+00 1.214133e+00 1.249805e+00 -1.280415e+00 2.488476e-01 5.127897e-01 -1.875992e-02 -3.716519e-01 -5.892202e-01 
-3.101796e-01 -7.273692e+00 3.520529e+00 4.708286e+00 -1.100083e+01 -1.725806e+01 -1.385442e+01 2.137240e+00 -5.961344e+00 -7.945078e+00 -5.766267e+00 -9.856274e-01 1.947997e+01 -2.347094e+00 6.485181e+00 2.536907e+00 2.754910e+00 2.421275e+00 1.674343e+00 5.964524e+00 -5.332785e+00 -1.298772e-02 1.359891e+00 -1.594558e+00 7.060873e-01 -1.368837e+00 -7.028606e-01 5.108549e-01 -1.041707e+00 -1.759621e-01 1.150683e+00 1.291737e+00 -3.378111e-01 1.706886e-01 3.416552e-01 5.247219e-01 5.022430e-01 -3.152696e-01 -6.671690e-01 
-3.589449e+00 5.761899e-01 7.735853e+00 7.598050e+00 -8.587523e+00 -1.127230e+01 -2.652638e+00 -2.362472e-01 -5.886582e+00 -7.819166e+00 -6.851472e+00 -3.508395e+00 1.778905e+01 -3.128086e+00 5.778349e+00 9.644976e-01 1.226719e+00 3.235521e+00 3.121557e+00 4.337391e+00 -4.418952e+00 2.924098e-01 9.139475e-01 -5.436869e-01 4.231981e-01 -2.450635e+00 -3.399365e-01 -1.032292e+00 -1.364948e+00 -9.416514e-01 5.411352e-01 8.644164e-01 -1.363796e+00 1.505678e+00 5.467050e-01 5.798897e-01 1.095036e+00 1.562951e-01 -4.551318e-01 
-7.125117e+00 9.834669e+00 9.960677e+00 1.018959e+01 -1.421805e+00 -1.020684e+01 -8.499702e+00 -8.151519e+00 -8.469201e+00 -5.309129e+00 -7.850972e+00 -2.274544e+00 1.495264e+01 -3.351203e+00 3.084314e+00 -2.438189e-01 2.452796e-01 3.191557e+00 4.260020e+00 1.634883e+00 -1.522189e+00 1.160729e+00 2.265150e+00 1.604889e+00 3.205135e-01 -2.694516e+00 1.124168e-01 -2.149124e+00 -1.313178e+00 -1.309662e+00 -5.220070e-01 3.697180e-01 -1.049489e+00 2.189074e+00 6.725215e-01 3.820516e-01 1.107828e+00 4.823584e-01 6.777076e-03 
-1.049559e+01 7.057086e+00 5.004869e+00 5.483235e+00 -2.631438e+00 -3.019264e+00 -6.979839e+00 -7.195715e+00 -4.726107e+00 -7.253586e+00 -3.986031e+00 -2.202910e+00 1.032298e+01 -2.631588e+00 4.466422e-01 -2.213176e+00 -1.654327e+00 2.392356e+00 3.687701e+00 1.176929e+00 1.635332e+00 2.193828e+00 2.889899e+00 2.813780e+00 1.851399e+00 -2.276447e+00 5.306399e-01 -1.878438e+00 -6.511373e-01 -6.566430e-01 -1.018257e+00 -5.428441e-01 -4.547350e-01 1.601924e+00 5.195564e-01 1.202071e-01 2.632326e-01 4.168848e-01 4.829760e-01 
-1.361253e+01 4.907746e+00 3.667193e+00 6.992235e+00 1.979211e+00 -8.437230e-02 -3.516700e+00 -1.994285e+00 -7.379587e-01 3.097918e+00 8.251875e-01 -3.636118e-02 9.740482e+00 -2.033192e+00 -1.594830e+00 -2.439875e+00 -2.352802e+00 2.327906e-01 3.239635e+00 2.297208e+00 2.585486e+00 2.398827e+00 2.282220e+00 2.265739e+00 2.403849e+00 -1.422064e+00 4.654358e-01 -1.074880e+00 7.302692e-02 -7.350074e-02 -8.261554e-01 -9.551519e-01 -3.228630e-01 2.128843e-02 -2.260141e-01 -6.581818e-01 -6.446083e-01 -4.370847e-01 9.824814e-01 
-1.350355e+01 5.272968e+00 -1.835789e-01 9.251359e-01 1.673822e+00 2.105157e+00 7.405895e-01 4.861632e+00 1.216658e+00 2.426955e+00 2.879367e+00 4.629565e+00 9.013170e+00 -1.133888e+00 -1.273976e+00 -1.193178e+00 -7.574245e-01 -3.763476e-01 9.175271e-01 1.732532e+00 1.536906e+00 2.271266e+00 1.506263e+00 4.419646e-01 1.465932e+00 -6.719080e-01 -1.146654e-01 -2.613578e-02 6.376746e-01 3.742208e-01 -1.136723e-01 -9.362386e-01 -7.880103e-01 -1.170365e+00 -9.666810e-01 -7.667497e-01 -9.233259e-01 -1.388694e+00 1.293562e+00 
-1.578762e+01 2.752861e+00 3.550318e-01 7.044521e-01 -2.410180e+00 3.429184e+00 -8.738029e-01 -1.253010e+00 5.537660e-01 1.262266e+00 4.523323e-02 6.328303e+00 8.497222e+00 -1.772804e+00 -1.429547e+00 -3.888288e-01 -5.707384e-01 4.452535e-01 8.693318e-01 -2.573656e-01 -1.366649e+00 -8.185400e-03 -3.341264e-01 -4.323914e-01 -1.672293e+00 1.415764e+00 -6.009226e-01 8.785464e-01 7.257105e-01 1.637563e-01 4.013021e-01 -8.339891e-01 -1.033862e+00 -8.903362e-01 -1.135971e+00 -4.959193e-01 -5.213420e-01 -1.299330e+00 1.256544e+00 
-1.507808e+01 1.764546e+00 6.947190e-01 4.839930e+00 -2.318099e+00 -1.887148e-01 3.619778e-01 1.181738e-01 5.983994e+00 1.195546e+00 -1.385922e+00 1.945013e+00 7.584775e+00 -3.335131e+00 2.333740e-01 -5.042254e-02 -6.743225e-01 1.717690e+00 1.917364e-01 -1.485904e+00 -2.240557e+00 -1.436125e+00 3.641634e-01 -4.539151e-01 -3.054003e+00 2.772506e+00 -6.425807e-01 1.127062e+00 4.984782e-01 -4.983883e-01 2.308789e-01 -3.441372e-01 -6.689349e-01 6.444417e-02 -8.909160e-01 -1.048834e-01 2.664562e-01 -2.108217e-01 7.705123e-01 
-2.168939e+01 -4.854079e-01 1.283903e+00 2.181073e+00 6.200340e+00 5.409197e+00 -4.614132e+00 -6.455613e+00 -3.162746e+00 2.043402e+00 7.962278e-01 -7.054986e+00 1.753324e+01 -3.937289e+00 2.044250e+00 6.171308e-01 -1.575530e+00 1.192300e+00 -5.674898e-01 -1.262925e+00 2.253849e-02 -1.427271e+00 3.736939e-01 1.071049e-01 -1.832771e+00 3.138505e+00 1.518676e-01 9.752888e-01 3.453844e-01 -4.968466e-01 -5.549502e-01 -4.251685e-01 2.152697e-01 1.078314e+00 1.498209e-01 9.140790e-02 3.775442e-01 8.584442e-01 -2.974989e-01 
-2.722806e+01 8.059266e+00 -9.000407e-01 -3.184780e+00 5.957222e+00 2.073563e+00 -4.818946e+00 -3.739818e+00 -4.105580e+00 3.857498e+00 2.342538e-01 -3.948917e+00 1.835768e+01 -3.264692e+00 2.624645e+00 7.963398e-01 -2.746917e+00 4.044660e-01 -8.463341e-02 -1.109454e+00 1.164553e+00 -1.473943e+00 6.277468e-01 1.504625e+00 4.920811e-01 2.319280e+00 1.026746e+00 -1.415432e-01 2.009834e-01 -1.244606e-01 -1.121142e+00 -1.842615e-01 7.212412e-01 8.684698e-01 5.551965e-01 -1.003168e-01 1.488186e-01 1.050462e+00 -8.833230e-01 
-2.939857e+01 9.826747e+00 4.238676e+00 -3.160496e+00 -5.857937e-01 -5.391559e-01 -4.598377e+00 7.883303e-01 -1.537499e+00 1.799446e+00 -2.294922e-01 1.112916e-01 1.880339e+01 -1.048745e+00 2.251425e+00 9.147670e-01 -2.018698e+00 -1.672856e+00 -1.118271e+00 6.307070e-01 2.322509e+00 7.597355e-01 -8.807844e-03 4.760347e-01 8.469454e-01 1.548832e-01 1.339918e+00 -1.019323e+00 8.448819e-02 4.982662e-01 -8.797255e-01 -8.283950e-02 8.570201e-01 -3.118945e-01 1.758931e-01 -2.192665e-04 -4.287261e-01 3.703277e-01 -9.361622e-01 
-2.754699e+01 9.731282e+00 3.199385e+00 -6.223655e+00 3.097426e+00 2.362064e+00 -5.193127e+00 2.319335e+00 -2.198314e+00 4.456266e+00 6.649602e+00 8.222667e-01 1.854606e+01 3.544094e-01 -5.779976e-01 8.055989e-01 -1.074961e+00 -2.455508e+00 -4.542309e-01 1.173392e+00 9.518980e-01 2.464876e-01 5.378077e-02 1.055906e-01 8.584614e-01 -1.522819e-01 1.193435e+00 -1.278530e+00 2.397968e-01 9.596131e-01 -5.863413e-01 -2.381051e-01 6.528988e-01 -1.262417e+00 -3.783812e-01 -3.695268e-01 -1.186949e+00 -4.788720e-01 -5.340673e-01 
-2.677377e+01 9.935679e+00 3.808378e+00 -6.393215e+00 -7.341825e-01 -3.258981e-01 -1.273093e+00 2.127471e+00 -3.176290e-01 1.699538e+00 -3.147075e-02 -5.206159e+00 1.821330e+01 9.528058e-01 -1.451065e+00 1.034986e+00 7.998865e-02 -1.776329e+00 -7.967186e-01 1.880929e+00 -1.430417e+00 -1.408062e+00 6.596101e-01 -1.337140e+00 -1.643326e-01 -3.065320e-01 1.115269e+00 -9.428231e-01 4.019156e-01 7.615240e-01 -2.771865e-01 -3.600952e-01 -1.774019e-01 -1.496387e+00 -1.139499e+00 -7.104034e-01 -1.035795e+00 -7.324089e-01 2.637486e-02 
-2.676861e+01 5.115313e+00 3.342678e+00 -6.943646e+00 -6.246426e+00 -3.042814e-01 -6.143382e-01 3.502863e-01 -3.483393e+00 4.176043e+00 6.631699e-01 3.001973e+00 1.789137e+01 1.701827e+00 -1.917018e+00 1.935213e+00 1.001939e+00 -2.475568e+00 -1.435758e+00 1.530005e+00 -3.270976e+00 -2.281784e+00 -1.554178e+00 -3.523571e+00 -1.396654e+00 -1.204172e-01 1.284222e+00 -2.551981e-01 2.223003e-01 1.753816e-01 -2.585120e-01 -7.324489e-01 -1.088445e+00 -5.079983e-01 -9.157923e-01 -9.850640e-01 -7.739124e-01 -1.084115e+00 2.133704e-01 
-2.502372e+01 4.879226e+00 9.341570e+00 -2.400884e+00 -4.795661e+00 -3.189704e+00 2.516963e+00 -5.379455e+00 -7.935482e+00 5.237402e+00 -3.921850e+00 -1.800398e+00 1.759785e+01 3.854002e+00 -1.793246e+00 2.359639e+00 7.504150e-01 -3.048933e+00 -2.427978e+00 -4.345187e-01 -3.048063e+00 -3.673406e+00 -2.756875e+00 -2.888354e+00 -1.687647e+00 2.708600e-01 1.142551e+00 -1.468010e-01 -3.421259e-01 -5.080969e-01 -3.161875e-01 -7.004737e-01 -1.662929e+00 8.515687e-01 -1.987458e-01 -7.044374e-01 9.012776e-02 -6.069654e-01 2.790706e-01 
-1.991295e+01 2.674826e+00 1.010903e+01 -3.210341e+00 -7.249375e+00 -3.385087e+00 5.613767e-01 -1.028234e+01 -9.798306e+00 -5.083651e+00 -9.023056e+00 -7.863909e+00 1.825167e+01 5.325031e+00 -1.682803e+00 1.254816e+00 -5.334273e-01 -3.111619e+00 -3.300764e+00 -3.111192e+00 -7.791449e-01 -3.199627e+00 -3.163416e+00 -2.988293e+00 -3.800412e+00 6.258222e-01 3.993827e-01 -1.542494e-01 -7.452637e-01 -6.628515e-01 9.049505e-02 -3.858645e-01 -1.352585e+00 1.642628e+00 4.860093e-01 5.083704e-01 1.054306e+00 2.395028e-01 1.667236e-01 
-1.093152e+01 2.189977e+00 1.222343e+01 -4.507604e+00 -1.547700e+01 -1.092518e+01 -4.033659e+00 -7.796707e+00 -1.552717e+01 -7.454772e+00 -9.630034e+00 -8.210869e+00 1.938740e+01 4.854008e+00 -2.302424e+00 -3.356635e-01 -1.692943e+00 -3.039070e+00 -3.366731e+00 -4.113215e+00 1.581545e+00 -1.942770e+00 -2.057874e+00 -1.154135e+00 -1.997407e+00 7.156308e-01 -7.249915e-01 -1.428576e-01 -7.787616e-01 -1.531698e-01 4.313915e-01 3.461947e-01 -2.638066e-01 1.280094e+00 1.083458e+00 1.137313e+00 1.394887e+00 7.217895e-01 -3.238447e-02 
-7.189360e+00 -1.954216e+00 8.175845e+00 -8.557449e+00 -1.646339e+01 -1.294053e+01 -1.289485e+01 -2.336592e+00 -1.568583e+01 -5.295101e+00 -1.142436e+01 -1.279444e+01 2.012577e+01 3.198673e+00 -2.433432e+00 -4.434875e-01 -1.090746e+00 -2.028075e+00 -2.895773e+00 -3.393530e+00 2.627351e+00 -7.171279e-01 6.381308e-01 8.809814e-01 -4.416071e-02 4.907977e-01 -1.299320e+00 1.549934e-01 -3.033679e-01 5.998942e-01 4.308908e-01 8.102183e-01 9.772846e-01 1.910730e-01 1.004584e+00 1.086049e+00 1.464835e+00 1.065302e+00 -1.755572e-01 
-7.115366e+00 -4.318251e+00 8.630166e+00 -8.191916e+00 -1.538426e+01 -1.524521e+01 -1.132083e+01 -1.444874e+00 -1.470561e+01 -4.946105e+00 -8.491607e+00 -9.321919e+00 2.023893e+01 1.292182e+00 -2.132000e+00 -6.849716e-01 2.632829e-01 -1.433647e+00 -8.994347e-01 -1.612157e+00 1.649333e+00 5.025113e-01 1.028883e+00 2.151523e+00 4.316918e-02 1.765120e-01 -1.151478e+00 5.502003e-01 -1.500895e-02 9.379458e-01 2.274744e-01 8.256443e-01 1.395209e+00 -7.039731e-01 6.357453e-01 4.431855e-01 8.663618e-01 3.369793e-01 -1.930795e-01 
-5.828208e+00 -6.238238e+00 9.688001e+00 -6.821801e+00 -1.743586e+01 -1.570374e+01 -1.276241e+01 -3.214333e-01 -1.379435e+01 -3.147747e+00 -5.187465e+00 -7.529619e+00 2.028012e+01 6.091553e-01 -9.931090e-01 -8.730972e-02 1.487897e+00 -1.759947e+00 -4.834493e-01 5.247534e-01 1.424514e-01 6.005086e-01 7.231944e-01 2.682908e+00 5.057297e-01 1.754453e-02 -7.444621e-01 7.575306e-01 -5.786415e-02 6.166447e-01 1.417622e-01 4.907624e-01 1.201676e+00 -9.413619e-01 2.456185e-01 -2.769421e-01 1.644763e-01 -2.411940e-01 -1.184990e-01 
-5.151361e+00 -6.327761e+00 8.042246e+00 -4.058568e+00 -2.215847e+01 -1.404091e+01 -1.216076e+01 -5.578442e-01 -1.396048e+01 -3.384175e+00 -1.990944e+00 -1.062789e+01 2.019298e+01 3.913390e-01 -2.714244e-01 -5.886468e-01 1.707459e+00 -2.035764e+00 -4.445919e-01 9.036644e-01 -6.959684e-01 5.769473e-01 1.155159e-01 2.276771e+00 -5.874401e-01 -1.316308e-02 -3.856133e-01 7.079326e-01 -6.229363e-02 7.962879e-02 3.506858e-01 -5.886408e-03 6.657519e-01 -6.057922e-01 -5.744146e-02 -3.066989e-01 -4.049325e-01 -2.239490e-01 -3.735197e-02 
-5.126122e+00 -5.915005e+00 8.033395e+00 -3.184354e+00 -2.187560e+01 -1.596023e+01 -9.851183e+00 -2.068139e+00 -1.305586e+01 -2.460019e+00 -1.259908e+00 -9.612840e+00 2.023633e+01 -7.318752e-02 4.241729e-01 -7.808484e-01 1.270292e+00 -1.018082e+00 -6.694529e-01 1.357004e+00 -9.068210e-01 4.736974e-01 -2.900299e-01 1.640689e+00 -9.347336e-01 -6.754535e-03 -2.184146e-01 4.481125e-01 -4.396666e-02 -2.679231e-01 5.302710e-01 4.263778e-02 1.893369e-01 -1.455933e-01 -1.199909e-01 -7.313799e-02 -6.843154e-01 -9.475491e-02 -2.919745e-03 
-5.509861e+00 -5.836574e+00 6.513653e+00 -1.472989e+00 -2.334293e+01 -1.733996e+01 -8.257961e+00 -4.050864e+00 -1.218987e+01 -4.712414e+00 9.285030e-01 -1.121753e+01 2.019493e+01 -2.945942e-01 6.989462e-01 -6.497272e-01 7.701142e-01 -5.105039e-02 -8.360279e-01 1.300414e+00 -8.549743e-01 2.786031e-01 2.145163e-03 6.480072e-01 -3.562664e-01 1.968206e-03 -1.157974e-01 2.447256e-01 1.498784e-01 -3.338418e-01 4.962264e-01 1.253830e-01 2.768409e-03 1.023103e-01 -1.444486e-01 1.778792e-01 -6.794543e-01 1.847105e-01 1.333246e-03 
-6.014628e+00 -4.363013e+00 6.547791e+00 -1.762690e+00 -2.193456e+01 -1.740148e+01 -7.928584e+00 -3.108737e+00 -1.231073e+01 -3.934016e+00 1.556615e+00 -1.190852e+01 2.024522e+01 -1.398660e-01 7.621650e-01 -2.765245e-01 6.170864e-01 -1.010318e-01 -7.439191e-02 1.273041e+00 -5.061872e-01 1.498409e-01 4.143765e-01 7.563064e-02 -8.350714e-02 -4.529346e-03 2.836471e-02 4.133858e-02 2.108390e-01 -2.284220e-01 1.550796e-01 2.045230e-01 -1.920103e-01 2.174567e-01 -1.083900e-01 1.887065e-01 -4.587623e-01 1.732139e-01 -3.055841e-03 
-6.179825e+00 -3.608803e+00 5.537158e+00 -9.187238e-01 -2.238503e+01 -1.750001e+01 -6.619937e+00 -4.312284e+00 -1.293998e+01 -2.636228e+00 -1.590498e-01 -1.126139e+01 2.019861e+01 -1.543984e-01 7.833014e-01 -9.134191e-02 3.649100e-01 -1.327179e-02 -1.152073e-01 9.596398e-01 -3.847494e-01 1.672664e-02 6.526400e-01 -3.378606e-01 -8.947842e-02 -7.644610e-03 5.462746e-02 -7.249153e-02 2.312700e-01 -2.677982e-01 3.972857e-02 1.081838e-01 -3.780692e-01 3.898217e-01 -1.907328e-01 2.349773e-02 -6.982661e-02 -1.309162e-01 -5.097277e-03 
-5.489785e+00 -3.218230e+00 7.139504e+00 -3.763871e-01 -2.286000e+01 -1.625247e+01 -4.305433e+00 -4.468198e+00 -1.193152e+01 -1.426374e+00 -3.378953e-01 -1.000853e+01 2.021162e+01 -1.379951e-03 5.886942e-01 -5.918978e-03 3.308604e-01 -2.615073e-01 -7.370359e-03 5.675039e-01 -5.481571e-02 6.294896e-02 3.281749e-01 -1.600475e-01 -2.020796e-01 -1.725743e-02 1.642195e-02 -1.168318e-01 2.020355e-01 -3.859683e-01 2.231187e-01 -1.143418e-01 -5.147539e-01 4.700694e-01 -2.984303e-01 -3.248028e-02 1.247180e-01 -1.993251e-01 -3.396080e-03 
-6.544061e+00 -2.492937e+00 5.760947e+00 -3.414526e-01 -2.294612e+01 -1.849022e+01 -5.271902e+00 -5.294659e+00 -1.229620e+01 -2.702948e+00 1.865094e-01 -1.261511e+01 2.017325e+01 -9.079746e-02 4.234112e-01 3.713159e-01 -4.257990e-01 2.277758e-01 -3.287726e-01 -2.370668e-01 8.683055e-01 -6.315866e-01 1.627419e-01 4.168718e-01 -9.515812e-01 -1.725743e-02 -9.727607e-03 -1.305896e-01 2.160437e-01 -4.197610e-01 3.168915e-01 -1.091998e-01 -5.415360e-01 4.563292e-01 -2.603385e-01 -5.185162e-02 1.163775e-01 -7.367780e-02 -2.885721e-03 
-5.839680e+00 -1.977190e+00 6.406184e+00 -3.968365e-01 -2.296136e+01 -1.694296e+01 -5.765230e+00 -2.891083e+00 -1.231779e+01 -2.259860e+00 5.833352e-01 -1.224184e+01 2.017130e+01 -8.960067e-02 3.579074e-01 5.022877e-01 -9.173667e-01 8.939162e-01 -5.393257e-01 -7.022476e-01 1.217508e+00 -1.018323e+00 4.968797e-01 3.218002e-01 -6.491787e-01 -1.681239e-02 -3.819779e-02 -1.268215e-01 1.260145e-01 -3.346751e-01 3.364672e-01 -2.018745e-01 -3.996421e-01 1.235979e-01 -1.399637e-01 -3.491090e-02 -4.014857e-02 6.648295e-02 -2.171219e-03 
-6.458594e+00 -2.112663e+00 7.760297e+00 -3.037373e+00 -2.119593e+01 -1.879826e+01 -7.075354e+00 -7.590865e-01 -1.590472e+01 -1.405503e+00 1.464648e+00 -1.490251e+01 2.013249e+01 -1.588437e-01 2.457511e-01 7.346621e-01 -1.109663e+00 9.935447e-01 -3.950411e-01 -1.112991e+00 1.260760e+00 -7.445911e-01 3.091139e-01 3.164214e-03 -2.343885e-01 -2.233086e-02 5.083521e-02 -1.000947e-01 -6.212752e-02 1.296015e-02 1.127242e-01 -1.408794e-01 -1.322744e-01 -1.895877e-01 1.925172e-01 -1.541588e-01 -1.447381e-01 2.378313e-01 -5.573612e-03 
-5.980212e+00 -1.619099e+00 8.651238e+00 -3.615070e+00 -1.926555e+01 -1.879535e+01 -6.915343e+00 -6.481102e-01 -1.521857e+01 4.096199e-01 6.322535e-01 -1.211027e+01 2.014810e+01 -1.583308e-01 4.352711e-02 4.425514e-01 -1.000469e+00 1.038010e+00 -9.834753e-01 -9.925820e-01 3.670281e-01 -5.804118e-01 8.052318e-02 -1.539906e-01 -2.282039e-01 -2.553513e-02 1.353402e-01 -1.269092e-01 -1.542053e-01 2.276332e-01 -1.140228e-01 -3.591112e-02 1.063883e-02 -2.178421e-01 2.832319e-01 -3.415378e-01 -1.354068e-02 6.203922e-02 -7.581024e-03 
-7.267943e+00 -1.442827e+00 8.311551e+00 -4.280956e+00 -1.982598e+01 -1.953988e+01 -1.026180e+01 -1.123757e-01 -1.456855e+01 -2.491840e+00 1.778998e-01 -1.385238e+01 2.007309e+01 1.978005e-01 8.027780e-02 9.055518e-02 -3.193449e-01 7.192320e-01 -8.110265e-01 -7.533022e-01 3.455408e-01 1.120227e-01 -3.998444e-01 -6.886958e-02 2.717469e-02 -4.075542e-02 2.029781e-01 -1.656412e-01 -7.297974e-02 3.397615e-01 -2.031395e-01 1.039284e-01 2.776102e-01 -1.975866e-01 3.003941e-01 -2.739959e-01 1.277370e-01 -4.913540e-02 -8.397599e-03 
-6.226286e+00 -2.094442e+00 8.343581e+00 -4.777281e+00 -1.845604e+01 -2.148955e+01 -9.134332e+00 -1.379226e+00 -1.588810e+01 -1.314490e+00 4.569301e-01 -1.390842e+01 2.007331e+01 4.087780e-01 -1.939243e-01 5.336932e-02 -1.744055e-01 4.611339e-01 -5.110109e-01 -8.291151e-01 5.860597e-01 -3.039613e-02 -8.563145e-01 2.901096e-01 -4.696140e-01 -4.556183e-02 1.452453e-01 -1.819402e-01 1.322712e-01 3.172608e-01 -3.554890e-01 4.609151e-01 2.274433e-01 -1.264268e-02 2.651726e-01 -2.134513e-01 9.457946e-02 -7.461547e-02 -9.248197e-03 
-5.346958e+00 -1.473724e+00 8.367182e+00 -4.053030e+00 -1.800424e+01 -2.150618e+01 -9.732037e+00 1.334615e+00 -1.500965e+01 -2.542478e+00 1.207925e+00 -1.386797e+01 1.996579e+01 5.723966e-01 -4.637467e-01 5.642642e-01 1.760061e-01 2.662230e-01 -1.117432e-01 1.932063e-01 1.632455e-01 4.824016e-01 -5.923044e-01 4.199002e-01 -3.592521e-01 -5.428457e-02 8.384638e-03 -1.733526e-01 2.218020e-01 1.887987e-01 -3.881317e-01 5.967355e-01 1.254110e-01 -1.599709e-02 2.711393e-02 -1.156371e-01 -2.459319e-02 -5.251915e-02 -8.159431e-03 
-4.896682e+00 -2.573745e+00 8.890621e+00 -4.601331e+00 -1.787109e+01 -2.036755e+01 -1.132575e+01 1.558913e+00 -1.515003e+01 -3.846766e+00 1.567964e+00 -1.445078e+01 1.997381e+01 3.805679e-01 -5.941831e-01 8.669780e-01 3.380356e-01 -5.127518e-01 9.714455e-01 -3.287189e-01 3.950309e-01 5.602892e-01 -8.905960e-01 7.444089e-02 -4.081952e-01 -6.496548e-02 -4.448048e-02 -5.268737e-02 4.229742e-02 1.641313e-01 -2.120011e-01 3.831936e-01 -4.252682e-03 7.237864e-02 -1.568867e-01 -9.840175e-02 -2.119230e-01 1.345249e-01 -1.033696e-02 
-5.070483e+00 -3.522053e+00 1.085963e+01 -3.488965e+00 -1.878726e+01 -2.065938e+01 -8.200357e+00 -7.653387e-01 -1.252505e+01 -4.187209e+00 1.721763e+00 -1.537763e+01 1.985132e+01 2.537079e-01 -5.863760e-01 7.929050e-01 3.684324e-01 -7.344085e-01 1.431409e+00 -3.763903e-01 3.613444e-01 -4.765446e-02 -9.608660e-01 -8.411997e-02 -2.661642e-01 -7.181906e-02 1.772376e-02 1.186274e-01 -3.360907e-01 1.128381e-01 1.414618e-01 -7.364002e-03 -2.384401e-01 2.420987e-01 -3.276719e-01 -3.237132e-01 -1.904320e-01 1.297958e-01 -9.690508e-03 
-4.461320e+00 -4.041760e+00 1.143237e+01 -3.369251e+00 -2.062821e+01 -1.705561e+01 -1.154386e+01 1.645271e+00 -1.432931e+01 -4.945421e+00 5.719861e-01 -1.519392e+01 1.980580e+01 3.456899e-01 -3.963387e-01 1.507395e-01 5.499002e-01 -9.852438e-02 6.333256e-01 -5.655383e-01 8.488977e-01 -5.499471e-01 -1.164279e+00 -5.174043e-01 1.564101e-01 -8.846347e-02 1.230578e-01 2.977411e-01 -6.454898e-01 2.783559e-02 5.735276e-01 -4.498147e-01 -2.448383e-01 1.622380e-01 -3.044700e-01 -3.646656e-01 -1.766164e-01 1.179323e-01 -1.023489e-02 
-4.295550e+00 -3.671390e+00 1.106066e+01 -2.826914e+00 -2.029765e+01 -1.600471e+01 -1.150447e+01 3.097733e+00 -1.565842e+01 -6.797496e+00 1.285411e+00 -1.482698e+01 1.969047e+01 6.785693e-01 3.038826e-02 -7.579992e-01 6.343069e-01 7.663716e-01 2.049253e-02 -8.806310e-01 1.146947e+00 -6.008217e-01 -2.074090e+00 -2.362995e-01 7.448161e-03 -9.104469e-02 1.799982e-01 3.342824e-01 -5.827572e-01 -2.837440e-02 6.286998e-01 -3.779446e-01 -3.681037e-01 8.766699e-02 -1.744676e-01 -1.448782e-01 -2.630408e-01 6.754292e-02 -1.108549e-02 
-3.555606e+00 -4.480264e+00 9.543444e+00 -2.182756e+00 -1.760876e+01 -1.952824e+01 -1.250146e+01 3.871832e+00 -1.633294e+01 -8.362847e+00 -8.008586e-01 -1.394399e+01 1.961178e+01 7.835451e-01 5.862187e-01 -1.585049e+00 3.444281e-01 1.604522e+00 -5.721587e-01 -1.300755e+00 8.132704e-01 -6.856126e-01 -2.157304e+00 -7.325322e-01 4.455537e-02 -1.066210e-01 9.883266e-02 2.549782e-01 -1.455124e-01 -6.998770e-03 3.856816e-01 -3.526098e-02 -3.185031e-01 -4.928313e-02 9.390910e-02 1.703664e-01 -2.416010e-01 2.176034e-02 -9.214173e-03 
-2.130785e+00 -3.150890e+00 8.014009e+00 -9.106292e-01 -1.646537e+01 -1.932080e+01 -1.212482e+01 3.855811e+00 -1.452743e+01 -1.284950e+01 1.226709e+00 -1.596532e+01 1.949341e+01 9.348539e-01 5.938354e-01 -1.252915e+00 3.292949e-01 1.557549e+00 1.445954e-01 -1.849437e+00 8.174292e-01 -8.523432e-01 -1.188603e+00 -1.291822e+00 1.275134e-01 -1.181920e-01 -5.693265e-02 5.562211e-02 3.299366e-01 1.621312e-01 1.177808e-01 2.099605e-01 -2.100160e-01 -3.241510e-01 4.341040e-01 6.745367e-01 -3.167171e-01 1.050834e-02 -8.363575e-03 
-1.626591e+00 -1.370733e+00 5.030577e+00 -2.605378e+00 -1.452175e+01 -1.825826e+01 -1.773753e+01 5.332891e+00 -1.832286e+01 -1.270614e+01 -3.061278e+00 -1.440205e+01 1.937115e+01 7.115666e-01 5.968821e-01 -3.293912e-01 6.674433e-01 1.434184e+00 3.947589e-01 -1.673668e+00 7.673846e-01 4.554055e-02 -7.550348e-01 -1.197723e+00 2.051400e-01 -1.210402e-01 -1.552482e-01 -1.035998e-01 5.934905e-01 3.533452e-01 -2.136533e-01 2.749746e-01 4.687672e-02 -6.486254e-01 7.178490e-01 7.277158e-01 -1.307177e-01 -1.273286e-01 -2.783649e-03 
-5.855075e-01 -2.257246e+00 7.052685e+00 -9.689954e-01 -1.405406e+01 -1.591658e+01 -1.813338e+01 6.454377e+00 -1.892553e+01 -1.056871e+01 -4.043167e+00 -1.396056e+01 1.922005e+01 4.299783e-01 3.032574e-01 2.639399e-01 1.283338e+00 1.440369e+00 5.867870e-01 -1.744253e+00 -4.510134e-01 1.204250e+00 5.974482e-01 -1.587420e+00 -2.027561e-02 -1.255796e-01 -1.586442e-01 -4.112034e-02 3.245105e-01 1.366721e-01 -2.020380e-01 5.380839e-02 1.684435e-01 -9.103981e-01 6.551201e-01 4.560752e-01 7.119521e-02 -4.155591e-01 3.510778e-03 
-7.702065e-01 -1.942332e+00 8.377296e+00 1.183736e+00 -1.164407e+01 -1.925678e+01 -1.786505e+01 6.409830e+00 -1.390649e+01 -1.327822e+01 -4.154701e+00 -1.392060e+01 1.914330e+01 2.596918e-01 2.133801e-01 6.238512e-01 1.634010e+00 5.948634e-01 5.816662e-01 -1.118834e+00 -1.795424e+00 1.875374e+00 5.883445e-01 -1.238499e+00 -5.181306e-01 -1.168569e-01 -6.559256e-02 1.180140e-01 -1.351400e-02 -3.242165e-01 -1.853662e-01 -1.015754e-01 1.836181e-01 -5.918585e-01 2.762354e-01 2.897616e-01 -2.879070e-04 -6.821418e-01 1.681414e-02 
-4.088387e-01 -1.348550e+00 7.659992e+00 3.611684e+00 -1.070272e+01 -1.588748e+01 -2.078218e+01 1.062254e+00 -1.071414e+01 -9.576122e+00 -6.163876e+00 -1.630741e+01 1.897920e+01 3.677451e-01 5.799349e-01 -1.071720e-01 5.294182e-01 9.669660e-01 3.202069e-01 -1.284454e+00 -2.453212e+00 1.508297e+00 4.202087e-01 -9.154288e-01 -1.588588e+00 -1.027937e-01 -1.640650e-02 2.943236e-01 -2.639456e-01 -6.486011e-01 -2.631681e-01 -4.116337e-01 1.243352e-01 4.928483e-02 -1.402029e-01 -1.736038e-01 -2.085785e-02 -6.509542e-01 3.841933e-02 
-4.162956e-01 -7.583336e-01 7.846272e+00 3.274268e+00 -1.322268e+01 -1.536452e+01 -2.200762e+01 -9.486060e-01 -1.305129e+01 -1.026043e+01 -8.193400e+00 -1.581913e+01 1.890744e+01 4.147620e-01 1.048935e+00 -2.114119e-01 -5.767395e-01 7.439719e-01 2.019131e-02 -9.855081e-01 -1.190730e+00 1.274634e+00 7.825114e-01 -1.535287e+00 -2.421261e+00 -4.841007e-02 -4.363146e-02 3.876485e-01 -3.051951e-01 -6.139334e-01 -1.077145e-01 -4.819672e-01 -3.341286e-02 5.080000e-01 -3.093137e-01 -2.732594e-01 -5.324785e-02 -3.003485e-01 5.308365e-02 
1.076211e+00 5.014440e-02 6.782537e+00 6.328790e-01 -8.429860e+00 -1.626161e+01 -2.248421e+01 -2.132224e+00 -1.181190e+01 -9.976442e+00 -6.601010e+00 -2.095433e+01 1.882398e+01 2.704630e-01 1.357031e+00 -6.382279e-01 -8.543552e-01 4.991544e-02 -1.190564e+00 -1.189265e+00 -5.070190e-01 8.035567e-01 -3.676966e-01 -1.543291e+00 -2.323588e+00 3.223078e-02 -8.613864e-02 2.269369e-01 -1.663864e-01 -1.138353e-01 -1.500700e-01 -2.500440e-01 -1.755878e-02 6.011493e-01 -3.176257e-01 -3.534700e-01 -6.082086e-02 4.171294e-01 3.889567e-02 
5.611182e-01 2.602336e+00 7.759033e+00 -2.106612e-01 -9.060512e+00 -1.896870e+01 -2.194116e+01 2.053226e+00 -6.984756e+00 -9.165196e+00 -1.161221e+01 -2.370369e+01 1.897898e+01 9.026017e-02 1.763003e+00 -6.364359e-01 -7.437264e-01 5.149600e-01 -1.072636e+00 -1.333510e+00 -2.286547e-01 6.810976e-01 -3.837705e-01 -1.190801e+00 -1.652566e+00 8.100691e-02 -7.889374e-02 -8.432145e-02 -2.334376e-01 2.313833e-01 1.465184e-01 2.399852e-01 1.677641e-01 -7.605388e-02 -4.772285e-01 -2.440919e-01 1.598200e-01 9.159680e-01 -2.353825e-02 
4.550023e-01 3.756230e+00 4.512196e+00 1.082341e+00 -1.253374e+01 -2.003873e+01 -2.676218e+01 -2.973925e+00 -9.729774e+00 -1.196230e+01 -1.217105e+01 -2.398292e+01 1.910493e+01 9.915064e-02 1.357602e+00 -7.264884e-01 4.385164e-02 3.310819e-01 -3.835947e-01 -1.198030e+00 7.161266e-02 2.170734e-01 -7.638541e-01 -1.391652e+00 1.126919e-01 2.697933e-02 -1.571160e-01 -4.025025e-01 -9.435197e-02 4.704737e-01 6.781647e-01 7.781249e-01 5.910113e-01 -2.448064e-01 -3.781420e-01 1.450289e-01 2.507473e-01 9.127473e-01 -1.244873e-01 
3.454448e-01 6.203450e+00 5.799299e+00 -6.690699e-01 -8.596135e+00 -1.883941e+01 -2.653619e+01 -1.670734e+00 -1.068673e+01 -1.118630e+01 -1.136253e+01 -2.256730e+01 1.917214e+01 1.059894e-01 6.267778e-01 -1.334604e+00 1.309979e-01 1.336060e+00 8.164676e-01 -1.421852e-01 -1.860302e+00 -8.181266e-01 -2.398167e-01 -8.119208e-01 9.403532e-01 -1.634078e-01 -3.672180e-01 -7.920135e-01 -8.527154e-02 6.578125e-01 9.282421e-01 9.581550e-01 9.497664e-01 -3.429873e-01 -4.450568e-01 1.772899e-01 3.697153e-01 5.655661e-01 -2.468373e-01 
1.679638e+00 5.037277e+00 4.129521e+00 1.081489e+00 -7.006918e+00 -1.824412e+01 -2.617727e+01 8.769436e-02 -8.875824e+00 -1.278552e+01 -1.368439e+01 -2.095872e+01 1.886235e+01 -5.228396e-01 -8.729012e-02 -7.609861e-01 1.060515e+00 3.030246e+00 1.755522e+00 1.170009e+00 -9.152773e-01 -3.375945e-01 2.852164e-01 -4.791161e-01 9.436587e-01 -4.679027e-01 -6.258270e-01 -1.010035e+00 -3.505234e-02 6.641461e-01 9.595832e-01 9.193238e-01 1.183727e+00 -1.483672e-01 -1.860087e-01 4.012020e-01 7.683220e-01 2.026076e-01 -3.556459e-01 
4.779463e-01 5.095507e+00 1.277582e+00 4.445736e-01 -5.144110e+00 -1.578397e+01 -2.294504e+01 -8.779082e+00 -1.150247e+01 -9.952491e+00 -1.491517e+01 -2.051381e+01 1.828310e+01 -1.434796e+00 -1.474676e+00 -1.045630e+00 2.036866e+00 3.806546e+00 2.648641e+00 2.231390e+00 -1.450241e+00 -1.266994e+00 -2.189455e-02 2.015275e-01 7.598287e-01 -9.058199e-01 -6.736546e-01 -1.010035e+00 -2.287127e-02 6.111028e-01 6.347578e-01 8.335052e-01 1.390510e+00 8.609868e-01 6.683356e-01 8.320117e-01 1.037318e+00 3.437876e-01 -4.136226e-01 
-2.225429e+00 3.873481e+00 2.968010e+00 5.827894e+00 8.914689e-01 -1.278921e+01 -2.270773e+01 -3.996548e+00 -1.100987e+01 -1.115276e+01 -1.279016e+01 -2.029160e+01 1.721002e+01 -2.259557e+00 -2.641749e+00 -1.046376e+00 2.411674e+00 3.893638e+00 3.296867e+00 3.533743e+00 -8.754911e-01 -4.885674e-01 1.133008e+00 1.943101e+00 1.215991e+00 -1.380052e+00 -4.024237e-01 -7.569619e-01 -2.192079e-01 5.087794e-02 -1.557775e-01 6.030005e-01 1.124218e+00 1.140693e+00 1.234749e+00 1.291473e+00 9.913166e-01 6.074349e-01 -3.218941e-01 
-4.875459e+00 -5.880026e-01 1.152412e+00 7.142198e+00 6.487181e+00 -8.324103e+00 -1.711423e+01 -6.880371e+00 -1.595456e+01 -1.211216e+01 -1.080173e+01 -1.910209e+01 1.546924e+01 -2.393769e+00 -3.146167e+00 -1.306229e+00 2.510953e+00 4.078017e+00 4.213331e+00 5.628364e+00 2.424539e+00 2.598874e+00 3.496297e+00 3.163674e+00 2.523167e+00 -1.775424e+00 4.381672e-02 -9.413590e-02 -1.836613e-01 -4.849296e-01 -8.830799e-01 9.689502e-02 3.125457e-01 1.402401e+00 1.566811e+00 1.157494e+00 4.764027e-01 6.069865e-01 -7.229454e-02 
-6.941565e+00 -5.329938e+00 -1.039540e+00 9.791681e+00 6.645506e+00 -5.489812e+00 -1.142373e+01 -5.239171e+00 -9.092634e+00 -6.040995e+00 -6.025730e+00 -1.558474e+01 1.336903e+01 -2.055589e+00 -3.036486e+00 -1.726624e+00 1.077996e+00 2.115369e+00 3.988319e+00 5.092599e+00 2.850542e+00 3.903154e+00 4.983630e+00 2.996352e+00 3.099076e+00 -1.642624e+00 4.023260e-01 4.774683e-01 -9.867071e-02 -7.924803e-01 -1.233589e+00 -6.579782e-01 -8.163778e-01 7.770622e-01 7.008661e-01 -2.261047e-02 -4.778484e-01 7.060052e-02 2.248365e-01 
-9.133289e+00 -6.033445e+00 -3.249614e+00 1.101780e+01 1.236907e+01 1.632914e+00 -4.454646e-01 3.965224e+00 5.334140e-01 4.972576e+00 -2.478954e+00 -1.025121e+01 1.132648e+01 -1.317681e+00 -1.748117e+00 -1.623877e+00 2.790684e-01 2.804318e-01 2.787504e+00 3.014740e+00 3.698804e+00 4.371080e+00 3.840107e+00 2.056884e+00 2.853187e+00 -1.135904e+00 4.980945e-01 6.888295e-01 5.104563e-02 -8.971500e-01 -1.464742e+00 -1.411196e+00 -1.592605e+00 -4.216223e-01 -9.087958e-01 -1.608998e+00 -1.012309e+00 -5.866629e-01 3.993792e-01 
-1.037456e+01 -8.586429e+00 -3.464131e+00 9.280019e+00 8.527526e+00 2.173749e+00 -5.579617e+00 4.833497e+00 2.617780e-01 5.222690e+00 -1.969812e+00 -9.221536e+00 1.106829e+01 -7.859631e-01 -9.533117e-01 -1.380900e+00 -4.346702e-01 -3.755118e-01 7.197758e-01 7.586510e-01 2.372692e+00 2.129747e+00 8.480872e-01 1.073212e-01 1.404087e+00 -5.755128e-01 4.079295e-01 7.014481e-01 1.530897e-01 -5.708904e-01 -9.266369e-01 -1.525385e+00 -1.164318e+00 -8.456323e-01 -1.801112e+00 -2.276683e+00 -9.811981e-01 -8.578523e-01 3.303787e-01 
-9.747615e+00 -7.700312e+00 -5.754702e+00 8.793491e+00 6.948246e+00 1.781321e+00 -4.962711e+00 6.577858e+00 1.224134e+00 1.456267e+00 -2.545483e+00 -8.017897e+00 1.093974e+01 -5.382270e-01 -7.436613e-01 -1.223793e+00 -1.218334e+00 -2.000326e+00 -1.208487e+00 -1.677125e-01 5.552844e-01 -1.058543e+00 -2.481058e+00 -4.533743e-01 4.373799e-01 -3.120505e-01 2.291276e-01 3.845815e-01 1.427912e-01 -3.280083e-01 -4.990270e-01 -1.004563e+00 -4.108531e-01 -1.178299e+00 -1.657954e+00 -1.633083e+00 -5.817727e-01 -6.706859e-01 1.739367e-01 
-1.056442e+01 -9.263395e+00 -6.691581e+00 8.730439e+00 7.478206e+00 -1.965031e+00 -5.371355e+00 5.318432e+00 1.210427e+00 -4.270667e-02 -5.455929e+00 -9.681062e+00 1.068458e+01 -4.057249e-01 -3.168804e-02 -1.161219e+00 -1.027735e+00 -1.377313e+00 -1.640738e+00 8.621441e-01 1.940209e-01 -2.387735e+00 -3.239234e+00 -6.545497e-01 1.779126e-02 -4.025711e-01 1.749607e-01 2.422719e-01 3.393678e-02 -9.829313e-02 -2.029392e-01 -1.964369e-01 8.509637e-02 -8.647266e-01 -6.962114e-01 -3.424954e-01 -2.101321e-01 -3.413612e-01 6.829235e-02 
-1.172997e+01 -9.413129e+00 -7.754895e+00 5.201203e+00 2.892067e+00 -2.340415e+00 -1.388301e+00 6.498924e+00 -5.233659e+00 -4.800005e+00 -3.002967e+00 -7.834184e+00 9.958135e+00 -3.621275e-01 -2.860866e-01 -1.019644e+00 -1.064524e+00 -1.713978e+00 -1.055166e+00 9.085853e-01 -1.103395e+00 -1.659883e+00 -2.281628e+00 -4.710042e-01 1.928776e-01 -3.527269e-01 2.552772e-01 1.931121e-01 9.755515e-02 3.219693e-01 2.841987e-01 4.053575e-01 -4.705869e-02 -7.003607e-01 3.957132e-01 6.330688e-01 -2.225661e-01 -1.880323e-01 8.179985e-02 
-1.141163e+01 -7.888864e+00 -8.270326e+00 5.937384e+00 3.669120e+00 -3.969155e+00 -3.055867e+00 5.843225e+00 -8.448434e+00 -7.845511e+00 -5.013707e+00 -9.224460e+00 9.546026e+00 6.716932e-04 2.924575e-02 -1.313398e+00 -1.002947e+00 -1.533443e+00 -3.390141e-01 6.460848e-01 -1.121694e+00 -1.050739e+00 -9.642799e-01 -9.345729e-01 -1.804337e-01 -2.136971e-01 4.023826e-01 2.274626e-01 4.741715e-01 6.029776e-01 4.531199e-01 6.847410e-01 -2.965339e-01 -4.970965e-01 6.961420e-01 8.587486e-01 -1.588607e-01 -8.530368e-03 2.086751e-01 
-1.113515e+01 -9.818357e+00 -1.006359e+01 4.867621e+00 2.833402e-01 -2.492563e+00 -1.577361e+00 7.984902e-01 -2.246494e+00 -6.050233e+00 -5.121719e+00 -7.282069e+00 9.745252e+00 5.347832e-01 1.912916e-01 -6.598824e-01 3.789996e-01 -5.010504e-01 1.673375e-01 -2.948876e-01 -2.288661e+00 2.515901e-01 -4.531870e-01 -1.426155e+00 -4.036101e-01 2.591259e-03 5.603553e-01 5.488859e-01 9.826202e-01 8.601518e-01 7.756923e-01 7.927827e-01 -2.976663e-01 -1.032040e-02 -2.999385e-02 4.705116e-01 8.103813e-03 -1.272471e-01 2.616844e-01 
-1.085868e+01 -8.914811e+00 -1.210382e+01 3.882213e+00 1.115377e+00 -3.584626e+00 -2.046564e+00 2.560435e+00 -5.536861e+00 -4.238532e+00 -9.069626e+00 -1.085936e+01 9.722489e+00 1.157799e+00 8.667046e-01 1.029909e+00 1.265335e+00 2.819362e-01 1.171757e+00 -1.870087e-02 -1.698801e+00 1.372349e-01 1.402669e-01 -9.713470e-01 2.734898e-01 4.632054e-01 3.081989e-01 4.829013e-01 1.100943e+00 6.883968e-01 7.068021e-01 4.422383e-01 -2.828881e-01 2.864156e-01 -2.521461e-01 1.358957e-01 2.542780e-01 -1.232180e-02 2.124518e-01 
-9.332329e+00 -7.943924e+00 -9.138087e+00 8.123772e+00 1.663223e+00 -1.695653e+00 -3.367520e+00 -3.302946e+00 -5.431364e+00 -8.869234e+00 -8.105739e+00 -9.034899e+00 9.882693e+00 1.861000e+00 2.039299e+00 2.721791e+00 2.102096e+00 1.256992e+00 2.153435e+00 -2.473699e-01 -8.663417e-01 -2.403793e+00 -4.812096e-01 -4.121657e-01 -6.703981e-01 6.172774e-01 -2.107169e-01 1.740089e-01 4.897854e-01 -8.350103e-02 2.879036e-01 -9.081850e-02 -1.355584e-01 7.406152e-01 -1.265688e-01 1.736072e-01 4.972797e-01 1.293474e-01 -1.816247e-02 
-6.523985e+00 -4.492147e+00 -3.583822e+00 1.063565e+01 4.388541e+00 1.491573e+00 -2.253840e+00 -6.000465e-01 -6.169433e+00 -5.734426e+00 -8.378899e+00 -6.980429e+00 1.179322e+01 8.787756e-01 1.519648e+00 2.500617e+00 1.577522e+00 1.121591e+00 8.789709e-01 -7.923620e-01 -4.008302e-01 -9.838067e-01 -2.708265e-01 -1.702144e-01 -1.085652e-01 5.411760e-01 -7.452546e-01 -3.057600e-01 -4.569047e-01 -6.738935e-01 -2.965118e-01 -7.389503e-01 -2.388930e-01 6.861706e-01 4.183172e-01 1.843609e-01 5.498303e-01 2.843069e-01 -3.276101e-01 
-3.997278e+00 -1.832607e+00 -7.150250e-01 1.200107e+01 4.931749e+00 5.736774e+00 -2.710734e+00 -1.952473e+00 -1.394927e+01 -7.708650e+00 -7.528111e+00 -1.257320e+01 1.179625e+01 -3.790535e-01 7.347448e-01 1.053654e+00 -1.944961e-01 5.186376e-01 -1.402086e-01 -5.858371e-01 7.655825e-01 1.791051e-01 6.204922e-01 6.595802e-01 4.341810e-01 -1.272708e-01 -9.238300e-01 -5.956368e-01 -9.937021e-01 -8.977334e-01 -6.086705e-01 -9.269593e-01 -7.661522e-02 4.647798e-01 1.134108e+00 3.883860e-01 3.761114e-01 5.695206e-01 -4.225709e-01 
-9.132716e+00 -4.372519e+00 -3.812247e+00 9.830875e+00 5.089412e+00 -2.905777e+00 -6.336840e+00 -1.190187e-01 -6.197261e+00 -6.173067e+00 -1.020923e+01 -9.633307e+00 1.147151e+01 -1.448473e+00 -9.599541e-03 -4.206384e-01 -9.558520e-01 -8.315296e-01 -1.375965e+00 -1.043944e+00 9.161320e-01 9.374214e-01 5.111044e-01 1.242016e+00 1.142737e+00 -8.026601e-01 -3.784250e-01 -3.126827e-01 -6.482028e-01 -5.042635e-01 -5.745759e-01 -4.437861e-01 1.202584e-01 4.638198e-02 5.755878e-01 3.906693e-01 3.051400e-01 1.898880e-01 -2.919190e-01 
-9.923710e+00 -4.329739e+00 -3.755352e+00 7.553317e+00 3.906277e+00 -1.978603e-01 -4.255706e+00 2.842476e-01 -4.522172e+00 -5.547952e+00 -3.892499e+00 -5.537525e+00 9.407067e+00 -1.594482e+00 -1.745016e-01 -7.860753e-01 -1.119969e+00 -8.099657e-01 -1.353826e+00 -5.047956e-01 7.989917e-01 2.306082e+00 1.069566e+00 7.623311e-01 1.551556e+00 -8.236659e-01 1.219824e-01 -4.953273e-02 -1.407508e-01 8.762903e-02 -3.726114e-01 -9.749723e-02 3.842288e-01 -2.140361e-01 -5.672387e-02 9.943632e-02 -2.326280e-02 -2.147762e-01 3.277136e-02 
-1.080304e+01 -3.291512e+00 -4.166685e+00 8.080317e+00 7.437427e-01 -2.421062e+00 -6.701173e+00 2.862103e+00 -6.196015e+00 -4.259746e+00 -3.986422e+00 -4.784642e+00 8.974582e+00 -4.057249e-01 4.108436e-01 1.795623e-01 -4.811134e-01 -1.086953e+00 -7.331610e-01 -2.316845e-01 -1.856802e-01 8.305697e-01 1.457899e+00 1.304099e+00 2.821268e-01 -5.701724e-01 4.322678e-01 3.301382e-02 1.805525e-01 3.374281e-01 7.272177e-02 4.156416e-01 8.082122e-01 -2.489349e-01 -4.932545e-01 -2.908630e-01 -3.193268e-01 -5.297914e-01 2.487553e-01 
-1.113458e+01 -3.245562e+00 -4.468020e+00 7.276824e+00 3.055029e+00 -1.274542e+00 -5.052317e+00 5.519194e-01 -2.419693e+00 -3.317455e+00 -6.827991e+00 -7.239674e+00 8.926239e+00 -2.906618e-01 2.767893e-01 4.993448e-02 6.149131e-03 -1.216671e+00 -9.489855e-01 9.290379e-01 2.461448e-01 -5.095606e-02 6.441052e-01 5.122679e-01 -2.094371e-01 -7.974073e-02 3.792329e-01 -5.023376e-02 2.100085e-01 3.089689e-01 3.326121e-01 5.758719e-01 6.109987e-01 -3.009282e-01 -9.557378e-01 -8.996239e-01 -3.807808e-01 -4.373701e-01 2.534846e-01 
-1.055524e+01 -2.860139e+00 -2.558439e+00 7.563542e+00 7.996815e-02 -6.032725e+00 -7.097017e+00 -1.181500e+00 -3.095460e+00 1.088943e-03 -2.221056e+00 -7.371733e+00 8.861203e+00 6.085327e-02 -7.015250e-02 6.427120e-02 1.683091e-01 -2.645162e-01 4.997343e-01 2.280292e+00 -5.204316e-02 -3.502006e-01 -7.305683e-01 -2.295936e-01 -6.257202e-01 6.916891e-02 1.295103e-01 -8.090392e-02 1.010434e-01 -6.790430e-03 5.037362e-01 7.080870e-01 2.520171e-01 -2.727382e-01 -7.150480e-01 -1.071020e+00 -5.561370e-01 9.999433e-02 1.728139e-01 
-1.150054e+01 -3.161981e+00 -4.309978e+00 7.842166e+00 -1.845773e+00 -3.136910e+00 5.879632e-01 3.536949e+00 -6.327264e+00 -4.457852e+00 -2.214012e+00 -5.291437e+00 9.065414e+00 6.820499e-02 -1.851650e-01 3.217347e-01 1.002097e-01 4.419102e-01 9.092435e-01 1.294263e+00 -7.726294e-01 -1.882291e+00 -2.334402e+00 -3.748509e-01 -1.815000e-01 1.240866e-01 1.095868e-01 1.667357e-01 1.353164e-01 -2.320471e-01 5.478440e-01 6.110386e-01 -4.261410e-01 -1.464964e-01 -9.423087e-03 -5.530758e-01 -3.703423e-01 2.703643e-01 6.107927e-02 
-1.031605e+01 -3.684065e+00 -3.924353e+00 8.638843e+00 1.871894e+00 1.008522e+00 1.880856e+00 1.109146e+00 -5.993326e+00 -7.341862e+00 -7.441623e+00 -8.887245e+00 9.250766e+00 6.256297e-02 2.373727e-01 5.488821e-01 -5.619977e-01 6.022186e-01 1.878270e+00 8.459973e-01 -1.039904e+00 -1.828865e+00 -2.407943e+00 -1.032997e+00 7.681459e-01 1.919993e-01 -3.248112e-02 2.896793e-01 1.565779e-01 -2.296304e-01 3.166412e-01 1.454783e-01 -8.153586e-01 1.977174e-01 9.136898e-01 3.485385e-01 5.205800e-02 5.473020e-01 1.647390e-02 
-1.091260e+01 -3.759328e+00 -2.176607e+00 7.239758e+00 4.368005e+00 -2.494080e-01 -3.070145e+00 -4.456475e+00 -1.038187e+01 -1.131768e+01 -6.091868e+00 -7.389276e+00 9.351788e+00 2.564434e-01 9.567723e-01 4.842175e-01 -7.889955e-01 1.089161e+00 1.416951e+00 -4.844968e-01 7.428084e-03 6.411783e-01 -1.282486e+00 -9.378177e-01 4.454838e-01 1.643180e-01 6.913018e-03 2.459524e-01 -8.530840e-03 -1.387397e-02 6.731469e-02 -2.166504e-01 -5.673555e-01 4.231722e-01 1.513890e+00 9.701154e-01 2.387226e-01 3.637640e-01 -1.162987e-02 
-1.053631e+01 -1.374298e+00 -8.810756e-01 5.055075e+00 -1.542460e-02 1.914763e+00 -1.038245e+00 -2.384265e+00 -1.021241e+01 -8.608855e+00 -5.446929e+00 -2.482135e+00 9.678048e+00 -1.957733e-01 8.072941e-01 7.660236e-01 -5.353842e-01 9.952163e-01 9.732528e-01 -9.070809e-01 5.464122e-01 2.956497e+00 4.860689e-01 3.122822e-01 1.797338e+00 1.312962e-01 3.074194e-02 1.011892e-01 -1.846026e-01 2.633009e-01 3.136761e-02 -5.693225e-01 -3.064993e-01 2.843514e-01 9.900528e-01 9.293840e-01 3.602490e-01 7.802032e-02 -4.857986e-02 
-1.010784e+01 4.668611e-01 -3.410607e+00 5.689434e+00 4.543554e+00 3.494450e+00 -3.755518e-01 5.321167e+00 -1.011671e+00 -1.023682e+01 -7.900281e+00 -6.266530e+00 9.673062e+00 2.319946e-01 7.596896e-01 1.704525e-01 1.736856e-02 5.819920e-01 2.784879e-01 -6.659558e-01 5.498779e-01 3.294610e+00 1.069139e+00 1.461502e-01 1.122690e+00 9.631622e-02 2.604408e-02 3.056021e-02 -1.969498e-01 3.218859e-01 -2.500509e-01 -6.443252e-01 1.392288e-02 -3.456966e-01 -4.601859e-01 5.266370e-01 3.104104e-01 3.427614e-02 -5.239054e-02 
-1.169728e+01 -1.760118e+00 5.227681e-01 6.737469e+00 6.760110e+00 4.002860e+00 -4.001657e+00 -1.047078e+00 4.104140e+00 -5.451807e+00 -4.976138e+00 -4.622640e-01 9.746552e+00 2.285752e-01 8.419502e-01 -2.173855e-01 3.513424e-01 1.012601e+00 -3.989570e-01 -5.956789e-01 1.105670e-01 1.794785e+00 1.063307e+00 2.261878e-01 8.196481e-01 -1.681239e-02 7.551315e-02 1.519264e-01 -2.633365e-01 2.080076e-01 -3.592439e-01 -5.507640e-01 1.879780e-01 -4.487801e-01 -1.396395e+00 -4.890541e-02 3.757717e-02 -3.414020e-01 -4.432687e-02 
-9.171721e+00 2.319628e-01 -2.025729e+00 6.485685e+00 3.889716e+00 9.895453e-02 -4.917907e+00 -2.375278e+00 -1.067743e+00 -7.549891e+00 -5.596423e+00 -2.785725e+00 9.799014e+00 1.745486e-01 1.092350e+00 -8.756453e-03 3.770427e-01 -1.700697e-01 -1.118422e+00 -5.704592e-01 -1.503058e+00 -1.078953e+00 1.062169e+00 6.573089e-01 1.105630e+00 -2.357696e-02 -9.332694e-02 4.992623e-02 -3.599360e-02 7.037852e-02 -2.600640e-01 -2.146409e-01 1.615357e-01 -3.569855e-01 -1.180282e+00 -2.209641e-01 4.371745e-02 -2.371579e-01 -2.343618e-02 
-9.861188e+00 2.953297e+00 -2.660429e+00 6.413260e+00 5.374266e+00 1.617948e+00 -1.745250e+00 2.016495e+00 -1.210622e+00 -4.635430e+00 -5.468061e+00 -1.240757e-01 9.531285e+00 2.106233e-01 1.400447e+00 -4.609604e-01 3.249897e-01 -4.251589e-01 -1.081974e+00 -1.485640e-02 -6.708768e-01 -1.838770e+00 2.451028e-01 2.444666e-01 9.882998e-02 -3.043055e-02 -1.308533e-01 -5.864615e-02 7.801008e-02 6.793304e-03 -1.854163e-01 5.569971e-02 1.315262e-01 -1.251443e-01 -4.880520e-01 -2.068960e-01 -4.227922e-03 -1.853009e-01 1.469342e-03 
-1.015372e+01 3.572431e+00 -1.863050e+00 7.736936e+00 4.386553e+00 -9.053938e-01 -4.356637e+00 -3.726141e+00 -3.748799e+00 -5.334106e+00 -4.367985e+00 -9.071716e-01 9.662657e+00 -2.255221e-01 7.299843e-01 1.122096e-01 3.825220e-01 4.354945e-04 -4.531766e-01 -1.487977e-01 -8.444386e-01 -7.900631e-01 3.734095e-01 3.557620e-01 2.973749e-01 -1.414216e-02 -1.236084e-01 -1.395277e-01 8.155366e-02 6.834972e-03 7.662689e-02 1.959529e-01 7.094094e-02 1.143732e-01 1.626178e-01 -1.249176e-01 -4.920549e-02 -1.418013e-01 3.510778e-03 
