-1.516156e+01 2.165198e+00 -1.037596e+00 4.121900e-01 1.840182e+00 4.019138e+00 4.420897e+00 2.767855e+00 2.758684e+00 1.768335e+00 2.302874e-01 1.550711e+00 7.623044e+00 -1.680654e-01 -3.612946e-01 3.349546e-01 2.989148e-01 -7.155336e-01 -5.840913e-01 -2.671345e-01 2.905162e-01 2.620152e-02 1.091737e+00 1.307201e+00 9.152166e-02 1.421327e-02 9.197040e-04 -4.699178e-02 -1.298742e-01 -1.172089e-01 5.404782e-02 -5.575362e-02 -4.486283e-01 -4.547006e-01 -1.556258e-01 -2.806698e-01 -2.257351e-01 2.058371e-02 -3.952217e-02 
-1.584112e+01 1.547617e+00 -7.543636e-02 8.303002e-01 7.614343e-01 3.326392e+00 2.848275e+00 2.614666e+00 2.975650e+00 5.003274e+00 5.357686e+00 -9.210156e-01 7.724507e+00 -1.174193e-01 -3.927052e-01 3.718744e-01 1.984457e-01 -6.360616e-01 -1.011391e+00 -1.439685e+00 -5.707801e-01 -2.687341e-01 6.263220e-01 6.957910e-01 -1.378111e-01 -5.432788e-02 1.206140e-02 3.894348e-02 -2.215937e-01 -1.562203e-01 2.230049e-01 5.664146e-02 -4.119910e-01 -4.837382e-01 -6.904831e-02 -4.374447e-01 -4.579740e-01 1.452091e-01 -4.702768e-02 
-1.566200e+01 6.673132e-01 1.556951e-01 1.697573e+00 -1.198318e+00 1.444653e+00 3.871691e+00 4.296878e+00 2.781324e+00 5.609137e+00 4.202521e+00 3.244506e+00 7.643383e+00 -1.886990e-01 -5.806906e-01 -3.330387e-01 -2.369615e-01 -4.851452e-01 -6.490489e-01 -1.923913e+00 -1.552510e+00 -6.044314e-01 -7.880139e-02 4.842238e-01 3.092022e-01 -1.491306e-01 5.000983e-02 1.555184e-01 -8.191910e-02 -1.066184e-01 2.332557e-01 1.550781e-01 -1.640848e-01 -2.543965e-01 6.961068e-02 -3.005787e-01 -5.020083e-01 8.537038e-02 -1.914562e-02 
-1.549827e+01 9.510174e-01 2.250032e-01 7.616357e-01 1.791464e-01 2.488365e-01 -2.502960e+00 -8.506082e-01 1.403589e+00 2.979393e+00 1.722955e+00 1.450262e-02 7.341508e+00 -9.750720e-02 -5.707391e-02 -4.390876e-01 -2.142750e-01 2.841874e-01 -2.686071e-01 -1.498788e+00 -1.206807e+00 -3.901123e-03 -5.100991e-01 -5.711601e-01 7.087816e-01 -1.392997e-01 1.008141e-01 2.141303e-01 3.231113e-02 2.328000e-02 1.555384e-01 3.720621e-01 5.387430e-01 4.295162e-01 1.527251e-01 -7.908483e-02 -2.778473e-01 7.544364e-02 4.458923e-02 
-1.627627e+01 -4.396805e-01 -2.853405e+00 -7.384880e-01 -2.941729e-01 2.312518e+00 -2.523265e+00 -3.261747e+00 5.225171e-01 2.385881e+00 4.469023e+00 2.628823e+00 7.069114e+00 7.203452e-02 2.485817e-01 3.308807e-01 -2.779651e-02 -9.417260e-03 -1.801362e-01 -1.058058e+00 -6.634030e-01 2.418396e-01 1.569611e-01 -5.694234e-01 9.502764e-02 -3.913471e-02 1.477616e-01 2.127605e-01 2.303581e-01 2.148667e-01 1.905802e-01 3.100100e-01 8.621956e-01 6.585068e-01 1.293829e-01 1.461476e-02 -1.239736e-01 -8.366253e-02 8.977740e-02 
-1.602127e+01 1.815814e+00 -7.663219e-01 9.768137e-01 1.730371e+00 1.549725e+00 -1.448105e+00 3.599079e-01 4.085479e+00 4.064271e+00 2.368459e+00 2.930334e+00 7.315229e+00 2.562939e-01 2.632506e-01 2.015342e-01 2.104123e-01 -9.611394e-02 6.142413e-01 8.209667e-01 1.132224e+00 7.164832e-02 1.130421e-01 -1.666184e-01 3.464275e-01 1.135533e-01 6.281802e-02 3.036437e-02 9.996320e-02 1.609568e-01 4.310632e-02 1.816057e-01 7.515103e-01 3.377895e-01 -1.189709e-01 -1.121445e-01 8.408092e-02 -2.463250e-01 5.808055e-02 
-1.504021e+01 1.477831e+00 2.305814e+00 1.451343e+00 -2.021262e+00 -1.064061e-01 -1.946222e+00 3.745885e-01 2.649257e+00 5.851482e+00 1.032710e+00 2.261678e+00 7.461024e+00 3.731695e-01 3.232019e-01 4.984201e-01 6.251274e-01 6.580669e-01 4.596286e-01 1.227165e+00 5.704406e-01 4.649434e-03 -3.173645e-01 -3.379357e-01 7.203250e-02 1.732948e-01 -9.140401e-02 -3.387079e-02 -1.075431e-01 -4.086145e-02 2.289545e-02 7.966293e-02 3.682199e-01 5.537428e-03 -6.352680e-03 -3.498943e-01 1.498368e-01 -1.475215e-01 -8.414598e-03 
-1.483477e+01 1.308156e+00 -1.346816e+00 7.187750e-01 5.620092e-01 4.529942e+00 1.313316e+00 2.992214e+00 6.989200e-01 1.812064e+00 2.607727e+00 1.930516e+00 7.713309e+00 6.597430e-02 5.740744e-02 -2.291261e-02 2.641370e-01 1.660833e-01 3.193946e-01 1.116152e+00 -1.347511e-01 -4.801555e-01 -8.336997e-01 -2.664258e-01 -5.113019e-01 4.494336e-02 -1.999165e-01 -5.521042e-02 5.542060e-02 -1.289961e-01 -1.748512e-01 -3.960481e-01 -3.511865e-01 -3.282192e-01 1.625297e-01 -5.637531e-02 1.608700e-01 -1.032995e-01 -5.698335e-02 
-1.500398e+01 1.429939e+00 -7.073219e-02 2.515862e+00 3.579893e+00 3.120343e+00 2.231934e+00 -1.725703e+00 2.239380e+00 1.925559e+00 2.659277e+00 3.489046e+00 7.736390e+00 -2.898469e-01 1.822527e-01 -9.458790e-02 -2.587755e-01 -2.597392e-02 3.654063e-01 6.354660e-01 -2.225375e-03 4.860575e-01 -1.119364e+00 2.297508e-01 -2.137054e-01 -4.690316e-02 -1.832040e-01 -9.132917e-02 1.287004e-01 -2.650142e-02 -2.510054e-01 -4.138434e-01 -6.216648e-01 4.841675e-02 1.294279e-01 2.968094e-01 2.635673e-01 7.538179e-02 -5.530856e-02 
-1.570952e+01 2.126885e+00 3.071693e-01 1.764925e+00 -2.403197e-01 1.533805e+00 2.043625e+00 7.361795e-01 1.889404e+00 1.859131e+00 2.231547e-01 -2.400329e-01 7.402523e+00 -4.117726e-01 5.740744e-02 7.751911e-01 7.355177e-03 -6.283352e-01 -1.318755e+00 -6.392426e-01 -2.225373e-01 6.435986e-01 2.323236e-01 3.538715e-01 -2.726943e-02 -6.134012e-02 -6.840641e-02 -1.645760e-01 4.961329e-02 1.747783e-01 -8.342972e-02 -3.571497e-01 -6.417235e-01 1.775061e-01 7.667181e-02 5.229914e-01 2.203212e-01 3.537326e-01 -1.722272e-02 
-1.605169e+01 1.980015e+00 1.005581e+00 -3.658625e-01 -1.750313e+00 3.219046e+00 8.659603e-01 1.491595e+00 4.484509e+00 2.311468e-01 3.373838e+00 2.278670e+00 7.382185e+00 -3.038431e-01 -1.334480e-01 7.429817e-01 6.210139e-01 -1.997686e-01 -7.906362e-01 -1.003382e+00 8.564108e-01 8.992074e-02 6.338328e-01 6.697410e-01 2.069099e-01 -5.013429e-02 5.800899e-02 -1.877180e-01 -2.205161e-01 2.319791e-01 1.252948e-01 -1.184011e-01 -2.955539e-01 1.142654e-01 -1.998816e-01 3.706610e-01 -1.791396e-01 2.798232e-01 -1.830823e-02 
-1.636994e+01 1.320015e+00 1.990634e+00 2.196156e+00 8.532402e-02 -2.113686e+00 -1.199866e+00 2.711856e-01 2.794530e+00 3.820257e+00 4.019990e+00 2.399607e+00 7.583739e+00 -2.690690e-01 -6.076367e-01 -1.936347e-01 6.980485e-01 -1.643474e-01 -8.882418e-01 -1.273000e+00 3.234058e-01 1.011653e-01 9.047305e-01 6.152913e-01 1.047006e+00 -3.954719e-02 1.795201e-01 -5.261505e-02 -5.143536e-01 -1.528098e-01 2.057020e-01 4.472789e-01 2.820883e-01 4.926933e-02 -1.051185e-01 -6.155040e-02 -3.966019e-01 -5.601609e-02 -2.913230e-02 
-1.619321e+01 1.165848e+00 2.802260e+00 5.405021e+00 2.418262e+00 9.907067e-01 -1.163186e+00 2.788919e+00 2.236550e+00 4.114342e+00 4.109473e+00 3.204193e+00 7.395211e+00 -7.110198e-02 -4.237969e-01 -7.128032e-01 5.555720e-01 3.684759e-01 -4.416582e-01 -5.253523e-01 2.961994e-01 -2.421454e-01 3.978157e-01 -7.965184e-01 6.483549e-01 -1.492680e-01 1.901857e-01 2.099489e-01 -3.932384e-01 -5.334104e-01 5.393877e-02 4.355035e-01 5.560467e-01 -2.236538e-01 -4.476162e-02 -1.701055e-01 -3.862090e-01 -3.573437e-01 -9.469093e-03 
-1.698421e+01 -5.039929e-01 -1.559445e+00 2.370223e+00 -3.146290e+00 -1.793467e+00 -3.306628e+00 1.704784e+00 3.519480e+00 4.441141e+00 2.931938e+00 4.532509e+00 7.198227e+00 3.692736e-01 -6.058170e-02 -1.068633e+00 -7.240991e-01 1.159116e-01 7.429724e-01 5.320902e-01 3.040590e-01 2.841238e-01 4.251700e-02 -8.959172e-01 -5.281100e-01 -1.573802e-01 3.453525e-02 4.702058e-01 5.105015e-02 -3.307545e-01 1.317652e-01 4.388112e-01 6.813773e-01 -1.697412e-01 -1.100208e-01 -2.975346e-01 -1.519014e-01 -5.976883e-01 3.944082e-02 
-1.609989e+01 7.731321e-01 -7.829433e-01 2.325176e+00 1.708073e+00 8.506110e-01 -7.073162e-01 2.255628e+00 2.911032e+00 1.910204e+00 -6.474470e-02 4.453883e+00 6.828712e+00 3.280064e-01 6.428887e-01 -7.857515e-01 -1.335140e+00 -7.022534e-02 5.714437e-01 8.743147e-01 -2.521621e-01 -2.252786e-01 2.145014e-01 -5.057796e-01 -7.922964e-01 -3.858473e-02 -2.168671e-01 3.910473e-01 2.425115e-01 3.237468e-02 -1.527137e-01 -1.507612e-03 2.713582e-01 -2.684890e-01 -1.386701e-01 -2.677017e-01 2.997208e-01 -3.078337e-01 9.151421e-02 
-1.456985e+01 1.213740e+00 -1.560072e+00 1.156641e-01 1.020182e+00 1.671626e+00 1.232425e+00 2.058077e+00 3.877475e+00 5.135129e+00 1.627637e+00 -8.657107e-01 7.080082e+00 -2.957628e-01 1.210193e+00 9.790417e-02 -1.046997e-02 7.139581e-01 7.993028e-01 1.434027e+00 -2.511948e-01 -4.573149e-01 -4.913858e-01 -2.895133e-01 -1.221161e+00 1.022787e-01 -2.848125e-01 3.187833e-02 2.789718e-01 4.163259e-01 -2.299585e-01 -5.241877e-01 -9.255017e-02 -5.108334e-02 -2.406742e-01 -3.436233e-01 3.062717e-01 2.090681e-01 5.224982e-02 
-1.576045e+01 3.521688e+00 -1.126034e+00 -1.432494e-01 -1.565076e-02 2.115566e+00 9.386637e-01 1.351491e+00 9.309795e-01 4.839708e+00 2.232615e+00 1.941843e+00 7.261298e+00 -8.228571e-01 8.959275e-01 -8.363928e-02 3.606172e-01 -6.940601e-01 -4.775202e-01 3.805685e-01 -7.684805e-01 -5.647240e-01 -6.738089e-01 3.988206e-01 -5.442994e-01 1.784508e-01 -2.984651e-03 -4.766680e-01 8.439723e-02 3.180196e-01 -1.429355e-01 -4.901186e-01 -3.129058e-01 -7.314990e-02 -1.757298e-01 -9.862841e-02 2.614001e-01 2.797613e-01 -1.582707e-02 
-1.863286e+01 4.172565e+00 -8.983522e-01 3.551953e+00 1.285241e+00 1.571103e+00 3.040514e+00 9.008583e-01 2.223343e+00 5.195574e-01 3.356560e-01 -3.169933e-01 7.493245e+00 -4.794450e-01 -2.757663e-02 -2.482226e-02 5.098249e-01 -7.218552e-01 -1.353602e+00 3.163738e-01 3.069610e-01 -7.494395e-01 -1.231517e+00 1.832693e-01 3.932428e-01 -4.623514e-03 4.220663e-01 -6.565409e-01 -1.088602e-01 -8.567670e-02 -5.202290e-02 -2.511054e-01 -5.817891e-01 -1.267114e-01 -3.311301e-02 3.976932e-01 2.958296e-01 3.941817e-01 -4.491870e-02 
-1.818232e+01 3.773008e+00 -1.532161e+00 2.410022e+00 -1.894623e+00 -1.486894e+00 2.915376e-01 -1.008266e+00 9.144712e-01 8.490265e-01 2.574982e+00 1.458426e+00 7.514269e+00 4.047692e-01 -1.121687e+00 -3.024844e-01 -5.234613e-03 -6.701436e-02 -8.026466e-01 -1.315507e-01 -8.970159e-01 -9.579325e-01 9.152810e-02 5.648257e-01 -2.006095e-01 -6.429625e-02 2.343240e-01 -2.399856e-01 2.470775e-02 -9.339522e-02 4.215149e-01 1.752550e-01 -2.832770e-01 -1.243042e-01 1.086493e-01 4.888358e-01 -6.673890e-02 1.964818e-01 -4.568797e-03 
-1.575567e+01 9.501052e-01 -1.480728e+00 1.387926e+00 -1.649759e+00 -3.295402e+00 3.137779e+00 4.772403e+00 1.385813e-01 9.728695e-01 2.372674e+00 1.342152e+00 6.930402e+00 1.200677e+00 -1.063649e+00 -3.369853e-01 -2.560332e-01 1.403954e-01 -2.934737e-01 -1.218766e+00 -8.204750e-01 -4.261581e-01 1.114269e+00 1.106564e+00 5.779258e-01 -9.111548e-04 -2.407218e-01 3.252982e-01 6.021012e-02 -1.040623e-02 4.314022e-01 3.293930e-01 -1.013470e-01 -2.580074e-01 2.703806e-01 2.246626e-01 -4.157129e-01 9.365813e-02 6.940085e-02 
-1.517524e+01 -4.757137e-01 -2.346922e+00 9.129601e-01 1.116950e+00 5.353957e-01 2.325888e-01 -5.069702e+00 -2.816404e+00 5.070704e+00 4.038471e+00 1.094537e-01 7.221079e+00 -4.911326e-01 2.141417e-01 1.960598e-01 2.764775e-01 9.823766e-01 -1.312488e-01 -2.682413e-01 -8.264000e-01 -1.832286e-01 5.974245e-01 -3.966760e-01 3.457057e-01 1.537705e-01 -4.521759e-01 5.599620e-01 1.161279e-01 6.659941e-02 1.545206e-01 9.785520e-02 1.223921e-01 3.309188e-01 3.428359e-01 -3.535473e-01 -5.370781e-01 2.020482e-01 4.427908e-02 
-1.413265e+01 9.788405e-01 -2.176004e+00 3.020131e+00 4.812293e-01 -9.078624e-01 -3.023674e+00 -1.170710e+00 1.957796e+00 3.979817e+00 5.136898e+00 3.247171e+00 7.635384e+00 -1.234952e+00 9.308460e-01 2.712005e-02 3.169892e-01 9.104304e-01 -4.243956e-02 -1.219215e-01 -1.018417e+00 2.151337e-01 -3.611563e-01 -1.414466e+00 5.884438e-01 2.333112e-01 -2.381983e-01 1.460021e-01 1.407939e-01 -3.457894e-02 -1.764870e-01 3.573690e-02 2.026269e-01 4.676311e-01 9.641598e-02 -4.203364e-01 -3.212412e-01 -2.435727e-01 -3.527318e-02 
-2.144989e+01 4.829829e+00 -2.046442e-01 2.975958e+00 1.951675e+00 -3.336794e+00 2.030853e+00 -2.168676e+00 -9.113464e-01 2.332806e+00 -7.906533e-01 2.234692e+00 7.930631e+00 -6.384535e-01 6.808366e-01 9.599452e-02 4.126035e-02 3.205118e-01 -4.387825e-01 -6.790934e-02 8.565317e-01 4.355741e-01 -9.384689e-01 -8.599579e-01 8.043713e-01 4.006229e-02 4.734419e-01 -4.095491e-01 6.547860e-02 -1.467666e-01 -5.440994e-01 1.030813e-01 -1.641331e-01 6.782162e-01 1.070302e-01 3.458452e-02 4.668933e-01 -2.321616e-01 -7.872453e-02 
-1.879283e+01 2.951999e+00 -2.416230e+00 1.941179e+00 2.484737e+00 -1.571952e+00 1.628692e+00 -1.770064e+00 2.621576e-01 5.359141e-01 -2.285266e+00 3.221851e+00 7.742331e+00 8.343349e-02 -5.671378e-01 4.170693e-01 -3.115031e-01 -4.110918e-01 3.875745e-02 -3.057620e-01 6.761226e-01 -2.535071e-01 -2.193423e-01 -2.679581e-01 -8.692219e-01 -1.204629e-01 5.132473e-01 -4.535982e-01 1.824029e-01 7.473677e-02 -5.003698e-01 6.219837e-02 -2.288043e-01 6.966719e-01 1.215572e-01 6.297809e-01 7.454323e-01 -1.578193e-01 -3.083810e-02 
-1.603733e+01 1.942158e+00 -1.746984e+00 1.658648e+00 1.717750e+00 -1.326785e+00 -2.433532e+00 -4.871023e-01 2.093311e-01 2.100475e+00 3.449379e+00 4.143709e+00 7.367788e+00 1.216982e+00 -1.084696e+00 3.284618e-01 -1.433483e-01 -1.077271e+00 3.434154e-01 -9.970731e-01 1.717465e+00 5.862045e-01 6.993931e-01 1.364613e+00 -8.625250e-02 -6.305880e-02 1.407623e-01 -8.736404e-02 1.837201e-01 2.603401e-01 -1.383916e-01 1.290136e-01 7.956798e-02 2.615596e-01 6.515812e-02 6.279544e-01 2.662764e-01 4.209829e-04 5.932113e-02 
-1.642224e+01 -4.132258e-01 6.803667e-01 2.121369e+00 -1.457066e+00 -1.718871e+00 -2.320219e+00 1.369363e+00 1.300913e-01 2.999421e+00 1.677241e+00 -2.053432e+00 7.314543e+00 4.036148e-01 -4.544103e-01 8.230594e-01 7.829361e-01 -8.924389e-01 -1.224525e-01 -8.013898e-01 2.034511e+00 7.476109e-01 1.968972e+00 1.200447e+00 2.446508e-01 1.307401e-01 -1.440176e-01 3.575239e-01 -4.486013e-02 8.155778e-02 1.722232e-01 -2.896138e-02 2.519278e-01 -7.219702e-02 4.028675e-02 1.656056e-01 -1.280125e-01 2.565371e-01 7.284346e-02 
-1.655076e+01 1.089221e+00 -1.108744e-01 2.169040e+00 -1.463377e+00 -1.546480e+00 -9.801179e-01 4.848679e+00 2.085617e+00 4.598031e+00 4.051115e+00 4.441223e+00 7.829168e+00 -9.476567e-02 1.875144e-01 8.114743e-01 7.956505e-01 -1.307324e-01 2.869158e-01 5.778013e-01 1.485183e+00 2.609319e-01 1.107140e+00 -2.627482e-01 2.494973e-01 2.110371e-01 -2.441024e-01 3.666077e-01 -1.905815e-01 -1.923597e-01 3.897082e-01 5.703137e-03 3.019537e-01 -5.859966e-01 -5.438635e-02 -3.600009e-01 -6.129313e-01 -2.085972e-01 -1.399721e-02 
-1.651795e+01 1.106553e+00 8.810779e-01 5.600518e+00 -3.871538e-01 -2.074568e+00 -3.105220e+00 5.734625e+00 3.061965e+00 9.131819e+00 3.416634e+00 4.296297e+00 8.165320e+00 1.907978e-02 5.845319e-01 -4.888377e-02 -3.732055e-01 -2.326464e-02 -7.762494e-02 1.665122e-01 4.312644e-01 1.107701e-01 4.046900e-01 -9.439340e-02 2.455788e-01 1.067473e-01 5.415225e-02 -9.875479e-02 -5.635660e-01 -4.739359e-01 2.576832e-01 -1.903833e-02 -1.432528e-01 -7.444746e-01 -1.368366e-02 -8.393970e-01 -5.918500e-01 -3.058855e-01 -1.063895e-01 
-1.646291e+01 2.120499e+00 2.210162e+00 3.897900e+00 5.287716e-01 2.856798e-01 8.479482e-01 4.756446e+00 4.802146e-02 4.570325e+00 1.266142e+00 2.216035e+00 7.997359e+00 1.886215e-01 2.288106e-01 -1.884151e-01 -5.271499e-01 4.367094e-01 3.493360e-01 2.871484e-02 -4.110479e-01 6.328226e-01 -3.183829e-01 -1.052728e+00 -1.129696e+00 -1.211504e-01 1.248592e-01 -4.339167e-01 -6.603144e-01 -2.697842e-01 3.641783e-02 -1.100658e-01 -5.765690e-01 -7.243640e-01 7.118481e-02 -6.292883e-01 -3.402537e-01 -1.927021e-01 -1.214936e-01 
-1.637062e+01 1.993243e+00 -7.246116e-01 -6.090312e-01 -2.569471e+00 -3.022943e+00 -2.401765e+00 3.571462e+00 1.702153e+00 5.036655e+00 2.597677e+00 2.866957e-01 7.764269e+00 5.327551e-01 -9.687792e-01 -1.494866e+00 -9.254111e-01 1.121989e-01 -2.489845e-01 -1.243116e+00 -7.398230e-01 4.932025e-01 -1.515272e+00 -1.363796e+00 -5.951362e-01 -2.352023e-01 -1.009268e-01 -8.960350e-01 -2.354235e-01 7.037060e-01 -1.580936e-01 -2.492531e-01 3.118543e-02 -6.529486e-01 -2.080671e-01 -5.487396e-01 -7.530933e-02 2.757263e-02 1.083861e-01 
-1.568115e+01 1.789815e+00 -2.501178e-01 2.637883e+00 1.811572e+00 6.745817e-01 -1.188403e+00 3.875288e+00 5.929220e+00 5.054013e+00 -8.029733e-01 7.977659e-01 7.424232e+00 2.725987e-01 -1.205236e+00 -1.767054e+00 -2.772239e-01 -1.644129e-02 -1.779371e-01 -1.600393e+00 -1.551059e+00 4.256180e-01 -1.079137e+00 -1.329267e+00 -2.937244e-01 -2.255089e-01 -4.547947e-01 -1.167611e+00 1.128949e-01 1.299168e+00 -5.211259e-01 -5.891506e-01 8.515137e-01 -4.859449e-01 -3.954794e-01 -2.328764e-01 7.142044e-01 4.336722e-01 3.611855e-01 
-1.424477e+01 -3.571830e+00 -5.362922e+00 1.603542e+00 -4.675129e-01 -3.514188e+00 -8.302534e+00 2.476476e+00 2.586998e+00 1.313354e+00 -2.367616e+00 2.029798e+00 7.275924e+00 -5.274938e-01 -3.178684e+00 -4.367960e-01 3.020304e+00 -5.871944e-01 -1.060447e+00 1.136960e+00 -2.263385e+00 -8.259259e-01 -1.958664e+00 -3.326235e-01 -3.459075e-02 7.009310e-01 -5.452139e-01 -5.579172e-01 6.681808e-01 1.344223e+00 -5.191267e-01 -5.657322e-01 1.521958e+00 1.451084e-01 -3.426783e-01 4.535234e-01 1.127801e+00 4.389293e-01 4.440874e-01 
-1.616245e+01 -1.123399e+00 -4.305738e+00 1.405420e+00 -6.042496e-01 -3.583964e-01 -4.203631e+00 -2.451438e+00 1.733754e+00 1.035959e+00 -2.897701e+00 -1.237595e-01 7.113904e+00 -1.555133e+00 -4.504308e+00 -1.530230e-01 3.995826e+00 -1.819210e+00 -2.190608e+00 3.096228e+00 -2.079107e+00 -6.849003e-01 -1.261178e+00 2.002686e+00 7.583810e-01 1.216812e+00 -5.721710e-02 5.773365e-01 5.986727e-01 -4.498996e-02 -3.646371e-01 -1.643118e-01 9.335369e-01 8.261123e-01 -2.632968e-01 6.608923e-01 9.915611e-01 4.359297e-01 1.177525e-01 
-1.876720e+01 -1.244374e+01 -8.811036e-01 1.510903e+01 -4.297402e+00 -7.808484e+00 4.790309e+00 -4.582368e+00 -3.297827e-01 -2.747427e+00 1.982000e+00 5.742143e-01 1.142400e+01 -1.279538e+00 -2.108809e+00 1.039231e+00 3.659267e+00 -1.582099e+00 -2.071350e+00 4.018419e+00 2.498879e-01 -6.649880e-01 8.432438e-01 2.609294e+00 1.073507e+00 1.263972e+00 6.425672e-01 2.060296e+00 2.294002e-01 -1.920409e+00 2.186792e-01 6.719367e-01 -6.602839e-01 9.131247e-01 -1.889976e-01 7.329174e-01 -1.462676e-02 2.395447e-02 -4.341200e-01 
-2.119522e+01 -1.629610e+01 -3.256395e+00 1.586434e+01 -5.369418e+00 -8.130977e+00 7.746261e+00 -2.990793e+00 3.962846e+00 7.782591e-01 7.035802e+00 5.317105e+00 1.143406e+01 3.624919e-01 1.146575e+00 4.884899e-01 -8.215765e-01 -1.342078e+00 -4.939288e-01 1.626722e+00 1.322790e+00 -9.712854e-01 8.242759e-01 2.157658e+00 1.331919e+00 8.165447e-02 8.667819e-01 2.022808e+00 2.958549e-01 -2.328234e+00 4.729508e-01 1.090160e+00 -1.645577e+00 3.828620e-02 -4.682944e-01 2.761091e-01 -1.244631e+00 -5.890914e-01 -5.111601e-01 
-1.812592e+01 -6.529286e+00 -6.916824e-01 1.267034e+01 -5.995461e+00 -9.984514e+00 5.814707e+00 3.995605e+00 -1.852319e+00 5.658207e+00 5.711724e+00 4.676768e+00 1.143589e+01 1.726617e+00 4.297204e+00 3.895704e-01 -4.173078e+00 2.676308e-01 1.450909e+00 -1.429724e+00 6.013955e-01 -1.627687e+00 6.631122e-01 -4.832029e-01 -2.016407e-01 -9.021896e-01 6.534156e-02 4.774151e-01 1.696508e-01 -1.705129e+00 3.776398e-01 9.026145e-01 -1.591974e+00 -8.127806e-01 -1.683089e-01 -1.440474e-01 -1.432885e+00 -7.434042e-01 -1.402574e-01 
-1.467069e+01 1.652524e+00 -1.958045e+00 -1.482864e+00 -6.465836e+00 -1.739794e+00 3.417786e+00 -1.264687e-01 -2.361718e+00 9.548438e-01 6.025885e+00 4.484534e+00 7.516326e+00 1.275853e+00 2.406667e+00 1.650954e+00 -3.729195e+00 -3.793833e-01 1.499120e+00 -2.407587e+00 -2.063509e+00 -2.545057e+00 2.094094e-01 -2.674266e+00 -1.549590e+00 -2.558953e-01 -1.053494e+00 -8.063508e-01 -2.474412e-02 4.128987e-02 4.674255e-01 6.385221e-02 -3.227660e-01 -5.874510e-01 3.761626e-01 6.447828e-02 -8.655618e-01 -3.980712e-01 4.940207e-01 
-1.339669e+01 6.843278e-02 4.175605e-01 2.917353e+00 -2.411278e+00 -3.749348e+00 -1.938071e-01 -3.007389e+00 -5.306327e+00 4.798342e-01 7.109974e-02 -1.748091e-02 8.871902e+00 -1.409399e+00 -3.515684e-01 1.306072e+00 -3.412580e+00 -1.752848e-01 1.445157e+00 -1.924355e+00 -2.120823e+00 -7.196882e-01 4.305322e-01 -2.139168e+00 -1.202806e+00 7.315236e-01 -1.477593e+00 -7.894089e-01 -6.569018e-01 1.092444e+00 2.621543e-01 -2.914591e-01 9.409320e-01 2.386405e-01 7.258909e-01 -2.309890e-01 9.442454e-02 -4.472868e-02 6.853184e-01 
-1.718042e+01 -7.561477e+00 4.444015e+00 2.095127e+00 -9.058363e+00 -3.753442e+00 -1.287634e+00 -9.806449e+00 -7.035453e+00 4.414770e+00 -3.515323e+00 -8.344693e-02 1.143657e+01 -3.336980e+00 -5.606005e-01 -9.356943e-02 -9.952159e-01 1.216478e+00 -1.718473e-01 2.601480e-01 -2.533713e-01 4.554864e-01 1.263084e+00 -1.342037e+00 -1.579190e-01 1.734892e+00 -8.886543e-01 4.076288e-01 -1.336536e+00 1.422784e+00 2.688428e-01 -3.824204e-01 1.021457e+00 1.207864e+00 7.508072e-01 -4.068203e-01 7.553818e-01 1.657739e-01 3.578670e-01 
-2.391825e+01 -3.680385e+00 2.637928e+00 -6.181794e+00 -5.575575e+00 -1.752075e+00 -1.454000e+00 -1.768788e+00 -3.113553e+00 6.080809e+00 -2.135576e-01 9.466892e-01 1.313333e+01 -3.354872e+00 1.833941e+00 -2.022819e+00 -7.765707e-02 7.803854e-01 8.290750e-01 1.941165e+00 8.895422e-01 5.014017e-01 -1.018796e+00 -6.770969e-01 -1.121137e+00 1.529062e+00 2.790336e-01 8.938983e-01 -1.182912e+00 1.592891e+00 -2.789590e-01 -2.775669e-01 2.009835e-01 1.009816e+00 5.359945e-02 -3.462413e-01 4.945256e-01 2.313337e-01 -3.825057e-02 
-2.609468e+01 7.234155e-01 -3.535823e+00 -1.909721e+00 1.198992e+00 -3.597426e+00 5.349012e+00 -2.012614e+00 -1.180196e+00 4.469181e+00 -5.419834e-01 3.212855e+00 1.406020e+01 -2.194630e+00 3.352175e+00 -3.367335e+00 1.717198e+00 4.869814e-01 -1.051981e-01 7.669545e-01 2.470541e+00 5.983861e-01 -1.099887e+00 3.716468e-01 -7.614644e-01 1.134727e+00 9.357747e-01 2.054791e-01 -3.843179e-01 8.039868e-01 -8.243253e-01 1.834580e-01 -9.238987e-01 3.020818e-01 -3.460515e-01 5.023156e-02 2.208630e-01 3.720089e-01 -3.139697e-01 
-2.571423e+01 5.095288e+00 -5.706639e+00 4.531188e+00 -3.637700e+00 3.179746e-01 6.193617e+00 -2.456226e+00 -5.726581e+00 -4.641457e+00 -4.800820e+00 -7.271411e+00 1.520554e+01 -5.856431e-01 2.161441e+00 -2.971657e+00 3.195564e+00 -1.205410e+00 2.387133e-02 -1.172945e+00 1.566318e+00 -5.230254e-01 -1.192833e-01 -5.234528e-01 2.557875e-01 8.403507e-01 8.973501e-01 -8.652511e-01 3.958961e-01 -4.002379e-02 -3.494789e-01 2.713693e-02 -1.324251e+00 -2.981284e-01 -2.305997e-01 7.734658e-01 1.409216e-01 8.545845e-01 -3.572970e-01 
-2.725520e+01 4.811584e+00 -8.220234e+00 5.324548e+00 -7.592125e+00 -5.314508e+00 -1.276499e+00 2.890088e+00 -2.736692e+00 4.276239e+00 6.365238e-01 2.180644e-01 1.607391e+01 -4.267669e-02 3.029524e-01 -1.540570e+00 1.387994e+00 -1.912229e+00 1.147943e+00 -2.802274e+00 9.185625e-01 -7.624410e-01 1.064494e+00 -3.145417e-01 1.013699e+00 5.093321e-01 5.519099e-01 -1.273299e+00 7.578647e-01 -8.574683e-01 3.652807e-01 2.863270e-01 -4.357714e-01 -7.969328e-01 -5.825423e-02 3.337657e-01 -4.083060e-02 3.798018e-01 -3.430614e-01 
-2.626594e+01 5.082973e+00 -9.878610e+00 6.179137e+00 -7.207159e+00 -7.745896e-01 -4.005826e+00 3.611993e+00 -4.950219e+00 5.581097e+00 -3.420005e+00 3.722926e+00 1.632825e+01 5.587394e-02 -9.678225e-01 -9.567283e-01 -1.131827e-01 2.327113e-01 3.383406e-01 -2.895467e+00 1.747981e-01 2.877840e-02 1.766180e+00 3.705231e-01 2.264099e+00 5.525547e-02 1.399528e-01 -9.248723e-01 6.281283e-01 -1.000889e+00 8.360195e-01 1.790257e-01 6.219745e-01 -6.173412e-01 1.615403e-01 -2.687976e-01 2.173166e-01 -2.585402e-01 -2.749844e-01 
-2.603247e+01 2.244563e+00 -9.153227e+00 4.206672e+00 -6.577749e+00 2.688684e+00 -3.562400e+00 -4.535921e-01 -5.380850e+00 4.680481e+00 -2.805301e+00 2.784076e+00 1.604535e+01 2.441735e-01 -1.449824e+00 -5.856209e-01 -9.158130e-01 1.594371e+00 1.169088e+00 -5.504768e-01 -8.182985e-01 3.135528e-02 -3.738864e-01 -2.795019e-01 1.332842e-01 -1.880416e-01 -1.331691e-02 -3.768909e-01 4.106239e-01 -3.131036e-01 3.914530e-01 -5.251209e-02 1.152443e+00 -6.071238e-02 1.242557e-01 -6.022561e-01 1.605931e-02 -7.478883e-01 -1.349228e-01 
-2.604615e+01 1.539407e+00 -1.002413e+01 4.524190e+00 -2.981364e+00 -1.991784e+00 -7.140589e+00 8.959226e-02 -4.260172e+00 3.987829e+00 -1.227366e+00 2.766085e+00 1.549599e+01 -2.911335e-02 -1.586628e+00 -3.084680e-01 -6.569120e-01 1.221395e+00 9.084113e-01 8.111161e-01 -6.519158e-01 -1.122472e-01 -7.440794e-01 5.455180e-01 -5.968892e-01 -1.859104e-01 8.966485e-03 7.196222e-02 3.878138e-01 1.988313e-01 -5.954626e-01 -7.328434e-02 8.536404e-01 2.610581e-01 -5.811930e-02 -4.376273e-01 -1.367800e-01 -7.335393e-01 2.846167e-02 
-2.614425e+01 -6.654580e-01 -1.107535e+01 1.573364e+00 -1.733484e+00 1.139899e+00 -2.461696e+00 5.596925e-01 -2.924887e+00 3.203712e+00 -1.857308e+00 1.363141e+00 1.555015e+01 -6.677326e-02 -1.272043e+00 1.882940e-01 9.436184e-02 -4.493226e-01 6.003702e-01 1.106633e+00 1.028356e+00 -7.078288e-02 -6.915038e-01 -3.217949e-01 -1.295302e+00 -4.470325e-02 6.429406e-02 3.438983e-01 3.784144e-01 2.820596e-01 -9.365392e-01 -3.306221e-01 -9.728692e-02 3.863861e-01 3.781311e-02 6.173852e-02 -1.666780e-01 -9.340373e-02 1.049745e-01 
-2.635584e+01 -1.395244e+00 -1.045973e+01 4.211483e+00 -3.522000e+00 4.542222e+00 -5.009956e-01 -1.545535e-01 -6.739247e+00 2.598851e+00 -1.166090e+00 1.449097e+00 1.564658e+01 2.562939e-01 -6.969258e-01 5.954300e-01 3.759493e-01 -1.722881e+00 2.562978e-01 5.442652e-01 5.567769e-01 -2.107543e-01 -2.632614e-01 -2.922715e-01 -6.892822e-01 1.258591e-01 1.334773e-01 4.485778e-01 3.082478e-01 1.056707e-01 -5.592212e-01 -2.169040e-01 -3.753053e-01 8.898912e-02 2.034123e-01 1.867931e-01 -3.202068e-01 3.219731e-01 1.134725e-01 
-2.621193e+01 -2.648195e+00 -7.993493e+00 4.834712e+00 -8.553910e+00 2.423503e+00 -1.349530e+00 4.810381e+00 -4.494590e+00 1.917548e+00 -4.444836e+00 -3.034261e+00 1.574644e+01 4.229498e-01 -1.752225e-01 8.545049e-01 -2.193790e-02 -1.616316e+00 -1.578070e-01 -9.035480e-01 5.092562e-01 2.695996e-01 -3.055255e-01 -6.940550e-01 -2.875374e-01 1.810632e-01 1.150031e-01 4.339429e-01 7.056747e-02 6.558225e-02 3.359458e-01 1.239859e-01 -2.885454e-01 -6.036499e-01 1.650933e-01 3.123347e-01 1.192985e-01 4.939748e-01 7.851912e-02 
-2.473112e+01 -9.537234e-01 -8.588099e+00 4.773045e+00 -8.185352e+00 -1.352257e+00 -4.975533e+00 7.483070e-01 -4.529493e+00 3.314871e+00 -1.394983e+00 1.518062e+00 1.602684e+01 3.933702e-01 1.077920e-01 8.996998e-01 -7.042728e-02 -9.911768e-01 2.031814e-01 -6.027238e-02 5.267124e-02 7.346094e-01 -3.056963e-03 -8.694586e-01 5.090435e-01 2.686474e-01 -1.117427e-02 3.242889e-01 -1.316703e-01 2.429717e-02 5.381636e-01 9.454751e-02 1.032034e-01 -6.484851e-01 2.661425e-02 2.787271e-01 2.166763e-01 -1.202152e-01 1.841297e-02 
-2.484188e+01 -1.762417e+00 -7.738527e+00 1.182807e+00 -7.483157e+00 3.297736e+00 -4.742358e+00 2.654559e+00 -2.681979e+00 1.318028e+00 -5.213216e+00 -1.091004e-01 1.626518e+01 4.395432e-01 4.954022e-01 3.889338e-01 6.454456e-01 8.645735e-01 1.246732e+00 -3.393039e-02 -1.737756e+00 2.820155e-01 7.400023e-01 5.633955e-01 5.753478e-01 2.765533e-01 4.776445e-03 4.137567e-01 -1.127517e-01 5.882107e-02 3.857460e-01 -2.278855e-01 2.128254e-01 -5.526962e-01 -4.256128e-01 6.882562e-03 3.654766e-01 -4.833916e-01 -2.649607e-02 
-2.507364e+01 -1.298547e+00 -6.088932e+00 5.684927e+00 -9.013346e+00 5.120345e+00 8.944522e-01 1.186493e+00 -3.972456e+00 2.883256e+00 -5.128922e+00 2.531873e+00 1.673045e+01 1.920845e-01 5.891558e-01 1.698341e-01 1.636680e-01 -2.724172e-01 2.674706e-02 6.253940e-01 -1.562305e+00 -8.390155e-02 6.076087e-01 1.624293e-01 -1.721692e+00 1.701324e-01 5.742409e-01 4.402150e-01 1.166068e-01 -3.551067e-01 -9.142682e-02 -1.239177e+00 -5.080311e-01 -1.661805e-01 -6.971740e-01 -6.348896e-01 -6.304476e-02 -6.831635e-01 3.643241e-02 
-2.384270e+01 9.275994e-04 -7.298530e+00 7.606223e+00 -3.816931e+00 5.420549e+00 -4.454164e+00 -4.097587e+00 -3.363064e+00 5.833457e+00 2.390411e-01 -6.644810e-01 1.677752e+01 5.474728e-01 1.653131e+00 6.556474e-01 1.550671e-01 -4.704602e-02 -1.209139e+00 -1.823531e-01 -1.446707e+00 -1.449297e+00 -5.766778e-01 6.175388e-01 -1.588980e+00 9.787886e-02 1.246361e+00 -8.981521e-02 5.216811e-01 -7.877623e-01 -8.407557e-01 -1.857250e+00 -8.520740e-01 5.860382e-01 -6.430237e-01 -1.210360e+00 -5.196417e-01 -4.867006e-01 1.842166e-01 
-2.426999e+01 1.109746e+00 -7.959309e+00 2.379845e+00 -1.138078e+01 -2.280163e+00 -1.992726e+00 -3.687167e+00 -4.608733e+00 4.095315e+00 -3.308801e+00 -6.812648e+00 1.662122e+01 3.210649e+00 1.729983e+00 1.349612e+00 -1.600648e+00 -9.924813e-01 -4.764892e+00 -2.526126e+00 -9.238597e-01 -1.885609e+00 -2.519172e+00 -1.211684e+00 -1.824603e+00 5.400621e-01 1.474195e+00 -9.098048e-01 6.568056e-01 -8.748200e-01 -8.803414e-01 -1.511267e+00 -1.025691e+00 7.500328e-01 -2.190861e-01 -1.117756e+00 -1.874637e-01 -1.842906e-01 3.192229e-01 
-2.250614e+01 5.298716e+00 -3.525160e+00 3.610559e+00 -6.534414e+00 9.520439e-01 -4.210509e+00 -2.142187e+00 -9.610275e+00 -2.171274e+00 -3.035491e+00 -3.381748e+00 1.680906e+01 5.162037e+00 -5.240877e-01 2.407427e+00 -2.411256e+00 -2.979079e+00 -5.643849e+00 -2.718489e+00 8.730974e-01 -2.032374e+00 -3.748524e+00 -1.347655e+00 -1.806661e+00 1.012632e+00 7.848856e-01 -1.592384e+00 3.503357e-01 -8.528013e-01 -9.479896e-01 -6.175305e-01 -2.894638e-01 8.199939e-01 5.800359e-01 -1.466654e-01 2.743542e-01 -3.433349e-01 2.921162e-01 
-9.688507e+00 4.702572e+00 -1.227644e+00 -3.208150e-01 -1.261688e+01 -1.647031e+01 -1.185780e+01 -4.410349e+00 -1.027721e+01 -5.709979e+00 -9.550512e+00 -5.232461e+00 1.941509e+01 5.255826e+00 -2.871274e+00 2.577894e+00 -2.927188e+00 -3.208163e+00 -5.312295e+00 -3.234925e+00 1.027993e+00 -8.877711e-01 -3.395389e+00 2.077870e-01 -2.534359e+00 1.308864e+00 -7.468119e-01 -1.390595e+00 -8.616981e-02 -3.361395e-01 -1.673993e-01 1.133689e+00 8.778559e-01 6.564506e-01 9.237375e-01 9.504539e-01 9.345727e-01 -2.898815e-02 2.908196e-02 
-5.322984e+00 -4.415645e+00 1.373134e+00 -3.099324e+00 -1.809392e+01 -1.570342e+01 -1.311373e+01 6.299043e-01 -1.069039e+01 -8.006581e+00 -3.378830e+00 -1.048842e+01 2.044366e+01 3.449450e+00 -4.008275e+00 1.793031e+00 -3.445613e+00 -3.679175e+00 -4.023293e+00 -1.275435e+00 1.677200e+00 9.521215e-01 -8.720174e-01 1.279720e+00 -2.950850e+00 1.174119e+00 -1.592676e+00 -2.879277e-01 -4.504134e-01 1.789068e-01 9.156270e-01 1.887312e+00 1.391069e+00 1.895424e-01 8.603672e-01 1.441600e+00 6.926305e-01 6.492154e-01 -2.134516e-01 
-6.582289e+00 -8.389328e+00 2.480809e+00 -8.901259e+00 -2.164150e+01 -2.051307e+01 -1.371567e+01 6.693298e-02 -8.507522e+00 -9.964035e+00 -2.098521e+00 -1.593128e+01 2.134813e+01 3.327680e-01 -3.480832e+00 1.225994e+00 -2.764019e+00 -1.479548e+00 9.339628e-02 1.141608e+00 1.956519e+00 1.240849e+00 7.947420e-01 2.147340e+00 -1.397388e+00 6.048222e-01 -1.485164e+00 5.632783e-01 -6.117606e-01 6.003736e-01 1.305341e+00 1.857873e+00 1.274051e+00 -1.098105e-01 1.489922e-01 9.553245e-01 -1.595666e-02 1.132688e+00 -3.429373e-01 
-6.811658e+00 -8.196847e+00 3.585975e+00 -9.327242e+00 -2.041803e+01 -1.714258e+01 -9.658683e+00 4.005179e+00 -5.734599e+00 -4.404453e+00 -3.630189e-01 -1.278657e+01 2.171285e+01 -3.396272e-01 -1.659016e+00 8.313346e-01 -1.598030e+00 7.348295e-01 1.089751e+00 2.048525e+00 1.356647e+00 1.205124e+00 1.364544e+00 1.145793e+00 8.709850e-01 2.973151e-01 -8.246133e-01 8.422795e-01 -5.721272e-01 7.790961e-01 1.124024e+00 1.086059e+00 4.187292e-01 -4.607690e-01 -5.671053e-01 -7.098734e-02 -5.141743e-01 9.253396e-01 -3.045103e-01 
-7.279966e+00 -1.081130e+01 3.796094e+00 -1.102724e+01 -1.885250e+01 -1.528359e+01 -7.877120e+00 3.684120e+00 -6.550581e+00 -3.537218e+00 -3.215199e-01 -1.107045e+01 2.180449e+01 -2.754178e-01 -1.229471e+00 -1.242014e-04 -8.491244e-01 1.111619e+00 1.420798e+00 1.473208e+00 6.392427e-01 -2.693198e-01 2.631306e-01 1.949152e-01 1.218181e+00 3.256883e-02 -1.873464e-01 7.157557e-01 -5.780542e-01 6.466846e-01 2.014127e-01 -1.751680e-02 -3.893223e-01 -5.029461e-01 -8.122659e-01 -5.981769e-01 -7.801531e-01 1.564656e-01 -1.747145e-01 
-6.672533e+00 -1.149958e+01 4.872094e+00 -1.002701e+01 -1.581442e+01 -1.286967e+01 -5.790335e+00 5.604414e+00 -5.643096e+00 -4.397110e+00 1.461641e+00 -8.564079e+00 2.170211e+01 -3.693511e-01 -9.226996e-01 -4.544921e-01 -5.074551e-01 6.454236e-01 7.434799e-01 6.525108e-01 3.211524e-02 -1.128241e+00 -9.612558e-01 -3.149504e-01 3.679790e-01 -6.230258e-02 -7.778639e-02 4.676825e-01 -4.367632e-01 4.876474e-01 -4.068763e-01 -3.085929e-01 -5.119461e-01 -1.851376e-01 -6.487805e-01 -3.572612e-01 -5.275718e-01 -4.178628e-01 -8.598193e-02 
-8.028918e+00 -1.288481e+01 1.836651e+00 -1.279721e+01 -1.838549e+01 -1.554604e+01 -8.283867e+00 2.463391e+00 -9.899879e+00 -8.652167e+00 -2.036272e+00 -1.195167e+01 2.151655e+01 -5.889617e-01 -2.704110e-01 -1.021274e+00 -7.603659e-02 -4.276484e-01 1.789915e-01 -1.068689e-01 1.040612e-01 -1.653807e+00 -1.033436e+00 -1.023103e+00 -3.636380e-01 -8.904532e-02 1.001399e-02 4.033753e-01 -5.665435e-02 4.809460e-01 -3.338846e-01 -2.479300e-01 -1.224690e-01 2.458121e-01 -7.012772e-02 3.482559e-01 -1.025968e-01 -3.026074e-01 -2.941143e-02 
-8.283924e+00 -1.177371e+01 2.292956e+00 -1.097956e+01 -1.742496e+01 -1.329450e+01 -6.192824e+00 4.775914e+00 -9.701307e+00 -6.653322e+00 -1.080498e+00 -1.050575e+01 2.154535e+01 -5.716469e-01 1.997916e-01 -8.420224e-01 4.536071e-01 -5.298983e-01 1.678269e-01 2.789637e-01 6.986133e-01 -1.346573e+00 2.263405e-01 -8.830454e-01 -4.274675e-01 -7.185847e-02 1.652835e-01 2.535653e-01 1.156489e-01 4.620985e-01 -1.813579e-01 -1.455241e-01 1.793781e-01 3.550415e-01 1.688263e-01 6.916993e-01 1.686031e-01 -7.314823e-02 -3.018680e-02 
-9.419487e+00 -1.202594e+01 -2.086801e-02 -1.093146e+01 -2.018579e+01 -1.417647e+01 -8.210181e+00 4.618895e+00 -1.279072e+01 -7.576303e+00 -4.166015e+00 -1.191768e+01 2.143772e+01 -1.242010e-01 2.261000e-01 -8.975014e-02 1.075244e+00 2.981700e-02 4.689325e-01 1.047641e+00 1.535122e+00 -5.108438e-01 1.410754e+00 -3.412078e-02 1.028646e-01 -1.097383e-01 3.096971e-01 1.299253e-01 2.323936e-01 3.095232e-01 6.637064e-02 -1.878625e-01 2.910785e-01 1.929527e-01 1.375684e-01 5.924593e-01 3.639005e-01 9.109139e-02 -6.526423e-02 
-8.835981e+00 -1.092944e+01 1.591094e+00 -8.692204e+00 -1.756381e+01 -1.271547e+01 -4.432222e+00 8.020020e+00 -1.093000e+01 -3.803264e+00 -1.888756e+00 -1.071830e+01 2.138241e+01 2.245499e-01 9.663086e-02 -3.420777e-01 1.227318e+00 -4.901623e-01 -1.292189e-01 9.721564e-01 1.091717e+00 -8.554429e-01 1.275178e+00 3.350716e-02 -2.309260e-01 -2.028910e-01 3.658817e-01 1.517695e-01 1.606106e-01 1.496482e-01 1.169342e-01 -4.637233e-01 9.730664e-02 -2.187891e-01 -2.833109e-01 2.849980e-01 2.283498e-01 2.150674e-01 -1.131817e-01 
-8.374167e+00 -1.217646e+01 1.738805e+00 -8.564935e+00 -1.816671e+01 -1.349100e+01 -3.925917e+00 8.516929e+00 -1.183937e+01 -3.023487e+00 -1.802516e+00 -1.133099e+01 2.104923e+01 5.613247e-01 4.306677e-01 -1.093558e-01 1.084468e+00 -1.156809e-01 -6.118336e-01 1.001819e+00 8.723719e-01 -1.211404e+00 1.404389e+00 3.381393e-01 -6.336626e-03 -3.497355e-01 2.667968e-01 2.904050e-01 1.073271e-01 9.783248e-02 3.423072e-01 -5.474077e-01 3.128210e-02 -8.818389e-01 -3.899024e-01 1.608567e-01 -3.910666e-02 4.743687e-01 -1.518878e-01 
-7.683669e+00 -1.121588e+01 -2.974731e-01 -6.026095e+00 -2.088546e+01 -1.428336e+01 -3.474305e+00 8.285549e+00 -1.445428e+01 -2.553484e+00 -2.094630e+00 -1.195367e+01 2.072496e+01 9.149815e-01 8.563852e-01 -2.927809e-02 1.197277e+00 1.274511e-01 -1.610557e+00 7.883159e-01 -6.389337e-02 -2.412933e+00 1.654409e+00 7.253113e-02 7.025946e-01 -5.178229e-01 1.071467e-01 6.065343e-01 3.171683e-01 3.863494e-01 6.533583e-01 -5.134708e-01 -3.063403e-02 -1.165394e+00 -2.584395e-01 -4.249389e-02 -2.873535e-01 4.264050e-01 -2.153435e-01 
-7.189039e+00 -9.729397e+00 3.764774e-01 -6.842198e+00 -1.910325e+01 -1.645211e+01 -3.679970e+00 8.848201e+00 -1.708618e+01 -1.179194e+00 -2.372479e+00 -1.133132e+01 2.001770e+01 8.647683e-01 1.298207e+00 2.905235e-01 1.579334e+00 1.432517e+00 -1.527668e+00 1.295897e+00 -2.296275e+00 -1.681802e+00 2.025239e+00 -2.490591e-01 2.008059e+00 -7.117593e-01 -1.775855e-01 1.209739e+00 2.692730e-01 7.384692e-01 5.982509e-01 6.497682e-02 -5.822725e-01 -1.263139e+00 3.096441e-01 -9.327313e-01 -7.764097e-01 -1.329870e-01 -2.619273e-01 
-4.853650e+00 -7.871180e+00 2.126114e+00 -3.567292e+00 -1.645813e+01 -1.928769e+01 -6.133257e-01 7.534921e+00 -2.037133e+01 3.546868e+00 -1.241307e+00 -7.205112e+00 1.930929e+01 6.086521e-01 2.695740e+00 1.043687e+00 2.911608e+00 2.002568e+00 -2.238481e+00 6.719906e-01 -3.150921e+00 -1.912549e+00 7.524778e-01 -1.109732e+00 8.939802e-01 -1.098670e+00 -4.301306e-01 1.346284e+00 6.751415e-02 4.741848e-01 5.383817e-01 1.126809e+00 -1.063295e+00 -9.945790e-01 1.052817e+00 -1.677762e+00 -9.174770e-01 -5.443746e-01 -2.842578e-01 
-5.465528e+00 -7.357593e+00 1.979344e+00 -1.897913e+00 -1.321768e+01 -1.862723e+01 1.123370e+00 -2.589309e+00 -1.728946e+01 4.052588e+00 -3.474148e+00 -3.665269e+00 1.819868e+01 -1.734042e-01 5.559688e+00 7.005877e-01 3.919539e+00 1.938047e+00 2.708538e-02 -1.851195e+00 -3.899764e+00 8.664108e-02 -2.808402e+00 -2.952848e+00 -7.669296e-01 -1.368984e+00 -5.584982e-01 7.303906e-01 -2.387163e-01 -1.513738e-01 2.959603e-01 1.907356e+00 -1.028832e+00 7.094150e-05 1.348260e+00 -1.451032e+00 -3.000121e-01 -2.600864e-01 -2.892201e-01 
-5.501761e+00 1.076905e+00 4.119741e+00 6.060177e+00 -1.381554e+01 -2.438799e+01 -2.516060e+00 -1.750277e+00 -2.391542e+01 -1.406852e+00 -7.092344e+00 -1.131699e+01 1.614132e+01 -7.166591e-01 5.457005e+00 1.035058e-01 2.398044e+00 2.566598e+00 3.246378e+00 -2.954571e+00 -4.234947e+00 1.967061e+00 -4.317562e+00 -3.162985e+00 -6.318460e-01 -1.610357e+00 -6.026365e-01 -7.573274e-01 -5.154911e-01 -1.051508e+00 2.480504e-01 2.060039e+00 9.282093e-04 8.008862e-01 1.712020e+00 -1.205218e-02 8.085776e-01 8.063115e-01 -2.328047e-01 
-7.732209e+00 1.359501e+01 2.882545e+00 7.942111e+00 -1.073454e+01 -1.376619e+01 -1.198487e+01 -6.007987e+00 -1.488114e+01 -1.274399e+01 -1.421105e+01 -1.311007e+01 1.475673e+01 -1.265109e+00 3.569498e+00 -4.331040e-01 1.079108e+00 2.630316e+00 5.266661e+00 -2.034925e+00 -1.754080e+00 3.119629e+00 -2.694976e+00 -7.224546e-01 1.470509e+00 -1.901983e+00 -4.722215e-01 -2.206475e+00 -3.644413e-01 -1.430613e+00 9.192502e-02 8.946099e-01 1.314991e+00 1.707972e+00 1.073011e+00 1.805318e+00 1.795014e+00 1.175395e+00 -1.492206e-01 
-7.303895e+00 8.938066e+00 2.191659e+00 3.503407e+00 -4.866227e+00 -5.486444e+00 -8.832090e+00 -1.193036e+01 -1.174032e+01 -9.642577e+00 -1.168771e+01 -5.641917e+00 1.297816e+01 -1.858721e+00 -9.565955e-02 -9.669130e-01 -9.257851e-01 2.896728e+00 5.441911e+00 7.683934e-01 -2.192725e-01 5.131001e+00 6.354877e-01 1.817986e+00 3.806837e+00 -1.996236e+00 1.106150e-02 -2.533707e+00 -6.129580e-01 -7.052521e-01 -4.659459e-01 -7.563871e-01 1.308417e+00 2.023474e+00 5.185996e-01 2.312172e+00 1.673994e+00 5.705128e-01 3.441585e-01 
-1.089004e+01 6.559421e+00 7.782134e-01 4.776106e+00 -4.540163e+00 -1.744798e+00 -5.893496e+00 -6.269367e+00 -7.779270e+00 -5.304067e+00 -4.788824e+00 8.497391e-01 1.027021e+01 -1.963620e+00 -2.696204e+00 -5.862575e-01 -1.571479e+00 2.232655e+00 3.402513e+00 2.862139e+00 2.632207e+00 3.869618e+00 3.741646e+00 3.531771e+00 2.890743e+00 -1.922195e+00 7.037989e-01 -2.090045e+00 -1.015877e+00 7.856610e-02 -9.634023e-01 -1.900515e+00 3.331293e-01 1.191414e+00 -1.313392e-01 1.323974e+00 4.373401e-01 -5.147490e-01 9.669923e-01 
-1.321620e+01 4.116463e+00 3.369624e-01 3.013571e+00 -2.428948e+00 -3.189420e+00 -1.719597e+00 -2.715690e+00 -1.811284e+00 -1.949625e+00 -2.713549e+00 7.371304e-01 8.403438e+00 -3.122119e-01 -4.078590e+00 -2.884832e+00 1.973239e-01 4.358063e-01 3.965318e-01 1.139063e+00 3.689269e+00 4.185169e+00 4.025019e+00 3.079931e+00 1.510621e+00 1.205655e-01 9.725804e-01 -9.445538e-01 -9.846253e-01 6.558392e-01 -1.076852e+00 -2.275275e+00 -6.875927e-01 3.288626e-01 -7.400355e-01 -2.362003e-02 -7.437534e-01 -8.512068e-01 1.280735e+00 
-1.459378e+01 2.524618e+00 8.782554e-01 3.290927e-01 -7.902115e-01 2.097371e+00 -1.230322e+00 2.546050e+00 -4.972240e-01 2.117833e+00 -1.039323e+00 -1.846206e+00 7.433145e+00 1.480602e+00 -4.889367e+00 -4.553606e+00 9.105791e-01 -9.561570e-01 -1.713406e+00 -5.545720e-01 2.248898e+00 2.935851e+00 2.230067e+00 8.333964e-01 4.480954e-02 1.874587e+00 2.291340e-01 3.294796e-01 -7.382081e-03 7.239895e-01 -6.128745e-01 -1.678569e+00 -8.298403e-01 -5.405596e-01 -7.546524e-01 -1.053889e+00 -1.321617e+00 -3.346142e-01 9.730401e-01 
-7.012996e+00 -9.437939e+00 -1.228244e+01 6.713146e+00 -4.562461e+00 -5.424583e+00 -5.468410e+00 2.108183e+00 5.544813e+00 6.771459e+00 1.836753e+00 3.258832e+00 1.499964e+01 1.282202e+00 -3.721912e+00 -3.906236e+00 1.112265e+00 -8.931413e-01 -3.376592e+00 -9.612126e-01 1.616862e+00 1.897719e+00 1.273141e+00 -5.515460e-01 9.737930e-01 2.509056e+00 -1.087157e+00 1.620599e+00 1.695055e+00 -2.327042e-02 2.012673e-01 -2.933114e-01 9.658162e-02 -5.765181e-01 -1.168965e+00 -1.437820e+00 -1.178875e+00 -1.319046e-01 -3.570738e-02 
-6.588442e+00 -1.111052e+01 -1.568010e+01 7.478953e+00 -8.254352e+00 -9.193974e+00 -6.792136e+00 2.562964e+00 3.221859e+00 1.485600e+00 -2.897053e+00 -1.870602e-01 1.634494e+01 -1.615158e+00 -1.227080e+00 -1.126659e-01 1.591051e+00 -1.672574e-01 -3.103905e+00 -2.368080e-01 9.657204e-01 1.240146e+00 -1.519998e-01 -1.260720e+00 1.485976e+00 1.748779e+00 -1.646147e+00 2.190857e+00 2.396242e+00 -4.215218e-01 5.365278e-01 7.251904e-01 6.192195e-01 -3.436156e-01 -1.235394e+00 -1.003965e+00 -4.193086e-01 -1.621796e-01 -6.852756e-01 
-1.080800e+01 -7.675506e+00 -1.091509e+01 5.000031e+00 -3.162277e+00 -1.442664e+01 -3.745141e+00 5.359949e+00 5.817435e+00 4.732222e+00 -4.542424e+00 4.776383e+00 1.649279e+01 -4.200128e+00 2.193330e+00 3.369887e+00 -2.591495e-01 1.047801e+00 -3.746707e-01 1.463136e+00 1.448303e+00 -8.119873e-01 -1.973176e+00 -1.767521e+00 1.303969e-01 5.001122e-03 -9.736931e-01 1.736669e+00 1.535504e+00 -4.227783e-01 3.132995e-01 1.381369e+00 4.668700e-01 -4.738584e-01 -1.151830e+00 -6.668534e-01 1.125998e-01 -5.743404e-01 -7.517708e-01 
-2.077204e+01 -4.492272e+00 -3.686629e-01 9.140898e+00 -2.326711e+00 -8.921062e+00 -3.276499e+00 5.748667e+00 5.567453e+00 2.377536e+00 -4.153046e+00 4.825025e+00 1.543040e+01 -4.008943e+00 3.107267e+00 3.789500e+00 -5.114439e-01 7.559016e-01 4.117562e-01 1.329433e+00 6.151801e-01 -1.886312e+00 -1.166466e+00 -6.552354e-01 -3.444581e-01 -2.998248e-01 4.095914e-01 7.431511e-01 -1.398724e-01 -2.460902e-01 -9.638230e-03 1.000324e+00 6.356935e-02 -7.210540e-01 -8.417697e-01 -1.932413e-01 2.992282e-01 -4.476121e-01 -3.801857e-01 
-2.092210e+01 -1.780662e+00 -3.088613e+00 4.586295e+00 -2.287583e+00 -7.434592e+00 8.980185e-02 7.756726e+00 3.121542e-01 -3.540556e+00 -6.372920e+00 1.404787e+00 1.548182e+01 -2.389278e+00 2.794277e+00 1.820148e+00 4.961200e-02 2.118399e-01 1.772314e+00 5.898656e-01 -5.770679e-01 -2.298145e+00 -1.553972e+00 -2.912499e-01 -9.827540e-01 -2.255089e-01 1.122946e+00 -2.642811e-01 -1.226736e+00 2.340732e-01 -3.290136e-01 3.154346e-01 -2.002871e-01 -8.469337e-01 1.388277e-01 2.351345e-01 3.738993e-01 7.133069e-02 1.652108e-02 
-2.157636e+01 1.478744e+00 -6.458952e-01 5.128613e+00 -4.912086e+00 -1.063087e+01 -2.062482e+00 4.440174e+00 -3.457397e+00 -2.108158e-01 -5.257957e+00 -2.230417e-01 1.535133e+01 -4.725190e-01 2.188227e+00 -3.717129e-02 2.060495e-01 2.026083e-01 8.241694e-01 5.175911e-01 -1.626875e+00 -2.225523e+00 -1.327884e+00 -5.026128e-01 -1.954537e-01 -3.700354e-02 9.203001e-01 -7.392319e-01 -1.527219e+00 9.202863e-02 -3.543499e-01 3.280700e-01 -2.473726e-02 -3.645788e-01 8.184052e-01 2.406749e-01 4.053242e-01 2.357249e-01 8.487710e-02 
-2.235232e+01 3.310050e+00 -1.675794e+00 7.254153e+00 -8.104064e-01 -4.710004e+00 -1.402584e+00 3.128808e+00 -1.160858e+00 -1.743331e+00 -5.446324e+00 2.386947e+00 1.540458e+01 -3.537677e-01 1.331371e+00 -8.505521e-01 5.524557e-01 -3.205821e-01 9.963747e-01 8.674526e-01 -1.665327e+00 5.173606e-02 -7.167096e-01 2.574323e-02 4.127319e-01 -4.387828e-02 4.306844e-01 -7.968345e-01 -1.071376e+00 -2.488425e-01 -4.461712e-01 1.806134e-01 -7.461817e-02 -4.743579e-03 9.212188e-01 7.024757e-01 5.096470e-01 -7.809614e-02 6.943186e-02 
-2.241898e+01 3.903913e+00 -1.260573e+00 8.837811e+00 -2.052396e+00 -6.162359e+00 5.770753e-02 -7.125670e-02 -4.823813e+00 -5.160196e+00 -7.129628e+00 3.356781e+00 1.528392e+01 -4.251916e-01 1.423915e-01 -2.511305e+00 -3.026528e-01 -7.496503e-01 2.440159e+00 1.067010e+00 -6.635240e-01 1.030716e+00 -3.819064e-01 1.212910e+00 1.364808e-01 3.380628e-02 9.191023e-02 -5.967034e-01 -3.968305e-01 -1.676485e-01 -2.857683e-02 2.468994e-01 -2.915421e-01 2.083491e-01 5.867822e-01 7.541048e-01 4.650709e-01 -5.078219e-01 3.754893e-02 
-2.226925e+01 3.663996e+00 -7.033842e+00 5.493804e+00 -5.320613e+00 -4.686806e+00 3.367024e+00 1.685635e+00 1.254071e+00 -4.649468e+00 -5.308535e+00 1.678312e+00 1.529603e+01 -2.595458e-01 -1.669314e-01 -2.299590e+00 -9.403692e-01 -1.542965e+00 1.867382e+00 -5.783740e-02 -1.082504e+00 6.800264e-01 1.485480e+00 1.399142e+00 -1.539278e+00 8.632930e-02 7.100764e-02 -3.463954e-01 2.803488e-01 7.635227e-02 5.178800e-01 -1.953378e-01 -3.444681e-01 2.574973e-01 -2.624873e-01 2.524863e-01 -1.243184e-01 -4.828350e-01 1.875413e-02 
-2.374391e+01 2.013768e+00 -1.052308e+01 4.495762e+00 -6.405251e+00 1.558367e+00 8.875749e-01 1.843612e+00 4.885572e-01 -6.671321e-01 7.376777e-01 8.137576e-01 1.557460e+01 -5.999159e-02 -4.607222e-02 -1.296899e+00 1.143061e-01 6.708105e-01 1.623114e+00 -4.773169e-01 -8.764600e-01 3.942269e-01 1.341502e+00 1.136088e+00 -1.758608e+00 8.564182e-02 6.943638e-02 -9.039196e-02 7.973782e-01 3.215497e-01 5.917078e-01 -8.224084e-01 -5.605783e-02 2.268549e-01 -7.763755e-01 -5.594550e-01 -7.193228e-01 -2.481335e-02 -1.874244e-02 
-2.298744e+01 3.419974e+00 -8.542313e+00 4.723186e+00 -6.348873e+00 7.664626e-01 -2.107021e+00 -3.241322e+00 -4.170409e-01 3.437712e+00 -2.384475e+00 -4.037744e+00 1.569114e+01 -1.813402e-01 -3.064456e-01 -5.614041e-02 7.255964e-01 1.558448e+00 4.281648e-01 -8.262986e-02 -2.715090e-01 -9.423541e-01 -3.159642e-01 -5.573689e-01 -1.054008e+00 2.397540e-02 -9.840328e-02 -5.679647e-02 6.614156e-01 1.963782e-01 3.977053e-01 -8.071269e-01 2.179005e-01 5.782648e-01 -6.537728e-01 -1.009992e+00 -6.263780e-01 6.215380e-01 -3.973927e-02 
-2.235950e+01 3.795357e+00 -6.990878e+00 9.794304e+00 1.815779e+00 -7.736799e-01 4.077976e-01 -1.990274e+00 -2.016931e+00 -2.495736e+00 -2.910994e+00 -2.578495e+00 1.551450e+01 -1.171307e-01 -2.399571e-01 3.537964e-01 4.721802e-01 6.580669e-01 -9.521844e-01 7.990519e-01 6.524667e-02 -2.039988e+00 -2.278445e+00 -1.405476e+00 -2.302042e-01 -2.868510e-02 -6.835879e-02 9.827629e-02 4.358887e-01 -4.808168e-01 -5.072764e-01 -5.699661e-01 8.855814e-02 3.754531e-01 -4.100963e-01 -4.209453e-01 -3.528631e-01 7.108169e-01 -4.628333e-02 
-2.386834e+01 1.241107e+00 -9.080469e+00 6.473039e+00 -1.638820e+00 -1.380003e+00 3.193781e+00 2.245096e+00 -2.205125e+00 -5.314749e+00 -6.271117e+00 -1.895514e+00 1.544594e+01 -7.227193e-01 -3.539601e-01 1.821831e-01 -1.373651e-01 4.519616e-01 -8.806296e-01 3.934075e-01 1.338026e+00 -1.371873e+00 -1.754599e+00 -4.618521e-01 8.042682e-01 -5.515285e-02 2.427993e-01 3.166470e-01 3.195032e-01 -4.729786e-01 -6.642741e-01 -1.465826e-01 -1.849169e-01 1.660215e-01 1.422459e-01 4.632038e-01 1.228941e-01 5.545558e-01 -6.808655e-02 
-2.388919e+01 1.903844e+00 -8.484921e+00 5.981453e+00 -5.469972e+00 -2.129606e+00 2.232589e+00 -5.735906e-01 -8.817406e+00 -7.683455e+00 -4.346276e+00 -1.408764e+00 1.555380e+01 -1.311270e-01 4.690939e-01 7.633513e-01 -1.858302e+00 -1.312376e+00 -5.722501e-01 -2.725578e-01 1.959586e-01 -1.441449e+00 -4.392077e-02 -6.758710e-01 8.662416e-01 -1.061634e-01 4.751084e-01 1.996395e-01 2.574189e-01 -1.262438e-01 -5.319947e-01 2.478255e-01 -3.367346e-01 1.336739e-01 6.076508e-01 1.075448e+00 2.501699e-01 3.130360e-01 -8.948657e-02 
-2.583660e+01 2.595316e+00 -6.884250e+00 5.942529e+00 -4.460558e-01 -2.958808e+00 -1.052166e+00 2.740728e+00 -3.876237e+00 -2.741419e+00 -3.976027e+00 -6.015134e-01 1.539544e+01 1.039505e+00 9.223954e-01 1.336499e+00 -4.740485e-01 -7.776461e-01 -4.947746e-01 -4.713402e-01 4.931742e-01 -5.304046e-01 8.828347e-01 -3.076972e-01 1.170644e+00 -2.776194e-01 4.947254e-01 -1.433806e-01 2.462234e-01 4.701760e-01 -4.775417e-01 2.543086e-01 -1.736550e-01 5.528748e-02 5.272348e-01 5.071008e-01 7.078198e-02 2.110942e-02 -7.779410e-02 
-2.203100e+01 5.463830e+00 -4.272182e+00 7.681960e-01 -5.342071e+00 -2.845549e+00 1.167909e+00 -1.258156e+00 -8.388661e+00 -4.002214e+00 -7.437629e+00 1.105940e+00 1.500878e+01 1.377289e+00 1.200692e-01 1.063929e+00 9.349599e-03 -1.387031e+00 9.390376e-02 -4.521924e-01 1.156166e+00 5.775368e-01 1.779929e+00 -2.317946e-01 1.151670e+00 -3.649286e-01 4.077270e-02 -4.930332e-01 -5.551683e-02 1.016216e+00 1.989772e-01 2.099195e-01 -3.247961e-01 3.653090e-02 4.102539e-01 -1.289484e-01 2.705123e-01 -1.842288e-01 -1.762591e-02 
-1.959956e+01 4.072676e+00 -4.504254e+00 6.709210e+00 -5.591142e+00 -3.495084e+00 1.369317e+00 5.052932e+00 -5.070966e+00 -2.741085e+00 -6.263985e+00 2.700453e+00 1.433008e+01 9.966501e-01 -8.965507e-01 1.263169e+00 1.279796e+00 -1.898381e+00 5.770342e-02 -3.851200e-01 1.134400e+00 2.548411e-01 -1.311223e-01 -3.299674e-01 7.670429e-01 -3.146743e-01 -3.127619e-01 -2.989580e-01 -1.562765e-01 4.197364e-01 6.680802e-01 1.491904e-01 -3.703269e-01 -5.593162e-01 -1.072774e-01 -6.396385e-01 3.528672e-01 -4.636928e-01 7.560375e-02 
-2.012085e+01 1.765641e+00 -4.355289e+00 5.645128e+00 -9.832503e+00 -1.391829e+00 -1.239165e+00 4.051136e+00 -5.331797e+00 1.216216e+00 -4.361514e+00 2.699120e+00 1.426175e+01 9.411101e-02 -1.086609e+00 5.226089e-01 2.345940e+00 2.429463e-01 2.013206e-01 -1.939740e+00 5.799161e-02 2.172421e-01 -1.815338e-01 6.878228e-01 1.469987e-01 -1.757358e-01 -8.026232e-02 1.884650e-01 -2.459005e-01 -2.696646e-01 9.111559e-01 -3.874481e-01 -3.364930e-01 -1.033747e+00 -4.025855e-01 -6.741594e-01 5.089082e-01 -6.686599e-01 1.117047e-01 
-2.180812e+01 -3.829838e-02 -5.267229e-01 9.903205e+00 -7.693100e+00 -3.397744e+00 -1.774288e+00 5.757923e+00 -4.130465e+00 -6.006067e+00 -7.164319e+00 2.436922e+00 1.419549e+01 1.173418e-01 3.093961e-02 8.258603e-01 4.563495e-01 1.747796e+00 1.975991e-01 -1.579364e+00 -1.754322e+00 -8.864827e-01 -1.334759e+00 9.968477e-01 -6.455606e-01 5.757343e-03 3.159345e-01 3.258029e-01 -3.641420e-01 -1.102726e+00 7.173715e-01 -6.243443e-01 -1.005736e-01 -9.170451e-01 -1.111003e-01 1.898372e-01 4.633470e-01 -8.285083e-01 8.645884e-02 
-2.045618e+01 2.086290e+00 -3.648095e+00 1.090081e+01 -3.076449e+00 -1.888077e+00 -6.958830e+00 -1.320709e+00 -7.772666e+00 -3.277515e+00 -3.548393e+00 1.972494e+00 1.419731e+01 1.415671e+00 5.987225e-01 5.283658e-02 -9.274055e-01 1.345720e+00 -1.913354e+00 -1.537526e+00 -2.568219e+00 -8.646963e-01 -9.891349e-01 1.649427e+00 -1.485348e+00 3.332505e-02 4.545391e-01 -8.253379e-02 -1.267012e-01 -1.125343e+00 7.800279e-02 -6.025137e-01 3.135056e-01 8.201809e-02 5.357351e-01 4.605249e-01 -1.341202e-01 -5.528789e-01 -4.382710e-03 
-1.884548e+01 4.067203e+00 -7.283750e-01 6.363263e+00 -2.302222e-01 -2.259240e+00 -3.667853e+00 -1.033159e+00 -8.283481e+00 -7.168055e+00 -1.686448e+00 -1.640721e-01 1.439110e+01 1.915494e+00 -1.100096e-01 -3.225994e-01 -2.597111e+00 1.137106e+00 -2.006731e+00 -1.089049e+00 -2.137631e+00 2.404340e-01 1.221839e+00 1.505998e+00 -2.559417e+00 1.304457e-02 2.094694e-01 -6.733387e-01 -1.490324e-01 -2.431583e-01 -3.438446e-01 -2.363531e-01 3.797235e-01 1.041562e+00 8.819104e-01 6.566913e-01 -5.358467e-01 -1.482636e-01 -1.018924e-01 
-1.452371e+01 2.706608e+00 -3.989932e+00 2.778274e+00 -6.835235e+00 -1.152784e+01 -7.980281e+00 -5.394272e+00 -7.579283e+00 -3.148665e+00 1.146508e+00 -3.427391e+00 1.433077e+01 1.467760e+00 -1.428937e+00 4.634099e-01 -1.754218e+00 9.383259e-01 -1.709008e+00 -6.172172e-01 6.597987e-01 2.332510e+00 8.428620e-01 -2.373111e-01 -1.660544e+00 -2.013098e-01 -1.577304e-01 -7.748461e-01 1.251082e-01 5.313856e-01 -4.444991e-01 4.588557e-01 4.564782e-01 1.203501e+00 5.954174e-01 6.115692e-04 -6.907054e-01 5.365577e-01 -1.402574e-01 
-1.519677e+01 -8.985333e-01 -1.968707e+00 9.790005e-01 -1.279852e-01 -8.611304e+00 -6.708953e+00 -2.893454e+00 -3.025352e+00 3.853925e-02 -1.981805e+00 -7.660211e+00 1.419411e+01 1.138632e+00 -2.321828e+00 -1.243783e-01 -3.460315e-01 2.322096e-01 -1.086329e+00 -1.409585e-01 1.839471e+00 1.924308e+00 1.032669e+00 -7.390041e-01 -1.299324e+00 -3.863778e-01 -1.351614e-01 -3.824421e-01 6.913062e-02 8.577172e-01 -6.948812e-01 4.099682e-01 1.759947e-01 5.928087e-01 -1.489695e-01 -7.598833e-01 -1.828337e-01 1.047800e+00 -1.129025e-01 
-1.494211e+01 -2.575216e+00 -7.108127e-01 4.822029e+00 1.564184e+00 -7.257198e+00 -8.524247e+00 2.908598e+00 1.260674e+00 -2.666646e+00 -4.587165e+00 -2.582160e+00 1.328918e+01 1.015697e+00 -2.169558e+00 5.793890e-01 6.040614e-01 -4.242368e-01 -7.931654e-02 2.706627e-01 1.460757e+00 1.270366e+00 -8.914946e-01 -6.815918e-01 5.674078e-01 -4.682560e-01 7.176947e-02 5.985054e-02 -1.975862e-01 5.514897e-01 -5.301408e-01 1.390689e-01 -4.218591e-02 -2.764631e-01 -4.888032e-01 -5.201852e-01 2.605135e-01 7.889320e-01 -2.140968e-02 
-1.294308e+01 -4.900496e+00 -2.989825e+00 3.611433e+00 -3.268722e+00 -9.826224e+00 -4.100144e+00 4.012839e+00 -3.081952e+00 -2.246047e+00 -2.514483e+00 -7.082842e+00 1.298022e+01 1.465740e+00 -1.651841e+00 -3.500702e-02 5.123179e-01 -1.656052e+00 -7.716902e-01 -6.530777e-01 4.260649e-01 2.655292e-02 -1.710426e+00 8.139867e-01 1.565686e+00 -4.180016e-01 1.966136e-01 4.124590e-01 -2.188397e-01 2.425098e-01 3.002015e-02 4.221996e-02 -2.266776e-01 -4.848917e-01 -2.493095e-01 -9.065268e-02 1.091026e-01 3.541346e-01 3.726980e-02 
-1.057248e+01 -6.140219e+00 -5.822321e-01 4.482642e+00 -7.386389e+00 -1.131724e+01 -7.931157e+00 -1.543791e+00 -1.199062e+00 -6.463718e+00 -1.995097e+00 -8.787040e-01 1.259654e+01 1.662841e+00 -1.464652e+00 -5.691980e-01 5.740203e-01 -7.682139e-01 -1.170909e+00 -5.720595e-01 -1.588907e-02 8.373331e-01 -3.864893e-01 2.888997e-01 8.515990e-01 -2.926064e-01 1.435239e-01 6.244856e-01 -4.088642e-01 3.949486e-02 5.359098e-01 7.384142e-02 -2.130474e-01 -1.925099e-01 -2.072575e-01 4.076781e-01 -2.507076e-01 -5.660217e-01 4.356575e-02 
-1.005290e+01 -7.375382e+00 -2.207679e+00 3.710712e+00 -3.933472e+00 -1.043983e+01 -1.027109e+01 1.462872e+00 -1.662710e+00 -6.614933e+00 7.921452e-01 -6.834712e-01 1.245028e+01 1.798041e+00 -6.121012e-01 -6.441833e-01 8.814107e-01 5.542114e-01 -3.295048e-01 -8.528563e-01 1.533956e-01 8.942588e-01 3.269087e-01 -6.787314e-01 3.293101e-01 -2.877941e-01 -1.016887e-01 8.267794e-01 -2.881681e-01 -1.194228e-01 7.139909e-01 4.893526e-01 8.063133e-02 -1.186872e-01 -2.613179e-01 1.095929e-01 -6.773573e-01 -6.647943e-01 -7.484163e-03 
-8.072673e+00 -8.660717e+00 -3.947908e+00 7.642523e+00 -1.945111e+00 -1.280462e+01 -8.299259e+00 4.104114e+00 4.737793e+00 -2.414620e+00 -4.796281e+00 -1.523705e+00 1.209082e+01 1.567176e+00 4.332188e-01 -1.160296e+00 6.169004e-01 1.150151e+00 6.869885e-02 -6.946937e-01 6.345269e-01 -1.998612e-01 1.281909e-01 -1.188903e+00 -1.644561e+00 -3.154992e-01 -4.494620e-01 8.544633e-01 -1.481942e-01 -4.724999e-01 3.500862e-01 7.214858e-01 1.657962e-01 -1.740542e-01 -4.751757e-01 -4.140654e-01 -1.551522e-01 -1.447074e-01 -7.494076e-02 
-5.202660e+00 -6.700786e+00 -4.527775e+00 6.438488e+00 -3.218655e+00 -1.073002e+01 -8.180379e+00 1.955951e+00 -1.579225e+00 -2.636269e+00 -4.507733e+00 -5.114189e+00 1.179375e+01 1.005308e+00 1.533228e+00 -1.180411e+00 -1.062022e-01 9.547822e-01 1.055243e+00 -1.885512e-01 -4.925464e-01 -7.613868e-01 -1.419796e+00 -1.834025e+00 -5.102707e-01 -4.439881e-01 -7.517162e-01 6.337855e-01 1.327116e-01 -6.319560e-01 2.609430e-02 4.314020e-01 3.075605e-01 -7.610882e-02 -8.326052e-02 -2.043220e-01 3.723231e-01 5.447218e-01 -9.751934e-02 
-5.161298e+00 -4.311650e+00 -5.223678e+00 6.203192e+00 -1.993074e+00 -1.082873e+01 -1.244991e+01 1.382448e+00 -2.240500e+00 -7.811971e+00 -5.289731e+00 -6.886276e+00 1.134745e+01 -1.881218e-01 1.735245e+00 -1.042026e+00 -1.294753e+00 7.819909e-01 1.744064e+00 -7.521426e-02 -5.630414e-01 -7.105520e-01 -1.583506e+00 9.071508e-02 5.478156e-01 -5.891827e-01 -7.833796e-01 3.018679e-01 5.432938e-01 -4.723803e-01 -3.042589e-01 5.472300e-02 2.161605e-01 -2.430623e-01 3.675723e-01 6.355039e-01 7.020875e-01 8.098060e-01 -6.662887e-02 
-6.482133e+00 -1.884200e+00 -7.471957e+00 3.899649e+00 8.645127e-01 -6.151898e+00 -9.138296e+00 3.608653e-01 -1.980612e+00 -1.101520e+01 -8.131116e+00 -5.532050e-01 1.060202e+01 -1.083014e+00 1.905691e+00 -3.971748e-02 -1.322550e+00 8.686876e-01 9.897775e-01 3.752559e-01 3.715311e-01 7.333209e-01 1.611621e-01 5.430663e-01 1.956707e+00 -6.386120e-01 -4.885531e-01 -1.141828e-01 7.361322e-01 3.069935e-02 -1.635098e-01 -3.518574e-01 4.365566e-02 -1.530910e-01 2.671874e-01 1.134261e+00 5.137352e-01 1.459204e-01 3.557009e-03 
-8.373484e+00 -2.393226e+00 -7.685840e+00 2.438450e+00 -7.623563e-02 -6.373413e+00 -8.196099e+00 2.086800e+00 1.385665e+00 -6.142594e+00 -2.530694e+00 -1.064941e+00 9.740960e+00 -1.305510e+00 1.756292e+00 9.858884e-01 -1.136820e+00 -3.282081e-01 3.752176e-01 1.041990e-01 -1.012976e+00 8.906277e-01 2.515223e+00 1.133125e+00 1.170953e+00 -5.513716e-01 -3.621928e-02 -2.806463e-01 6.183098e-01 4.677827e-01 -6.921668e-02 -4.892586e-01 -4.392594e-02 -9.270889e-02 -1.498795e-02 7.542266e-01 -1.547089e-01 -4.008543e-01 1.313989e-01 
-9.011683e+00 1.868723e+00 -3.495367e+00 1.708069e+00 1.665246e-01 -8.009075e+00 -8.431239e+00 3.461676e+00 2.748926e-01 -2.664643e+00 -3.171984e+00 1.758604e+00 9.404122e+00 -8.788420e-01 9.518927e-01 1.486342e+00 -3.153605e-02 6.923843e-01 -1.977206e-02 -5.994033e-02 -1.033048e+00 -2.260985e-01 2.202061e+00 2.135078e-01 -9.213019e-02 -4.450194e-01 2.826046e-01 -4.063050e-01 2.156303e-01 6.725327e-01 3.365520e-02 -1.442672e-01 1.313823e-01 1.205844e-01 -2.158928e-01 -2.046873e-01 -2.394774e-01 -5.479000e-01 2.338089e-01 
-1.042413e+01 2.593492e+00 -2.282319e+00 1.614913e+00 -3.285130e+00 -8.024540e+00 -1.228223e+01 -5.232785e+00 1.085214e+00 5.889896e-01 -2.103708e+00 -2.187696e+00 9.189315e+00 -4.713647e-01 8.088707e-01 1.286721e+00 3.986359e-01 5.240081e-01 -1.975597e-01 -7.731719e-02 -3.242291e-01 -3.058646e-01 1.167099e+00 -5.179363e-01 -4.320047e-01 -2.889135e-02 3.362657e-01 -2.404182e-01 -4.149150e-03 5.797310e-01 2.036664e-01 4.743357e-01 6.008042e-01 6.312245e-01 2.584967e-02 -6.115713e-01 -1.010699e-01 -6.084030e-02 2.953727e-01 
-9.850877e+00 3.817845e-01 -2.742073e+00 4.153752e+00 5.930502e+00 -5.424583e+00 -7.394723e+00 -1.144541e+00 -2.960734e+00 -3.370982e+00 -7.277468e+00 -4.525901e-01 8.652523e+00 -8.711826e-02 3.477564e-01 8.881146e-01 1.272442e+00 6.108052e-01 5.546968e-01 1.123014e+00 6.300530e-01 2.521471e-01 -1.882807e-01 1.712148e-01 1.872087e-02 2.691286e-01 1.560940e-01 5.711100e-02 -5.372076e-02 1.579651e-01 -3.249787e-01 7.684549e-01 6.705505e-01 4.148720e-01 5.793613e-01 -1.210944e-01 3.812876e-01 2.117276e-01 2.661570e-01 
-1.031030e+01 2.395081e+00 -1.629066e+00 3.208193e+00 -3.383493e-01 -8.652697e+00 -9.100962e+00 2.768813e+00 1.473867e+00 4.621684e-02 -3.067588e+00 -2.119398e+00 9.971993e+00 -1.987874e-02 8.562258e-01 1.264442e+00 1.110021e+00 7.309161e-01 2.459613e+00 2.516815e+00 1.311666e+00 7.807589e-01 6.524188e-01 6.487988e-01 8.111770e-01 5.684548e-01 -2.612510e-02 1.090182e-01 -6.180309e-02 -1.593915e-01 -2.587844e-01 8.258763e-01 5.110959e-01 -1.024382e-01 5.007443e-01 8.128210e-02 2.641584e-01 1.672273e-01 6.819128e-02 
-9.504261e+00 3.706871e+00 6.185853e-01 7.272959e+00 1.747201e+00 -4.921057e+00 -4.406677e+00 2.611474e+00 1.340857e+00 -3.334930e+00 -1.833964e+00 1.818240e+00 1.035842e+01 -3.241881e-01 1.213701e+00 1.228922e+00 4.026247e-01 -1.035930e+00 2.494121e+00 1.995731e+00 2.232860e-01 2.127530e+00 1.853891e+00 1.536441e+00 3.448808e-01 5.870854e-01 -1.449699e-01 4.024116e-02 -1.505889e-01 -5.951585e-01 -4.393373e-01 -1.758295e-02 -1.971454e-01 -3.911089e-01 1.423358e-01 2.541302e-01 1.236516e-02 -3.102916e-02 -1.352950e-01 
-1.069725e+01 5.212054e+00 2.359441e+00 5.605329e+00 2.461597e+00 4.022322e+00 -1.192006e+00 -5.522079e-01 2.838395e+00 3.833275e+00 -1.581404e+00 7.331325e-01 1.117857e+01 -4.834852e-01 9.211198e-01 8.072731e-01 3.652360e-02 5.349803e-02 2.962188e+00 2.041663e+00 -6.330527e-01 1.260059e+00 5.524871e-01 1.203406e-01 2.410417e-01 1.530830e-01 -5.274137e-02 -1.484992e-01 -3.245685e-01 -5.383766e-01 -3.875015e-01 -1.156418e+00 -8.214785e-01 -3.426628e-01 -3.324239e-01 -1.237124e-01 -8.368274e-02 -1.948977e-01 -2.942755e-01 
-1.127836e+01 5.041923e+00 1.408258e+00 4.968979e+00 -6.492676e-01 7.082410e-01 -1.370489e+00 1.632019e+00 6.994713e+00 4.005187e+00 -3.383788e-01 -1.547435e-01 1.098456e+01 -5.803043e-01 5.164490e-01 3.635992e-01 -1.166612e+00 -1.247253e+00 2.155301e-01 3.749238e-01 -3.530075e-01 7.241847e-01 1.132218e+00 4.972999e-01 1.486486e-01 -1.995911e-01 1.144793e-01 -3.280837e-01 -3.310344e-01 -3.003591e-01 -9.527997e-02 -1.280192e+00 -8.572458e-01 -1.437629e-01 -8.618737e-01 -4.266683e-01 -1.597822e-01 -6.244837e-02 -2.600355e-01 
-1.184068e+01 6.333187e+00 2.012274e+00 4.542997e+00 1.127468e+00 3.343222e+00 -4.106075e-01 9.342200e-02 4.947684e+00 -8.610749e-01 -3.214131e+00 7.247277e-02 1.042446e+01 -1.555121e-01 4.623972e-01 7.409728e-02 -7.973942e-01 -1.100852e+00 -2.182996e+00 -7.802498e-01 -1.134696e-01 -1.795975e-01 3.947604e-01 7.498320e-01 -6.521659e-02 -5.095732e-01 1.880907e-01 -3.016254e-01 -1.650773e-01 2.507501e-02 7.545826e-02 -7.068380e-01 -4.821239e-01 7.469601e-02 -5.701186e-01 -2.872452e-01 -1.497155e-02 -1.356568e-04 -7.072278e-02 
-1.183418e+01 5.728377e+00 2.610330e+00 1.971356e+00 -3.822400e+00 -3.503726e+00 -2.923134e+00 5.236291e-01 3.907190e+00 4.673471e+00 1.468774e+00 2.891687e+00 9.737533e+00 8.429924e-02 -1.973853e-01 -5.970508e-02 -6.822163e-01 -9.351852e-01 -1.334318e+00 -8.795303e-01 -7.551795e-01 -1.461947e+00 -2.003744e-01 4.226232e-01 1.856677e-01 -3.817717e-01 1.722828e-01 -8.923846e-02 2.177417e-02 4.763987e-01 6.018496e-01 4.439712e-01 1.673913e-01 1.820699e-01 -2.373910e-01 -5.382676e-01 -3.693144e-01 2.033631e-02 1.028345e-01 
-1.119667e+01 7.180651e+00 2.128937e+00 3.116786e+00 -1.456224e+00 -4.786875e+00 -4.317272e+00 -5.652928e-01 3.484106e+00 5.473277e+00 1.264521e+00 -1.115915e+00 9.254443e+00 1.247007e-01 -2.299121e-01 1.935136e-01 -8.027475e-02 2.748555e-01 2.030122e-01 2.582664e-01 -5.845208e-02 -4.973737e-01 -2.174328e-01 8.274683e-02 2.218619e-01 -1.093946e-01 4.553410e-02 1.969456e-02 -3.216789e-02 4.321219e-01 4.118093e-01 7.889625e-01 4.541098e-01 3.858344e-01 -3.329291e-02 -2.779301e-01 -2.413491e-01 1.190471e-01 1.814874e-01 
-1.117855e+01 3.630699e+00 1.051682e+00 2.270506e+00 -4.033185e+00 -1.898084e+00 -3.814897e+00 -1.814745e+00 4.163923e-01 -1.640826e-01 -4.641728e-01 1.368139e+00 9.660749e+00 1.410055e-01 4.164771e-01 4.127407e-01 8.567297e-01 1.074090e+00 1.242503e+00 6.925772e-01 5.296913e-01 -3.039905e-01 -1.253158e+00 -1.015645e+00 1.066799e-01 1.143782e-01 -4.374231e-02 2.862236e-01 -7.805199e-05 3.529024e-01 2.590646e-01 3.320392e-01 4.107057e-01 5.290163e-01 1.658129e-01 1.456968e-01 2.129821e-01 3.688088e-02 1.298792e-01 
-1.154533e+01 6.231929e+00 3.759088e+00 3.991931e+00 2.606749e+00 3.555640e+00 1.326743e+00 9.704318e-01 4.205754e+00 4.701537e-01 -1.833640e+00 1.943509e+00 9.916006e+00 4.389780e-02 2.538434e-01 -3.231086e-01 5.938399e-01 -4.634362e-02 4.733306e-01 7.041986e-01 1.173215e+00 -9.250187e-01 -4.685988e-01 2.624410e-01 5.694702e-01 1.497144e-01 -7.016813e-02 1.265369e-01 -7.605193e-02 2.338339e-01 -7.445115e-02 -1.780056e-01 1.413391e-01 1.053384e-01 -2.237635e-01 2.625321e-01 5.311223e-01 -5.722215e-02 6.009649e-02 
-1.095499e+01 8.285364e+00 3.859130e+00 5.817883e+00 -4.835006e-01 -1.462332e+00 -2.282230e+00 2.404349e+00 2.026187e+00 9.091120e-01 -2.060264e+00 1.895534e+00 9.978621e+00 -9.389993e-02 9.919133e-01 1.983514e-01 7.450420e-01 5.207971e-01 1.904944e-01 9.509057e-01 1.274181e+00 -4.190131e-01 6.536918e-01 1.397712e+00 1.961857e-01 1.379586e-01 -1.041170e-01 -1.354503e-01 2.297155e-02 -5.958932e-02 2.903869e-02 -5.581977e-02 1.055718e-01 -3.414591e-01 -1.291908e-02 4.254561e-01 5.237340e-01 -1.006091e-01 -8.166483e-03 
-1.108899e+01 6.122918e+00 -8.905119e-01 4.312511e+00 -3.462677e+00 -2.637680e+00 -1.562728e+00 3.191041e+00 -1.945709e+00 2.593844e+00 3.374486e+00 1.467754e+00 9.843794e+00 -1.087619e-01 1.149670e-01 -7.956537e-02 1.144550e+00 1.792283e-01 -1.608519e-01 8.356872e-01 9.608067e-02 -1.558814e+00 1.418122e-01 1.531742e+00 -1.089383e-01 1.793445e-01 -1.748239e-01 -2.921091e-01 2.604124e-01 -2.327042e-02 3.910777e-02 7.562757e-02 -5.417280e-02 -4.947214e-01 2.403821e-01 1.593955e-01 -2.031762e-01 -1.263692e-01 -7.785612e-02 
-1.187623e+01 8.644784e+00 4.368121e+00 5.835814e+00 1.605415e+00 2.151499e+00 2.384218e+00 3.445719e+00 1.396985e+00 2.042392e+00 3.920134e+00 2.587178e+00 1.038653e+01 -3.031216e-01 -1.913264e-01 4.059933e-01 2.834580e-01 1.106501e+00 1.280564e+00 1.154779e+00 -6.390986e-01 -5.169054e-02 5.690363e-01 9.684480e-01 -5.707032e-02 5.876159e-02 -1.702529e-01 -5.695242e-01 -5.904911e-02 -2.229945e-01 -4.264692e-01 -1.921625e-01 -4.063359e-01 -3.755118e-01 4.964162e-02 -6.587313e-02 -6.676539e-01 -1.488821e-01 -1.660304e-01 
-1.162840e+01 6.626926e+00 3.107090e+00 9.705522e+00 2.458231e+00 9.443113e-01 3.171839e+00 9.299004e-01 -3.273448e+00 6.126900e-01 2.834999e+00 1.052968e+00 1.060865e+01 -7.256051e-01 -6.151307e-01 8.751291e-01 7.083945e-01 -1.435764e-01 3.067076e-01 3.313156e-01 -3.436968e-01 9.320042e-02 3.707004e-01 -5.388785e-01 6.429870e-02 -2.000036e-01 -1.156872e-01 -3.704745e-01 -2.466190e-01 -5.416674e-01 -4.517328e-01 -3.017791e-01 -5.291531e-01 6.642105e-02 3.997747e-01 3.294067e-02 -6.558326e-01 9.866788e-02 -1.722023e-01 
-1.220096e+01 7.077113e+00 3.889864e+00 4.538186e+00 2.087991e+00 3.149453e+00 1.124352e+00 3.394826e-01 2.431820e+00 4.744573e+00 3.051896e+00 1.817574e+00 9.890411e+00 -6.367220e-01 -1.490483e+00 -5.742903e-01 -1.515753e-01 -1.450248e+00 -1.004117e+00 -8.285065e-01 -3.834787e-01 -9.968200e-01 2.097913e-01 -9.053156e-01 -6.348363e-01 -5.024234e-01 1.315652e-02 -1.943505e-01 -4.940579e-01 -4.408480e-01 -1.788861e-01 -3.337975e-01 -2.753502e-01 5.247534e-01 3.003792e-01 -4.145887e-02 -9.988774e-02 2.455898e-01 -5.174189e-02 
-1.455447e+01 3.831390e+00 3.723964e+00 8.502798e+00 -4.422359e+00 -1.603792e+00 7.235008e-01 3.026043e+00 -1.997121e+00 3.095892e+00 1.114411e+00 2.173724e+00 9.091966e+00 -5.204236e-01 -1.087566e+00 -8.225440e-01 -1.346359e+00 -8.010261e-01 -5.274225e-01 -8.185453e-01 3.004315e-01 9.127655e-01 4.860357e-01 -8.104118e-01 6.733093e-01 -4.011585e-01 1.641884e-01 1.329532e-01 -4.417922e-01 -4.823724e-01 5.857100e-01 2.670763e-01 2.313858e-01 6.817770e-01 6.090899e-01 1.084970e-01 6.016560e-01 3.303846e-01 1.033928e-01 
-1.359700e+01 2.590299e+00 1.188417e+00 5.679242e+00 -2.205121e+00 -1.595150e+00 -5.343999e-01 4.802254e-01 -4.225741e+00 1.850119e+00 2.539548e-01 -1.147899e+00 8.632642e+00 -3.399158e-01 -9.266858e-01 -1.215676e+00 -8.936250e-01 5.408658e-01 2.860782e-02 3.528984e-01 1.662569e+00 1.040438e+00 3.039944e-01 6.047691e-01 8.663447e-01 -9.935743e-02 1.239069e-01 3.699961e-01 1.141681e-02 -5.635832e-02 7.621916e-01 5.453848e-01 5.583184e-01 7.235028e-01 6.563141e-01 1.662754e-01 8.122717e-01 3.411463e-01 1.816114e-01 
-1.353240e+01 3.432289e+00 3.451163e-01 2.403899e+00 5.994540e-01 6.800400e-01 -9.162928e-02 2.361903e+00 4.618933e+00 4.490544e+00 1.816557e-01 5.902137e+00 9.231819e+00 -5.306563e-02 -2.323037e-01 -1.013254e+00 -1.332523e+00 1.789338e+00 1.125444e+00 8.976684e-01 2.042129e+00 2.119917e+00 8.660308e-01 1.714296e+00 9.655436e-01 1.154094e-01 6.277040e-02 2.896841e-01 1.594731e-01 2.265342e-01 4.257679e-01 3.714668e-01 4.599099e-01 4.825762e-01 2.177595e-01 1.277362e-01 6.696776e-01 5.614680e-02 1.343763e-01 
-1.441193e+01 2.643208e+00 -4.991251e-01 3.119848e+00 2.281526e+00 2.150589e+00 3.296286e+00 8.984476e+00 4.326500e+00 5.567745e+00 6.541704e+00 4.284970e+00 9.323684e+00 -2.510326e-01 -6.839450e-02 -4.219008e-01 -4.402679e-01 1.065461e+00 8.962318e-01 1.104973e+00 2.363166e+00 1.681144e+00 8.512639e-01 1.893582e+00 9.248123e-01 1.473770e-01 -1.984755e-03 1.881046e-01 2.179053e-01 1.799240e-01 3.252833e-02 1.505797e-01 1.711613e-01 1.721901e-01 8.427264e-02 1.079490e-01 2.756841e-01 7.626374e-03 5.255996e-02 
