-1.638919e+01 1.520396e+00 -6.367456e-01 -9.218754e-03 -1.623146e+00 4.867352e-01 2.355959e+00 4.790845e-01 2.028598e+00 1.722902e+00 -4.014204e-01 3.453220e+00 7.242083e+00 7.683808e-02 3.861964e-01 4.308913e-01 6.203789e-01 5.180610e-01 3.635197e-01 -4.832098e-01 -3.447540e-01 -3.444014e-02 5.763835e-01 1.226609e+00 3.562416e-01 1.060655e-01 1.447262e-02 1.758739e-02 -1.134964e-01 -2.194260e-02 6.047388e-02 -1.000226e-01 1.762809e-01 4.519456e-02 1.301659e-01 2.434509e-01 -2.520016e-02 -2.650076e-01 3.023131e-02 
-1.538683e+01 3.218207e+00 6.312544e-01 1.761986e+00 -5.042058e-01 3.379341e+00 4.996623e-01 7.111264e-01 2.233191e+00 1.268637e+00 1.307456e+00 3.156354e+00 7.650114e+00 3.651728e-02 2.590694e-01 1.759965e-01 5.644897e-01 6.408089e-01 -1.844226e-01 -8.919647e-01 -6.972404e-01 2.548334e-01 1.086497e+00 1.091126e+00 7.633954e-03 1.682599e-01 6.418630e-02 -5.730752e-02 -2.255206e-01 -6.914825e-02 -5.303948e-02 -1.661624e-01 2.230863e-01 3.008650e-01 -5.684578e-02 1.397938e-02 -3.909073e-03 -3.995120e-01 2.186475e-02 
-1.650580e+01 2.602563e+00 8.834313e-01 2.207020e+00 4.075053e-01 8.579255e-01 8.680829e-01 -1.360799e+00 1.753651e+00 4.831619e+00 4.877507e+00 5.382487e+00 7.568328e+00 1.693676e-01 5.378869e-01 -9.072767e-03 5.385918e-01 7.589585e-01 1.372757e-01 6.026103e-01 5.743611e-02 4.716960e-01 1.538478e+00 1.168412e+00 -7.944184e-01 2.261574e-01 1.143038e-01 -1.444677e-01 -1.502092e-01 -1.951577e-01 -3.073007e-01 -1.107422e-01 8.305884e-02 5.178245e-01 -2.906645e-01 -3.253974e-01 -4.857452e-02 -2.097336e-01 -5.254686e-04 
-1.614806e+01 2.274112e+00 -5.172036e-01 1.704953e+00 5.657443e-01 -6.210959e-01 -1.360105e+00 -2.087373e+00 3.440531e+00 5.600922e+00 2.415001e+00 2.526330e+00 7.920188e+00 3.514852e-01 2.392034e-02 -4.767154e-01 3.156198e-01 1.324463e-01 -3.540657e-01 8.939708e-02 9.584879e-01 -5.717857e-01 1.651781e-01 1.236061e+00 -1.065917e+00 1.553695e-01 1.040057e-01 -2.579358e-01 -7.905725e-02 -1.769722e-01 -3.754232e-01 1.906391e-01 1.185396e-01 5.737790e-01 -3.090931e-01 -6.144170e-01 -3.552328e-01 2.218111e-01 -2.851324e-02 
-1.516152e+01 4.681781e+00 -1.079142e-01 2.712255e+00 1.637164e+00 3.173082e+00 6.298817e+00 2.165501e+00 3.783811e+00 7.249284e+00 4.887262e+00 -2.042563e-01 8.238120e+00 4.908309e-01 -2.184110e-01 6.150467e-03 -2.309917e-01 -7.642135e-01 -1.051173e-01 -5.585729e-01 1.416492e+00 -1.074468e+00 -5.899469e-01 9.112554e-01 -1.556963e-01 1.098525e-01 -5.490845e-02 -3.708707e-01 -2.576259e-02 -1.569752e-01 -2.073683e-01 2.112207e-01 -1.743467e-01 2.894726e-01 -9.562928e-03 -5.311010e-01 -6.587245e-01 4.676851e-01 -5.221353e-02 
-1.430157e+01 2.298153e+00 -1.256657e+00 3.087293e+00 -4.571751e-01 4.511468e-01 -1.768585e+00 3.740685e+00 -1.640327e+00 8.858482e-01 7.483096e+00 6.202909e-01 8.092299e+00 3.958503e-01 -6.525102e-01 -2.268531e-01 6.441072e-02 -4.746511e-01 8.900368e-01 2.812504e-01 1.492188e+00 -5.173851e-01 -9.212650e-01 -5.563471e-01 7.973410e-01 8.385323e-02 -1.963764e-01 -3.911706e-02 1.391126e-01 7.509418e-05 6.653809e-02 6.318316e-02 1.403141e-01 -7.729320e-02 4.999931e-01 -5.322056e-02 -6.794323e-01 2.975253e-01 -4.950407e-02 
-1.497474e+01 1.498629e+00 1.284467e+00 3.612105e-01 -2.902285e+00 -2.039850e-01 -1.720639e+00 2.807607e+00 -1.077899e+00 4.239821e+00 6.899379e+00 5.557050e+00 8.031632e+00 -1.272170e-01 -9.784438e-01 -2.629611e-01 -1.206335e-01 2.579229e-02 5.712166e-01 -3.651882e-01 1.238015e+00 3.966946e-01 -5.737792e-01 -1.228940e+00 6.123575e-01 9.031469e-04 -2.041707e-01 2.844005e-01 1.261355e-01 1.335748e-01 3.217434e-01 -1.576404e-01 2.021867e-01 -5.283008e-01 4.309073e-01 1.579548e-01 -3.322751e-01 -1.993820e-01 -6.224744e-02 
-1.426236e+01 6.029407e-01 -2.347336e+00 3.202512e+00 4.618846e-01 5.518087e+00 4.055804e+00 5.052398e+00 3.284054e+00 2.499658e+00 -1.372656e+00 3.632138e+00 8.442360e+00 -3.213451e-01 2.083622e-01 3.532653e-01 2.607331e-01 6.998663e-02 -3.764503e-01 6.942711e-01 6.611773e-01 1.192474e+00 -1.089589e-01 -1.090956e+00 3.771337e-02 -3.769523e-02 -1.792936e-01 4.566469e-01 2.525232e-01 -9.924839e-02 1.136356e-01 -5.062950e-01 -3.267195e-01 -8.669731e-01 -4.477632e-02 3.036829e-01 3.410398e-01 -4.408196e-01 -7.308526e-02 
-1.581715e+01 6.370530e-01 -8.775376e-01 2.051186e+00 1.306479e+00 3.495673e+00 1.560449e+00 7.699886e+00 3.304675e+00 3.573498e+00 3.170256e+00 1.351568e+00 8.067358e+00 -1.713370e-01 7.730360e-01 3.469748e-01 3.388443e-01 5.720906e-01 -2.602104e-01 2.459206e-01 -8.095983e-01 2.249809e-01 -2.062026e-01 -4.828604e-01 -7.728631e-01 -1.405271e-01 -2.529374e-03 3.416975e-01 6.613051e-02 -4.416932e-02 2.339866e-02 -1.975172e-01 -2.063280e-01 -7.835063e-01 -2.392287e-01 2.417838e-01 3.863719e-01 -2.462105e-01 -2.931715e-02 
-1.548693e+01 3.770824e+00 1.590437e+00 3.545865e+00 -2.211031e+00 -3.281038e+00 6.216284e-02 4.600591e+00 2.130894e+00 6.741289e-01 3.892992e+00 2.911748e+00 7.885811e+00 -4.784614e-01 7.549365e-01 7.308267e-01 -6.615642e-01 -1.797242e-01 -1.225625e+00 -1.657847e+00 -1.818813e+00 -6.555456e-01 4.133992e-01 7.758657e-01 -7.142720e-01 -2.108781e-01 6.095552e-02 -1.777674e-01 -2.103806e-01 -6.360899e-02 5.517223e-02 2.463273e-01 -8.924150e-02 -1.378202e-01 -1.228601e-01 2.397318e-01 1.953771e-01 9.332043e-02 1.927439e-02 
-1.521966e+01 3.780245e+00 1.049936e+00 1.883542e+00 1.294721e+00 2.894498e+00 1.506195e+00 -1.014332e+00 6.239423e-01 4.121597e+00 1.852150e+00 2.052724e+00 7.607424e+00 -6.128209e-02 4.568704e-01 -1.211711e-01 1.196316e-01 2.675839e-01 8.244591e-03 -2.209154e-01 -1.439423e+00 1.246911e-01 3.739311e-01 -2.306148e-01 -2.427992e-01 -5.917922e-02 4.989009e-02 -4.846351e-01 -3.126998e-01 -9.677488e-02 -3.895125e-01 7.977274e-03 1.743853e-01 5.735078e-01 2.018905e-01 -9.596861e-02 -1.671963e-01 2.768880e-01 4.425497e-02 
-1.695366e+01 2.805937e+00 3.432149e-01 -2.160480e-02 -4.312102e-01 -3.096021e-01 -4.205901e+00 3.153047e-01 1.346891e+00 4.292327e+00 3.165920e+00 -2.899047e-01 7.618208e+00 -7.169932e-02 -5.223667e-01 -4.645117e-01 5.221367e-02 4.982630e-01 7.208734e-01 4.813074e-01 2.871678e-01 6.283602e-01 7.995210e-01 -2.401597e-01 2.392552e-01 1.794469e-02 8.966911e-02 -4.211166e-01 -2.177010e-01 1.414830e-01 -1.884857e-01 -5.344597e-02 4.134672e-01 6.562384e-01 2.636221e-01 -2.919684e-01 -2.551522e-01 3.545739e-01 2.472308e-02 
-1.539062e+01 3.403387e+00 -8.598909e-01 4.433340e+00 1.754251e+00 2.051092e+00 2.590008e+00 2.645546e+00 4.319957e+00 3.633796e+00 2.380856e+00 1.738438e+00 7.905358e+00 -1.252561e-01 -1.011482e+00 -6.188828e-01 -5.020001e-01 -1.714520e+00 -1.193807e+00 4.827002e-02 1.005091e+00 5.924631e-01 -8.790627e-01 -8.109095e-01 1.348101e-01 -3.368973e-02 -4.588998e-03 -1.524667e-01 5.770097e-02 8.018185e-03 -4.944453e-02 -8.726627e-02 -3.893660e-02 1.527249e-01 -1.322474e-01 -2.854707e-01 1.097545e-01 -6.908881e-03 -1.499574e-02 
-1.575971e+01 1.347236e+00 2.228189e-01 2.531937e+00 5.036537e-02 7.454205e-01 1.926977e+00 4.206243e+00 3.424358e+00 4.915290e+00 2.427738e+00 4.265066e+00 7.826493e+00 1.711489e-03 -6.164550e-01 -1.087158e-01 3.567221e-01 -1.310593e-01 -8.919350e-01 2.749064e-01 2.401089e-01 4.286442e-01 -4.199486e-01 -2.095788e-01 8.698452e-01 -9.996241e-02 8.361139e-02 2.767569e-01 1.197025e-01 1.590066e-01 3.456371e-01 3.011044e-01 -1.348804e-01 -4.076343e-01 -3.128567e-01 -2.817944e-01 1.987937e-01 -2.753263e-01 -1.222674e-02 
-1.644285e+01 -5.477763e-01 -1.984440e+00 -1.903132e+00 -7.518160e+00 -3.601716e+00 -1.318784e+00 2.065564e+00 2.547358e+00 -5.853471e-01 -1.833343e+00 4.493571e-01 7.334878e+00 -1.209667e-01 -2.583447e-01 -1.058251e-02 7.435472e-03 3.350250e-01 3.782296e-01 -3.123575e-01 -6.522790e-01 -4.367092e-01 -4.438435e-01 3.027893e-01 -5.926806e-01 -7.512836e-02 2.207582e-01 4.488849e-01 1.290193e-01 2.912173e-01 8.191905e-01 7.221699e-01 -1.079539e-01 -4.575826e-01 -3.739826e-01 1.401716e-01 1.328789e-01 -1.784160e-01 5.405069e-02 
-1.641877e+01 1.699403e+00 3.614308e-01 4.930222e+00 3.549749e+00 -1.942840e+00 -8.771834e-01 1.805775e+00 4.376160e+00 4.302490e+00 4.224957e+00 4.703832e+00 7.403633e+00 3.442544e-01 4.848814e-01 -1.703636e-01 5.925596e-01 1.201668e+00 1.440378e+00 -1.265492e-02 -9.225034e-01 -4.214129e-01 -8.271121e-01 1.969610e-01 -7.736470e-01 -2.240153e-02 3.749069e-01 -1.147823e-01 -1.589161e-01 1.085958e-01 -1.058381e-01 7.631466e-02 -1.434833e-01 -5.884835e-02 -3.885179e-01 -1.107167e-01 -3.426498e-01 -1.936312e-01 1.516506e-01 
-1.566546e+01 1.935914e+00 -9.819946e-01 3.271356e+00 1.679786e+00 5.286571e+00 2.430085e+00 5.844242e-01 1.660654e+00 1.721208e+00 2.996279e+00 -1.444343e+00 7.741112e+00 8.073921e-01 6.822515e-01 5.710427e-02 8.360828e-01 1.715012e+00 1.250908e+00 -3.476874e-01 -7.015268e-01 -8.525476e-01 2.537534e-02 -3.497874e-01 6.446151e-02 1.977548e-01 3.265663e-01 -8.938315e-01 -9.819010e-02 -4.821054e-02 -8.711272e-01 -8.402638e-01 -1.534957e-01 9.324417e-02 -1.300412e-01 1.208923e-01 -4.926457e-01 1.593732e-01 2.340061e-01 
-1.442678e+01 2.530116e+00 -1.129999e+00 2.907264e+00 1.460309e+00 3.502944e+00 -1.070116e-02 3.347029e-01 1.760929e+00 -3.736277e-01 9.974411e-01 1.343947e+00 7.511482e+00 1.412081e+00 -1.660620e+00 -9.373126e-01 4.854595e-01 -1.350363e+00 -9.467772e-01 -4.249100e-01 -2.947709e-02 -1.306010e+00 -1.208122e+00 -1.596652e+00 -4.269009e-01 5.217627e-01 -1.596666e-01 -1.154719e+00 2.062162e-01 -5.151807e-01 -1.014635e+00 -1.088797e+00 6.842910e-02 1.567549e-01 -2.300576e-01 3.458753e-01 -2.174032e-01 -9.294178e-02 2.760771e-01 
-1.340206e+01 2.447922e+00 -9.529629e-01 3.288638e+00 2.101593e+00 -7.043304e-02 -3.490509e+00 -7.066620e-01 -4.079175e-01 1.879743e+00 -1.968568e+00 2.451570e+00 8.269801e+00 9.779894e-01 -3.654862e+00 -1.179000e-01 -1.801150e-01 -2.744529e+00 -2.629617e+00 -8.738075e-01 -6.325799e-01 -6.446901e-01 3.511062e-01 -1.263599e+00 3.085487e-02 8.228300e-01 -9.239488e-01 -4.891383e-01 2.511368e-01 -7.789053e-01 -3.466273e-01 -5.435456e-01 4.945869e-01 3.262460e-01 -1.311227e-01 1.069564e-01 2.735000e-01 -2.845605e-01 2.050358e-01 
-1.049027e+01 -6.859826e+00 -4.339420e+00 7.348958e+00 -3.413255e+00 -3.998163e+00 -4.129773e-02 2.303744e+00 -1.119545e+00 -1.817384e+00 -1.275912e+00 6.217426e-01 9.748240e+00 -5.393715e-01 -3.120211e+00 9.482296e-01 -1.475258e+00 -1.641586e+00 -2.063288e+00 5.926567e-01 -1.731164e-01 -1.675589e+00 7.393678e-01 -4.331897e-01 -1.221507e+00 1.045535e+00 -1.477746e+00 1.007516e+00 4.677584e-02 -7.277281e-01 7.722746e-01 6.067199e-01 6.418077e-01 1.824072e-01 1.618753e-01 1.519701e-01 6.518230e-01 -2.143343e-01 7.167704e-02 
-1.274368e+01 -1.164333e+01 3.325932e-02 1.500716e-01 -9.606620e+00 -4.110668e+00 -1.923775e+00 -3.562865e+00 -1.228622e-01 4.198493e+00 -2.185091e+00 -9.286385e-01 1.073686e+01 -2.836676e+00 -1.033604e+00 3.699983e-01 -2.078093e+00 1.275925e-01 -9.084036e-01 1.616567e+00 1.001443e+00 -1.323280e+00 -4.135291e-01 4.359550e-01 -9.609819e-01 9.610558e-01 -1.255952e+00 1.879946e+00 -6.458885e-01 1.791221e-02 7.948247e-01 1.081330e+00 2.646425e-01 1.609399e-01 3.251806e-01 -4.620202e-01 1.994604e-01 -9.113436e-02 -2.041465e-02 
-1.745243e+01 -6.025540e+00 3.118015e+00 -2.899489e+00 -8.936794e-01 -4.793735e+00 2.169541e+00 8.974966e-01 -6.759596e+00 2.163617e+00 -1.060202e+00 -3.073840e+00 1.150574e+01 -4.069341e+00 2.066428e+00 -9.472517e-01 -2.204156e+00 1.075089e+00 1.226285e+00 1.539126e+00 6.555287e-02 -1.571809e-01 -6.592440e-02 8.125627e-01 -1.002623e+00 8.110320e-01 -3.443867e-01 1.391233e+00 -9.905569e-01 8.532258e-01 2.913606e-02 9.046709e-01 -6.944069e-01 -8.864686e-02 6.461244e-01 -1.554739e-01 -1.469468e-01 5.117531e-01 -6.406367e-02 
-2.410433e+01 -3.137377e+00 -2.832051e+00 -1.977448e+00 1.479905e+00 -4.214755e+00 3.486771e+00 5.003779e+00 -4.204611e+00 -2.178154e+00 1.034380e-01 -5.054773e-01 1.219643e+01 -3.536836e+00 3.151532e+00 -2.399750e+00 2.739326e-01 -1.287602e-01 1.132110e+00 -2.370235e-02 5.278493e-02 2.220203e-01 -1.556440e+00 -8.892149e-01 -5.341874e-01 8.379052e-01 7.200757e-01 3.601249e-01 -4.017645e-01 1.215647e+00 -3.674707e-01 4.684372e-01 -1.200955e+00 -2.884403e-01 2.871121e-01 5.283239e-01 -4.383555e-01 6.470463e-01 -7.481217e-02 
-2.515657e+01 -7.807136e-01 -7.643335e+00 -2.607984e+00 -3.581292e+00 2.185792e+00 4.948782e+00 -1.651772e+00 1.355071e-01 1.041674e+00 1.642944e+00 -4.602809e+00 1.307383e+01 -1.911259e+00 1.743223e+00 -2.619669e+00 1.614856e+00 -1.367734e+00 1.439578e+00 -2.059164e+00 -1.420174e-01 7.823104e-01 5.333490e-01 -5.054716e-01 1.123806e+00 7.867805e-01 1.168832e+00 -6.488232e-01 3.806855e-01 9.384398e-01 2.034839e-02 -1.951053e-01 -1.055241e+00 -2.346989e-02 -2.648384e-01 5.440125e-01 -2.701935e-01 8.031740e-01 -1.285249e-01 
-2.657583e+01 1.491806e+00 -6.584819e+00 1.373986e+00 -8.906057e+00 -1.939396e+00 -3.432155e+00 -2.024758e+00 -2.460316e+00 -3.022321e+00 -7.982697e+00 -2.835041e+00 1.414244e+01 -3.152173e-01 9.286050e-01 -8.025681e-01 2.090708e+00 -4.883182e-01 1.327016e+00 -2.589222e+00 -3.369109e-01 -3.576370e-01 1.928404e+00 -1.096794e+00 1.211006e+00 5.991051e-01 1.002810e+00 -9.585350e-01 8.383209e-01 -3.329983e-02 6.877024e-01 -2.730904e-01 -1.233127e-01 -3.660603e-02 -4.304798e-01 4.139301e-01 3.593726e-01 4.823745e-01 -2.119820e-01 
-2.577332e+01 3.761761e-01 -8.103857e+00 3.499201e+00 -2.539757e+00 1.266618e+00 -4.666742e+00 3.701398e+00 -3.719815e+00 5.252347e+00 4.557278e-01 3.710528e+00 1.446667e+01 1.639751e-01 -6.628956e-02 1.576279e-01 1.579685e+00 1.356476e+00 1.532646e-01 -2.454355e+00 1.430725e-01 -1.191658e+00 9.116247e-01 -4.346724e-01 2.140725e+00 2.878420e-01 4.770804e-01 -5.567452e-01 7.137079e-01 -7.270662e-01 6.105379e-01 -4.896260e-01 7.090753e-01 -2.006335e-01 -2.560134e-01 -4.158523e-01 2.454591e-01 -1.653369e-01 -2.008465e-01 
-2.537259e+01 9.271688e-01 -6.614419e+00 5.422207e+00 -1.482544e+00 2.879956e+00 -4.651602e+00 6.423733e-01 -4.064712e+00 5.358716e+00 -4.786615e+00 1.392578e+00 1.449543e+01 4.394801e-01 -7.363997e-01 4.033385e-01 1.249782e-01 1.947608e+00 4.097279e-01 -4.426296e-01 -2.727976e-01 -9.434622e-01 3.240016e-01 8.723343e-01 1.369242e+00 2.755787e-02 5.219202e-02 -1.147823e-01 2.998839e-01 -7.444852e-01 3.571947e-03 -5.174970e-01 9.096630e-01 -1.248778e-01 -3.387488e-02 -6.702459e-01 3.592060e-01 -3.383557e-01 -1.064026e-01 
-2.493814e+01 -8.297701e-01 -6.840411e+00 3.266171e+00 -5.105746e-01 5.422224e-01 -6.713243e+00 -2.269814e+00 -5.020557e+00 1.409557e+00 -2.128182e+00 3.986345e+00 1.433635e+01 9.681464e-02 -2.079248e-01 3.459683e-01 -1.037668e+00 4.669693e-01 -5.499307e-01 4.128352e-01 -1.177315e+00 -2.046736e-01 -7.437774e-01 -2.626783e-01 2.180919e-01 6.826823e-02 -1.267126e-01 3.015244e-01 1.229190e-01 -2.869562e-01 -6.056455e-01 -4.410127e-01 8.102683e-01 8.685047e-02 1.857114e-01 -2.460570e-01 1.149210e-01 -4.191964e-01 1.733907e-02 
-2.479573e+01 -1.587385e+00 -5.199553e+00 2.115421e+00 -1.823390e-01 4.718110e-01 -4.621952e+00 -4.029204e-01 -6.526700e+00 5.186422e-01 -2.328717e+00 3.873115e+00 1.434534e+01 -2.059363e-02 4.254119e-01 6.026244e-01 -3.230544e-01 -2.568262e-02 -9.087234e-01 5.256065e-01 -3.011606e-01 -1.020437e+00 -5.950587e-01 6.133239e-01 4.804784e-01 1.768535e-01 -1.883398e-01 3.943135e-01 -6.413919e-02 2.520592e-01 -7.857199e-01 -4.272916e-01 3.390549e-01 7.685305e-02 2.793686e-01 -8.263122e-02 -1.374888e-01 -3.671429e-01 8.504566e-02 
-2.557726e+01 5.941691e-01 -7.081488e+00 -3.571913e-02 -8.549770e-01 -2.789885e-01 -2.617403e+00 -1.662331e+00 -3.511988e+00 3.953238e+00 -2.086450e+00 3.560644e+00 1.488324e+01 -2.393554e-01 8.602293e-01 6.725758e-01 3.689192e-01 -6.850213e-01 -1.392550e+00 1.112870e+00 5.915008e-01 -2.246575e-01 1.408077e-01 2.695210e-01 4.891005e-01 2.998585e-01 3.183809e-02 2.196970e-01 -1.386186e-01 4.828618e-01 -4.557468e-01 9.748584e-02 2.352372e-01 1.018078e-01 3.033345e-01 -2.088235e-01 5.488099e-02 -3.455525e-01 5.452708e-02 
-2.515588e+01 2.342011e+00 -3.480424e+00 5.457925e+00 -1.438942e+00 -1.253268e+00 -4.071528e+00 -1.167063e+00 -9.921082e+00 1.111456e+00 -1.740934e+00 4.007757e+00 1.510635e+01 -3.340909e-01 7.010692e-01 -8.053390e-02 6.820324e-01 -1.405031e+00 -1.305410e+00 9.027504e-01 -7.728449e-01 4.634311e-01 -5.314580e-01 -8.104663e-02 -6.019886e-01 3.370003e-01 2.214851e-01 5.011690e-02 -2.306226e-01 6.804427e-02 -3.014907e-01 7.256002e-01 1.495488e-01 -1.552963e-01 5.650124e-01 -2.711501e-01 2.717341e-02 -6.383535e-01 -5.080925e-03 
-2.595495e+01 1.507076e+00 -4.337143e+00 3.439575e+00 -3.307436e+00 -5.557545e+00 -1.424137e+00 1.069380e+00 -4.446807e+00 1.817075e+00 -1.074565e+00 6.364540e+00 1.545529e+01 4.127630e-01 7.527819e-01 -5.424223e-03 8.741777e-01 -1.122239e+00 1.359965e-01 1.400432e+00 -4.323968e-01 5.701354e-01 -1.819878e+00 3.588542e-01 -9.684283e-01 2.608959e-01 4.799882e-01 2.878607e-02 -2.009529e-01 -3.310612e-01 -1.883041e-01 9.666301e-01 -1.468856e-01 -6.074709e-02 2.994411e-01 -1.084938e-01 1.562532e-01 -6.198850e-01 -5.608418e-02 
-2.627726e+01 1.461268e+00 -6.974469e+00 3.788113e+00 -5.980842e+00 -3.416121e+00 -7.046440e-01 -5.633072e+00 -3.742458e+00 -1.070438e+00 -3.240063e+00 -5.388657e-01 1.574446e+01 7.605758e-01 7.296548e-01 -2.113782e-01 -2.355030e-01 -1.314599e+00 1.955063e+00 1.129496e+00 -5.656394e-01 1.407240e+00 -9.704813e-01 7.046030e-01 -1.982604e+00 1.709545e-01 7.857818e-01 9.402286e-02 1.677841e-01 -4.753956e-01 -2.213849e-01 1.419464e-02 -8.989801e-01 3.842543e-01 -2.672177e-01 1.317503e-01 -1.205309e-01 -2.646790e-01 3.210708e-02 
-2.295303e+01 4.798087e+00 -5.361789e+00 5.170166e+00 -4.194652e+00 1.482061e+00 2.701669e+00 -1.590877e+00 -3.750949e+00 -4.055173e+00 4.573538e-01 9.919178e-01 1.586871e+01 1.613073e+00 9.897983e-01 -2.667354e-01 -8.276445e-01 -1.671858e+00 1.810203e+00 2.650622e-01 1.840211e-01 8.005673e-01 -1.821889e-01 6.579904e-01 -1.919996e+00 1.024241e-01 9.333075e-01 -4.503873e-01 2.848549e-01 -3.855481e-01 -6.349861e-01 -1.365899e+00 -1.605241e+00 1.552824e-01 -7.673431e-01 -4.428621e-02 -6.059759e-01 -3.238964e-01 1.991107e-01 
-2.285396e+01 4.344883e+00 -4.025195e+00 3.415379e+00 -7.568130e+00 5.001864e+00 -4.866829e-01 -2.664900e+00 -3.232997e+00 -8.045189e-01 1.016140e+00 -3.218644e+00 1.575457e+01 2.994765e+00 1.052428e+00 8.889722e-01 -8.440186e-01 -2.237188e+00 -2.071602e+00 -3.024447e+00 8.402933e-01 -9.878709e-01 -6.915891e-01 -8.333354e-01 -1.449699e+00 5.768200e-01 8.741437e-01 -1.131907e+00 3.245625e-01 -1.739413e-01 -7.668737e-01 -2.141943e+00 -1.442273e+00 -1.220878e-01 -1.025430e+00 -8.248656e-01 -6.078926e-01 -4.613256e-01 3.260085e-01 
-1.960128e+01 5.014456e+00 -7.145528e+00 -5.124379e-01 -1.087351e+01 -7.152328e-01 -2.078440e-01 5.056036e-01 -6.990378e-01 7.733829e-01 8.717849e-02 -1.895449e+00 1.596241e+01 3.962219e+00 -1.660477e+00 8.685907e-01 -7.492827e-01 -3.835848e+00 -4.680204e+00 -4.548773e+00 -3.588900e-01 -2.068977e+00 -2.180797e+00 -1.902089e+00 -2.854319e+00 1.053546e+00 3.032239e-01 -1.491154e+00 3.330475e-01 -1.003980e-01 -5.329838e-01 -1.285770e+00 -4.758358e-01 -2.374457e-01 -4.785413e-01 -9.027953e-01 5.754758e-02 -5.987548e-01 3.003133e-01 
-1.297931e+01 6.615453e+00 -1.637484e+00 2.408941e+00 -1.382714e+01 -1.267522e+01 -1.437248e+01 -2.480003e+00 -1.020776e+01 -6.942686e+00 -7.221751e+00 -6.343722e+00 1.858181e+01 3.956826e+00 -3.604873e+00 8.439316e-01 -1.144350e+00 -4.066910e+00 -5.509393e+00 -3.675042e+00 -9.046283e-01 -2.285223e+00 -4.095476e+00 -1.054815e+00 -3.822151e+00 1.325556e+00 -5.425144e-01 -1.175872e+00 3.085953e-02 -3.215504e-01 1.689869e-02 4.938427e-01 1.104759e+00 1.569874e-01 6.778337e-01 -4.274038e-03 1.091186e+00 -1.793690e-01 5.678992e-02 
-8.078964e+00 -4.639936e+00 -2.212994e+00 1.926749e+00 -2.024439e+01 -1.308046e+01 -1.309941e+01 -3.478151e+00 -1.060845e+01 -1.188980e+01 -4.934035e+00 -1.171707e+01 1.972299e+01 2.648177e+00 -4.137371e+00 1.420905e+00 -1.179438e+00 -3.421877e+00 -2.899511e+00 -1.788994e+00 -1.307086e-01 -9.435855e-01 -2.994173e+00 1.056375e+00 -3.727504e+00 1.229642e+00 -1.073938e+00 3.328925e-02 2.243457e-03 -4.238700e-01 7.785566e-01 1.370544e+00 1.579957e+00 6.930506e-01 1.308128e+00 1.025313e+00 1.352554e+00 7.471113e-01 -1.516594e-01 
-8.831250e+00 -8.852302e+00 -2.271911e+00 -3.525992e+00 -2.321713e+01 -1.636225e+01 -1.241619e+01 -5.196489e+00 -9.704763e+00 -1.495042e+01 -1.747167e+00 -1.741886e+01 2.050198e+01 9.392619e-01 -3.588354e+00 7.670605e-01 -2.236738e+00 -2.359680e+00 -4.926901e-01 1.119214e+00 1.511157e+00 1.838498e+00 -3.061806e-01 3.143286e+00 -1.909904e+00 7.727249e-01 -1.032059e+00 7.266597e-01 -1.577515e-01 -2.102078e-01 1.045854e+00 1.365935e+00 1.141017e+00 6.329886e-01 1.101606e+00 1.351438e+00 6.687392e-01 1.282829e+00 -2.597399e-01 
-8.434297e+00 -7.938745e+00 2.766129e-01 -3.441882e+00 -2.328768e+01 -1.336976e+01 -1.013091e+01 1.210078e+00 -5.668300e+00 -1.019368e+01 2.631795e+00 -1.499566e+01 2.115043e+01 1.013492e-01 -1.502322e+00 9.181606e-01 -2.322451e+00 -7.966567e-01 -3.358383e-01 9.538311e-01 1.898300e+00 2.409890e+00 1.051071e+00 2.761767e+00 -7.486398e-02 5.717221e-01 -7.109191e-01 7.368510e-01 -4.726947e-01 -2.347548e-02 8.809946e-01 5.537652e-01 3.238905e-01 -1.436714e-01 9.616378e-02 4.484278e-01 -4.543551e-01 9.797090e-01 -2.640572e-01 
-8.105795e+00 -9.677166e+00 9.531642e-01 -6.090192e+00 -2.410435e+01 -1.499420e+01 -1.026055e+01 2.731978e+00 -3.484897e+00 -9.321395e+00 4.711931e+00 -1.425386e+01 2.173147e+01 6.985240e-02 -1.289151e+00 3.065892e-01 -1.623878e+00 -1.502187e-01 3.862365e-02 6.586131e-01 1.245858e+00 1.546017e+00 6.390332e-01 1.436319e+00 7.656940e-01 3.557897e-01 -3.545232e-01 5.782919e-01 -4.110259e-01 4.723058e-01 6.903532e-01 2.700176e-01 -1.295340e-01 -6.088226e-01 -7.792395e-01 -3.435226e-01 -1.111504e+00 3.792204e-01 -2.181453e-01 
-7.935181e+00 -1.173884e+01 7.650277e-01 -8.403214e+00 -2.378444e+01 -1.544422e+01 -9.407949e+00 2.049358e+00 -1.668630e+00 -9.448765e+00 5.644957e+00 -1.367392e+01 2.196672e+01 -4.717208e-01 -1.602731e+00 -7.122352e-01 -1.603243e+00 -1.217351e-01 -3.964365e-01 6.073939e-02 -7.163011e-01 -3.165589e-01 -1.224646e+00 -3.619270e-01 -1.667679e-01 1.177907e-01 -1.747301e-01 3.538442e-01 -3.043811e-01 6.599091e-01 4.168463e-01 3.559351e-01 3.936406e-02 -5.017573e-01 -9.391273e-01 -4.624476e-01 -1.034256e+00 -5.377019e-02 -1.990600e-01 
-8.731152e+00 -1.339767e+01 -9.834177e-01 -9.164812e+00 -2.371977e+01 -1.513234e+01 -9.484598e+00 6.131532e-01 -3.974141e+00 -1.212761e+01 3.927679e+00 -1.425132e+01 2.187280e+01 -5.469700e-01 -6.467644e-01 -4.728152e-01 -2.346676e-01 7.544880e-01 8.874786e-01 9.182824e-01 -2.255562e-01 -6.945266e-01 -8.858388e-01 -8.525179e-01 3.212859e-02 -9.107750e-02 -1.722944e-02 4.520252e-01 -1.478200e-02 5.823594e-01 2.192328e-01 2.570469e-01 1.314196e-01 -5.663962e-02 -6.578960e-01 -4.441446e-02 -6.543496e-01 -1.435494e-01 -1.435906e-01 
-1.047995e+01 -1.409225e+01 -2.316312e+00 -9.920938e+00 -2.408818e+01 -1.528273e+01 -1.021513e+01 -1.311935e+00 -7.006240e+00 -1.491383e+01 1.214235e+00 -1.583037e+01 2.166878e+01 -4.639998e-01 -5.422327e-02 -2.141461e-01 2.823703e-01 8.352129e-01 1.019388e+00 1.020991e+00 1.251974e-01 -1.165506e+00 -4.987660e-01 -1.265174e+00 2.311456e-02 -2.002454e-01 1.939023e-01 4.461000e-01 1.190924e-01 4.293852e-01 -7.297513e-02 3.635841e-03 4.898760e-02 2.879226e-01 -3.663257e-01 3.995668e-01 -3.056092e-01 -3.996812e-02 -7.338300e-02 
-9.568056e+00 -1.173429e+01 1.297469e-01 -6.504981e+00 -2.018022e+01 -1.063711e+01 -5.265426e+00 3.284705e+00 -4.288713e+00 -1.101786e+01 2.664856e+00 -1.301486e+01 2.142522e+01 -2.022596e-02 1.968705e-01 -1.649567e-02 3.450263e-01 4.673525e-01 6.159858e-01 8.357002e-01 5.417971e-01 -1.318839e+00 5.414426e-02 -1.383883e+00 -4.694009e-02 -2.030856e-01 2.324698e-01 1.593781e-01 -4.223347e-02 5.898635e-02 -4.595959e-01 -5.366315e-01 -2.926482e-01 5.480448e-02 -4.640061e-01 3.370692e-01 -2.115284e-01 -1.615906e-01 -2.565492e-02 
-9.836361e+00 -1.284148e+01 -8.624525e-01 -8.321121e+00 -2.137852e+01 -1.259486e+01 -6.412640e+00 1.339481e+00 -7.339007e+00 -1.249752e+01 -4.913056e-02 -1.417656e+01 2.118953e+01 2.344446e-01 2.060639e-01 -3.448646e-01 2.537991e-01 -3.429622e-01 -2.426225e-01 3.468787e-01 3.396076e-01 -1.835954e+00 3.033164e-01 -1.624360e+00 -3.270608e-01 -1.931811e-01 2.607391e-01 -9.431661e-03 -9.990928e-02 9.027099e-02 -5.057493e-01 -5.995018e-01 -2.958561e-01 -7.244949e-02 -4.116618e-01 4.313714e-01 -5.990754e-02 -3.625471e-02 -1.743723e-02 
-9.153904e+00 -1.303900e+01 -1.792604e+00 -8.239891e+00 -2.273800e+01 -1.339617e+01 -7.207204e+00 1.996320e+00 -1.040224e+01 -1.306527e+01 -2.359881e+00 -1.531321e+01 2.109695e+01 2.660639e-01 2.004189e-02 -6.186312e-01 7.451923e-02 -9.544024e-01 -1.164547e+00 -2.080085e-01 -5.875216e-02 -2.679227e+00 3.985392e-01 -1.730466e+00 -6.007148e-01 -2.227489e-01 1.822311e-01 1.073546e-01 -1.128818e-02 1.752760e-01 -8.277954e-02 -4.946107e-01 -9.410187e-02 -1.032942e-01 -2.009006e-01 5.899239e-01 1.768776e-01 2.395895e-01 -5.161804e-02 
-9.514739e+00 -1.240971e+01 -3.079389e+00 -7.784488e+00 -2.452370e+01 -1.511589e+01 -7.510015e+00 1.030092e+00 -1.312947e+01 -1.237388e+01 -4.395031e+00 -1.631668e+01 2.086710e+01 6.966017e-01 -1.285312e-02 -4.125514e-01 8.689981e-01 -9.826306e-01 -1.087800e+00 6.347390e-02 6.309048e-02 -2.543657e+00 1.485814e+00 -1.391389e+00 1.187416e-01 -2.776606e-01 2.348121e-01 4.177182e-01 3.143583e-01 3.034803e-01 5.107145e-01 -1.088126e-01 1.601930e-01 1.570605e-02 1.479889e-01 7.750229e-01 5.755751e-01 5.898334e-01 -1.068195e-01 
-8.398522e+00 -1.184995e+01 -1.855221e+00 -6.400995e+00 -2.337978e+01 -1.519969e+01 -5.757179e+00 3.145725e+00 -1.478967e+01 -9.086979e+00 -3.814566e+00 -1.494848e+01 2.047255e+01 6.599576e-01 8.429918e-01 -3.901599e-02 9.138598e-01 3.733437e-01 -1.434281e+00 5.069024e-01 1.635924e-01 -1.969427e+00 2.412364e+00 -6.159334e-01 9.280444e-01 -4.188724e-01 1.877234e-01 7.907706e-01 5.926996e-01 5.073878e-01 9.706506e-01 2.009835e-01 4.237226e-01 1.382713e-01 4.431931e-01 8.279023e-01 9.817306e-01 8.137884e-01 -1.744070e-01 
-6.730905e+00 -1.350033e+01 -2.894099e+00 -4.895658e+00 -2.597039e+01 -1.713218e+01 -6.820489e+00 1.080184e+00 -1.786381e+01 -7.057861e+00 -6.278698e+00 -1.376537e+01 2.011350e+01 1.211580e+00 1.882991e+00 9.371582e-01 1.351533e+00 1.546665e+00 -6.516206e-01 7.904166e-01 3.069582e-01 -1.450832e+00 3.171531e+00 6.961702e-01 1.857665e+00 -6.291971e-01 -7.094122e-02 1.192738e+00 6.508191e-01 6.022868e-01 1.283339e+00 6.243536e-01 2.117130e-01 -2.372907e-01 7.481740e-01 6.134422e-02 8.236933e-01 6.092221e-01 -3.351282e-01 
-7.245843e+00 -8.278893e+00 -2.080643e+00 -5.115151e+00 -2.014739e+01 -1.955984e+01 -5.017499e+00 2.789436e+00 -1.788241e+01 -3.661205e+00 -4.497467e+00 -1.194861e+01 1.937922e+01 9.472280e-01 3.025841e+00 1.669886e+00 2.370070e+00 2.634280e+00 -3.777294e-01 1.547111e+00 5.107892e-01 -1.009582e+00 3.695197e+00 2.134489e+00 2.598774e+00 -9.189761e-01 -3.998350e-01 9.463079e-01 2.628383e-01 4.742568e-01 1.001698e+00 1.083581e+00 -4.523602e-01 -8.225272e-01 1.011193e+00 -9.396869e-01 1.512950e-01 2.240786e-01 -4.736677e-01 
-4.033409e+00 -4.780284e+00 1.719087e+00 -1.669813e+00 -1.840627e+01 -1.619425e+01 -3.927693e+00 2.743028e+00 -1.883705e+01 7.713504e-01 -5.726874e-01 -8.528481e+00 1.826770e+01 1.984132e-01 4.859487e+00 1.987184e+00 3.152352e+00 4.303702e+00 1.505613e+00 6.019540e-01 -1.296969e+00 7.173010e-01 1.151168e+00 1.351805e+00 2.329432e+00 -1.703179e+00 -8.876833e-01 2.645510e-01 -3.672145e-01 -7.207465e-02 6.460881e-01 1.226205e+00 -7.883094e-01 -9.532299e-01 1.414892e+00 -1.450013e+00 -4.801461e-01 -1.553468e-01 -4.993033e-01 
-5.011345e+00 -1.080901e+00 4.187916e+00 3.836505e+00 -1.399028e+01 -1.755694e+01 5.318360e-01 4.868237e+00 -1.935095e+01 5.474568e+00 4.004641e+00 -4.573050e+00 1.680071e+01 -8.326471e-01 4.086239e+00 7.500759e-01 2.384690e+00 4.003411e+00 2.904968e+00 -1.660691e+00 -3.147135e+00 2.002564e+00 -1.275765e+00 -1.873382e-01 1.812595e+00 -2.250329e+00 -9.241104e-01 -6.738870e-01 -7.890244e-01 -6.911132e-01 1.628029e-01 1.302529e+00 -6.751599e-01 -4.473527e-01 1.622928e+00 -9.574273e-01 -4.667298e-01 -1.999735e-01 -3.110111e-01 
-6.856457e+00 7.198284e+00 3.907562e+00 6.390335e+00 -7.530407e+00 -1.060535e+01 -6.585179e+00 -6.444114e+00 -1.354310e+01 -5.869862e+00 -3.770666e+00 -5.805879e+00 1.288689e+01 -2.336895e+00 2.675488e+00 -4.390977e-01 9.837840e-01 4.092566e+00 3.837925e+00 -1.547263e+00 -2.630307e+00 4.117529e+00 -1.593055e+00 -5.435587e-01 1.474079e+00 -2.459998e+00 -6.070493e-01 -1.574640e+00 -8.684395e-01 -1.067435e+00 -4.814925e-01 5.708629e-01 3.059071e-01 7.082792e-01 1.035462e+00 4.468034e-01 2.194598e-01 6.433119e-03 1.031782e-01 
-9.997688e+00 6.163224e+00 5.754681e-01 2.778506e+00 -5.568342e+00 -7.829843e+00 -1.199194e+01 -8.352751e+00 -1.051667e+01 -6.719788e+00 -3.834891e+00 -4.247151e+00 1.081820e+01 -2.405771e+00 7.484725e-01 -1.062118e+00 -1.169294e-03 3.553931e+00 4.968826e+00 -7.540359e-01 -1.059394e+00 5.404889e+00 2.802538e-01 7.484356e-01 2.026678e+00 -2.095644e+00 -4.036993e-02 -2.003094e+00 -9.219560e-01 -5.415183e-01 -7.442145e-01 -6.242641e-01 1.005996e+00 1.147352e+00 2.807962e-01 8.554748e-01 4.582449e-01 -6.740795e-02 7.316824e-01 
-1.322491e+01 4.975471e+00 1.330006e+00 3.778031e+00 -2.155182e+00 -1.868219e+00 -5.402007e+00 -3.798099e+00 -2.666526e+00 -1.096522e+00 6.291628e-01 -1.320952e+00 8.958916e+00 -2.050359e+00 -1.344886e+00 -1.448864e+00 -9.918870e-01 2.120936e+00 3.328037e+00 1.678367e+00 1.200532e+00 4.193394e+00 2.607089e+00 1.981307e+00 2.254576e+00 -1.264614e+00 6.313503e-01 -1.912675e+00 -1.055886e+00 7.539511e-02 -1.000473e+00 -1.761666e+00 5.611255e-01 4.985271e-01 -7.057413e-01 2.479822e-01 8.863007e-02 -3.569228e-01 1.199555e+00 
-1.385577e+01 3.773098e+00 1.664634e-01 5.136752e+00 1.091411e+00 2.918606e+00 -3.829910e+00 -1.751710e+00 2.235212e+00 4.489480e+00 5.546587e+00 3.317852e+00 8.286427e+00 -1.177641e+00 -3.919028e+00 -3.354787e+00 6.649064e-01 1.268088e+00 3.846376e-02 1.756465e+00 6.742188e-01 3.368502e+00 9.015200e-01 8.413828e-01 1.085300e+00 8.104494e-01 7.570279e-01 -1.092504e+00 -6.425610e-01 3.948955e-01 -9.175711e-01 -2.100084e+00 -2.366567e-01 -9.860553e-02 -1.212053e+00 -4.732629e-01 -4.996455e-01 -6.218239e-01 1.216585e+00 
-1.517872e+01 1.668540e+00 -3.132329e+00 2.517524e-01 -2.553346e-01 6.604676e-01 -2.274532e+00 -3.741869e+00 1.048493e+00 1.561318e+00 1.445120e+00 1.684363e+00 7.829639e+00 2.060117e-01 -4.554232e+00 -4.572268e+00 1.027727e+00 2.330970e-01 -2.505063e+00 3.205254e-03 -1.004492e+00 1.606956e+00 -6.637712e-01 -1.468418e-01 1.601865e-01 2.084705e+00 3.127951e-01 2.617661e-01 5.436197e-01 5.378363e-01 -6.392710e-01 -1.180772e+00 -7.998285e-01 -1.253428e-01 -8.807268e-01 -4.952781e-01 -7.384723e-01 -5.129519e-01 6.909214e-01 
-1.490904e+01 -1.177815e+01 -1.396711e+01 7.866291e+00 -1.779298e-01 -8.901703e+00 -4.773673e+00 -5.009873e+00 4.468348e+00 -3.540949e+00 -3.585194e-02 -3.236560e-01 1.543507e+01 2.513573e-01 -3.109437e+00 -2.713147e+00 9.635670e-01 -9.005819e-02 -2.615067e+00 -1.099788e+00 -4.499072e-01 6.378587e-01 -4.506196e-01 -6.857133e-01 -3.528065e-02 2.312654e+00 -3.942215e-01 1.669127e+00 1.957564e+00 -2.814378e-02 -5.516122e-01 8.708784e-02 -4.674760e-01 4.452851e-01 -7.378400e-01 2.663280e-02 -5.751018e-01 3.453019e-02 -2.687913e-01 
-1.166840e+01 -1.002024e+01 -1.446463e+01 7.552320e+00 -3.547851e-01 -8.483443e+00 -4.914354e+00 -7.191313e+00 4.251625e+00 -4.003890e-01 2.685993e+00 1.300760e+00 1.580805e+01 -1.200927e+00 -4.407755e-01 9.483554e-01 1.548023e+00 -3.963531e-01 -1.249289e+00 -8.926209e-01 1.135871e+00 1.155097e+00 8.068916e-01 -9.475039e-01 2.500329e-01 1.438874e+00 -8.280349e-01 1.860749e+00 2.213778e+00 -1.902107e-01 -3.635127e-01 7.830036e-01 4.195427e-01 9.820845e-01 -4.645684e-01 2.607708e-02 -4.974789e-01 1.603591e-01 -7.346388e-01 
-1.435420e+01 -5.929377e+00 -7.733277e+00 6.304209e+00 6.911597e-01 -5.584715e+00 -8.009024e+00 -2.276444e+00 3.823031e+00 3.216793e+00 1.497693e+00 3.333458e+00 1.586062e+01 -2.445234e+00 2.369809e+00 3.672685e+00 2.641582e-01 -1.175246e+00 -1.542034e-01 -1.328641e-01 1.830447e+00 -9.463864e-02 2.992745e-01 -1.633719e+00 1.213064e+00 -2.106596e-01 -3.927273e-01 1.157602e+00 9.754673e-01 -4.263435e-01 -2.016672e-01 8.588983e-01 6.801561e-01 5.927664e-01 -3.690078e-01 -2.605914e-01 -2.121117e-01 -1.074997e-01 -6.873276e-01 
-2.146119e+01 -3.459656e+00 -1.507411e+00 8.772489e+00 -2.671051e+00 -7.244739e+00 -5.120013e+00 5.709191e-01 7.146655e+00 2.216801e+00 -4.059272e+00 1.106237e+00 1.481134e+01 -2.585927e+00 2.009974e+00 3.303679e+00 4.263121e-01 -1.041769e+00 1.796465e-01 1.617333e+00 2.765881e+00 -3.496188e-01 -9.083071e-01 -2.160173e+00 3.379196e-01 -3.268917e-01 4.217937e-01 2.317844e-01 -5.568237e-01 -6.670401e-01 3.571947e-03 8.325281e-01 5.860106e-01 -1.064374e-02 -5.917952e-01 -3.786615e-01 3.443314e-01 -2.421027e-01 -2.902585e-01 
-2.223892e+01 -3.209175e+00 -2.082351e+00 8.576616e+00 -4.895704e+00 -1.029194e+01 -5.335135e+00 2.610388e-01 2.547762e+00 -3.352942e+00 -4.831871e+00 5.838673e+00 1.488032e+01 -1.019789e+00 1.453201e+00 9.866022e-01 -6.072623e-01 -7.757092e-01 9.651850e-01 1.045929e+00 1.699028e+00 -4.548428e-01 -8.960625e-01 -1.139978e+00 -6.166853e-01 -2.410285e-01 7.069911e-01 -4.111030e-01 -1.420574e+00 -6.757147e-01 8.451285e-02 6.936022e-01 2.446177e-01 -4.309616e-01 -2.633243e-01 1.237991e-01 8.536925e-01 -4.519270e-01 9.257854e-02 
-2.065558e+01 -1.330407e+00 -7.716575e-01 8.547812e+00 -2.770011e+00 -5.231893e+00 1.835502e+00 5.369153e+00 3.141324e+00 -1.657155e+00 -4.950294e+00 1.737712e+00 1.466394e+01 1.952268e-01 1.176539e+00 -4.928193e-01 -1.351449e+00 -5.782396e-01 2.353828e+00 1.447903e+00 1.148365e+00 -1.623779e+00 -4.886612e-01 5.273268e-01 -4.556840e-02 2.869479e-03 4.112128e-01 -4.195761e-01 -1.226695e+00 -5.539904e-01 -4.555907e-02 1.810986e-01 -3.990419e-01 -8.223335e-01 -1.479940e-01 3.976431e-01 7.749446e-01 -1.881432e-01 1.352748e-01 
-1.985617e+01 2.718903e-01 -3.167907e+00 3.380238e+00 -3.137929e+00 -1.765281e+00 -6.257133e+00 3.819752e+00 3.551319e+00 6.734514e-01 -3.756574e+00 -6.562204e-02 1.472910e+01 -3.008783e-01 7.309476e-01 -1.531899e+00 -2.225543e+00 -9.844188e-01 2.226876e+00 1.174998e+00 4.843413e-01 -7.742156e-01 7.084590e-01 1.291014e+00 -8.547732e-01 8.734893e-02 -7.530277e-02 -3.558798e-01 -5.248802e-01 -1.346091e-01 -7.896671e-02 -3.855924e-01 -3.009595e-01 -7.476628e-01 2.348748e-02 3.048371e-01 1.764193e-01 -1.036877e-01 1.024338e-01 
-2.167652e+01 6.825358e-01 -3.428623e+00 4.613369e+00 -6.441841e+00 2.613423e-01 2.580545e+00 4.533311e+00 -1.474146e+00 -2.239807e+00 -1.960438e+00 3.830654e+00 1.490121e+01 -8.891452e-01 2.731467e-01 -1.570649e+00 -1.534405e+00 -1.165028e+00 4.543371e-01 -4.424109e-01 -7.384626e-01 -9.300162e-01 2.776384e-01 4.990627e-01 -4.838264e-01 1.853014e-01 -1.094683e-01 -2.739932e-01 9.896593e-03 2.370440e-01 7.089560e-02 -6.888496e-01 -4.353489e-01 -6.175801e-01 1.820775e-01 -1.702251e-04 -4.932290e-01 -3.068738e-01 3.684119e-02 
-2.323303e+01 -5.614212e-01 -8.413528e+00 -5.841618e-01 -7.982099e+00 -1.904190e+00 1.668851e-01 3.100790e+00 9.846080e-01 4.807021e-01 1.286403e-01 5.183113e-01 1.519825e+01 -8.540943e-01 1.253347e-01 -1.098855e+00 -1.188794e+00 -8.771262e-01 -1.302075e-02 4.862295e-01 -1.095874e+00 -6.841645e-01 2.449464e-01 -2.437738e-01 -9.160098e-01 1.798394e-01 2.481390e-01 -1.052426e-01 5.077386e-01 6.922040e-01 3.236680e-01 -3.764808e-01 -2.605211e-01 -2.747616e-01 1.085565e-02 -2.494341e-01 -5.911430e-01 8.027419e-02 -5.557313e-03 
-2.341293e+01 4.521975e-01 -6.001909e+00 2.858007e+00 -6.173374e+00 -2.890332e+00 -3.588923e+00 2.036589e+00 -2.251586e-01 -1.727484e-01 -4.397200e+00 -9.736401e-01 1.535598e+01 -7.549854e-02 1.092463e-01 -6.597716e-01 -6.847052e-01 -2.775648e-01 2.935004e-02 -3.843298e-01 -1.149408e+00 -7.584258e-01 -2.577965e-01 -1.171393e+00 -1.549245e+00 1.408040e-01 4.549092e-01 4.466569e-02 4.872194e-01 5.356415e-01 3.000284e-01 -4.010008e-02 -6.420685e-03 6.538314e-02 4.676120e-02 -1.708204e-01 -1.705295e-01 3.147122e-01 -3.884490e-02 
-2.325814e+01 1.013911e+00 -7.375504e+00 -1.685656e+00 -7.657783e+00 -2.544976e-01 -7.412338e-01 -4.115145e-01 -4.940406e-01 8.641682e-01 -3.757387e+00 -2.243849e+00 1.540114e+01 5.329900e-01 2.867931e-01 5.512932e-01 8.106862e-01 1.901799e-01 5.568265e-01 -1.568184e-01 -6.839253e-01 -8.057951e-01 -2.709922e-01 -8.293506e-01 7.935425e-02 8.181407e-02 3.100893e-01 1.459871e-01 3.412552e-01 6.079655e-01 2.561991e-01 -8.506876e-02 -1.839702e-01 3.366309e-01 2.061732e-01 -8.917167e-02 2.697085e-01 7.525664e-01 -3.640341e-02 
-2.204148e+01 4.408268e-01 -7.246570e+00 1.740671e+00 -7.991897e+00 -4.167498e-01 1.112855e+00 5.424356e-01 -4.526865e+00 -3.720487e+00 -5.874378e+00 -2.534909e+00 1.550382e+01 6.918221e-01 4.159312e-01 4.024548e-02 1.440257e-01 -1.986281e-01 -3.092841e-02 -1.529901e-01 -6.176232e-01 -6.354383e-01 -3.186630e-01 -6.075207e-02 5.920759e-01 4.015696e-02 -5.935078e-02 1.448613e-01 2.243457e-03 3.221187e-01 1.113479e-01 -1.172811e-01 -1.066416e-01 1.594286e-01 3.060166e-01 8.203427e-02 5.787417e-01 7.029446e-01 -2.636950e-02 
-2.125377e+01 8.784371e-01 -5.034472e+00 4.027769e+00 -6.121934e+00 -3.570533e-01 -2.967844e+00 4.282563e-01 -8.939267e-01 8.993983e-01 -3.279628e+00 1.695251e+00 1.553326e+01 3.126351e-01 7.017874e-01 2.572709e-01 1.436579e+00 3.644027e-01 -4.082683e-01 -5.491662e-01 3.212765e-01 2.850560e-01 -1.705387e-01 5.493821e-01 1.776049e+00 4.809512e-02 -2.725825e-01 8.782388e-04 -2.037812e-01 -3.197598e-02 -1.498382e-02 9.531614e-03 7.256043e-02 1.241277e-01 1.506277e-01 6.621750e-02 5.274514e-01 1.767901e-01 -2.398756e-02 
-2.095588e+01 2.599315e+00 -6.971054e+00 7.215580e-01 -7.934578e+00 -2.994418e+00 -3.240690e+00 -1.471295e+00 -3.202672e+00 -1.783170e+00 -4.939726e+00 1.712302e-02 1.549057e+01 -2.621507e-01 6.260858e-01 -5.016261e-01 6.130272e-01 1.920959e-01 -7.457832e-02 -7.214405e-01 -8.548333e-01 2.262144e-01 1.021717e-01 1.032930e+00 1.117143e+00 2.573719e-02 -2.295323e-01 -2.739339e-01 -5.704062e-02 -1.548152e-01 -8.597506e-02 1.306094e-01 2.163790e-01 2.020533e-01 1.812989e-01 3.447638e-01 3.561228e-01 -1.535394e-01 -4.363855e-02 
-2.223789e+01 3.443672e+00 -6.226762e+00 6.006944e+00 -5.864244e+00 -1.006828e+00 -1.310582e+00 2.201842e+00 2.693416e-01 -9.569568e-01 -1.477801e+00 5.360349e+00 1.564807e+01 -3.529644e-01 1.862407e-01 -1.966582e-01 4.163707e-01 -8.009531e-02 6.263785e-01 4.903859e-01 5.542972e-02 -4.833384e-01 -1.503291e-01 1.261082e+00 7.006362e-01 -3.099513e-02 4.379199e-02 -4.337374e-01 5.254342e-02 -5.569865e-01 -2.380888e-01 -1.230161e-01 1.832312e-01 1.934896e-01 2.541915e-01 4.341927e-01 5.908921e-02 -5.081869e-01 -7.412736e-02 
-2.286015e+01 2.288407e+00 -9.158389e+00 3.816054e+00 -7.160040e+00 -4.645836e-01 -3.323017e+00 -4.618717e+00 -3.977376e+00 -2.281134e+00 -1.610587e+00 1.218378e+00 1.557505e+01 -1.229276e-01 -6.960351e-01 -1.813122e-02 -1.198817e-01 -4.063160e-01 1.046581e-01 4.091162e-01 5.255635e-01 6.552521e-01 1.394990e+00 1.363945e+00 3.621203e-01 -1.384879e-01 2.033119e-01 -4.250865e-01 1.869170e-01 -3.382727e-01 -1.015169e-01 -3.747657e-01 3.615621e-02 4.838410e-01 3.852251e-01 1.885624e-01 -2.662769e-01 -3.763771e-01 -7.046513e-02 
-2.206625e+01 1.965478e+00 -4.923753e+00 4.562097e+00 -6.910189e+00 1.509996e+00 -4.746966e-01 2.279435e+00 -2.923278e+00 3.966919e-01 1.361113e+00 4.598223e+00 1.533598e+01 4.620304e-01 -8.059245e-01 2.781557e-01 -9.818620e-01 -5.267647e-01 -1.113063e+00 -1.983830e-01 5.984320e-01 1.341614e+00 1.354096e+00 6.792117e-01 -3.874155e-01 -2.404459e-01 1.506905e-01 -2.781408e-01 1.211489e-02 -9.022532e-02 1.801241e-01 -2.674626e-01 -8.394369e-02 1.472225e-01 2.518987e-01 -2.767074e-01 -6.127257e-01 -3.317504e-01 -3.381306e-02 
-2.165622e+01 -1.416791e-01 -7.713068e+00 8.445544e-01 -9.443482e+00 -3.729146e+00 -1.613078e+00 1.117998e+00 1.669549e+00 4.514887e+00 4.606057e-01 2.208778e+00 1.495424e+01 3.469506e-01 -1.003438e+00 1.953715e-01 -3.792778e-01 -9.210186e-02 -1.078686e+00 -1.961954e-01 1.292917e+00 1.239720e+00 2.929739e-01 -7.652609e-03 -2.207540e-01 -2.218022e-01 6.127860e-02 4.288812e-02 1.499268e-01 2.831697e-01 3.287518e-01 1.261071e-01 3.158746e-02 -1.640150e-01 -4.103208e-01 -7.367191e-01 -7.453055e-01 -3.623121e-01 1.998897e-02 
-2.052934e+01 6.292558e-01 -5.558749e+00 2.583498e+00 -7.356492e+00 -4.939915e+00 -3.157417e+00 2.325844e+00 4.153776e+00 2.415309e+00 8.828114e-01 2.928080e+00 1.475606e+01 1.655683e-01 -1.050842e+00 -2.428312e-01 9.490333e-02 6.632892e-01 -1.191876e-01 3.733488e-01 4.079161e-01 4.837851e-01 -9.828448e-01 -1.116811e+00 -6.666543e-01 -1.583697e-01 8.203638e-02 2.323770e-01 4.039777e-01 4.620286e-01 1.532890e-01 9.646748e-02 -1.851853e-01 -6.425349e-01 -9.684574e-01 -6.907222e-01 -4.835210e-01 -1.788432e-01 4.744081e-02 
-2.189391e+01 -2.060732e+00 -7.863919e+00 2.908992e+00 -7.397154e+00 -2.633177e+00 -2.962797e+00 1.822718e+00 -1.317264e+00 -1.825853e+00 -1.409511e+00 9.494566e-01 1.475584e+01 3.316312e-01 -3.590408e-01 9.922637e-01 7.576374e-01 6.424694e-01 2.383260e-01 2.811411e-01 -1.991995e-01 -9.676403e-01 -1.120151e+00 -1.464413e+00 -1.309785e+00 -7.957081e-02 1.948311e-01 3.158635e-01 5.596469e-01 1.962834e-01 -2.046703e-02 -2.779678e-01 -4.076934e-01 -8.522094e-01 -8.571070e-01 -2.486646e-01 2.459015e-02 -5.994826e-02 2.939763e-02 
-2.111961e+01 -2.329081e+00 -6.062818e+00 4.004437e+00 -4.616949e+00 3.654286e-01 2.067027e+00 3.966589e+00 9.886513e-01 -1.347198e+00 -3.288029e+00 1.894492e+00 1.464327e+01 8.798224e-01 3.368829e-02 1.899619e+00 7.598095e-01 -1.277383e-01 -1.289261e+00 -1.362848e+00 -1.868152e+00 -2.396985e+00 -1.392980e+00 -1.009870e+00 -7.371010e-01 -7.440009e-02 1.465713e-01 7.132922e-02 2.277892e-01 -6.528122e-02 -1.024973e-01 -3.121633e-01 -1.060098e-01 -1.811811e-01 -2.516875e-01 2.389693e-02 4.062881e-01 2.394581e-01 -9.308865e-03 
-1.970276e+01 -4.581100e-01 -2.499895e+00 3.922055e+00 -7.600954e+00 -5.190181e+00 -2.819277e+00 -6.985590e-01 -1.586146e+00 7.957405e-01 -4.776318e+00 -3.823627e+00 1.461294e+01 9.638956e-01 3.354464e-02 1.922391e+00 2.697555e-01 2.011646e-01 -1.883572e+00 -1.366567e+00 -1.830122e+00 -1.605399e+00 -7.453228e-01 6.194198e-02 -4.852961e-01 -1.168583e-01 -2.203523e-02 -3.210395e-01 -3.883438e-01 -1.134275e-01 2.076128e-01 3.318697e-01 5.961688e-01 8.243345e-01 5.445073e-01 6.840455e-03 5.380761e-01 6.121139e-01 -4.066113e-02 
-1.722610e+01 -3.930894e-03 1.257427e+00 5.875882e+00 -7.892936e+00 -1.010750e+01 -1.004354e+01 -5.754372e+00 -7.696842e+00 -5.860376e+00 -2.483182e+00 1.629200e+00 1.445566e+01 5.822574e-01 -8.903886e-01 4.311429e-01 1.253150e-02 3.714278e-01 -6.191630e-01 6.670355e-01 3.175373e-01 -4.555829e-01 -1.050844e+00 1.514604e-01 1.184477e-01 -1.863354e-01 -2.101880e-01 -4.399589e-01 -6.146104e-01 -1.333201e-01 4.049357e-01 1.101375e+00 1.128526e+00 1.391475e+00 1.071670e+00 2.736310e-01 2.824581e-01 4.423813e-01 -4.081000e-02 
-1.902133e+01 -3.055183e+00 -1.912146e+00 3.321764e+00 -4.753142e+00 -6.814235e+00 -3.740013e+00 -2.467480e+00 -5.001553e+00 -3.296032e+00 -1.502190e+00 -1.344178e+00 1.426535e+01 3.703587e-01 -1.502178e+00 -2.152784e-01 5.641555e-01 1.430942e+00 1.562693e+00 2.247037e+00 2.829539e+00 7.841608e-01 -1.257101e+00 6.452020e-01 1.323094e+00 -2.268272e-01 -9.715094e-02 -2.814590e-01 -3.192992e-01 -2.201227e-02 8.019165e-02 8.160735e-01 5.997168e-01 9.454660e-01 7.827384e-01 1.432495e-01 1.187959e-01 3.695918e-01 -1.815181e-02 
-1.854939e+01 -5.482669e+00 -4.201377e+00 4.366801e+00 -4.183874e+00 -1.917966e+00 5.862264e+00 6.439002e+00 4.181364e-01 -4.555508e+00 -4.167398e+00 1.247048e+00 1.388540e+01 1.257378e-01 -1.398178e+00 -1.045640e-01 -5.396747e-02 1.282010e+00 2.494531e+00 2.473017e+00 2.759406e+00 1.766581e+00 2.310375e-01 1.107787e-01 5.707166e-01 -2.234772e-01 9.132489e-02 1.051623e-01 2.697150e-01 5.431805e-02 -2.761081e-01 -3.986167e-01 -6.697162e-01 -3.926381e-01 1.074113e-01 3.265959e-01 1.671536e-02 -1.121332e-01 1.290271e-02 
-1.718963e+01 -5.229589e+00 -8.470828e-01 7.497302e+00 -2.300683e+00 -1.471390e+00 4.630726e-01 7.352437e+00 -1.722811e+00 -6.142217e+00 -7.079124e-01 2.982880e+00 1.376385e+01 7.064062e-01 -1.119935e+00 5.936918e-01 1.928974e-01 1.467520e-01 6.401291e-01 7.290542e-01 1.676320e+00 1.197162e+00 -6.701908e-01 6.762462e-01 1.136543e+00 -1.890300e-01 1.425328e-01 1.593189e-01 1.457120e-01 -9.785486e-02 -6.068801e-01 -1.475078e+00 -1.265550e+00 -1.147947e+00 -2.068272e-01 4.225653e-01 -1.817375e-01 -5.459782e-01 6.173733e-03 
-1.751366e+01 -5.907285e+00 2.017567e-01 3.518501e+00 -2.709263e+00 -3.065407e-01 2.198771e-01 3.132466e+00 -5.033402e-01 -3.282143e+00 -2.326549e+00 2.319468e+00 1.358904e+01 8.707533e-01 -5.556926e-01 1.375109e+00 4.698372e-01 -3.669753e-01 -2.150907e+00 -1.922548e+00 -1.068970e+00 -1.249846e-01 2.886942e-01 2.194797e-01 -3.489100e-01 -1.406728e-01 2.369121e-01 1.226417e-01 -2.145954e-01 6.031020e-02 -3.438312e-01 -1.391411e+00 -9.836479e-01 -9.420312e-01 -3.930602e-01 1.548342e-01 -1.047397e-01 -4.464062e-01 -3.443831e-02 
-1.600737e+01 -8.442631e+00 -1.145653e+00 4.710442e+00 -4.756572e+00 -4.419100e+00 2.726588e+00 7.567536e+00 1.444740e+00 -7.283469e+00 9.586893e-01 3.802346e+00 1.346838e+01 7.104505e-01 -1.126830e+00 -2.266015e-01 -1.870490e-01 -7.790301e-01 -3.490144e+00 -1.882843e+00 -9.960102e-01 6.958368e-01 8.268633e-01 -3.179092e-01 -9.470689e-01 -2.373872e-01 2.420409e-01 1.116800e-01 -4.623796e-01 -2.636704e-02 2.546013e-01 -2.760918e-01 -3.024662e-01 -5.387632e-01 -2.901453e-01 2.428952e-01 -1.675713e-01 -4.352660e-01 -6.686245e-02 
-1.478693e+01 -6.654829e+00 2.823144e+00 8.109404e+00 -4.790375e+00 -1.119849e+01 -4.881865e+00 9.863847e-01 -1.790739e+00 -2.540956e+00 -3.903452e+00 -9.072263e-01 1.332975e+01 1.308277e+00 -7.816483e-01 -7.674666e-01 4.375902e-01 2.566456e-02 -2.397457e+00 -1.139274e+00 -6.145224e-01 5.191017e-02 2.567156e-01 8.408992e-02 -6.196247e-01 -3.715347e-01 3.865377e-01 1.085989e-01 -5.170052e-01 -6.799860e-02 4.405947e-01 7.449490e-01 3.326392e-01 1.188577e-01 -5.948462e-02 -2.368662e-01 1.017130e-01 3.738919e-02 -5.245172e-02 
-1.500089e+01 -1.049001e+01 -3.291149e+00 4.266848e+00 -5.154863e+00 -1.347576e+01 -6.400338e+00 3.445538e+00 2.400180e+00 -2.378356e+00 -1.509236e+00 -1.389313e-01 1.270647e+01 1.697881e+00 -4.485325e-01 -6.471905e-01 7.719256e-02 1.223382e+00 -6.170844e-01 -1.174932e+00 -1.244620e+00 -3.420939e-01 5.603347e-01 -9.392765e-02 -9.044483e-01 -4.079483e-01 4.484072e-01 3.963873e-01 -3.962696e-02 2.051671e-01 2.811459e-01 8.521449e-01 2.502072e-01 3.663132e-01 -3.423598e-01 -6.665696e-01 1.129884e-02 3.141535e-01 1.364706e-02 
-1.147543e+01 -8.791550e+00 -2.562512e+00 5.928595e+00 -2.381518e+00 -7.765554e+00 -9.131423e-01 2.120812e+00 -7.212762e-01 -4.451172e+00 -6.721415e-01 1.191885e+00 1.211217e+01 2.309679e+00 -3.520021e-01 -9.997153e-01 -2.255333e-03 8.348297e-01 1.374356e-01 -6.133726e-01 -3.504084e-01 9.656562e-02 -7.623227e-01 6.160113e-01 -1.833262e-01 -3.175698e-01 1.065903e-01 3.709089e-01 -1.794308e-02 3.348485e-02 -1.946225e-01 2.580653e-01 2.317901e-02 5.968738e-01 -9.616885e-02 -4.945515e-01 -3.512746e-01 2.267076e-01 5.482482e-02 
-9.173855e+00 -9.617064e+00 -1.688716e+00 6.186686e+00 1.556947e-01 -9.221232e+00 -5.132315e+00 7.771786e-01 -8.001212e-01 -3.526721e+00 -1.126595e+00 -1.769880e+00 1.203713e+01 2.451720e+00 6.401631e-01 -3.087566e-01 1.058804e+00 2.222400e-01 -4.966874e-01 -8.948085e-01 7.034940e-01 -1.038324e+00 -1.996415e+00 -5.273416e-01 4.056228e-01 -1.960942e-01 -2.964499e-01 4.769112e-01 -1.538694e-01 -2.121100e-02 -3.923812e-01 7.079407e-02 2.817510e-01 5.352231e-01 7.345244e-02 -1.489334e-01 -3.513996e-01 2.817844e-01 2.844485e-02 
-6.151641e+00 -8.851002e+00 -2.976355e+00 7.138107e+00 -3.272163e+00 -1.263886e+01 -8.582473e+00 5.687092e-01 2.923886e-01 -5.778399e+00 -1.014676e+00 -1.008843e+00 1.207667e+01 1.464290e+00 5.285499e-01 -1.026387e+00 1.142849e-01 -4.468062e-01 -1.167265e+00 -1.163556e+00 1.395790e+00 -8.069923e-02 -9.376705e-01 -1.455609e+00 -1.409995e-01 -2.033769e-01 -6.444457e-01 5.535244e-01 -1.158256e-01 -8.949371e-02 5.742361e-02 3.298865e-01 2.763560e-01 8.816796e-02 1.364386e-01 5.926598e-01 -1.529050e-01 -7.664708e-03 -2.622063e-02 
-5.404171e+00 -7.259101e+00 -4.628028e+00 8.955976e+00 -3.598439e+00 -1.352245e+01 -7.039711e+00 7.738928e+00 -3.298500e+00 -1.169672e+01 -3.974723e+00 2.989413e+00 1.174391e+01 6.382653e-01 1.495864e+00 -1.403068e+00 -8.721696e-02 -9.772195e-02 3.892620e-01 5.088713e-01 5.583042e-01 1.139590e-01 -9.671428e-02 -8.151722e-01 4.833198e-01 -3.228862e-01 -6.471515e-01 4.252432e-01 4.766316e-02 -2.584586e-01 3.610700e-01 5.931060e-01 1.251983e-01 -5.634468e-01 3.609131e-01 1.190406e+00 4.570366e-01 -2.259346e-01 -4.587162e-02 
-6.038815e+00 -7.327650e+00 -6.224485e+00 5.115149e+00 -2.738168e+00 -1.145067e+01 -5.777051e+00 5.618875e+00 1.245901e-01 -5.054827e+00 -6.526385e+00 -1.892546e+00 1.124218e+01 -5.886959e-03 1.987709e+00 -1.031672e+00 1.233074e-01 1.281755e+00 1.343804e+00 6.664594e-02 1.629540e-01 2.025298e-01 1.251027e+00 -4.687194e-03 -2.605333e-01 -3.853719e-01 -4.495083e-01 2.803121e-01 5.178319e-01 -2.013102e-02 1.781632e-01 3.377118e-01 -4.953222e-02 -7.573502e-01 -2.197846e-02 7.797253e-01 5.740334e-01 -3.270561e-02 -1.690129e-02 
-6.038815e+00 -2.899566e+00 -7.079780e+00 6.762205e+00 -5.992472e-01 -7.868875e+00 -3.990779e+00 1.043843e+00 -1.467179e-01 -4.371905e+00 -2.446327e+00 1.088817e+00 1.083999e+01 -4.902653e-02 2.036693e+00 -6.782690e-02 -2.380092e-01 1.163350e+00 1.213494e+00 -8.838705e-01 -1.497426e+00 6.246594e-01 2.861254e+00 1.032467e+00 -6.643029e-01 -3.345385e-01 -3.060615e-01 -2.177035e-01 6.632416e-01 -7.047210e-02 -2.372536e-01 -2.664442e-01 -4.007430e-01 -3.782620e-01 -9.647167e-02 1.308098e-01 1.507950e-01 -7.207436e-02 1.278361e-02 
-5.863729e+00 -1.091946e+00 -6.908721e+00 8.851702e+00 1.637164e+00 -8.746721e+00 -9.773531e+00 4.730731e+00 -2.704440e-01 -3.185599e+00 -1.802179e+00 -1.361598e+00 1.060183e+01 -4.396113e-01 1.659621e+00 8.951370e-01 8.897190e-02 -1.864938e-01 1.092949e-01 -7.148777e-01 -1.363088e+00 -4.460844e-01 1.481891e+00 4.908151e-01 2.692367e-01 -2.820302e-01 -2.265034e-01 -5.398582e-01 3.992638e-01 -2.259198e-01 -6.061175e-01 -3.967944e-01 -9.735832e-02 -1.997810e-01 -3.975820e-02 -5.420445e-01 -9.957312e-02 1.519792e-01 2.254956e-02 
-5.736801e+00 -1.936595e-01 -4.625182e+00 5.897486e+00 3.076922e-02 -8.807183e+00 -9.460941e+00 6.956570e-01 2.229364e-02 1.675138e+00 -1.174561e+00 -5.976582e-01 1.039152e+01 -6.751631e-01 5.713565e-01 9.497393e-01 -4.223016e-01 -5.497560e-01 -3.257652e-01 -1.103944e+00 -5.699258e-01 -4.418539e-02 4.419304e-01 -3.089203e-01 -1.418813e-01 -3.106512e-01 -1.997687e-01 -6.317586e-01 -1.411142e-01 -2.892903e-01 -2.961890e-01 -1.592741e-02 1.108116e-01 2.402992e-01 1.905132e-01 -7.623252e-01 1.754867e-02 1.445195e-01 2.400850e-02 
-8.387515e+00 -3.824135e-01 -2.976071e+00 5.992253e+00 -3.985463e+00 -1.043506e+01 -6.616406e+00 -1.022681e+00 -2.190221e+00 -6.686798e-01 -4.708570e+00 2.969320e-01 1.005651e+01 -8.252937e-01 2.104742e-02 4.558020e-01 -9.141935e-01 -8.921983e-01 1.294411e-01 -3.101698e-01 -1.299796e+00 3.382231e-01 -2.495938e-01 1.681409e-01 2.381775e-01 -2.844335e-01 3.696695e-02 -3.433776e-01 -4.880010e-01 -3.395269e-01 9.900160e-02 4.928779e-01 1.691847e-01 2.771114e-01 4.877073e-01 -1.033213e-01 3.320401e-01 -2.147943e-01 2.936786e-02 
-8.152920e+00 -3.976827e-01 -4.297580e+00 6.080684e+00 -5.370294e-01 -8.653349e+00 -1.108918e+01 1.071098e+00 5.924042e-01 -3.420692e+00 -2.537922e+00 -4.499511e-01 9.559279e+00 -8.550748e-01 -3.027314e-01 -5.538381e-01 -1.182863e+00 3.537199e-02 1.123636e+00 -5.321028e-01 -3.275173e-01 1.185073e+00 -8.458854e-02 1.281469e+00 7.376947e-02 -2.132086e-01 1.800099e-01 8.780136e-02 -2.628435e-01 5.647801e-02 7.209393e-02 4.694556e-01 3.766256e-01 2.343318e-01 3.322320e-01 3.009898e-01 2.209022e-02 -1.884718e-01 5.941005e-02 
-8.782061e+00 -8.846745e-01 -4.793395e+00 4.189363e+00 -2.539757e+00 -8.176159e+00 -1.051006e+01 -1.956005e+00 1.135424e+00 -1.885134e+00 -2.797449e-01 -2.445401e-01 9.595454e+00 -1.648416e-01 3.798760e-01 -7.931322e-01 -1.228309e+00 1.595714e-02 1.848896e+00 -1.547402e-01 -9.869757e-02 1.377881e+00 1.228440e+00 1.355790e+00 -9.125805e-01 -1.838592e-01 2.277851e-01 2.861781e-01 1.984521e-01 5.301371e-01 1.088423e-01 -1.919688e-02 3.323961e-01 3.767756e-01 -8.743039e-02 9.143885e-02 -8.269699e-01 -2.307653e-01 6.048192e-02 
-9.814691e+00 -1.456459e+00 -6.485485e+00 8.843049e-01 -5.154736e-01 -4.318458e+00 -1.017476e+01 -4.751112e-01 4.285184e+00 1.860773e+00 3.017959e+00 4.180136e-02 9.555684e+00 -1.054021e-01 8.309255e-01 2.599130e-01 1.712628e-02 -6.433815e-01 1.161849e+00 7.015997e-01 1.257167e-03 1.097119e+00 1.207873e+00 -7.923756e-01 -5.088109e-01 -6.398581e-02 1.072365e-01 3.242180e-01 6.432214e-01 6.609890e-01 1.578644e-01 -3.673155e-01 4.020939e-01 1.312964e-01 -7.258137e-01 -4.415866e-01 -1.134670e+00 2.440867e-02 5.506301e-02 
-8.380635e+00 2.046048e+00 -5.847642e+00 2.448692e+00 -3.915897e+00 -3.357955e+00 -7.847524e+00 -7.432485e-01 2.852630e+00 2.832989e+00 -7.073705e-01 -4.511717e+00 9.138890e+00 -6.128209e-02 8.850801e-01 1.041205e+00 1.136581e+00 -8.694621e-03 1.448029e-02 7.350701e-01 4.197720e-01 -5.504085e-02 -4.383750e-01 -2.929698e+00 -6.243277e-01 -5.663027e-02 -2.149130e-01 7.292903e-02 7.073857e-01 4.336007e-01 6.554930e-01 -2.525087e-01 1.582975e-01 -1.329765e-01 -9.828197e-01 -7.974641e-01 -3.448164e-01 4.919373e-01 3.305986e-02 
-8.880783e+00 2.291655e+00 -2.470863e+00 7.036426e+00 -3.065423e+00 -5.253705e+00 -8.912411e+00 4.712270e-01 5.219600e+00 2.594978e-01 -6.286015e+00 -8.604101e-01 9.467832e+00 -3.706124e-01 1.065644e+00 1.745122e+00 9.395906e-01 8.370011e-01 2.044294e-01 1.033351e+00 6.983925e-02 -1.727523e+00 -1.459077e+00 -2.249136e+00 5.162632e-02 -1.500148e-03 -3.029115e-01 -1.326764e-01 1.364506e-01 -1.599364e-01 7.695147e-01 6.972211e-02 -1.461565e-01 -2.370194e-01 -6.935421e-01 -4.123469e-01 9.826056e-01 4.126411e-01 -4.864062e-02 
-9.555329e+00 1.666915e+00 -1.594506e+00 6.796483e+00 -1.308138e+00 -7.636211e+00 -7.465856e+00 -3.304840e-01 3.930677e-01 -3.276723e+00 -1.027610e+01 -2.915246e+00 9.356162e+00 -1.106804e+00 6.270913e-01 2.001400e+00 4.784420e-01 2.553300e+00 1.065276e+00 4.709162e-01 -7.978336e-01 -2.123994e+00 -1.425434e+00 3.601515e-01 1.266952e+00 -4.978453e-02 -1.905610e-01 -1.910992e-01 -3.671590e-01 -4.623661e-01 2.226825e-01 2.679809e-01 -6.955697e-02 1.117233e-02 5.653789e-02 2.888066e-01 1.595839e+00 5.309117e-01 -6.412322e-02 
-1.108019e+01 4.061589e+00 1.135233e-01 3.408466e+00 2.365651e+00 -1.157600e+00 -5.198870e+00 -3.324484e-01 -3.122614e+00 -2.379372e+00 -3.443307e+00 -4.982190e-01 9.439746e+00 -1.097122e+00 2.964174e-01 4.622184e-01 -4.535461e-01 1.923211e+00 9.851713e-01 1.028509e-01 -5.750329e-01 -1.335986e+00 -3.603898e-01 2.475697e+00 6.087323e-01 -3.105056e-01 3.939004e-02 -3.228763e-01 -6.996268e-01 -3.340225e-01 -4.729590e-01 6.162882e-02 2.359663e-01 5.880389e-01 8.328764e-01 7.650626e-01 1.079811e+00 3.143836e-01 -3.553996e-02 
-1.281523e+01 4.296801e+00 2.866976e+00 6.654763e+00 6.134972e+00 -7.961714e-02 -7.349778e+00 -4.330445e+00 -3.596493e+00 -2.974896e+00 -3.279815e-01 1.641539e+00 8.903868e+00 -6.507745e-01 3.143732e-01 -1.531273e-01 -4.786085e-01 5.617445e-01 9.639059e-01 8.526541e-01 7.980679e-01 3.204960e-02 4.564337e-01 2.687076e+00 1.751750e+00 -2.227489e-01 2.103793e-01 -3.056339e-01 -6.941365e-01 -3.297374e-01 -1.096375e+00 -2.724472e-01 6.216371e-01 8.156546e-01 8.812841e-01 6.541315e-01 2.846504e-02 -2.421027e-01 4.493978e-02 
-1.273680e+01 2.458967e+00 -2.390599e+00 4.839775e+00 2.829100e+00 -4.106076e+00 -8.456302e+00 -4.041481e-01 5.341802e-01 -1.693740e+00 1.118575e+00 -9.538123e-02 8.141280e+00 -4.014964e-01 -3.923667e-01 -6.757498e-01 -2.519606e-01 -5.320016e-01 5.632221e-01 2.022260e+00 2.212026e+00 1.358884e+00 1.425305e+00 1.986496e+00 1.381097e+00 -9.275252e-02 1.840080e-01 -2.209031e-01 -1.278044e-01 -2.346293e-01 -8.315828e-01 -2.148294e-01 4.989126e-01 3.869281e-01 4.296528e-01 9.994571e-02 -7.370974e-01 -4.851506e-01 8.212779e-02 
-1.198108e+01 4.040147e+00 -1.108083e+00 3.687584e+00 1.268756e+00 -1.342047e+00 -1.573965e+00 3.695505e+00 -1.275213e+00 -1.337713e+00 8.782046e-01 5.641972e+00 8.891734e+00 -4.027220e-01 -5.566981e-01 -9.003239e-01 -1.271082e+00 -1.700980e+00 -8.609039e-02 2.619368e+00 1.886809e+00 9.350271e-01 9.522817e-01 7.470455e-01 -3.298042e-01 6.601059e-02 1.185442e-01 -1.160265e-01 4.788499e-02 -2.236553e-01 -3.941242e-01 -3.656540e-01 -3.179708e-01 -4.475077e-01 -2.384933e-01 -3.445485e-01 -8.908432e-01 -8.707541e-01 -1.448470e-03 
-1.350491e+01 2.228304e+00 -1.277719e+00 3.632279e+00 2.138826e+00 2.289879e+00 2.024444e+00 6.714506e+00 2.510968e+00 3.928509e+00 5.885869e+00 4.407329e+00 8.982059e+00 -3.011234e-01 -3.726872e-01 1.968812e-01 -1.230398e+00 -1.103207e+00 4.359498e-01 1.713916e+00 8.153046e-01 3.607976e-01 -1.086023e-01 -2.396963e-01 -7.762924e-01 -4.417684e-02 8.498447e-02 1.347884e-01 1.728862e-01 6.624661e-03 3.371145e-02 -3.715498e-01 -9.876820e-01 -9.888408e-01 -6.828136e-01 -5.119926e-01 -7.606384e-01 -5.099286e-01 -7.522900e-02 
-1.444467e+01 1.628580e+00 -2.190793e+00 9.030281e-01 -2.024868e+00 -3.708099e+00 5.066017e-01 1.544268e+00 9.022171e-02 -1.024707e+00 1.023727e+00 -2.258729e+00 8.813543e+00 -1.083434e-01 -2.757259e-01 -3.500229e-01 -1.107592e+00 -1.123261e+00 -8.007978e-01 -5.829648e-01 -7.411074e-01 -6.614667e-01 -4.994793e-01 -6.539277e-01 -1.523379e+00 -2.542831e-01 -1.084864e-02 1.490090e-01 1.333450e-01 3.254283e-01 3.596175e-01 -4.524549e-02 -9.911815e-01 -7.689751e-01 -4.737395e-01 -4.531217e-02 -1.454052e-01 3.623293e-01 -1.055392e-01 
-1.301027e+01 1.801415e+00 -8.650141e-01 8.007601e-02 -1.040161e+00 -7.431678e-01 -9.270212e-01 4.747920e+00 1.655398e+00 -2.393600e+00 -1.526496e-01 -2.642701e-02 7.959283e+00 -1.239080e-01 1.411358e-01 -8.644705e-02 -3.005818e-01 -6.523226e-01 -9.371838e-01 -1.315048e+00 -1.418264e+00 -1.257037e+00 -4.087739e-01 -1.116162e+00 -5.718111e-01 -3.086849e-01 -1.416146e-01 6.475221e-02 -1.261916e-02 4.576389e-01 3.607432e-01 3.504424e-02 -3.642416e-01 -3.959319e-01 -2.333021e-01 3.408310e-01 3.693307e-01 5.808292e-01 -1.699062e-02 
-1.276983e+01 2.875136e+00 -3.064589e+00 -7.431751e-02 -2.758254e+00 -3.829405e+00 -3.013266e+00 9.736162e-01 -4.154879e+00 -6.737610e-01 6.278079e-01 2.421315e-01 8.131843e+00 -5.456219e-01 -6.844425e-02 -9.198277e-02 -1.089377e-01 -1.283770e-01 3.743922e-01 -8.221799e-01 -8.411533e-01 -6.248295e-01 8.757230e-01 4.581956e-01 1.379725e+00 -3.294407e-01 -1.499339e-01 -1.784549e-02 1.581345e-01 4.554790e-01 4.355836e-01 3.349783e-01 3.634540e-01 1.285839e-01 1.437494e-01 2.937654e-01 5.476175e-01 4.881253e-01 6.804458e-02 
-1.496202e+01 2.310174e+00 -1.273165e+00 2.618064e+00 -7.560164e-01 -2.335842e+00 -2.790889e+00 -9.156673e-02 -1.652052e+00 1.709013e+00 5.028805e-01 2.976578e-01 7.779534e+00 -7.904879e-01 -1.526210e-01 4.640725e-03 5.584747e-01 2.029528e-01 2.375390e-02 1.217445e-02 -1.114205e+00 -8.239287e-01 9.078206e-01 1.050815e+00 6.764355e-01 -9.158729e-02 3.434194e-02 -3.864304e-02 9.679852e-02 2.559611e-01 2.923665e-01 1.824922e-01 5.051825e-01 3.383359e-01 1.605775e-01 3.427515e-04 4.329123e-01 -2.149964e-02 1.124677e-01 
-1.619691e+01 1.032104e+00 -2.446385e+00 -9.105198e-01 -2.808714e+00 -1.040120e+00 -2.671972e+00 -2.418415e-01 -1.380340e+00 1.302851e+00 2.987066e+00 4.477735e+00 7.256238e+00 -5.246648e-01 -2.181237e-01 3.950349e-01 7.402608e-01 6.270142e-01 3.937389e-01 5.707806e-01 -2.502713e-01 -1.591547e-01 3.110436e-01 1.000681e+00 2.931434e-01 -2.254718e-02 1.993542e-01 3.571859e-02 6.413404e-02 1.323206e-01 1.349511e-01 -8.758786e-02 3.175234e-01 2.730040e-01 1.295256e-03 -3.033822e-01 3.642316e-02 -3.843955e-01 1.051135e-01 
-1.524924e+01 1.959630e+00 -1.150492e+00 3.290655e+00 -5.846314e-04 -2.018991e+00 -1.036790e+00 -2.155680e-01 -3.851224e+00 1.157526e+00 3.921717e+00 1.237613e+00 7.939062e+00 3.725261e-02 2.262753e-02 1.541052e-01 5.546318e-01 4.319715e-01 -3.444599e-02 5.144497e-01 -2.218113e-02 -6.868784e-01 -1.248888e-01 7.771630e-01 -1.360026e-01 1.002393e-01 2.217678e-01 5.912325e-02 5.792737e-03 -1.932974e-02 2.630367e-02 -5.446433e-02 9.482095e-02 2.412292e-01 -2.535272e-02 -2.501181e-01 -7.707374e-02 -2.053958e-01 5.062665e-02 
