-1.739325e+01 1.032249e+00 -3.374453e+00 7.657089e-01 3.797832e-01 1.204824e+00 -1.416124e+00 -3.384785e+00 7.154897e-02 5.709502e-01 1.159160e+00 1.900506e+00 7.033506e+00 1.691628e-01 2.008951e-01 4.178227e-01 -3.549969e-02 -2.546614e-01 1.566301e-01 1.018684e+00 8.238225e-01 7.566879e-01 2.689573e-01 1.837315e+00 4.869527e-01 1.308670e-01 -7.651141e-02 -1.543701e-01 -1.639656e-01 -6.794079e-02 -2.535452e-01 -2.356614e-01 -3.777188e-01 5.070825e-02 -1.312833e-01 7.717458e-02 -7.234014e-01 -1.629388e-01 -3.756412e-03 
-1.659632e+01 2.450629e+00 -3.910860e-02 2.579754e+00 -2.641397e-01 -1.287642e-01 2.132916e+00 -2.097730e+00 8.255882e-01 2.196793e+00 7.164366e+00 -1.497946e-02 7.407849e+00 -9.981743e-02 -4.286686e-01 6.642782e-02 -2.482926e-01 -8.191868e-01 -8.451790e-01 1.240412e-01 1.151461e+00 3.436824e-01 4.643159e-01 8.501616e-01 3.543310e-01 1.263547e-01 -3.498348e-02 -8.137710e-02 -1.901011e-01 -4.521275e-02 -2.749182e-02 -1.091080e-01 -5.189926e-01 -1.451232e-01 -3.092332e-01 5.532054e-02 -1.186896e+00 -1.447368e-01 -3.381975e-03 
-1.694549e+01 1.327796e+00 -2.953255e+00 -3.188816e-01 -5.715855e-01 2.655057e+00 1.903217e+00 9.097236e-02 3.477581e+00 1.103096e+00 7.342901e+00 5.292618e+00 7.500535e+00 -7.883760e-02 -2.561468e-01 -2.263811e-01 -2.687482e-01 -1.240100e+00 -5.208265e-01 -4.224400e-01 9.136890e-01 3.068671e-01 5.572535e-01 -1.285991e+00 -2.614490e-01 1.142871e-01 6.057438e-02 7.571106e-02 8.140125e-02 8.903495e-02 2.709205e-01 1.787512e-02 -2.354164e-01 -1.033173e-01 -2.185745e-01 4.736918e-02 -9.078382e-01 -7.761040e-02 5.364852e-03 
-1.811610e+01 -1.258759e+00 -3.252503e+00 6.666742e-02 -3.240082e+00 -3.746078e+00 -2.455215e+00 6.351544e-01 8.630099e-02 2.626839e+00 2.317433e+00 1.975965e+00 7.431920e+00 1.184355e-01 2.249720e-02 -2.106452e-01 -1.449164e-01 1.007411e-01 -5.014946e-02 -8.555956e-01 5.314945e-02 -5.645147e-01 4.013696e-01 -2.535505e+00 1.373321e-01 1.222097e-01 1.414497e-01 2.544504e-01 3.240886e-01 1.522167e-01 5.738955e-01 2.947643e-01 2.412653e-01 -1.635244e-02 5.543308e-02 -4.570564e-02 9.572721e-02 1.488432e-01 1.719703e-02 
-1.702774e+01 1.606031e+00 -2.899315e+00 6.786796e-01 -4.332800e+00 4.093191e-01 -1.234151e+00 -1.826709e-01 1.975403e+00 3.142241e+00 -2.847253e+00 -4.018098e-01 7.592771e+00 3.629915e-01 3.537909e-01 9.633746e-01 3.579612e-01 6.399797e-01 -1.515497e-01 3.314900e-01 8.565012e-01 1.179943e-01 5.372198e-01 -1.009103e+00 2.072562e-01 1.597243e-01 5.776385e-02 2.117896e-02 1.271275e-01 2.744511e-03 4.584882e-01 -2.171458e-02 4.699688e-01 1.817669e-02 1.304831e-01 -3.851237e-03 1.080737e+00 2.231824e-01 -5.134337e-03 
-1.596335e+01 2.423836e+00 -1.118839e+00 1.356198e+00 2.120231e+00 7.431631e-01 -5.763113e-01 -1.695027e+00 -1.246018e+00 3.183898e+00 -4.179693e-01 3.519315e+00 7.972737e+00 3.864764e-01 5.385350e-01 1.092046e+00 1.993962e-01 1.110186e+00 4.440165e-01 9.534168e-01 1.098358e+00 7.152058e-01 2.459600e-01 1.190407e+00 8.641561e-01 1.895786e-01 -7.050270e-02 -1.559440e-01 -2.068806e-01 -6.369967e-02 -5.794306e-02 -1.861862e-01 2.449772e-01 -1.972736e-01 1.915281e-01 1.078580e-01 1.084213e+00 1.493074e-02 -4.575317e-02 
-1.620738e+01 1.255661e+00 7.971900e-01 8.260679e-01 -5.187833e-02 -3.473047e-01 2.621342e+00 5.538558e+00 4.734032e+00 3.510618e+00 3.665475e+00 5.557521e+00 8.028753e+00 7.600611e-02 -4.083374e-01 -2.419960e-01 -4.273132e-01 5.476882e-01 -8.764976e-01 1.022881e+00 4.818874e-01 3.191821e-01 6.155766e-01 2.254852e+00 4.911257e-01 5.489334e-02 -7.951576e-02 -1.851667e-01 -5.119858e-01 -5.396685e-02 -1.593150e-01 -2.564435e-03 -4.431457e-01 -6.373059e-01 -4.190749e-02 5.141803e-02 3.060178e-02 -2.213214e-01 -7.516887e-02 
-1.659414e+01 1.608917e+00 3.591065e-01 9.903006e-01 1.703774e-01 -1.147726e+00 3.843524e-01 3.266476e+00 2.283510e+00 3.672345e+00 5.013115e+00 3.316765e+00 8.161933e+00 -9.058005e-02 -3.761364e-01 -6.422932e-01 -7.091941e-02 -1.428445e-01 -6.183761e-01 2.362216e-02 -7.459473e-01 2.923484e-01 9.013834e-01 1.253526e+00 7.005434e-02 -5.413510e-02 -9.434371e-02 -1.409285e-01 -3.331659e-01 9.224298e-02 -1.983461e-01 1.346862e-01 -6.049465e-01 -5.240161e-01 -3.372895e-02 3.434456e-02 -8.421505e-01 -3.700336e-01 -7.985681e-02 
-1.633267e+01 -2.834157e-02 -4.848646e+00 -1.274800e+00 -6.191778e-01 -3.027889e+00 3.400033e+00 -2.536319e-01 1.806809e+00 5.975725e+00 5.711610e+00 2.155083e+00 7.772743e+00 2.039205e-01 -1.147682e-01 -7.294459e-01 2.234212e-01 4.698006e-01 3.667469e-01 -1.419286e+00 -1.407861e+00 1.198091e-01 4.665682e-01 -8.877478e-01 -5.022648e-01 -9.422062e-02 -6.081123e-02 8.545197e-02 2.390053e-01 2.329067e-01 -1.187464e-01 3.223195e-01 -3.661360e-01 -8.076861e-03 -1.133154e-02 -3.752236e-01 -8.731797e-01 -3.205650e-01 -3.838426e-02 
-1.635337e+01 1.185175e+00 -1.507673e+00 2.051964e+00 1.689522e+00 -1.008736e+00 -8.475969e-01 -2.529262e+00 1.679520e+00 6.458455e+00 4.826556e+00 5.570627e+00 7.830109e+00 -1.492923e-01 -3.129098e-01 -3.301170e-01 3.354464e-01 1.572897e-01 4.958718e-01 -8.501393e-01 -5.767668e-01 6.463716e-01 4.922920e-01 -1.449028e+00 -4.893385e-01 -1.350932e-01 -1.177242e-02 8.341020e-02 2.767371e-01 -9.271990e-03 -2.352447e-01 9.796190e-02 1.051791e-01 3.803757e-01 -1.520237e-01 -5.024454e-01 -3.880106e-01 -2.322086e-01 2.803709e-03 
-1.530804e+01 8.937498e-01 -1.916676e+00 1.411878e+00 1.537702e+00 1.417108e+00 -3.859091e+00 1.397098e+00 5.635170e+00 4.450348e+00 -6.799548e-01 1.919172e+00 7.723475e+00 -1.987671e-01 -1.275931e-02 7.970581e-01 5.339615e-01 -1.960856e-01 1.780653e-01 -3.709188e-01 3.567892e-01 8.545680e-02 -1.055878e+00 -7.597240e-01 -8.319361e-01 -9.658168e-02 -7.459714e-03 1.377296e-01 2.609240e-01 -2.525774e-02 -2.778467e-01 -6.636642e-02 5.596345e-01 3.186656e-01 -3.756771e-01 -4.712253e-01 4.044851e-01 1.908610e-01 3.654789e-02 
-1.785300e+01 -4.166340e-01 -2.757665e+00 1.324381e+00 -1.218389e-01 -8.907509e-01 -2.369252e-01 -4.430090e-01 3.601076e+00 6.896668e+00 9.637738e-01 9.882374e-01 7.510883e+00 5.205152e-02 -1.005631e-02 -2.181430e-02 -2.727294e-01 -9.861651e-01 -3.423347e-02 2.530105e-02 2.733904e-01 -4.506984e-01 -8.494946e-01 -7.505538e-01 -9.260843e-01 -3.897186e-02 9.623897e-02 3.009856e-01 1.449173e-01 -1.889607e-02 -1.906069e-02 -9.325304e-02 5.527475e-01 1.739858e-01 -5.616452e-01 -5.424949e-01 4.573931e-01 3.176288e-01 4.938356e-02 
-1.657616e+01 7.090842e-01 -2.384507e-01 1.758591e+00 -6.943735e-01 -2.196631e+00 1.239795e+00 4.870233e-01 1.273207e+00 4.774264e-01 3.844411e+00 2.864622e-01 7.449467e+00 6.598589e-02 4.224236e-01 4.210910e-01 4.012062e-01 -3.475930e-01 3.001307e-01 9.411398e-01 -2.395974e-01 -1.209949e+00 -1.218637e+00 7.853756e-01 6.703635e-01 4.041218e-02 4.521341e-02 1.755448e-01 -8.920468e-02 3.466164e-02 3.116874e-01 -5.051144e-02 3.304838e-01 4.913875e-02 -2.613380e-01 -2.843704e-02 2.286362e-01 3.566526e-01 4.128077e-02 
-1.545893e+01 1.227632e+00 -2.455603e+00 5.153828e-01 -2.125472e+00 6.274127e-01 -3.270189e+00 -7.073387e-01 1.607024e+00 4.197140e+00 -1.187878e+00 1.756735e+00 7.772293e+00 1.995366e-01 9.743055e-01 5.823235e-01 3.074401e-01 1.376577e-01 -3.140966e-02 1.257612e+00 5.914972e-01 -1.514194e+00 -2.138885e+00 6.534539e-02 3.477151e-01 4.329792e-02 5.720680e-03 2.858035e-02 5.579279e-02 2.031645e-01 4.649356e-01 -2.524852e-02 1.180141e-01 -2.156034e-02 1.761867e-01 3.138129e-01 2.792950e-01 7.494640e-02 2.249905e-02 
-1.617524e+01 2.183936e+00 3.781398e-02 3.822495e+00 8.019264e-01 2.158537e+00 2.363174e+00 3.309092e-01 5.828120e-01 -2.936341e-01 4.323046e+00 4.887121e+00 7.794789e+00 -4.642845e-02 3.729469e-01 4.887623e-02 4.169941e-01 8.005564e-01 -7.594877e-02 6.652759e-01 4.434218e-01 -6.893497e-01 -5.534931e-01 -2.444997e-02 3.144325e-01 6.869241e-02 8.383390e-02 -2.155380e-01 -1.204795e-01 -7.832609e-02 1.545709e-01 1.615729e-01 -4.845127e-01 -1.170861e-01 5.572101e-01 8.362612e-01 -8.472237e-02 -3.840169e-01 2.170525e-02 
-1.705606e+01 3.717320e+00 1.623813e-02 1.829712e+00 -1.813292e-01 -3.225425e+00 5.489378e+00 2.592347e+00 -3.624465e+00 -3.412590e+00 1.051236e+00 4.262612e-01 7.554751e+00 1.367537e-01 1.576472e-01 4.432423e-01 7.352224e-01 7.646000e-01 2.750518e-02 7.534181e-01 -1.761122e-01 1.699764e-01 3.869074e-01 1.050832e+00 -3.733073e-01 5.935311e-02 1.421281e-01 -2.898071e-01 -1.754301e-01 -1.547750e-01 -1.621915e-01 3.473914e-01 -7.646006e-01 -3.709893e-01 5.068025e-01 8.302122e-01 3.816737e-02 -1.745064e-01 1.902428e-02 
-1.601019e+01 1.328621e+00 -1.230002e+00 3.186620e+00 2.336300e+00 -6.503117e-01 1.861911e-01 1.054711e+00 4.420355e-01 1.515173e+00 2.602287e+00 2.523644e+00 7.901648e+00 5.165827e-01 -2.469801e-01 -1.116300e-01 -2.042239e-01 1.119441e-01 1.078474e+00 -1.229255e+00 -4.412863e-01 7.340024e-01 1.699651e+00 -1.309182e-01 -8.891375e-01 1.408883e-01 3.182220e-01 -3.078001e-01 -2.383311e-01 -5.202723e-01 -5.953034e-01 -7.626569e-03 -5.205131e-01 -3.231907e-01 -4.511475e-02 -1.233919e-02 -2.106792e-01 -1.170765e-01 1.872509e-01 
-1.485810e+01 2.443210e+00 3.942845e-01 4.509371e+00 9.299495e-01 2.169263e+00 1.585042e+00 -1.949599e+00 2.527129e+00 5.227535e+00 4.926455e+00 1.071640e+00 8.015705e+00 6.286839e-01 -1.647149e-01 -2.145187e-01 -1.558993e-01 -3.289213e-01 1.128276e+00 -1.618025e+00 -8.210062e-01 3.080338e-01 8.857358e-01 3.094840e-01 7.697551e-02 1.022719e-01 3.320808e-01 -4.126957e-01 -4.930980e-01 -7.160706e-01 -7.402196e-01 -5.343273e-01 -2.781250e-01 -1.851456e-01 -4.887333e-01 -6.141059e-01 -5.044593e-01 6.439943e-02 3.712039e-01 
-1.469087e+01 1.585834e+00 -7.093670e-01 1.461007e+00 8.052578e-01 4.853422e+00 -1.831147e+00 3.956611e-01 1.177108e+00 3.884713e+00 1.731275e+00 1.184651e-01 8.269016e+00 1.298630e+00 -1.004995e+00 -8.139356e-01 -1.738804e+00 -1.629325e+00 -6.644554e-01 -7.516089e-01 -8.499405e-01 -9.840018e-01 -8.646681e-01 -7.070853e-01 -4.961579e-01 9.835239e-01 -1.070635e-02 1.845661e-02 -6.202179e-01 -1.376474e-01 -6.544205e-01 -7.980357e-01 1.340690e-01 9.687087e-03 -6.535334e-01 -5.994715e-01 -3.271280e-01 1.594582e-01 4.408341e-01 
-1.457266e+01 2.765138e+00 -1.316774e+00 1.912998e+00 -1.060358e+00 -3.361318e-01 -1.592237e+00 -1.183221e+00 -2.451890e+00 -1.686635e-01 3.033981e+00 2.014092e+00 7.882751e+00 1.406034e+00 -1.526909e+00 -1.671179e+00 -2.077762e+00 -2.065923e+00 -1.772671e+00 -8.760573e-01 -8.972566e-01 -1.414637e+00 -1.401430e+00 -1.183334e+00 -2.478103e-01 1.494037e+00 -6.789329e-01 6.770529e-01 -3.774426e-01 5.141798e-01 -1.387331e-01 -2.290233e-01 -1.590329e-01 8.184105e-01 -8.158746e-01 1.310292e-01 -3.090319e-01 -4.559525e-02 3.218533e-01 
-9.659782e+00 -3.857267e+00 -4.444334e+00 -4.208996e+00 -4.815385e+00 -2.719966e+00 -1.983257e+00 -3.578597e+00 -1.988255e+00 -1.102622e-01 1.292273e-02 -4.284192e-01 1.288576e+01 7.428388e-02 5.263128e-01 -2.484484e+00 6.856290e-02 -2.291690e+00 -1.461282e+00 -9.299918e-01 -3.548239e-01 -1.672344e+00 -1.541222e-01 -1.020178e+00 7.046147e-02 1.649185e+00 -1.436854e+00 1.277714e+00 1.866902e-01 1.030944e+00 9.129260e-01 3.497314e-01 -2.513818e-01 1.337061e+00 -6.433771e-01 8.807009e-01 8.550343e-02 1.948756e-01 -1.178696e-01 
-1.034341e+01 -2.469802e+00 -6.093948e+00 -3.044395e+00 -6.589148e+00 -2.907223e+00 -2.719244e+00 -4.449200e+00 -2.963153e+00 2.176836e-01 -1.311091e-01 1.065504e-01 1.317754e+01 -2.153962e+00 2.454962e+00 -1.266525e+00 1.511436e+00 -6.914724e-01 3.815077e-01 -2.324002e+00 3.023338e+00 -3.427293e+00 1.185768e+00 -1.079010e+00 -4.342746e-01 1.378765e+00 -1.459920e+00 9.876987e-01 5.764835e-01 5.483263e-01 1.443641e+00 2.829686e-01 2.244055e-01 1.013600e+00 -3.087521e-01 7.274787e-01 1.494020e-01 1.513609e-01 -3.590513e-01 
-1.643399e+01 6.835200e+00 -1.074354e+01 4.282440e+00 -7.888416e+00 -1.166943e+00 -5.917735e+00 2.546261e-01 -6.928919e+00 2.920888e+00 -1.787275e+00 1.424712e+00 1.386751e+01 -4.105557e+00 3.392667e+00 -8.282121e-02 1.621265e+00 2.248093e+00 7.225127e-03 -1.284554e+00 3.874857e+00 -3.194475e+00 2.245304e+00 -3.315882e-01 5.715334e-01 4.518135e-01 -5.555121e-01 -2.705805e-01 6.082854e-01 -5.090714e-01 1.193236e+00 -1.851355e-01 9.058202e-01 -8.255703e-02 7.592145e-01 1.010023e-02 3.341967e-01 7.236069e-02 -4.741231e-01 
-2.195478e+01 9.693396e+00 -4.499681e+00 5.224321e+00 -2.981180e+00 7.950050e-01 -1.124465e+01 1.201730e+01 -1.711793e+01 4.244514e+00 -1.461097e+00 -1.084124e+00 1.428549e+01 -3.803698e+00 1.978411e+00 1.026274e-02 -1.123797e-01 2.882397e+00 -1.092134e+00 4.230949e-01 2.055742e+00 -2.197351e+00 1.036167e+00 -7.805650e-01 2.585543e-01 2.974527e-01 5.817814e-01 -1.149687e+00 3.721238e-02 -8.167700e-01 1.311622e-01 -3.508488e-01 1.553068e+00 -1.606333e+00 1.891273e+00 -7.080100e-01 4.072967e-01 -2.494360e-02 -4.092258e-01 
-2.438153e+01 7.024400e+00 -5.655396e+00 -2.374671e-01 4.621203e+00 -4.535327e+00 -4.143215e+00 7.563164e+00 -1.088330e+01 9.102849e+00 -9.804559e-01 3.024061e+00 1.459077e+01 -1.878250e+00 -5.883806e-01 -8.148970e-02 -1.664944e+00 1.887569e+00 -1.650220e+00 2.225602e+00 -2.838498e-01 1.508679e+00 -2.882240e-02 5.014603e-01 8.572874e-02 -1.807928e-01 1.146067e+00 -1.162151e+00 -1.789441e-01 -1.909332e-01 -1.015669e+00 9.757985e-02 1.079070e+00 -1.793603e+00 1.819109e+00 -1.013576e+00 1.881501e-01 -4.328732e-01 -2.060717e-01 
-2.538764e+01 7.327779e+00 -8.586427e+00 -1.346388e+00 1.567685e+00 -6.683638e+00 -1.490923e+00 2.175008e+00 -1.197243e+01 2.307470e+00 -4.437221e+00 5.994214e-01 1.430304e+01 -3.586209e-01 -1.302913e+00 -1.081083e+00 -9.293671e-01 1.444862e-01 -5.439303e-01 3.686348e+00 -2.929124e+00 3.677541e+00 -1.217333e+00 5.409988e-01 -3.161059e-01 -3.510513e-01 9.087230e-01 -6.217213e-01 -1.475127e-02 6.281463e-01 -1.075927e+00 4.346415e-01 3.031610e-02 -9.108279e-01 1.111853e+00 -4.736644e-01 2.266937e-01 -2.737500e-01 -5.411058e-02 
-2.410863e+01 5.076343e+00 -9.107531e+00 -7.568353e-01 -7.253085e-01 -5.678530e+00 3.332770e-01 3.756551e+00 -1.958330e+00 3.745449e+00 2.208305e+00 1.011670e+00 1.295482e+01 -9.762551e-02 -7.774730e-01 -4.319163e-01 1.075005e+00 -1.461280e+00 2.209358e-01 2.479220e+00 -2.600805e+00 2.963661e+00 -1.695891e+00 -5.172203e-02 -1.305527e+00 -2.543004e-01 2.969977e-01 5.542104e-02 1.768510e-01 9.096369e-01 -6.927573e-01 3.704575e-01 -9.569907e-01 6.690759e-03 -2.923951e-01 -1.186337e-01 -7.695230e-02 -1.111566e-01 1.705211e-01 
-2.388420e+01 4.153015e+00 -8.178831e+00 8.368296e-01 4.145256e-01 -1.352859e+00 4.948761e+00 -7.250789e-01 -3.192442e+00 8.364106e-01 -3.505672e-01 -1.658015e+00 1.334829e+01 -1.502317e-01 -1.035668e+00 1.118199e-01 1.658469e+00 -8.229212e-01 1.454632e-01 4.479636e-01 -1.339951e+00 2.634527e+00 -4.986078e-01 6.293651e-01 -4.146307e-01 6.365549e-02 -1.398936e-01 1.946438e-01 2.849073e-01 5.326124e-01 -1.944777e-01 1.160614e-01 -1.354963e+00 7.258810e-01 -7.195497e-01 4.733767e-01 6.729268e-03 2.847630e-01 2.369761e-01 
-2.562187e+01 4.724324e+00 -8.018419e+00 4.046151e+00 -2.108815e+00 -6.095947e+00 5.033049e+00 -3.991058e+00 -4.548876e-01 1.359164e+00 -3.282157e+00 -2.374485e+00 1.379664e+01 -4.973384e-01 -4.448866e-01 2.062353e-01 1.589414e+00 -1.092434e+00 -1.425649e-01 -9.401702e-01 -1.044992e+00 5.682039e-01 -9.814328e-01 7.261001e-02 -4.207376e-01 4.645108e-01 -1.692103e-01 4.772189e-02 2.117964e-02 -1.731531e-01 1.091916e-01 1.586597e-01 -8.344997e-01 7.113987e-01 -5.803542e-01 6.655264e-01 3.244206e-02 4.979819e-01 1.822035e-01 
-2.538274e+01 2.325320e+00 -8.572356e+00 4.544931e+00 -1.855148e+00 -5.747802e+00 -1.600889e+00 -6.505699e-01 4.487793e-01 1.007530e+00 1.454846e+00 2.197399e-01 1.420023e+01 -8.582228e-01 -4.958910e-01 2.442505e-02 1.476428e+00 -1.012412e+00 2.181120e-01 -1.378782e+00 -7.756541e-02 1.277417e+00 7.923240e-01 5.125358e-01 6.654780e-01 4.744272e-01 -5.102285e-02 1.678456e-01 -5.797378e-02 -3.760743e-01 1.337411e-01 3.148218e-01 1.001274e-02 3.865824e-01 -6.048898e-01 3.163495e-01 -3.549367e-01 2.938130e-01 7.641785e-02 
-2.584630e+01 3.765959e+00 -7.879584e+00 5.336149e+00 -5.052394e+00 -4.194332e+00 -1.092647e+00 -1.505650e+00 -9.379110e-01 -1.247250e+00 1.668286e+00 -2.031342e+00 1.485128e+01 -5.897123e-01 -8.088514e-01 -2.823041e-01 3.003012e-01 -8.205739e-01 9.778440e-01 -7.799403e-01 3.251317e-01 7.404839e-01 9.862601e-01 1.689554e-01 6.443074e-01 4.512888e-01 1.570045e-01 1.592107e-01 -4.980367e-02 -4.411592e-01 3.980817e-01 4.059402e-01 4.369647e-01 2.832091e-01 -3.168772e-01 -3.872990e-02 -3.232941e-01 1.764695e-01 -1.190414e-02 
-2.806333e+01 2.152609e+00 -8.126299e+00 7.573643e+00 -3.175357e+00 -1.212975e+00 1.117549e+00 -2.355407e+00 3.436275e+00 6.101104e+00 -2.635061e-01 1.497392e+00 1.519300e+01 -3.592472e-01 -1.452214e-02 6.630678e-02 4.227601e-01 -2.900842e-01 1.159466e+00 4.177434e-01 -9.220275e-02 -4.759765e-01 9.932243e-02 -1.193338e+00 5.219656e-01 4.522857e-01 5.291567e-01 4.907845e-01 1.220761e-01 -3.835235e-01 5.302024e-01 7.408391e-02 3.596419e-01 1.258305e-01 -4.161421e-01 -6.991318e-01 9.336330e-03 -1.858359e-01 -3.592796e-02 
-2.722990e+01 7.663800e-01 -9.653494e+00 4.033050e+00 -5.551637e+00 -3.474355e+00 -2.257612e-01 -1.513189e+00 1.754123e+00 3.743815e+00 -1.578248e+00 2.086195e-01 1.555677e+01 3.811716e-02 1.106385e-01 -6.357498e-02 -8.931570e-02 5.368053e-01 1.416432e+00 3.462853e-01 3.784048e-01 -1.393239e-01 -8.285125e-01 -6.907697e-01 5.332634e-01 4.160828e-01 8.222752e-01 4.929539e-01 3.060792e-01 -3.472565e-01 3.467510e-01 -3.162257e-01 4.637096e-02 -8.519665e-02 -2.049970e-01 -4.440053e-01 6.332932e-01 -1.216015e-01 -7.268261e-02 
-2.648744e+01 3.752357e+00 -7.354259e+00 7.310216e+00 -3.056376e+00 -3.106578e-01 5.445566e-02 -1.107825e+00 -3.276739e+00 -9.915909e-01 -2.888577e+00 1.709473e+00 1.610906e+01 1.473670e+00 1.498335e+00 5.253111e-01 -2.465079e-01 9.598526e-01 3.693140e-01 -1.437430e-01 5.251186e-01 -3.633269e-01 -1.795941e+00 9.890229e-01 -2.082171e-01 3.124061e-01 1.257519e+00 4.801964e-02 4.476945e-01 -7.437466e-01 -2.598933e-01 -9.416380e-01 -3.366202e-01 -2.549886e-01 -1.394619e-01 1.012238e-01 5.717460e-01 -2.910334e-01 -2.498306e-03 
-2.644441e+01 3.519052e+00 -8.584082e+00 5.021253e+00 -2.428159e+00 2.436517e+00 1.170299e+00 -2.376657e-01 1.721668e+00 -1.843515e+00 -4.733353e-01 5.291247e-01 1.647351e+01 2.605329e+00 8.995617e-01 1.018450e+00 -1.101386e+00 2.882050e-01 -2.081542e-01 -2.673518e-01 -4.094586e-01 -3.409007e-01 -2.861789e-01 2.244252e+00 4.014559e-01 1.578880e-01 1.540461e+00 -7.057738e-01 5.362040e-01 -9.327483e-01 -9.394917e-01 -1.365998e+00 -6.159031e-01 -1.601762e-01 -5.576361e-01 4.279613e-01 -4.069245e-01 -6.772226e-01 1.405213e-01 
-2.108758e+01 8.268007e+00 -6.033911e+00 5.847563e+00 6.186712e-02 -2.322213e+00 -2.991646e-01 -3.676130e-01 1.635685e+00 -8.494136e-02 4.128864e+00 2.959940e-01 1.629668e+01 4.644757e+00 -1.689457e-01 1.763727e+00 -2.790001e+00 -1.465334e+00 -2.736358e+00 -9.584281e-01 -9.733367e-01 -1.072410e+00 3.342744e-01 1.978948e-01 -8.672544e-01 5.689220e-01 1.146891e+00 -1.509888e+00 5.175166e-02 -9.151857e-01 -1.076622e+00 -1.019337e+00 -5.826307e-01 3.866538e-01 -5.349714e-01 3.546917e-01 -1.620026e+00 -8.397140e-01 2.751985e-01 
-1.690300e+01 3.006687e+00 -5.221533e+00 -7.427983e-01 -5.669666e+00 -3.509214e+00 -1.385982e+00 -3.930298e+00 -2.406791e+00 1.859454e+00 6.134077e+00 2.922389e+00 1.625237e+01 6.154835e+00 -2.584722e+00 1.998313e+00 -3.481234e+00 -2.948187e+00 -3.860618e+00 -2.325891e+00 3.266635e-01 -2.573023e+00 2.461970e-01 -2.329833e+00 -2.523346e+00 9.903972e-01 2.808614e-01 -1.380321e+00 -6.546553e-01 -3.753675e-01 -3.149436e-01 -2.719081e-01 -2.220001e-01 1.100493e+00 -1.142848e-01 -2.664900e-01 -1.905730e+00 -7.875915e-01 2.719933e-01 
-8.034322e+00 3.163735e+00 -2.164058e-01 -3.757941e+00 -8.762209e+00 -1.101959e+01 -3.459698e+00 -4.128101e+00 -6.574871e+00 -1.171287e+00 -5.202315e+00 -3.823312e+00 1.906421e+01 5.433379e+00 -4.309000e+00 2.942353e-01 -3.632523e+00 -2.805002e+00 -2.901166e+00 -2.027676e+00 2.090293e+00 -1.922144e+00 -2.886683e-01 -4.824214e+00 -2.944520e+00 1.272098e+00 -9.316863e-01 -9.022510e-01 -1.425413e+00 3.155541e-01 7.344341e-01 8.260495e-01 4.892436e-01 9.916981e-01 4.292936e-01 -5.284947e-01 -9.118766e-01 1.974614e-01 2.494037e-02 
-2.196499e+00 -6.852725e+00 -1.501107e+00 -7.582082e+00 -1.275710e+01 -1.251764e+01 -8.878991e+00 3.275790e+00 -7.037663e+00 -6.901374e-02 -7.456675e+00 -1.002769e+01 2.004168e+01 3.615336e+00 -3.931873e+00 -1.520115e+00 -2.557027e+00 -6.167856e-01 -1.485284e+00 -8.428990e-01 3.561176e+00 -4.875137e-01 -1.307307e+00 -4.773362e+00 -2.497901e+00 1.166270e+00 -1.635141e+00 4.946589e-02 -1.359481e+00 7.097606e-01 1.470025e+00 1.235891e+00 1.225173e+00 -7.906131e-02 7.304560e-01 -5.308362e-01 2.319590e-01 1.098717e+00 -1.848487e-01 
-1.273734e+00 -8.347362e+00 -6.423214e+00 -8.895475e+00 -1.041937e+01 -1.232368e+01 -6.690844e+00 6.480122e+00 -5.659402e+00 -5.635870e-01 -1.319669e+01 -7.951752e+00 2.076225e+01 1.256044e+00 -4.006617e+00 -3.604154e+00 -1.674279e+00 1.041048e+00 2.060467e-01 7.462828e-01 2.367892e+00 3.114127e-02 -1.531472e+00 -3.139539e+00 1.074083e-01 6.056496e-01 -1.462391e+00 5.801542e-01 -5.965421e-01 8.288382e-01 1.262123e+00 8.696985e-01 1.215603e+00 -1.097956e+00 3.153821e-01 -2.533678e-01 1.119996e+00 1.165401e+00 -2.817977e-01 
-2.206849e+00 -1.089723e+01 -9.718690e+00 -1.095891e+01 -7.924586e+00 -1.028352e+01 -3.984686e+00 8.570809e+00 -5.301981e+00 -4.980849e+00 -1.373550e+01 -7.502965e+00 2.123468e+01 6.770811e-02 -2.488707e+00 -2.849920e+00 -9.115199e-01 2.478875e+00 7.650318e-01 2.413114e+00 -2.075995e-01 1.026978e-01 -1.786457e+00 -2.012334e+00 1.444312e+00 3.993980e-01 -8.017238e-01 7.503011e-01 2.710268e-01 8.259020e-01 4.198042e-01 4.749953e-01 7.587326e-01 -1.333453e+00 -7.675979e-02 3.712773e-01 1.269007e+00 7.248439e-01 -2.425119e-01 
-1.748735e+00 -1.484652e+01 -1.412861e+01 -1.044095e+01 -5.973304e+00 -1.110629e+01 -2.175278e+00 5.064007e+00 -7.287182e+00 -6.372678e+00 -1.776077e+01 -4.548519e+00 2.149586e+01 -1.048275e-01 -2.129795e+00 -2.023664e+00 -3.111694e-01 1.957775e+00 3.222077e-01 2.422348e+00 -1.515429e+00 -6.403490e-01 -1.315961e+00 -6.046662e-01 9.113829e-01 2.465588e-01 -1.810339e-01 9.577528e-01 9.468179e-01 6.579429e-01 -2.135717e-01 2.091856e-01 5.996616e-02 -4.589530e-01 -1.126277e-01 7.684550e-01 1.060033e+00 -4.266931e-02 -1.376997e-01 
-1.620180e+00 -1.604643e+01 -1.189785e+01 -1.136692e+01 -2.585689e+00 -9.301208e+00 9.288773e-01 2.946265e+00 -5.710823e+00 -6.097008e+00 -1.523600e+01 -4.507215e+00 2.167178e+01 2.870570e-01 -1.118756e+00 -9.551957e-01 8.909044e-01 1.023763e+00 8.317763e-01 2.112801e+00 -1.164473e+00 -5.356069e-01 4.414371e-01 3.042439e-01 7.243079e-01 1.332280e-01 9.149016e-02 7.571070e-01 8.176335e-01 3.295281e-01 -6.576442e-01 4.557359e-02 -6.760082e-01 4.268188e-01 -3.613440e-02 8.521151e-01 6.257787e-01 -4.026612e-01 -1.045846e-01 
-2.090822e+00 -1.642195e+01 -1.545177e+01 -1.024724e+01 -3.299572e+00 -1.120416e+01 2.964078e+00 1.715535e+00 -8.656171e+00 -6.585455e+00 -1.546990e+01 -4.892854e+00 2.177639e+01 2.413397e-01 9.712348e-02 1.826314e-01 7.142177e-01 7.006894e-01 1.218894e+00 1.196332e+00 5.516701e-01 -2.126953e-01 1.196792e+00 1.002242e+00 2.539741e-01 5.022369e-02 1.436787e-01 5.967010e-01 6.714500e-01 3.406354e-02 -6.127112e-01 -8.140955e-02 -9.104807e-01 5.919023e-01 3.484170e-01 6.396235e-01 2.593076e-01 -4.867308e-01 -9.104496e-02 
-6.004534e-01 -1.570307e+01 -1.383311e+01 -6.600897e+00 -4.142431e+00 -6.075836e+00 4.009867e+00 4.422697e+00 -7.295612e+00 -2.667259e+00 -1.335997e+01 -3.709328e+00 2.176042e+01 3.523450e-01 1.832669e-01 1.351816e-01 2.234212e-01 -1.807214e-01 5.447749e-01 -3.539200e-01 8.929244e-01 -2.919000e-01 1.217774e+00 3.131758e-01 -2.402784e-01 -2.538265e-02 8.877654e-02 3.494349e-01 3.950720e-01 -1.953918e-01 -5.635627e-01 -5.177559e-01 -9.445134e-01 2.730835e-02 5.211283e-01 1.144923e-01 8.023819e-02 -6.575916e-01 -1.046145e-01 
-1.052576e+00 -1.453242e+01 -1.224822e+01 -9.252950e+00 -1.691431e+00 -6.624645e+00 2.265489e+00 7.084177e+00 -7.558198e+00 -2.103666e+00 -1.368776e+01 -3.677952e+00 2.170260e+01 5.809312e-01 2.026580e-01 7.883428e-01 1.928065e-01 -5.034751e-01 5.843868e-02 -8.966237e-01 4.153385e-01 9.797834e-01 1.493979e+00 6.874819e-01 -1.039978e+00 -1.293742e-01 5.369344e-02 2.813336e-01 4.351757e-01 2.689562e-01 -2.595462e-01 -6.042898e-01 -6.828058e-01 -7.033678e-01 3.555264e-01 -8.365753e-02 1.986295e-01 -4.528103e-01 -1.663815e-01 
-3.782054e-01 -1.607446e+01 -1.282374e+01 -1.074695e+01 -4.293774e+00 -8.867255e+00 -4.917439e-01 4.726055e+00 -7.719206e+00 -2.249057e+00 -1.456118e+01 -6.316659e+00 2.158202e+01 5.610474e-01 5.757894e-01 7.171681e-01 1.745475e-01 -1.191981e+00 -1.176848e+00 -1.563251e+00 -9.598907e-01 1.473679e+00 8.654649e-01 8.627854e-01 -1.916727e+00 -3.000525e-01 -1.964918e-01 5.898526e-01 8.731990e-01 8.276963e-01 4.799628e-01 -2.608288e-01 -3.304039e-01 -9.878049e-01 -1.610040e-01 -3.099542e-01 5.872862e-01 4.037956e-02 -2.426317e-01 
7.025299e-01 -1.522286e+01 -1.201511e+01 -7.210102e+00 -5.741530e+00 -9.516172e+00 7.315533e-01 3.640795e+00 -3.545226e+00 6.755008e-01 -1.143139e+01 -8.788958e+00 2.121870e+01 4.052643e-01 1.307597e+00 2.067430e+00 2.083368e+00 -9.141735e-02 -9.419585e-01 -1.613093e+00 -2.038799e+00 6.821498e-01 9.547277e-01 1.720724e+00 -1.171887e+00 -6.443997e-01 -5.034689e-01 6.845393e-01 1.022457e+00 9.465564e-01 9.835986e-01 2.251361e-01 -3.430600e-01 -8.120204e-01 -9.356660e-01 -6.030325e-01 5.223652e-01 5.478249e-01 -2.248535e-01 
1.327330e+00 -1.247884e+01 -1.036362e+01 -6.750157e+00 -8.076881e+00 -1.051413e+01 -3.039373e+00 1.344321e+00 -1.933883e+00 2.703672e-01 -1.017402e+01 -1.073701e+01 2.050219e+01 -5.422727e-01 2.580004e+00 3.861566e+00 3.416687e+00 2.013043e+00 -2.592394e-01 -1.647826e+00 -2.819003e+00 -9.482235e-01 -6.225148e-02 2.733125e+00 2.750954e-02 -9.809818e-01 -5.177154e-01 2.843537e-01 7.294754e-01 5.862245e-01 9.666868e-01 5.169728e-01 -2.086732e-01 -2.037657e-01 -1.046691e+00 -7.189858e-01 3.536730e-01 6.456055e-01 -6.126980e-02 
1.213078e-01 -9.792535e+00 -3.140871e+00 -8.349745e-01 -2.565249e-01 -1.051100e+01 -4.525861e+00 -1.419166e+00 -7.039770e+00 1.410214e+00 -7.277738e+00 -7.327025e+00 1.902079e+01 -1.384911e+00 2.623253e+00 4.328438e+00 3.304662e+00 2.811872e+00 7.253701e-01 -2.569645e+00 -2.715180e+00 -2.487725e+00 -1.057419e+00 2.364178e+00 7.270560e-01 -9.131931e-01 -1.676112e-01 -3.831327e-01 -3.731379e-01 -3.749869e-01 -1.550002e-01 2.004462e-01 -6.574473e-02 5.108587e-01 -3.570215e-01 -6.518139e-01 -1.943212e-01 1.507485e-01 1.991730e-01 
-2.798965e+00 -5.889825e+00 2.047182e+00 3.148720e+00 3.028767e+00 -9.665889e+00 -6.102221e+00 -6.838811e+00 -1.071260e+01 -2.927819e+00 -2.972429e+00 -6.910011e+00 1.777606e+01 -1.132526e+00 1.339798e+00 3.234187e+00 2.494951e+00 2.189837e+00 5.744249e-01 -2.128410e+00 -1.640697e+00 -2.174795e+00 -1.723511e+00 2.309396e+00 3.619646e-01 -4.719900e-01 4.009871e-01 -1.009018e+00 -1.474170e+00 -1.075641e+00 -1.365214e+00 -2.700457e-01 2.995816e-01 1.071529e+00 6.205536e-01 -2.003913e-01 -7.802967e-01 -3.449591e-01 3.820176e-01 
-4.159145e+00 -5.401369e+00 3.421939e+00 4.363854e+00 2.765106e+00 -6.313147e+00 -1.058513e+01 -5.843140e+00 -1.159435e+01 -3.012766e+00 -3.211546e+00 -7.067682e+00 1.801587e+01 -1.377064e-01 1.192025e-02 5.155064e-01 6.691880e-01 -9.549034e-01 -3.566607e-01 -1.701445e+00 -7.382098e-02 -4.897175e-01 -1.473741e+00 9.610363e-01 -5.853188e-01 9.697264e-02 6.335823e-01 -1.019737e+00 -1.856145e+00 -1.169435e+00 -1.780125e+00 -5.271161e-01 8.127557e-01 1.121539e+00 1.203207e+00 1.157606e-01 -9.802737e-01 -5.533127e-01 3.546239e-01 
-2.194865e+00 -7.975145e+00 2.526072e+00 3.125325e+00 1.361611e+00 -9.740523e+00 -1.065184e+01 -4.646560e+00 -1.053052e+01 -6.136214e+00 -6.598946e-01 -9.057037e+00 1.864442e+01 8.389519e-01 -1.159419e+00 -1.602910e+00 -6.438128e-01 -2.929516e+00 -1.068388e+00 -5.840340e-01 1.218009e+00 1.155563e+00 -8.560145e-01 -4.667576e-01 -1.041098e+00 4.240055e-01 2.948656e-01 -5.558744e-01 -1.412455e+00 -8.958288e-01 -1.304312e+00 -1.679434e-01 8.266639e-01 8.606444e-01 9.892825e-01 2.283968e-01 -1.010587e+00 -4.435222e-01 1.907706e-01 
-8.690031e-01 -8.690312e+00 -8.027059e-01 2.522671e+00 -4.197638e+00 -1.225664e+01 -1.075845e+01 -2.884067e+00 -9.579647e+00 -4.354362e+00 -3.628797e+00 -9.180157e+00 1.907141e+01 7.971488e-01 -1.225936e+00 -2.533749e+00 -9.732985e-01 -3.529037e+00 -1.088796e+00 7.220437e-01 1.463440e+00 1.863221e+00 -9.124408e-01 -1.149036e+00 -1.338097e+00 4.118854e-01 -2.433500e-01 -7.678314e-02 -4.315147e-01 -4.477927e-01 -1.934858e-01 3.516894e-01 6.958995e-01 4.968759e-01 3.685693e-01 5.063753e-02 -5.043571e-01 -2.418029e-01 2.395186e-02 
-2.485608e-01 -1.004274e+01 -3.855219e+00 8.499308e-01 -8.137799e+00 -1.203542e+01 -8.935648e+00 -2.228565e+00 -5.941798e+00 -6.536856e+00 -5.097601e+00 -1.105910e+01 1.936814e+01 -1.254942e-01 -8.206035e-01 -2.303521e+00 -1.163027e+00 -3.044640e+00 1.007958e-01 7.930821e-01 1.893880e+00 1.595143e+00 -8.622972e-01 -1.688284e+00 -1.479370e+00 3.243688e-01 -5.824544e-01 2.847366e-01 3.818944e-01 -1.756543e-01 5.551486e-01 5.000672e-01 3.771726e-01 1.845443e-01 -2.777486e-01 -3.948800e-03 -1.295149e-02 -2.511372e-02 -6.083545e-02 
-1.146268e+00 -1.049740e+01 -6.056425e+00 6.351650e-01 -1.013049e+01 -1.060977e+01 -7.833201e+00 2.648267e-01 -4.572810e+00 -7.374485e+00 -6.738120e+00 -1.275695e+01 1.971346e+01 -8.721572e-01 -5.414895e-01 -1.291702e+00 -1.310335e+00 -1.864695e+00 8.171438e-01 1.089408e+00 2.072762e+00 1.133526e+00 -1.217452e+00 -9.500329e-01 -1.575249e+00 2.665491e-01 -4.458047e-01 3.726600e-01 7.780129e-01 -4.608272e-02 7.878477e-01 2.730353e-01 6.815011e-02 -9.183138e-02 -5.919004e-01 1.164923e-01 2.722406e-01 2.739099e-01 -8.328664e-02 
-2.684028e+00 -1.117464e+01 -6.364584e+00 -1.745974e+00 -1.089482e+01 -1.006051e+01 -8.148864e+00 3.248292e+00 -5.058784e+00 -8.937843e+00 -7.546945e+00 -1.466568e+01 1.994517e+01 -1.238365e+00 -7.798386e-02 -3.145022e-01 -1.353580e+00 -9.859517e-01 4.790573e-01 1.118054e+00 1.836182e+00 1.316056e-01 -7.231279e-01 -6.311046e-01 -1.048019e+00 1.925168e-01 5.771539e-02 4.178340e-01 8.309429e-01 3.940692e-01 6.748706e-01 3.096026e-02 -6.686275e-02 -5.452757e-01 -4.246414e-01 2.096647e-01 4.561152e-01 6.756133e-01 -9.687119e-02 
-4.012614e+00 -1.083128e+01 -6.006238e+00 -2.730902e+00 -1.214221e+01 -9.158642e+00 -5.704782e+00 4.740691e+00 -4.354058e+00 -9.241284e+00 -7.154167e+00 -1.525307e+01 2.011570e+01 -8.754451e-01 2.661197e-01 3.617787e-01 -1.108525e+00 -6.191329e-01 8.719016e-02 9.003217e-01 1.033000e+00 -3.644936e-01 -3.995059e-01 -3.165826e-01 -1.842984e-01 6.139936e-02 6.088206e-01 4.586693e-01 9.474767e-01 1.066286e+00 2.834680e-01 -1.430148e-01 -3.770033e-01 -1.257546e+00 -5.871964e-01 3.855703e-01 5.442952e-01 8.162282e-01 -9.818920e-02 
-5.007827e+00 -1.026574e+01 -5.452770e+00 -4.235198e+00 -1.206178e+01 -1.036620e+01 -4.409477e+00 4.714080e+00 -5.393023e+00 -9.219232e+00 -8.044838e+00 -1.505092e+01 2.012964e+01 1.646224e-01 8.647752e-01 1.024503e+00 7.063924e-01 -2.930717e-01 6.205043e-01 5.534194e-01 -3.127841e-01 2.209215e-01 -2.229956e-01 2.755428e-01 1.203191e+00 -5.738811e-02 8.704902e-01 4.064767e-01 9.765992e-01 1.570164e+00 1.296743e-01 -3.424437e-01 -4.217243e-01 -1.681384e+00 -1.009326e+00 5.883543e-01 6.192355e-01 5.827320e-01 -6.189885e-02 
-4.361238e+00 -9.621059e+00 -4.703713e+00 -3.662490e+00 -1.264288e+01 -1.002118e+01 -5.201563e+00 4.696784e+00 -6.227987e+00 -9.231075e+00 -8.072120e+00 -1.348533e+01 1.992808e+01 1.470226e+00 1.280450e+00 2.776030e+00 2.991102e+00 -7.936866e-01 3.148418e-02 -5.132054e-01 -3.140684e+00 -1.847217e+00 4.604040e-01 1.318193e+00 1.380292e+00 -9.941495e-02 6.662910e-01 2.502818e-01 7.714680e-01 1.381162e+00 1.613158e-01 -5.276892e-01 -2.503980e-01 -1.432474e+00 -1.231430e+00 6.148426e-01 6.244496e-01 3.837223e-02 -1.914186e-03 
-1.686091e+00 -7.455773e+00 -1.893693e+00 2.252225e+00 -1.211032e+01 -6.526771e+00 -5.633332e+00 1.706665e+00 -3.016682e+00 -1.005809e+01 -5.709836e+00 -9.533626e+00 1.975193e+01 1.941176e+00 1.447213e+00 3.361285e+00 4.447566e+00 -2.502868e-01 -1.205214e+00 -2.838260e-01 -4.483916e+00 -4.173710e+00 1.788795e+00 1.647721e+00 1.083394e+00 -3.655833e-02 1.492028e-01 -3.441655e-02 1.311686e-01 3.778660e-01 2.823273e-01 -6.307465e-01 -3.385862e-02 -4.414744e-01 -1.035893e+00 4.867916e-01 2.913080e-01 -5.117373e-01 4.024732e-02 
1.678133e+00 -5.834178e+00 6.094529e+00 8.981552e+00 -1.608665e+01 -1.092082e+01 -7.659043e+00 -9.459045e+00 -1.477826e+01 -6.519702e+00 -1.730705e+00 -1.111034e+01 1.980750e+01 1.567766e+00 1.226272e+00 3.050803e+00 3.926978e+00 1.661454e-01 -1.638540e+00 6.695871e-02 -4.043945e+00 -4.324342e+00 1.668948e+00 2.119444e+00 6.750980e-02 4.135660e-02 -3.516521e-01 -2.588404e-01 -8.322014e-01 -6.776831e-01 4.965771e-01 -1.888127e-01 2.077692e-01 8.202653e-01 2.407062e-01 6.961347e-02 -2.065386e-01 -6.246238e-01 3.877953e-02 
1.678133e+00 -4.923216e+00 5.954755e+00 1.168086e+01 -1.159109e+01 -1.594234e+01 -4.599823e+00 -1.062813e+01 -2.198652e+01 -1.630738e+00 -2.977243e+00 -1.082160e+01 2.000726e+01 8.619671e-01 7.198710e-01 1.543061e+00 2.127986e+00 6.386994e-01 -1.698353e+00 9.413587e-02 -2.068414e+00 -3.719871e+00 1.606595e+00 1.331412e+00 -6.991109e-01 7.346699e-02 -4.504082e-01 -3.311954e-01 -1.171876e+00 -1.180527e+00 2.341211e-01 4.132469e-01 1.416268e-01 1.222701e+00 1.225070e+00 -4.412736e-01 -3.256967e-01 -5.209574e-01 6.757755e-03 
1.795249e+00 -4.755863e+00 6.625952e+00 1.125788e+01 -1.207130e+01 -1.350576e+01 -5.383537e+00 -9.355265e+00 -1.836469e+01 -5.100102e+00 1.158758e+00 -1.250396e+01 2.000726e+01 2.516731e-01 3.499127e-01 -4.757347e-01 7.625422e-01 1.244623e+00 -6.659957e-01 3.366317e-01 -2.470863e-01 -8.704447e-01 8.994867e-01 4.435816e-01 -8.516818e-01 3.946775e-02 -2.405395e-01 -3.169456e-01 -1.073000e+00 -1.096521e+00 -6.609944e-04 5.259510e-01 2.235558e-01 9.251368e-01 1.325137e+00 -4.200049e-01 -4.955135e-01 -2.492538e-01 -1.618769e-02 
2.564946e+00 -4.396013e+00 5.555602e+00 1.175386e+01 -1.092385e+01 -1.372609e+01 -6.300661e+00 -8.687788e+00 -1.982303e+01 -2.734645e+00 -4.978087e-01 -1.233199e+01 2.001919e+01 3.470217e-01 2.294529e-01 -7.348930e-01 1.269093e-01 3.811367e-01 3.747049e-01 2.895176e-01 -2.688721e-01 2.248105e-01 -3.285285e-02 8.570690e-01 -1.061861e+00 -1.772068e-03 6.532320e-02 -3.985735e-01 -7.596807e-01 -1.016429e+00 -1.086786e-01 6.576620e-01 2.499859e-01 4.014927e-01 1.136603e+00 -3.815652e-01 -5.022101e-01 -1.109645e-02 -2.430547e-02 
2.493042e+00 -4.348197e+00 3.915369e+00 1.275750e+01 -1.019664e+01 -1.535911e+01 -5.125648e+00 -1.166416e+01 -2.021248e+01 -1.470237e+00 -7.525725e-01 -1.461365e+01 1.999871e+01 6.224212e-01 -1.132404e-01 -1.175256e+00 -5.549889e-01 2.916192e-01 -4.527198e-02 1.086994e+00 -3.182305e-01 3.289044e-01 3.885670e-01 -1.210336e-01 -9.973316e-01 -1.981940e-03 2.044442e-01 -4.223941e-01 -4.440334e-01 -9.163819e-01 -8.913823e-02 6.378433e-01 1.247222e-01 3.057529e-01 7.021251e-01 -3.891263e-01 -3.703746e-01 2.846950e-01 -2.108531e-02 
3.065004e+00 -3.979691e+00 3.635821e+00 1.156576e+01 -1.062307e+01 -1.314242e+01 -3.281353e+00 -1.081750e+01 -1.993894e+01 -3.609848e+00 2.264073e+00 -1.507634e+01 2.000254e+01 1.003033e+00 -1.041427e+00 -1.905645e+00 -2.295223e+00 5.719081e-01 1.279606e+00 9.688417e-01 -2.548371e-02 1.363363e+00 -4.565548e-02 -8.972752e-01 -6.817062e-01 -2.732397e-02 1.807730e-02 -3.115859e-01 -3.012322e-01 -5.603998e-01 -2.942601e-02 3.941922e-01 2.606760e-02 5.400373e-01 5.170123e-01 -3.781505e-01 -2.437020e-01 3.120491e-01 -2.517416e-02 
4.657237e+00 -5.529975e+00 1.709942e+00 8.577287e+00 -1.076394e+01 -1.402418e+01 -1.457990e+00 -9.881706e+00 -1.666273e+01 -2.719534e+00 -8.275975e-01 -1.611848e+01 2.000569e+01 9.460430e-01 -1.126513e+00 -2.110574e+00 -2.608234e+00 7.034635e-01 2.070785e+00 6.205753e-01 1.160141e+00 2.070761e+00 -1.039756e+00 -5.309482e-01 3.817103e-01 -5.319067e-02 -2.815344e-01 3.815112e-02 8.987883e-02 1.003446e-01 -3.593806e-01 1.376471e-01 3.219438e-02 5.734962e-01 2.853942e-01 -3.790286e-01 2.051727e-01 1.134258e-01 -2.773530e-02 
6.498409e+00 -9.012240e+00 -2.869766e+00 2.368264e+00 -7.780857e+00 -7.995774e+00 -3.290284e+00 -9.706079e+00 -1.478079e+01 -2.338088e+00 -4.947150e+00 -1.498817e+01 1.987903e+01 2.757843e-01 -8.217787e-01 -1.773463e+00 -1.648470e+00 2.808152e-02 1.287692e+00 6.529990e-01 1.692191e+00 1.938926e+00 -1.209391e+00 -1.565230e-01 -1.910160e-01 -1.020384e-01 -4.508443e-01 4.475672e-01 5.908031e-01 8.414528e-01 -9.196042e-01 -5.785493e-01 2.569177e-01 3.707447e-01 -1.469917e-02 3.971051e-02 3.773410e-01 -2.741243e-01 -1.169446e-02 
5.505919e+00 -7.464842e+00 -3.384772e+00 4.314725e+00 -8.100677e+00 -7.578358e+00 -2.018423e+00 -6.419254e+00 -1.243775e+01 -7.304649e+00 1.982785e-01 -1.274900e+01 1.979445e+01 -4.215604e-01 -3.215039e-02 -7.920265e-01 -3.767920e-01 -1.233378e+00 6.389874e-01 1.405880e+00 1.690660e+00 1.468105e+00 -9.246508e-01 5.344487e-01 -6.753957e-01 -1.032976e-01 -2.574026e-01 4.471418e-01 7.432240e-01 7.961598e-01 -1.033722e+00 -8.864321e-01 3.133109e-01 -9.796672e-02 -1.331542e-01 8.411881e-01 -1.047098e-01 -4.599891e-01 1.240425e-02 
4.019363e+00 -7.120655e+00 -2.684026e+00 5.454527e+00 -1.181430e+01 -9.926886e+00 2.635019e-01 -4.087742e+00 -1.235682e+01 -7.364275e+00 9.681870e-01 -1.771624e+01 1.959805e+01 -5.674799e-01 6.492404e-01 3.891350e-01 7.963145e-01 -3.057657e+00 -8.971627e-01 1.860756e+00 1.563178e+00 1.591125e+00 9.529198e-02 4.568008e-01 -1.523645e+00 -6.074606e-02 1.171241e-01 2.576407e-01 4.538440e-01 3.755279e-01 -6.498578e-01 -5.453111e-01 -1.055895e-02 -3.971715e-01 6.682616e-03 1.164121e+00 -5.375844e-01 -4.549318e-02 3.651794e-02 
3.788944e+00 -6.636320e+00 -2.343503e+00 5.149925e+00 -1.491398e+01 -9.863871e+00 3.794401e+00 -4.238091e+00 -1.053431e+01 -4.830149e+00 -1.112853e+00 -1.813166e+01 1.962977e+01 8.070309e-02 3.735345e-01 5.242217e-01 1.501106e-01 -2.922153e+00 -1.268878e+00 1.583213e+00 7.348071e-01 1.578810e+00 2.513803e+00 -1.361258e+00 -1.251888e+00 -1.184592e-02 3.585385e-01 -5.355808e-02 4.751570e-03 -4.706144e-02 -1.350606e-02 -1.120827e-02 -4.730194e-01 -4.274202e-01 1.550722e-01 8.727984e-01 -6.274002e-01 2.726170e-01 4.442603e-02 
4.519966e+00 -6.180014e+00 -1.444822e+00 5.932252e+00 -1.966226e+01 -1.133868e+01 3.106977e+00 -2.981195e+00 -7.776950e+00 -3.098938e+00 -2.007535e+00 -1.991489e+01 1.965767e+01 6.103656e-01 2.636517e-01 -1.624691e-01 -3.426412e-02 -2.376727e+00 -4.848871e-01 5.115519e-01 1.840345e-01 1.917018e+00 2.891955e+00 -1.896457e+00 -1.303541e-01 3.479810e-02 2.780993e-01 -2.640298e-01 -3.299594e-01 -3.552493e-01 5.516274e-01 6.473467e-01 -6.267704e-01 -2.615520e-01 1.455038e-01 2.790542e-02 -2.712551e-01 4.450770e-01 4.376702e-02 
5.658987e+00 -6.067483e+00 -1.382909e+00 4.826607e+00 -1.878751e+01 -1.321706e+01 4.475686e+00 -3.298301e+00 -6.833663e+00 3.131623e+00 -5.120470e+00 -1.790886e+01 1.970536e+01 7.821185e-01 -1.071292e-01 -4.924390e-01 -1.968104e-01 -1.641168e+00 3.767585e-01 -2.845605e-01 2.429243e-01 2.080483e+00 2.040936e+00 -1.425925e+00 -9.030130e-03 7.105347e-02 -5.921214e-02 -2.775991e-01 -2.806751e-01 -3.997267e-01 5.563389e-01 9.718485e-01 -4.446215e-01 1.285415e-01 1.466798e-01 -1.151823e+00 4.640386e-01 1.587097e-01 4.524979e-02 
6.135622e+00 -6.087269e+00 -3.976701e+00 5.444702e+00 -2.176155e+01 -1.067457e+01 2.480676e+00 -3.636697e+00 -4.621702e+00 3.114470e+00 -6.510237e+00 -1.847957e+01 1.973438e+01 4.724311e-01 -4.304315e-01 -7.523235e-01 -8.063591e-01 -9.399660e-01 1.516806e+00 -3.391247e-01 5.012904e-01 2.067909e+00 4.711914e-01 -8.672640e-01 8.033431e-02 1.165957e-01 -3.328507e-01 -3.354065e-01 -6.399155e-02 -7.297183e-01 6.369305e-01 9.439591e-01 -2.961012e-02 4.146195e-01 -2.080439e-01 -1.645734e+00 7.664067e-01 -1.292225e-01 4.941352e-02 
6.891701e+00 -7.218346e+00 -3.539555e+00 4.409708e+00 -2.206995e+01 -8.312189e+00 2.684419e+00 -2.695133e+00 -1.709653e+00 2.267447e+00 -5.991080e+00 -1.889420e+01 1.994652e+01 -1.464741e-01 -6.673552e-01 -5.841914e-01 -1.462448e+00 -8.587708e-01 2.589467e+00 -2.146764e-01 1.218861e+00 2.236689e+00 -2.034923e+00 4.442961e-01 -5.636393e-01 1.735234e-01 -4.178448e-01 -3.667986e-01 -8.670094e-02 -8.578762e-01 7.393935e-01 8.758590e-01 2.140749e-01 3.693892e-01 -6.574890e-01 -1.603001e+00 7.114539e-01 -1.184034e-01 4.205959e-02 
6.265811e+00 -7.757092e+00 -4.127731e+00 2.109048e+00 -2.272054e+01 -6.207675e+00 2.306796e+00 -7.765256e-01 3.177612e-04 -3.107869e-01 -5.908432e+00 -1.902090e+01 2.011997e+01 -5.895557e-01 -1.133329e+00 -4.366370e-01 -3.050157e+00 4.165595e-01 3.128557e+00 3.285520e-01 1.769293e+00 7.986884e-01 -3.298827e+00 1.000575e+00 -4.992114e-01 2.306086e-01 -3.047454e-01 -3.316633e-01 -1.622964e-01 -5.696977e-01 9.469481e-01 7.191716e-01 1.547748e-01 -3.832551e-02 -1.053800e+00 -8.840131e-01 5.695990e-01 2.324024e-01 2.203475e-02 
4.862053e+00 -8.569537e+00 -4.228575e+00 -8.176622e-01 -2.260203e+01 -2.503213e+00 3.489345e+00 1.365609e+00 2.038626e+00 -5.330031e+00 -3.199911e+00 -2.045662e+01 2.038003e+01 -7.758691e-01 -1.589783e+00 -1.083746e+00 -3.364267e+00 1.377565e+00 3.950284e+00 4.519510e-01 1.455951e+00 -5.724223e-01 -4.089152e+00 1.197434e+00 -3.112203e-01 2.243124e-01 -1.632500e-01 -1.913771e-01 -2.465891e-01 7.913901e-02 1.090376e+00 4.172106e-01 -1.876543e-01 -6.652716e-01 -1.091112e+00 2.237138e-01 3.094040e-01 7.509391e-01 -1.286270e-02 
4.202391e+00 -1.107860e+01 -5.815338e+00 -7.192790e+00 -1.941240e+01 2.064238e+00 3.720998e+00 3.179106e+00 -2.502469e+00 -9.580666e+00 -2.903021e+00 -2.019410e+01 2.067069e+01 -7.364146e-01 -1.627625e+00 -1.314095e+00 -2.704060e+00 2.676689e+00 4.432128e+00 1.014810e-01 1.910128e-01 -1.796531e+00 -2.921861e+00 1.604371e+00 1.116066e+00 2.013314e-01 -1.879633e-01 1.091449e-01 -1.168776e-01 9.231759e-01 7.619592e-01 -1.685642e-01 -6.735039e-01 -1.039884e+00 -2.749155e-01 1.082461e+00 3.745170e-02 8.118393e-01 -4.701127e-02 
4.043876e+00 -1.350604e+01 -8.115042e+00 -7.760819e+00 -1.683671e+01 7.303846e+00 4.237055e+00 2.606539e+00 -3.320574e+00 -1.354338e+01 -1.506834e+00 -1.986366e+01 2.079284e+01 -8.892229e-01 -1.377069e+00 -1.378492e+00 -1.239907e+00 3.463140e+00 4.023703e+00 -1.039330e+00 -1.318335e+00 -1.921236e+00 -1.104836e+00 1.689522e+00 2.383352e+00 1.237838e-01 -2.882215e-01 3.459469e-01 2.348763e-01 1.198631e+00 3.369808e-01 -1.039203e+00 -8.912507e-01 -7.955406e-01 6.373383e-01 1.502810e+00 -4.970471e-01 4.580736e-01 -5.894830e-02 
2.992556e+00 -1.342690e+01 -8.754812e+00 -7.939089e+00 -1.221978e+01 1.104943e+01 2.440485e+00 -4.421220e-01 -6.302590e+00 -1.081322e+01 1.266682e+00 -1.373673e+01 2.092040e+01 -1.472744e+00 -6.940327e-01 -8.736111e-01 5.034841e-01 3.183599e+00 2.248941e+00 -2.293257e+00 -2.043054e+00 9.854957e-02 6.212667e-01 9.418625e-01 2.212765e+00 4.581638e-02 -3.095912e-01 3.072810e-01 4.437412e-01 1.016372e+00 -2.302852e-01 -1.738972e+00 -7.191641e-01 4.357414e-02 1.233035e+00 1.064021e+00 -1.267051e+00 -2.792276e-01 -5.092039e-02 
1.020650e+00 -1.428098e+01 -9.651148e+00 -6.643944e+00 -8.882618e+00 1.312265e+01 -1.066691e+00 -3.414944e+00 -5.667831e+00 -1.023778e+01 3.163168e+00 -1.176882e+01 2.087406e+01 -1.848972e+00 -3.267773e-01 -1.295447e-01 1.025307e+00 2.808884e+00 -1.541168e-01 -2.807000e+00 -1.404628e+00 1.666700e+00 1.653301e+00 -9.567021e-01 1.430877e+00 7.357358e-03 -1.395544e-01 1.633793e-01 5.389713e-01 5.457708e-01 -6.309125e-01 -1.859317e+00 -1.570651e-01 1.005538e+00 9.411734e-01 3.313254e-01 -1.561291e+00 -6.574896e-01 -2.071088e-02 
-1.649595e+00 -1.416144e+01 -9.415221e+00 -5.234163e+00 -7.471508e+00 1.039917e+01 -5.093273e+00 -4.025208e+00 -8.363328e-01 -8.127168e+00 -5.291025e-01 -1.317754e+01 2.085921e+01 -1.804664e+00 -6.163508e-01 2.801941e-01 1.245102e+00 1.852253e+00 -2.173779e+00 -2.610464e+00 4.522723e-01 2.574638e+00 1.019334e+00 -3.407854e+00 1.962638e-01 4.996299e-03 1.797794e-01 -1.536009e-02 4.474309e-01 7.712720e-02 -8.068751e-01 -1.315090e+00 4.712210e-01 1.456914e+00 -1.077634e-01 -4.025412e-01 -9.528229e-01 -5.236111e-01 3.103258e-03 
-2.879585e+00 -1.477274e+01 -8.432582e+00 -3.986744e+00 -5.166140e+00 6.858274e+00 -6.031329e+00 -2.625059e+00 2.280138e+00 -6.620169e+00 -5.392084e+00 -1.298889e+01 2.086011e+01 -1.421234e+00 -5.990751e-01 7.395615e-01 1.118112e+00 9.743632e-01 -3.061481e+00 -1.665979e+00 2.461673e+00 1.546661e+00 3.528856e-01 -3.941981e+00 1.041512e-01 4.067452e-02 3.740448e-01 3.236612e-02 2.745848e-01 -1.418885e-01 -9.525352e-01 -5.362852e-01 8.532282e-01 1.155212e+00 -9.060522e-01 -8.360610e-01 2.375309e-01 -2.303373e-01 6.278477e-03 
-4.080705e+00 -1.626284e+01 -7.963073e+00 -3.042055e+00 -4.816813e+00 3.312913e+00 -8.129886e+00 1.424152e+00 2.596674e+00 -7.526002e+00 -1.149518e+01 -1.214533e+01 2.095234e+01 -7.877681e-01 -6.348017e-01 9.291187e-01 8.427171e-01 6.649187e-02 -2.872799e+00 -5.076441e-01 3.308426e+00 -3.801790e-01 -7.412650e-01 -2.329595e+00 2.581472e-01 4.471455e-02 4.454710e-01 2.596824e-01 1.294116e-01 -2.134981e-01 -9.151407e-01 1.132438e-01 9.347100e-01 3.195217e-01 -1.008150e+00 -7.545474e-01 1.251934e+00 1.084585e-01 -1.179930e-02 
-4.870012e+00 -1.622533e+01 -6.679310e+00 -2.149303e+00 -5.338424e+00 1.358562e+00 -7.878695e+00 6.169224e+00 3.493085e-01 -8.774075e+00 -1.106349e+01 -1.176445e+01 2.103086e+01 -4.870050e-01 -1.557832e-01 9.188298e-01 5.170754e-01 -1.060959e+00 -2.486067e+00 4.077750e-01 2.943344e+00 -1.385988e+00 -1.646695e+00 -3.081271e-01 2.481725e-01 1.884784e-02 4.614134e-01 3.560281e-01 4.068248e-02 -1.778836e-01 -6.828383e-01 4.521202e-01 5.755999e-01 -5.285819e-01 -2.413995e-01 -5.456169e-01 1.444294e+00 1.959984e-01 -4.933278e-02 
-4.593291e+00 -1.660909e+01 -5.646483e+00 -1.939217e+00 -7.052696e+00 -1.214763e+00 -6.707590e+00 8.119764e+00 -1.771611e+00 -1.075645e+01 -9.341526e+00 -1.249959e+01 2.099734e+01 -4.423653e-02 4.605006e-01 8.374873e-01 4.780862e-01 -1.705826e+00 -1.895378e+00 1.026134e+00 1.809120e+00 -9.998168e-01 -1.753621e+00 1.034873e+00 6.664958e-01 -4.306436e-02 4.582152e-01 3.866121e-01 1.222957e-01 4.330700e-02 -2.815663e-01 4.671156e-01 9.703992e-02 -1.096030e+00 5.418686e-01 -1.117556e-01 1.087126e+00 -1.038198e-02 -8.228315e-02 
-5.058487e+00 -1.537867e+01 -4.996863e+00 -1.953254e+00 -9.353305e+00 -3.308550e+00 -4.703369e+00 8.743777e+00 -2.466221e+00 -1.323830e+01 -8.009532e+00 -1.157064e+01 2.093210e+01 5.142342e-01 6.333750e-01 9.887941e-01 4.109535e-01 -1.553678e+00 -1.289543e+00 4.450255e-01 5.686902e-01 6.494827e-01 -1.869082e+00 1.597226e+00 8.799323e-01 -1.621142e-01 5.170909e-01 3.249763e-01 5.499087e-01 7.032359e-01 2.815338e-01 2.402186e-03 -2.444053e-01 -1.574729e+00 2.118408e-01 7.082589e-01 5.771646e-01 -4.157598e-01 -9.510385e-02 
-4.207625e+00 -1.438362e+01 -4.616940e+00 -7.493489e-01 -1.133838e+01 -3.830545e+00 -4.586426e+00 9.181961e+00 -9.952332e-01 -1.406164e+01 -7.847446e+00 -8.909693e+00 2.078632e+01 1.002563e+00 9.036750e-01 1.505537e+00 1.112209e+00 -1.094994e+00 -1.135517e+00 -4.091048e-02 -9.842296e-01 1.311251e+00 -1.189001e+00 2.153266e+00 -1.096924e-01 -2.761795e-01 4.106786e-01 1.947288e-01 9.083393e-01 1.167421e+00 5.971059e-01 -3.962647e-01 -3.119788e-01 -1.643573e+00 -7.877041e-01 1.343880e+00 2.708093e-01 -8.058616e-01 -6.441506e-02 
-2.491740e+00 -1.417134e+01 -2.250164e+00 -6.899257e-01 -1.096383e+01 -3.781384e+00 -6.714288e+00 8.481221e+00 3.208251e+00 -1.646671e+01 -3.824183e+00 -9.159504e+00 2.032582e+01 1.575125e+00 1.247426e+00 3.334291e+00 3.716108e+00 4.120506e-02 -2.853931e+00 -2.806781e-01 -3.533510e+00 -1.482434e+00 1.612166e+00 2.018573e+00 -1.442525e+00 -3.400855e-01 1.547754e-01 1.182903e-01 7.825811e-01 1.128489e+00 5.177045e-01 -3.736284e-01 -8.560088e-02 -1.214813e+00 -1.611811e+00 1.551103e+00 -8.657508e-03 -6.379607e-01 6.428251e-03 
-8.641006e-01 -1.269442e+01 5.082613e-01 2.989634e+00 -1.172245e+01 -6.656376e+00 -5.907129e+00 3.329898e+00 1.947585e+00 -1.508713e+01 -6.679187e-01 -1.425343e+01 1.991953e+01 1.478680e+00 1.127084e+00 4.206424e+00 4.662693e+00 4.823906e-01 -3.094468e+00 -1.708152e-01 -4.357626e+00 -3.872447e+00 3.225179e+00 2.178276e+00 -2.201614e+00 -2.761271e-01 -1.258894e-01 -2.288909e-02 9.932278e-02 3.087031e-01 2.076374e-01 2.602845e-01 -4.633579e-02 -2.110424e-01 -1.314872e+00 9.773856e-01 -3.086741e-01 9.529185e-02 7.394657e-02 
1.145392e+00 -9.985857e+00 9.112333e+00 1.475777e+01 -8.954958e+00 -1.616534e+01 -5.446614e+00 -5.997036e+00 -1.134989e+01 -4.664747e+00 -1.506433e+00 -1.611133e+01 1.966487e+01 1.049846e+00 1.113099e+00 3.551205e+00 4.278155e+00 2.462737e-01 -2.178272e+00 8.196386e-02 -3.818768e+00 -4.817719e+00 3.679435e+00 1.541610e+00 -1.264000e+00 -1.299513e-01 -3.104634e-01 -1.463732e-01 -1.016600e+00 -9.024623e-01 -1.993876e-01 1.214592e+00 -1.064409e-01 8.508707e-01 1.954838e-01 -1.960985e-01 -4.434234e-01 6.759875e-01 1.026284e-01 
1.367095e+00 -1.084076e+01 1.073427e+01 1.484012e+01 -9.930598e+00 -1.311069e+01 -6.074311e+00 -5.367258e+00 -1.307798e+01 -3.836919e+00 1.884535e+00 -1.644216e+01 1.973618e+01 6.357293e-01 8.563137e-01 1.893730e+00 2.374551e+00 -1.594890e-01 -1.719581e-01 -4.540243e-01 -1.897021e+00 -3.595425e+00 2.664234e+00 8.484944e-01 2.774857e-01 -1.153111e-02 -2.904021e-01 -4.641191e-02 -1.535226e+00 -1.293406e+00 -2.329137e-01 1.270323e+00 -1.027290e-01 1.038213e+00 1.019484e+00 -7.477180e-01 -4.929065e-01 7.587643e-01 7.500997e-02 
1.642181e+00 -9.532436e+00 1.039281e+01 1.477555e+01 -1.062830e+01 -1.144505e+01 -6.220559e+00 -6.264471e+00 -1.336755e+01 -3.694387e+00 2.607502e+00 -1.438489e+01 1.976768e+01 4.442492e-01 6.510033e-01 -5.923015e-01 3.478021e-01 -6.349238e-01 1.757728e+00 -6.712317e-01 -5.095372e-01 -6.434602e-01 9.121708e-01 4.663281e-01 6.978446e-01 4.072699e-02 -1.734745e-01 -3.024795e-02 -1.347006e+00 -1.133331e+00 -3.393915e-02 6.437650e-01 1.356789e-01 7.264517e-01 1.156274e+00 -9.288920e-01 -1.192276e-01 2.041298e-01 2.531481e-02 
2.065978e+00 -8.640024e+00 9.336535e+00 1.485369e+01 -1.168342e+01 -9.876385e+00 -7.789941e+00 -6.021429e+00 -1.502019e+01 -2.250690e+00 1.517434e+00 -1.372919e+01 1.981042e+01 3.293298e-01 1.126261e+00 -1.397980e+00 1.608189e-01 -2.416445e-01 1.289104e+00 -3.078552e-01 -8.213466e-01 -8.620186e-01 8.702067e-01 2.512480e-01 6.112283e-01 1.360105e-02 -4.351197e-02 -1.738520e-01 -9.867307e-01 -6.886121e-01 1.999006e-01 7.398839e-02 5.862435e-01 2.041631e-01 8.987840e-01 -8.932328e-01 1.829360e-01 -2.758934e-01 -1.220369e-02 
3.017068e+00 -7.831700e+00 6.849684e+00 1.649040e+01 -1.125366e+01 -8.993731e+00 -7.944842e+00 -8.217228e+00 -1.359599e+01 -8.968419e-01 1.008708e+00 -1.397860e+01 1.983157e+01 3.355924e-01 8.270508e-01 -1.538151e+00 -2.817903e-01 1.175990e-01 3.100141e-01 6.873115e-01 -7.243317e-01 -4.029941e-01 -6.806009e-02 1.244118e+00 -4.102541e-01 -1.599089e-02 6.391793e-02 -3.068218e-01 -6.266749e-01 -4.182136e-01 2.146799e-01 8.371684e-03 7.776049e-01 1.940326e-01 4.438866e-01 -8.804033e-01 1.472550e-01 -9.193387e-02 -2.105536e-02 
2.326356e+00 -6.060476e+00 5.515734e+00 1.478725e+01 -1.082676e+01 -7.890750e+00 -6.751688e+00 -8.497968e+00 -1.727388e+01 -8.849983e-01 3.940299e+00 -1.358899e+01 1.977217e+01 4.725876e-01 -1.010181e-01 -2.567037e+00 -7.536414e-01 4.637189e-01 9.218813e-01 1.797902e+00 -7.685841e-01 7.783363e-01 -1.311693e+00 1.374285e+00 -5.479649e-01 -4.421866e-02 1.822023e-01 -3.224753e-01 -5.375504e-01 -4.412679e-01 -9.201473e-02 4.113844e-01 6.669651e-01 4.206122e-01 5.314450e-01 -8.625005e-01 -2.283152e-01 3.014341e-01 -5.089404e-03 
3.190291e+00 -6.687020e+00 4.612362e+00 1.339993e+01 -1.046887e+01 -1.088820e+01 -3.303401e+00 -8.647873e+00 -1.425562e+01 -4.717839e+00 7.616522e+00 -1.650610e+01 1.970694e+01 6.924062e-01 -2.694267e-01 -3.141155e+00 -1.285761e+00 8.580375e-02 1.983119e+00 2.163902e+00 4.344012e-01 7.557805e-01 -2.398731e+00 6.412743e-01 8.177436e-01 -3.561391e-02 1.571498e-01 2.130657e-02 -2.333676e-01 -3.684621e-01 -4.288630e-01 4.153959e-01 3.204663e-01 5.836980e-01 2.322070e-01 -3.171738e-01 -6.513749e-01 4.296648e-01 1.229941e-02 
4.342385e+00 -9.717515e+00 -2.380088e+00 1.263070e+01 -9.756886e+00 -4.319468e+00 -1.121115e+00 -9.649309e+00 -1.079859e+01 -6.899107e+00 5.084931e+00 -1.520502e+01 1.965182e+01 1.062058e+00 6.198449e-02 -3.284231e+00 -1.543446e+00 -6.857108e-01 2.509501e+00 2.288560e+00 7.024688e-01 1.215842e+00 -2.276988e+00 -5.889460e-01 1.504364e+00 -2.086876e-03 6.420868e-02 3.539864e-01 4.727319e-01 -2.438928e-01 -6.884425e-01 -3.703332e-01 -4.034317e-02 6.940628e-01 -1.721760e-01 3.538624e-01 -5.496995e-01 -1.412324e-01 2.282855e-02 
5.471601e+00 -7.350250e+00 -4.908215e+00 1.113950e+01 -1.135979e+01 -8.634892e-01 5.920036e-02 -5.469707e+00 -1.305480e+01 -9.883699e+00 3.642606e+00 -9.082059e+00 1.971368e+01 8.265832e-01 8.520829e-01 -2.346250e+00 -1.729056e+00 -1.451891e+00 1.593177e+00 2.044281e+00 1.458845e+00 5.392961e-01 -1.171338e+00 -1.031135e+00 7.119923e-01 2.446192e-02 -6.367022e-02 2.742300e-01 9.141374e-01 -3.439246e-02 -6.216382e-01 -1.115708e+00 -3.890332e-01 5.334025e-01 -1.896556e-01 9.294823e-01 -3.295306e-01 -9.395700e-01 1.761640e-02 
6.495685e+00 -5.418681e+00 -6.145073e+00 8.200160e+00 -1.380984e+01 -3.553491e-01 3.009850e+00 -6.574925e+00 -1.179498e+01 -9.686850e+00 2.982627e+00 -9.779068e+00 1.975845e+01 7.265376e-01 1.108045e+00 -6.008957e-01 -1.751571e+00 -2.209641e+00 -7.347938e-01 1.655931e+00 2.189691e+00 2.582639e-02 -1.560189e-01 -5.380937e-01 -1.201302e+00 3.988750e-02 -1.741529e-01 4.044810e-02 9.714161e-01 2.577553e-01 -3.315579e-01 -1.229272e+00 -7.124112e-01 2.677994e-01 -3.768458e-02 9.981176e-01 -3.769302e-02 -9.789000e-01 9.408763e-03 
6.246201e+00 -4.575732e+00 -5.236073e+00 6.969585e+00 -1.570211e+01 -4.904477e+00 4.852471e+00 -2.891163e+00 -1.106117e+01 -9.180841e+00 3.511814e+00 -1.565936e+01 1.977600e+01 5.417898e-01 5.786099e-01 8.785287e-02 -1.353855e+00 -2.260535e+00 -1.973289e+00 5.349515e-01 2.357680e+00 4.025351e-01 1.188139e+00 -1.031849e+00 -2.527316e+00 3.149262e-02 -1.563691e-01 -1.805302e-01 5.825452e-01 4.682888e-01 -3.983850e-03 -5.551488e-01 -8.772977e-01 -3.813338e-01 3.546712e-01 6.787462e-01 7.691547e-02 -2.998793e-01 8.255499e-03 
7.587860e+00 -5.564600e+00 -5.220126e+00 5.957987e+00 -1.863379e+01 -5.973493e+00 4.761764e+00 9.810733e-03 -1.166643e+01 -8.030786e+00 2.459860e+00 -1.792316e+01 1.982009e+01 3.335571e-01 4.010346e-01 3.558475e-01 -4.422773e-01 -1.939382e+00 -1.853662e+00 -5.187668e-01 1.591943e+00 1.095803e+00 1.533928e+00 -7.769923e-01 -1.770466e+00 4.146153e-02 -1.860734e-01 -2.292773e-01 1.497930e-01 3.885231e-01 3.756648e-01 2.613351e-01 -6.445693e-01 -1.017840e+00 5.985304e-01 1.613224e-01 1.407629e-01 4.912455e-01 1.188004e-02 
7.634706e+00 -4.384059e+00 -4.931197e+00 5.491491e+00 -2.025050e+01 -7.920693e+00 1.858003e+00 3.026096e+00 -1.110627e+01 -4.770931e+00 -1.255280e+00 -1.764673e+01 1.984034e+01 2.413397e-01 3.030215e-01 8.809496e-02 -4.236398e-02 -1.606919e+00 -6.231252e-01 -1.254859e+00 -1.490501e-01 1.777664e+00 1.377452e+00 -5.271373e-01 -5.027737e-01 6.496719e-02 -1.841351e-01 -2.618605e-01 -3.614290e-02 -2.743267e-02 6.377241e-01 6.825428e-01 -9.356122e-02 -1.112081e+00 3.764271e-01 -4.240050e-01 3.350657e-01 7.453594e-01 1.454603e-02 
7.469655e+00 -3.509783e+00 -4.518442e+00 6.727681e+00 -2.123233e+01 -8.115547e+00 1.912985e+00 -1.573506e+00 -6.293739e+00 -4.221632e+00 1.480924e+00 -1.763760e+01 1.993348e+01 -5.363048e-02 9.935640e-02 1.480124e-01 -4.645176e-01 -6.581834e-01 -1.032883e-01 -6.720712e-01 -1.645974e+00 2.331060e+00 5.558310e-01 -8.661599e-02 2.426763e-01 8.254395e-02 -1.616994e-01 -4.243083e-01 -1.028215e-01 -6.147732e-01 8.205307e-01 7.053224e-01 2.915318e-01 -4.112971e-01 -1.551240e-01 -6.959122e-01 2.181569e-01 3.865243e-01 1.213466e-02 
7.511598e+00 -4.088099e+00 -5.146487e+00 6.373013e+00 -2.243736e+01 -6.949104e+00 2.822076e-03 -2.844595e+00 -4.858999e+00 -4.197945e+00 1.365378e+00 -1.831594e+01 2.004416e+01 -1.853024e-01 -5.798016e-01 1.098901e-02 -1.479746e+00 2.875648e-01 5.642849e-01 1.438732e-01 -1.583850e+00 1.667089e+00 -4.427741e-01 2.982893e-01 1.929050e-01 8.364578e-02 -1.542370e-01 -4.974715e-01 -1.408609e-01 -8.769612e-01 8.299041e-01 6.517402e-01 3.526655e-01 6.017473e-01 -6.240265e-01 -6.626433e-01 1.293634e-01 -5.321629e-02 1.652305e-02 
7.380864e+00 -5.215878e+00 -4.372101e+00 3.194106e+00 -2.083160e+01 -6.975919e+00 2.329124e+00 -5.284765e+00 -3.135120e+00 -5.537908e+00 7.162316e-01 -1.637504e+01 2.013099e+01 -2.617066e-01 -1.279173e+00 -1.196190e-01 -2.797551e+00 1.216028e+00 1.079244e+00 2.394655e-01 2.527960e-01 3.754421e-01 -1.035488e+00 -9.900156e-02 -1.857234e-01 9.282768e-02 -1.081540e-01 -4.405573e-01 -2.718022e-01 -6.953000e-01 5.877324e-01 8.670719e-01 -1.556770e-02 1.277776e+00 -8.595469e-01 -3.897117e-01 1.371335e-01 -2.818474e-01 3.514001e-02 
6.752251e+00 -6.429808e+00 -4.949490e+00 -1.406120e-01 -1.901310e+01 -5.669145e+00 2.369035e+00 -3.037520e+00 -4.350265e+00 -6.326938e+00 6.187392e-01 -1.731352e+01 2.015979e+01 -4.257877e-01 -1.495061e+00 -4.822712e-01 -3.260616e+00 1.605573e+00 2.044215e+00 5.268808e-02 1.910220e+00 -3.646232e-01 -1.140162e+00 1.258441e-01 -5.546824e-01 1.424624e-01 -1.039867e-01 -2.600314e-01 -3.633865e-01 -1.986542e-01 3.419403e-01 1.038611e+00 -2.827313e-01 9.530312e-01 -7.128144e-01 -1.178045e-01 2.527132e-01 -7.322150e-02 5.514988e-02 
6.540897e+00 -8.734418e+00 -5.214967e+00 -4.003588e+00 -1.686479e+01 -3.359499e+00 1.927220e+00 -2.132729e-01 -4.671016e+00 -8.334636e+00 1.359360e+00 -1.906736e+01 2.033976e+01 -4.740100e-01 -1.645723e+00 -9.643952e-01 -3.050706e+00 1.621471e+00 3.492057e+00 -7.042850e-01 2.995936e+00 -9.508161e-01 -1.043905e+00 6.853383e-01 -7.927501e-01 2.288246e-01 -1.363562e-01 -9.099041e-02 -2.850677e-01 3.986366e-01 2.854518e-01 8.924304e-01 -3.109503e-01 -5.501934e-02 -4.047563e-01 7.736970e-02 3.801525e-01 3.638993e-01 4.051692e-02 
5.803339e+00 -9.804076e+00 -7.136624e+00 -6.330919e+00 -1.639315e+01 1.464034e+00 4.675243e-01 4.170342e+00 -5.913980e+00 -8.500446e+00 1.672699e+00 -1.974293e+01 2.065202e+01 -5.989496e-01 -1.696610e+00 -1.383576e+00 -2.346568e+00 1.794531e+00 4.550984e+00 -7.978836e-01 1.809631e+00 -1.233931e+00 -1.027665e+00 1.169805e+00 1.303092e-01 2.913665e-01 -1.540431e-01 8.205259e-03 4.006752e-02 8.472164e-01 3.285001e-01 1.842569e-01 -2.940457e-01 -9.511356e-01 2.042041e-02 2.465434e-01 1.446480e-01 5.941294e-01 -2.027653e-02 
5.485219e+00 -1.175791e+01 -8.100970e+00 -8.963788e+00 -1.403400e+01 6.918160e+00 -2.416699e-01 6.091167e+00 -7.106786e+00 -9.670514e+00 3.615726e+00 -1.912376e+01 2.102906e+01 -8.568137e-01 -1.633266e+00 -1.094277e+00 -1.261324e+00 2.548654e+00 4.288114e+00 -8.899081e-01 2.795961e-02 -1.213838e+00 -7.047538e-01 1.279607e+00 1.291436e+00 2.209544e-01 -1.651883e-01 1.010630e-01 3.814990e-01 1.089613e+00 2.019340e-01 -7.686180e-01 -3.497234e-01 -1.227012e+00 4.776698e-01 4.166440e-01 -3.510005e-01 4.236088e-01 -9.552322e-02 
4.285189e+00 -1.340135e+01 -1.042460e+01 -9.393320e+00 -1.145545e+01 1.194727e+01 -5.361208e-01 2.858007e+00 -9.301888e+00 -1.079729e+01 5.339694e+00 -1.663399e+01 2.127202e+01 -1.004612e+00 -1.460392e+00 -2.171816e-01 8.078133e-02 2.784451e+00 2.567389e+00 -1.324743e+00 -1.361396e+00 -1.308979e-01 -7.706934e-02 5.518362e-01 1.373879e+00 4.502936e-02 -9.395605e-02 2.388394e-01 5.504358e-01 1.072050e+00 -1.711185e-01 -1.486486e+00 -4.031204e-01 -6.004938e-01 8.653216e-01 4.370346e-01 -8.362718e-01 -6.937697e-02 -1.321580e-01 
3.015979e+00 -1.510250e+01 -9.041865e+00 -8.778968e+00 -6.590099e+00 1.283931e+01 -2.020377e+00 5.828207e-01 -9.046467e+00 -1.071030e+01 5.924247e+00 -1.416487e+01 2.113457e+01 -1.097299e+00 -1.258607e+00 3.598420e-01 1.183735e+00 2.136276e+00 6.407843e-01 -2.189375e+00 -1.553384e+00 8.859303e-01 5.641290e-01 -7.607958e-01 7.035444e-01 -1.255965e-01 3.242067e-02 3.243383e-01 3.624354e-01 8.066539e-01 -6.273913e-01 -1.505827e+00 -2.409171e-01 1.288982e-01 9.815850e-01 2.074208e-01 -1.004453e+00 -4.259666e-01 -9.431005e-02 
2.014774e+00 -1.543349e+01 -7.751536e+00 -6.019766e+00 -6.192704e+00 1.134037e+01 -5.266873e+00 1.171392e-01 -5.599129e+00 -8.366082e+00 3.277913e+00 -1.535316e+01 2.082456e+01 -9.484048e-01 -6.896843e-01 6.416358e-01 1.791087e+00 1.145289e+00 -1.057734e+00 -2.163877e+00 -4.021400e-01 2.042890e+00 5.231131e-01 -1.991254e+00 7.738263e-02 -1.961659e-01 1.111154e-01 3.062176e-01 4.243949e-02 3.431758e-01 -6.821936e-01 -1.028936e+00 1.883156e-01 4.960911e-01 6.498467e-01 -1.621467e-01 -7.605137e-01 -2.649042e-01 -1.263804e-02 
1.133952e+00 -1.703448e+01 -7.638028e+00 -4.731639e+00 -5.984251e+00 1.042553e+01 -8.823450e+00 -3.055221e-01 -4.528554e+00 -8.065499e+00 8.426105e-01 -1.624676e+01 2.062479e+01 -7.227933e-01 -3.969378e-01 2.886673e-01 1.916703e+00 2.312296e-01 -1.428423e+00 -1.674793e+00 1.930552e-01 2.607305e+00 3.222718e-02 -2.470957e+00 -1.902018e-01 -1.300038e-01 1.072388e-01 2.550885e-01 -9.271871e-02 -8.691707e-02 -4.293590e-01 -5.171828e-01 6.483164e-01 4.767576e-01 1.597227e-01 -3.414669e-01 -3.634224e-01 1.712981e-01 5.299313e-02 
4.846397e-01 -1.588361e+01 -7.918514e+00 -2.461392e+00 -6.031843e+00 7.865170e+00 -7.954052e+00 1.291543e+00 -1.346753e+00 -9.503886e+00 -2.076141e+00 -1.520621e+01 2.054583e+01 -6.363689e-01 -3.600360e-01 3.059837e-02 1.430163e+00 3.259751e-01 -1.542531e+00 -6.405918e-01 2.458177e-01 2.257560e+00 -6.218923e-01 -2.395691e+00 4.963166e-01 -1.593842e-02 -2.080950e-03 1.575943e-01 -8.700842e-02 -3.683533e-01 -1.127454e-01 -1.043324e-01 7.111047e-01 2.472531e-01 -4.019767e-01 -1.677566e-01 -3.978889e-02 5.061473e-01 6.566405e-02 
1.670648e-01 -1.686218e+01 -7.515140e+00 -9.748763e-01 -5.514039e+00 7.434792e+00 -9.050917e+00 9.606879e-01 1.864131e+00 -9.980490e+00 -3.753571e+00 -1.518953e+01 2.062389e+01 -7.171569e-01 -1.480268e-01 2.017566e-01 9.296190e-01 3.991682e-01 -1.702717e+00 2.904620e-01 5.063964e-01 1.577254e+00 -5.706818e-01 -2.375802e+00 1.350673e+00 4.922679e-02 -1.069911e-01 1.821380e-01 -8.269456e-04 -4.283814e-01 -2.148840e-03 2.497698e-03 5.690706e-01 2.529604e-01 -7.984484e-01 5.327172e-02 1.524691e-01 5.085970e-01 2.958338e-02 
-6.832517e-01 -1.731972e+01 -7.659604e+00 -7.474773e-01 -4.798252e+00 5.123358e+00 -8.355957e+00 7.136549e-01 2.492567e+00 -1.051835e+01 -6.402714e+00 -1.339994e+01 2.074560e+01 -9.615563e-01 -2.603926e-02 2.500538e-01 4.428038e-01 4.976481e-01 -1.442285e+00 4.091391e-01 6.772789e-01 5.479814e-01 -1.400454e-02 -2.237894e+00 1.837699e+00 4.251090e-02 -5.964826e-02 1.997056e-01 8.364144e-02 -3.009304e-01 -1.436926e-01 1.344952e-01 2.926051e-01 3.399966e-01 -8.269396e-01 1.465417e-01 3.753985e-01 1.374117e-01 -1.687665e-02 
-1.868030e+00 -1.705674e+01 -6.758578e+00 -9.407197e-01 -4.605504e+00 3.282523e+00 -7.170059e+00 2.515177e+00 1.438429e+00 -1.041217e+01 -8.872921e+00 -1.039665e+01 2.077125e+01 -1.095107e+00 3.467396e-01 1.747635e-01 2.685882e-01 1.346702e-01 -1.466031e+00 6.456538e-01 1.242008e+00 -5.301624e-01 -5.469454e-03 -1.787488e+00 1.681973e+00 -1.137371e-02 1.304014e-01 1.258193e-01 6.172271e-02 -1.390611e-01 -3.433615e-01 2.440952e-01 6.801595e-02 2.405471e-01 -5.943059e-01 -5.268137e-02 6.412166e-01 -3.290706e-01 -4.049608e-02 
-3.306105e+00 -1.591700e+01 -7.046568e+00 -2.641374e-01 -3.997751e+00 2.729692e+00 -6.848814e+00 3.900690e+00 1.606181e+00 -9.358496e+00 -1.070562e+01 -8.414042e+00 2.068486e+01 -7.456519e-01 3.910453e-01 4.622464e-01 2.559579e-01 -2.603162e-01 -9.882945e-01 6.448144e-01 1.578156e+00 -8.233885e-01 -1.719036e-01 -8.127199e-01 1.017643e+00 -6.998043e-02 3.561156e-01 3.296164e-02 7.472460e-02 -6.418903e-02 -4.445846e-01 1.343520e-01 5.044057e-02 3.123701e-03 -1.916869e-01 -3.784920e-01 7.958511e-01 -5.936974e-01 -3.682661e-02 
-3.997361e+00 -1.583044e+01 -6.948070e+00 1.260906e-01 -5.240860e+00 1.301358e+00 -6.576412e+00 5.577143e+00 -3.436152e-01 -1.058778e+01 -1.053952e+01 -9.272694e+00 2.059735e+01 -1.732469e-01 2.725834e-01 4.043867e-01 3.278956e-01 -9.386857e-01 -7.091229e-01 5.126011e-01 1.258858e+00 -7.086648e-01 -7.552530e-01 1.176268e-01 1.153473e-01 -9.694896e-02 4.497837e-01 -1.748337e-03 6.651057e-02 -1.617740e-02 -3.425680e-01 5.932731e-02 5.357105e-02 -2.752495e-01 2.273426e-01 -3.967850e-01 7.092046e-01 -4.862544e-01 -1.933295e-02 
-3.346959e+00 -1.597760e+01 -5.253428e+00 -1.177973e-03 -5.781983e+00 1.172200e+00 -5.428751e+00 7.073533e+00 -7.330686e-01 -1.128982e+01 -9.632799e+00 -8.873949e+00 2.048262e+01 3.579814e-01 1.757455e-01 5.087278e-01 9.217604e-02 -1.188566e+00 -1.148995e+00 7.279198e-01 6.844274e-01 -3.211967e-01 -1.531472e+00 7.889484e-01 -3.473529e-01 -9.878534e-02 2.969977e-01 6.864996e-02 -3.196999e-02 2.128581e-02 -1.653159e-01 -7.620415e-02 7.204084e-02 -3.801210e-01 3.487377e-01 -2.408798e-01 4.688438e-01 -2.716746e-01 -4.055961e-03 
-2.713444e+00 -1.566391e+01 -5.632881e+00 5.668517e-01 -8.407171e+00 5.156844e-01 -5.317111e+00 7.222994e+00 -9.349606e-01 -1.322278e+01 -8.821567e+00 -9.590021e+00 2.038768e+01 6.019111e-01 4.456929e-01 4.839135e-01 2.695492e-01 -1.114093e+00 -1.089053e+00 8.719903e-01 3.125368e-01 3.556085e-01 -1.309441e+00 9.577017e-01 -6.674042e-02 -9.359101e-02 6.120432e-02 8.893998e-02 2.030113e-02 -3.009697e-02 1.210448e-01 -7.692049e-02 -5.841047e-02 -1.340653e-01 1.396239e-01 1.237120e-01 2.196904e-01 -9.064101e-02 -9.556293e-04 
-2.157824e+00 -1.512146e+01 -5.160089e+00 -2.363714e-02 -8.357676e+00 -2.622539e+00 -3.839274e+00 6.499636e+00 2.953583e-01 -1.569810e+01 -7.620365e+00 -9.991943e+00 2.029567e+01 3.517187e-01 6.477126e-01 2.627635e-01 3.914589e-01 -9.992887e-01 -1.179543e+00 8.251910e-01 1.505048e-01 3.881460e-01 -1.099146e+00 1.111330e+00 -2.498459e-01 -9.196451e-02 -1.422680e-01 3.538623e-02 8.970314e-02 -1.151368e-01 3.208625e-01 5.216391e-02 -3.366649e-01 2.145789e-01 -2.474933e-01 5.142066e-01 -1.376939e-02 -1.910384e-03 -9.852231e-03 
-1.582049e+00 -1.402954e+01 -4.575196e+00 1.484870e+00 -9.523685e+00 -2.246685e+00 -3.011184e+00 7.426564e+00 9.200011e-01 -1.493031e+01 -6.757378e+00 -9.047109e+00 2.022278e+01 1.359709e-01 4.813019e-01 6.290470e-01 2.778903e-02 -4.281481e-01 -1.078528e+00 1.717849e-01 8.554800e-01 -3.652714e-01 -3.530371e-01 1.054881e+00 -3.866407e-01 -1.051864e-01 -1.684834e-01 -1.299115e-01 2.196781e-01 -2.664034e-01 4.461391e-01 1.906902e-02 -5.931848e-01 4.184719e-01 -5.557117e-01 6.260135e-01 -9.100999e-02 -1.590262e-01 -2.396099e-02 
-2.154011e+00 -1.355592e+01 -4.468724e+00 1.497503e+00 -1.021996e+01 -3.343857e+00 -2.455774e+00 7.724600e+00 2.801847e-01 -1.593130e+01 -5.108433e+00 -1.039466e+01 2.010512e+01 -1.201710e-01 3.347524e-01 8.848161e-01 -3.627889e-01 7.289360e-02 -8.933120e-01 -6.052300e-01 1.485907e+00 -1.198282e+00 5.612839e-01 6.714045e-01 -1.969194e-01 -1.422813e-01 6.638926e-02 -2.409324e-01 3.537382e-01 -1.294914e-01 3.516609e-01 1.652023e-01 -7.956371e-01 3.987817e-01 -5.413325e-01 7.019173e-01 -1.387163e-02 -4.066418e-01 -3.438529e-02 
-2.035805e+00 -1.403984e+01 -2.833650e+00 -5.405059e-02 -9.616489e+00 -4.516556e+00 -5.149651e+00 1.088769e+01 -2.753253e+00 -1.487109e+01 -4.803118e+00 -1.132202e+01 1.995710e+01 -4.625346e-03 -4.731069e-02 1.271314e+00 -6.852731e-01 5.805504e-01 -1.136801e+00 -1.378782e+00 1.737125e+00 -1.629566e+00 9.904091e-01 7.227332e-01 -8.883232e-01 -1.881908e-01 3.543227e-01 -1.345480e-01 3.838710e-01 5.447376e-01 -1.598581e-02 1.202639e-01 -5.427842e-01 -5.295094e-01 -1.227306e-01 5.902568e-01 -4.745672e-02 -4.831584e-01 -2.157957e-02 
-2.532050e+00 -1.344257e+01 -1.607110e+00 -1.067988e+00 -7.946478e+00 -5.954276e+00 -5.796327e+00 1.219869e+01 -3.859655e+00 -1.292138e+01 -5.240429e+00 -9.839039e+00 1.971728e+01 7.539366e-01 -2.924610e-01 1.710225e+00 1.006878e-01 2.544892e-01 -3.243153e-01 -2.377621e+00 1.703595e+00 -1.686344e+00 1.738652e+00 1.208152e+00 -2.032249e+00 -2.223999e-01 5.347778e-01 1.066353e-01 3.011157e-01 1.407805e+00 -4.084795e-01 -9.716903e-02 4.015473e-02 -1.867584e+00 3.432319e-01 3.620089e-01 -4.136722e-01 -7.060178e-02 1.820052e-02 
-1.416452e+00 -1.432302e+01 3.511328e-01 -6.585764e-01 -7.757537e+00 -6.625092e+00 -8.234827e+00 1.387514e+01 -5.157833e+00 -1.148300e+01 -3.077544e+00 -1.376652e+01 1.947589e+01 1.470382e+00 1.222731e-01 2.135579e+00 2.519800e+00 -5.990741e-01 -7.616200e-01 -1.655905e+00 -1.900765e+00 -7.349799e-01 2.009522e+00 5.492162e-01 -1.884869e+00 -1.729750e-01 3.710405e-01 4.419523e-01 2.467453e-03 1.707239e+00 -5.291439e-01 -3.097786e-01 6.936635e-01 -2.564659e+00 6.549248e-01 1.478324e-02 -8.565149e-01 7.347103e-01 6.439096e-02 
1.306630e+00 -1.487661e+01 2.490425e+00 2.302758e+00 -9.876820e+00 -3.910989e+00 -1.280119e+01 1.474841e+01 -6.949572e+00 -8.931717e+00 6.949235e-02 -1.933346e+01 1.923383e+01 1.816080e+00 7.832152e-01 1.958247e+00 5.073726e+00 -1.379765e+00 -1.566661e+00 -2.658828e-01 -6.033091e+00 7.041956e-02 1.861699e+00 -1.310286e+00 -5.157493e-02 -5.890968e-02 -7.559072e-02 5.885765e-01 -3.431809e-01 9.155636e-01 -1.659607e-01 -5.090166e-01 9.736173e-01 -1.933004e+00 5.886413e-01 -4.881037e-01 -9.704077e-01 1.250593e+00 8.688708e-02 
3.396742e+00 -1.271174e+01 5.795282e+00 1.085923e+01 -1.164677e+01 -9.346346e+00 -9.927013e+00 1.087126e-01 -4.883024e+00 -6.817835e+00 -4.712045e+00 -1.599933e+01 1.933372e+01 1.319453e+00 1.624553e+00 1.159710e+00 5.364360e+00 -1.247996e+00 -2.064421e+00 1.033794e+00 -7.217865e+00 7.666695e-01 1.002738e+00 -2.300655e+00 1.794849e+00 5.200760e-02 -4.648485e-01 3.577721e-01 -5.717243e-01 -6.292365e-01 3.011733e-01 -5.691074e-02 4.509176e-01 2.118679e-01 1.696118e-01 -8.404514e-01 -3.028466e-01 7.815933e-01 6.392666e-02 
4.141382e+00 -1.033252e+01 5.462263e+00 1.854120e+01 -1.290083e+01 -1.242736e+01 -6.279728e+00 -1.108361e+01 -3.644697e+00 -5.945491e+00 -1.097442e+01 -8.980783e+00 1.949367e+01 4.516078e-01 1.899319e+00 4.822189e-01 3.256200e+00 -2.508203e-01 -2.218062e+00 1.145651e+00 -5.303096e+00 5.059808e-01 -1.984572e-01 -2.218839e+00 2.380909e+00 9.954358e-02 -5.559967e-01 -3.114122e-02 -4.457465e-01 -1.841272e+00 5.628854e-01 4.473924e-01 -2.831338e-01 2.027500e+00 -2.648126e-01 -7.920603e-01 4.996684e-01 -1.856318e-01 2.043216e-02 
3.763342e+00 -8.472259e+00 4.663488e+00 1.804383e+01 -1.248535e+01 -1.268881e+01 -6.326897e+00 -9.298053e+00 -2.976641e+00 -7.962582e+00 -9.058678e+00 -9.968512e+00 1.960592e+01 -1.716812e-01 1.353078e+00 1.486246e-02 2.823168e-01 3.422995e-01 -7.205465e-01 -1.071220e-01 -1.206343e+00 -1.045827e-01 -1.162566e+00 -5.108217e-01 8.068529e-01 6.743318e-02 -3.403131e-01 -3.555689e-01 -1.776703e-01 -1.856061e+00 4.501067e-01 6.551787e-01 -5.985066e-01 2.110613e+00 -4.754766e-01 -3.234666e-01 6.212802e-01 -7.212817e-01 -1.587316e-02 
3.381490e+00 -7.499466e+00 5.467422e+00 1.499172e+01 -1.071159e+01 -1.333013e+01 -8.873130e+00 -7.063225e+00 -5.372791e+00 -9.351553e+00 -8.851657e+00 -1.044430e+01 1.959535e+01 -2.183378e-01 7.632365e-01 3.019823e-01 -1.591633e+00 6.394463e-01 -1.631353e-03 -1.111208e+00 1.098698e+00 -8.178144e-01 -1.016047e+00 2.930493e-01 -4.858780e-01 3.553266e-02 -1.040352e-01 -3.341729e-01 -4.857377e-02 -1.009197e+00 8.553488e-02 5.071829e-01 -2.320623e-01 1.041138e+00 -3.933171e-01 2.908857e-01 2.395757e-01 -7.129803e-01 -2.548868e-02 
2.919018e+00 -7.362616e+00 5.867045e+00 1.404563e+01 -1.102998e+01 -1.249753e+01 -9.165627e+00 -7.932940e+00 -4.541198e+00 -1.092798e+01 -8.327686e+00 -1.123306e+01 1.962010e+01 -4.721128e-02 4.147847e-01 3.614156e-01 -1.492101e+00 5.573975e-01 1.033629e-01 -8.304122e-01 1.343356e-01 -9.488716e-01 -2.056883e-01 -4.503229e-01 -3.780910e-01 4.629023e-03 7.465144e-03 -2.174060e-02 3.317125e-02 -1.702714e-01 -2.223004e-01 1.619549e-01 2.342888e-01 -4.667243e-02 -3.788844e-01 6.382576e-01 -2.997794e-01 -3.217897e-01 -1.406089e-02 
3.472459e+00 -7.071603e+00 6.370325e+00 1.258251e+01 -1.043127e+01 -1.253105e+01 -1.041628e+01 -6.272454e+00 -6.951258e+00 -9.542685e+00 -9.874724e+00 -1.077752e+01 1.966419e+01 -1.308175e-01 6.975419e-01 6.606469e-02 -9.027337e-01 6.926595e-02 -9.417515e-02 3.470199e-01 -7.677331e-01 -1.038447e+00 7.775061e-01 -1.051261e+00 -5.914257e-01 3.474728e-03 -5.867911e-02 2.582787e-01 1.093817e-01 2.670532e-01 -4.216718e-01 5.410813e-03 4.773925e-01 -5.210911e-01 -1.840963e-01 2.952760e-01 -2.535169e-01 -8.414272e-02 2.874986e-04 
3.481719e+00 -6.612412e+00 6.019014e+00 1.178801e+01 -9.838745e+00 -1.257172e+01 -9.707640e+00 -9.022192e+00 -6.931448e+00 -8.895370e+00 -1.079870e+01 -1.169257e+01 1.959468e+01 -1.781004e-01 1.277276e+00 2.988351e-01 -9.135792e-01 -4.840565e-01 1.355799e-01 3.353725e-01 -5.064735e-01 -1.888699e+00 1.131949e+00 -1.337677e+00 -7.492893e-01 1.318130e-02 -1.425103e-01 4.666236e-01 3.420980e-01 3.782466e-01 -3.711346e-01 -9.220240e-02 1.991828e-01 -2.625508e-01 -1.352924e-01 -2.548800e-01 6.766295e-02 5.153893e-02 1.303330e-02 
2.446196e+00 -4.386944e+00 5.721642e+00 1.160693e+01 -1.096097e+01 -1.376408e+01 -6.867235e+00 -1.035715e+01 -9.370169e+00 -6.480088e+00 -1.287251e+01 -1.317197e+01 1.962527e+01 -4.462979e-01 1.623495e+00 8.802163e-01 -5.455162e-01 -9.481816e-01 9.278803e-03 6.928728e-01 -1.186259e+00 -1.268413e+00 -2.084148e-01 -5.307100e-01 -7.209939e-01 3.264692e-02 -1.895624e-01 2.720606e-01 5.969527e-01 5.565910e-01 9.128788e-02 -7.281348e-02 -3.038396e-01 -8.826432e-02 -2.340228e-01 -9.037696e-01 1.700540e-01 3.016382e-01 3.043348e-03 
2.540978e+00 -2.318113e+00 7.685983e+00 9.965545e+00 -1.318543e+01 -1.120327e+01 -9.263591e+00 -8.422571e+00 -1.277536e+01 -6.799457e+00 -1.351685e+01 -1.378240e+01 1.970559e+01 -6.020809e-01 2.285025e+00 1.664833e+00 2.204009e-01 -7.897388e-01 -4.092861e-01 -7.437454e-03 -9.692519e-01 -1.510305e+00 -9.871228e-01 -3.720795e-01 -5.574799e-02 5.520814e-02 -2.410725e-01 -1.608357e-01 4.011336e-01 8.565142e-01 6.705559e-01 1.951453e-01 -3.358599e-01 -5.437727e-02 -2.634762e-01 -9.945516e-01 -5.205742e-02 3.580135e-01 -4.100532e-02 
1.710817e+00 -1.100886e+00 9.938313e+00 1.076612e+01 -1.349859e+01 -1.316924e+01 -7.173966e+00 -1.250327e+01 -1.037162e+01 -1.163329e+01 -1.116901e+01 -1.333759e+01 1.977195e+01 -8.665208e-01 1.553923e+00 2.367865e+00 1.313195e+00 6.786035e-01 -1.859488e-01 -1.000820e+00 -9.774215e-01 -2.397761e+00 -2.681693e+00 -6.837432e-01 5.700066e-01 -2.349216e-03 -1.840382e-01 -5.307777e-01 2.913012e-02 6.991578e-01 7.785735e-01 5.744233e-01 -2.105962e-01 1.780522e-01 -2.967249e-01 -3.492720e-01 -3.240609e-01 2.390028e-01 -1.227372e-01 
8.387113e-01 3.169506e+00 1.223426e+01 1.331056e+01 -1.251866e+01 -1.491578e+01 -9.591535e+00 -1.279510e+01 -1.398207e+01 -1.125429e+01 -1.351083e+01 -1.188797e+01 1.979715e+01 -1.173547e+00 5.079794e-01 1.560734e+00 2.439625e+00 2.055295e+00 1.208883e+00 -4.970461e-01 -8.827894e-01 -2.641338e+00 -2.604166e+00 -1.521436e+00 3.953490e-01 -1.742867e-01 -1.170217e-01 -9.018682e-01 -3.822744e-01 2.213796e-01 5.868397e-01 6.112909e-01 6.323080e-02 1.969576e-01 3.399712e-01 3.598625e-01 -1.973883e-01 -1.845431e-01 -2.148785e-01 
-1.035144e+00 6.385980e-01 1.528631e+01 1.650023e+01 -7.901266e+00 -1.283763e+01 -1.170712e+01 -1.305854e+01 -2.075536e+01 -1.766128e+01 -1.629397e+01 -1.126920e+01 1.956768e+01 -1.080860e+00 -1.417981e-01 1.077883e+00 1.840784e+00 1.522138e+00 2.072068e+00 -1.153066e-01 -3.389951e-01 -2.186721e+00 -1.146326e+00 -1.576338e+00 2.484779e-01 -4.662710e-01 -4.036224e-02 -8.010136e-01 -7.929322e-01 -3.431785e-01 9.694169e-02 1.766160e-01 4.865156e-01 3.888653e-01 9.058935e-01 1.056119e+00 1.143856e-01 -4.639697e-01 -2.812435e-01 
-1.953007e+00 -6.482903e-01 1.281541e+01 1.929639e+01 -5.707263e+00 -5.324575e+00 -9.482127e+00 -1.255915e+01 -2.078992e+01 -1.680609e+01 -1.856157e+01 -1.284035e+01 1.893620e+01 -1.080077e+00 -1.376481e+00 3.984555e-01 1.063747e+00 1.722618e+00 1.518089e+00 -1.341942e-01 -3.035932e-01 8.403086e-02 4.443709e-02 -9.127572e-01 -8.175849e-01 -7.872700e-01 -7.767438e-02 -6.369919e-01 -9.225997e-01 -8.568431e-01 -2.832029e-01 -3.557199e-01 6.548457e-01 5.570164e-01 1.079567e+00 1.031874e+00 5.212917e-01 -2.264928e-01 -3.173092e-01 
-2.297818e+00 9.861603e-02 1.503772e+01 1.697748e+01 -9.293339e+00 -7.604279e+00 -7.805012e+00 -1.431632e+01 -1.790148e+01 -1.458848e+01 -1.652547e+01 -1.161909e+01 1.787099e+01 -1.114991e+00 -1.508811e+00 -1.015718e+00 2.853371e-01 1.329659e+00 5.425929e-01 1.250372e+00 6.772789e-01 7.691325e-01 1.274675e+00 -4.161435e-01 -1.143389e+00 -1.102078e+00 -1.774965e-01 -4.274560e-01 -1.069837e+00 -9.535189e-01 -1.524709e-01 -3.016601e-01 9.491996e-01 1.006323e+00 1.048296e+00 7.606013e-01 8.215128e-01 4.834203e-01 -3.301599e-01 
-3.930360e+00 -3.443006e+00 1.435104e+01 1.839054e+01 -3.209623e+00 -9.942080e+00 -1.221340e+01 -1.368433e+01 -1.498943e+01 -1.256853e+01 -1.795856e+01 -1.580115e+01 1.670927e+01 -1.544764e+00 -1.993470e+00 -2.005386e+00 -1.066927e+00 7.355788e-01 1.951365e-01 2.094228e+00 1.394168e+00 1.278584e+00 1.344734e+00 5.049139e-01 -4.119318e-02 -1.442962e+00 -1.519595e-01 7.583867e-02 -7.277910e-01 -9.971262e-01 -2.980814e-01 1.486650e-02 1.067353e+00 1.164558e+00 5.969267e-01 5.164506e-01 1.002473e+00 1.250729e+00 -2.335853e-01 
-5.621188e+00 -5.508128e+00 9.439724e+00 1.837978e+01 -2.501927e+00 -7.816115e+00 -4.089627e+00 -9.109118e+00 -1.980997e+01 -1.340697e+01 -1.867591e+01 -1.550566e+01 1.517073e+01 -1.736088e+00 -1.970553e+00 -3.069254e+00 -1.861537e+00 1.253158e+00 1.225312e+00 3.516569e+00 3.843710e+00 2.457581e+00 2.006677e+00 1.822310e+00 2.277397e+00 -1.789251e+00 1.008184e-02 4.122617e-01 -2.810457e-02 -6.797493e-01 -1.989909e-01 2.019267e-01 3.224787e-01 6.115924e-01 4.239481e-01 2.790318e-01 7.857807e-01 9.534409e-01 -4.445374e-03 
-8.015257e+00 -7.812326e+00 5.587028e+00 1.326049e+01 -5.425518e+00 -4.243046e+00 -8.688086e-01 -8.191948e+00 -1.344257e+01 -1.067314e+01 -1.496158e+01 -1.110239e+01 1.307135e+01 -1.529264e+00 -7.664260e-01 -2.213826e+00 -2.848347e+00 2.703868e-01 1.251111e+00 4.069556e+00 3.936130e+00 2.224504e+00 2.260833e+00 2.980360e+00 3.725650e+00 -1.611542e+00 3.730272e-01 7.040212e-01 5.232460e-01 1.006165e-01 -2.198435e-03 8.664373e-02 -5.166224e-01 -5.130960e-02 1.583864e-01 2.406409e-01 3.289826e-01 2.005574e-01 2.907151e-01 
-8.935298e+00 -7.569541e+00 4.073435e+00 1.023459e+01 -1.919874e+00 -4.327065e+00 4.105598e+00 2.156380e+00 -6.386888e+00 -5.503193e+00 -8.912239e+00 -2.581007e+00 1.074364e+01 -1.072248e+00 -6.106073e-02 -1.052153e+00 -2.222736e+00 5.672135e-01 1.024180e+00 1.875132e+00 2.464226e+00 2.415969e+00 2.211756e+00 2.275216e+00 1.740498e+00 -1.040008e+00 6.031026e-01 6.481704e-01 7.031202e-01 7.552167e-01 -1.389315e-01 -2.526147e-01 -1.377682e+00 -1.008066e+00 -3.014823e-01 -1.560978e-01 -8.467125e-02 -7.109389e-01 5.074088e-01 
-9.919617e+00 -6.244730e+00 5.965074e+00 8.221216e+00 -2.148316e+00 -5.431387e+00 4.036661e+00 3.637286e-01 -1.057815e+01 -5.216088e+00 -7.938519e+00 -3.635060e+00 1.086512e+01 -1.151425e-02 5.719112e-01 -3.977814e-01 -3.833817e-01 1.067508e+00 7.289640e-01 3.318048e-01 1.827331e+00 2.091243e+00 2.445286e+00 1.923419e+00 1.230062e+00 -3.640634e-01 6.243754e-01 3.413104e-01 3.728457e-01 1.046821e+00 -9.330419e-02 -3.177061e-01 -1.349597e+00 -1.032108e+00 -3.362812e-01 -5.684953e-01 -3.689944e-01 -9.269136e-01 4.461211e-01 
-1.003074e+01 -6.597161e+00 3.989946e+00 9.785871e+00 -1.304030e+00 -2.100991e+00 2.833459e+00 -1.066135e+00 -9.162375e+00 -5.076823e+00 -1.081153e+01 -1.053724e+01 1.107411e+01 5.206534e-01 6.010566e-01 -4.616934e-01 6.819556e-01 1.599571e-01 2.233746e-01 -1.502916e+00 -1.422420e-01 1.016728e+00 1.133846e+00 1.927587e+00 -2.948827e-02 1.240461e-01 3.333891e-01 2.452199e-01 1.962220e-01 7.024202e-01 -2.564217e-01 -4.738682e-01 -6.957302e-01 -6.156182e-01 -3.206725e-01 -6.762533e-01 -2.649675e-01 -3.893924e-01 2.409451e-01 
-7.525003e+00 -5.438467e+00 3.639573e+00 1.156810e+01 -3.954943e-01 -1.711283e+00 1.426234e+00 2.556423e+00 -1.598802e+00 1.340377e+00 -4.395094e+00 -9.741120e-01 1.108603e+01 7.960528e-01 6.090480e-01 -6.447141e-01 9.334630e-01 7.596002e-03 6.293110e-02 -9.893829e-01 7.867970e-02 1.242676e+00 -4.269191e-02 1.309261e+00 -2.399206e-02 3.700176e-02 -3.963538e-02 3.644504e-01 3.008082e-01 3.879401e-02 -1.764252e-01 -2.874288e-01 4.632623e-02 -3.759119e-01 -4.321785e-01 -6.886438e-01 -5.231688e-01 -4.327371e-01 8.579373e-02 
-7.529906e+00 -4.967322e+00 2.927570e+00 1.197096e+01 -1.996497e+00 -5.070282e+00 -2.103828e+00 3.486494e-01 -5.793013e+00 -3.112416e+00 -1.046253e+00 -4.058825e+00 1.125341e+01 1.907689e-01 1.146475e+00 5.238655e-02 6.308852e-01 -1.848825e-01 -1.012040e+00 -9.428983e-01 2.604551e-01 1.236713e+00 7.454698e-02 1.257337e+00 4.205909e-01 -3.582378e-02 -1.662544e-01 4.708773e-01 4.201972e-01 -2.509613e-01 2.990408e-01 1.663485e-01 6.570817e-01 2.416934e-02 -2.550839e-01 -2.148793e-01 -7.446668e-01 6.147350e-02 3.380702e-02 
-7.189998e+00 -4.014728e+00 3.272784e+00 1.179643e+01 -1.764247e+00 -3.632116e+00 1.558249e+00 4.928278e-02 -6.049698e+00 -6.412293e+00 -6.275132e+00 -6.994208e+00 1.096028e+01 -4.470623e-02 2.121435e+00 8.491076e-01 -1.639991e-01 3.578771e-01 -9.045286e-02 2.833267e-01 -2.533837e-01 -1.796393e-01 -4.683793e-01 -3.573121e-01 -1.158656e+00 1.448234e-01 -2.399580e-01 3.331859e-01 2.722128e-01 -3.517151e-01 3.792852e-01 3.498269e-01 4.166613e-01 -8.341312e-02 -3.129216e-01 5.612344e-03 -4.569188e-01 3.032032e-01 3.395680e-02 
-9.243612e+00 -1.576565e+00 4.435534e+00 1.282628e+01 -1.544371e+00 -6.201418e+00 -1.947253e+00 1.489791e+00 -7.533000e-01 -8.278222e-01 -3.584664e+00 -5.424249e+00 1.095780e+01 1.098244e-01 2.199234e+00 8.923209e-01 -2.410498e-02 1.479993e+00 1.131741e+00 1.146280e+00 1.447179e-01 4.525728e-01 2.721579e-01 -9.624185e-01 8.453264e-01 2.391608e-01 -9.817184e-02 3.704517e-02 -1.181075e-01 -2.672189e-01 3.790869e-01 4.561795e-01 2.033866e-01 -9.061858e-02 -9.327722e-02 -1.759031e-01 -2.261171e-01 3.440982e-01 -1.293758e-02 
-6.892033e+00 3.473297e+00 7.131108e+00 1.032068e+01 1.167911e+00 -1.597767e+00 2.764242e+00 7.194206e-01 -5.016635e+00 -2.144098e+00 -4.911844e+00 -6.084720e+00 1.195800e+01 -3.631613e-01 1.748538e+00 2.962931e-01 -4.976035e-01 1.071456e+00 7.401309e-01 4.933028e-02 -2.804458e-01 7.016030e-02 -1.135805e-01 1.345378e-01 1.279731e+00 6.932203e-02 -1.078633e-01 -2.984846e-01 -3.994931e-01 -7.843484e-02 1.474293e-01 1.672081e-01 -2.865326e-01 6.840086e-02 3.742889e-01 -5.882782e-02 2.048660e-01 2.691807e-01 -8.109993e-02 
-7.130078e+00 2.284925e+00 5.460387e+00 1.258859e+01 3.937303e+00 -4.286428e-01 3.024642e+00 7.371608e-01 -4.046373e+00 -3.885518e+00 -6.539525e+00 -2.870316e-01 1.195035e+01 -1.408377e-01 1.518078e+00 -2.618474e-01 -5.383773e-01 1.353879e+00 8.535966e-01 1.910922e-01 -1.791758e-01 6.454642e-01 -9.823812e-01 -1.192472e-01 9.218664e-01 -6.273985e-02 -1.061188e-01 -3.003137e-01 -2.284479e-01 -5.793610e-02 -1.340216e-01 1.884595e-01 -2.344325e-01 2.066600e-01 4.432986e-01 1.593224e-01 4.738023e-01 -2.457155e-01 -5.632724e-02 
-1.006288e+01 2.797702e+00 4.242290e+00 9.426992e+00 8.523741e-01 -2.817840e+00 -6.809739e-01 -9.765469e-01 -4.052274e+00 -5.451326e+00 -4.124684e+00 -3.164429e+00 1.081068e+01 -4.588231e-01 9.697222e-01 -5.712395e-01 -2.989510e-01 1.158199e+00 8.846584e-01 -6.717563e-01 2.505834e-01 1.595403e+00 -1.351553e-01 2.455316e-01 1.489353e-01 -1.096987e-01 6.643771e-02 -1.701938e-01 1.220322e-01 2.581391e-03 -1.925435e-01 4.364563e-01 3.071394e-01 2.738634e-01 1.384479e-01 3.193740e-01 3.959483e-01 -2.863013e-03 3.352245e-02 
-8.362247e+00 6.351690e+00 4.570618e+00 1.058130e+01 5.382679e+00 -1.323363e+00 7.307160e-01 1.441892e+00 1.991420e+00 -4.086043e+00 -4.574432e+00 -2.274799e+00 1.121764e+01 -3.728684e-01 1.087009e+00 1.839629e-01 -4.130355e-01 7.664138e-01 2.001730e+00 3.346380e-01 9.123273e-01 1.906388e+00 1.079672e+00 1.351063e+00 1.821161e-01 4.707561e-02 -1.390454e-02 -2.195790e-01 1.895893e-01 -1.491201e-01 -6.158853e-01 1.546482e-01 4.003381e-01 1.076385e-01 -2.995580e-01 4.276686e-01 4.060187e-01 1.768778e-01 3.066176e-02 
-8.569787e+00 6.288623e+00 4.719773e+00 9.829386e+00 6.236484e+00 3.272691e+00 5.523708e-01 1.619738e+00 -5.869034e-02 -2.719534e+00 -4.666709e+00 -4.345969e+00 1.177600e+01 8.493037e-02 1.113099e+00 6.835175e-01 -5.474382e-01 4.023691e-01 2.348416e+00 1.513329e+00 5.431600e-01 1.318648e-01 4.521060e-01 1.379049e+00 1.635255e+00 1.820232e-01 -2.771488e-02 -1.759363e-01 1.170247e-01 -2.236659e-01 -8.441704e-01 -5.937834e-01 1.957393e-01 -6.029859e-02 -5.262049e-01 1.807399e-03 -1.136681e-02 2.212431e-01 -4.477963e-02 
-9.740947e+00 5.974527e+00 6.141433e+00 1.032208e+01 5.077137e+00 6.534709e+00 4.080759e+00 4.000479e+00 3.488539e+00 1.474386e-01 4.863423e-01 1.214219e+00 1.170311e+01 -4.821514e-01 3.483849e-01 5.880196e-02 -1.159733e+00 -1.347649e+00 8.950551e-01 1.100111e+00 2.127986e-01 -1.206570e-01 8.622643e-01 1.344155e+00 1.063241e+00 -5.534186e-02 -9.308381e-02 -2.230670e-01 -2.424601e-01 -1.415623e-01 -5.771517e-01 -1.261030e+00 -5.652789e-01 -3.742710e-01 -4.995311e-01 -1.269266e-01 -5.013922e-01 -2.746686e-01 -1.512992e-01 
-8.948916e+00 8.551601e+00 6.874543e+00 6.819390e+00 3.017345e+00 4.995094e+00 5.210557e+00 4.599695e-01 -4.141208e+00 -5.307161e+00 2.400036e-01 3.267121e+00 1.147815e+01 -5.427425e-01 4.592079e-01 7.647459e-02 -1.044138e+00 -2.005533e+00 -1.530850e+00 -7.574761e-02 2.987504e-01 -2.226684e-02 -1.744228e-02 1.921784e-01 8.144866e-01 -2.823707e-01 -1.945535e-01 -3.261760e-01 -3.731379e-01 9.115551e-02 8.722110e-02 -1.158641e+00 -9.762207e-01 -3.913929e-01 -6.628272e-02 2.976175e-01 -6.008695e-01 -7.576517e-01 -1.615887e-01 
-1.058364e+01 6.962158e+00 3.786852e+00 6.287856e+00 2.536638e-01 2.290823e+00 3.902413e+00 3.085969e+00 3.429531e+00 1.519257e+00 -3.072372e-01 -7.656049e-01 1.109008e+01 -5.244243e-01 2.987907e-01 -7.248462e-01 -8.726681e-01 -9.154261e-01 -2.363744e+00 -1.697248e+00 -8.368350e-01 -5.143474e-01 6.798268e-01 -5.625076e-01 -7.809435e-01 -4.772368e-01 -1.419528e-02 -2.755573e-01 -8.226448e-02 3.479607e-01 8.365499e-01 -1.145044e-01 -4.176547e-01 -3.015030e-01 -1.684876e-01 1.658103e-01 -2.867952e-01 -5.031636e-01 -5.448502e-02 
-1.086199e+01 8.090762e+00 6.279331e+00 6.625679e+00 -1.379702e+00 -2.259645e+00 2.626646e-01 3.571165e+00 -1.404587e-01 -3.492637e+00 -3.309038e+00 7.161853e-01 1.067052e+01 -8.665208e-01 -4.928355e-01 -7.903318e-01 -2.352504e-01 6.224817e-01 -1.815541e+00 -1.969020e+00 -8.889167e-01 -2.562877e-03 2.031571e+00 -6.719531e-01 -1.230921e+00 -4.149573e-01 6.343336e-02 -4.829664e-01 -3.754851e-02 4.897662e-01 8.364011e-01 7.309196e-01 2.020449e-01 9.522513e-02 1.255653e-01 1.192241e-01 3.695198e-01 -5.971458e-02 7.199951e-02 
-1.140672e+01 7.698760e+00 2.815001e+00 6.055778e+00 2.698953e+00 -1.656313e+00 -1.931623e+00 -1.739821e+00 -1.083745e+00 2.639500e+00 -5.519711e-01 -1.414955e+00 9.720493e+00 -3.911866e-01 -5.532416e-01 8.095328e-02 1.756458e-01 1.521070e+00 4.649383e-01 -4.164500e-02 -7.010140e-01 -9.729831e-01 6.667871e-01 3.423534e-01 -4.298979e-01 -2.614360e-01 1.671805e-01 -3.174985e-01 2.859175e-01 5.975341e-01 3.411468e-01 8.398988e-01 6.561425e-01 7.927989e-01 4.237877e-01 -5.116163e-01 4.344919e-01 4.949199e-01 1.857682e-01 
-1.286985e+01 5.718963e+00 3.408806e+00 5.759598e+00 4.907233e+00 -2.108589e+00 -1.717274e+00 -1.571732e+00 -1.897636e+00 4.290664e+00 -2.997303e+00 -2.562737e+00 1.008809e+01 -2.922370e-01 -1.529612e+00 -5.141061e-01 8.806080e-01 9.581455e-01 7.095825e-01 1.065177e-01 7.068940e-01 8.347259e-01 5.853481e-01 1.587222e+00 3.404886e-01 -3.031464e-02 2.995659e-01 1.609547e-01 4.127738e-01 4.372416e-01 -9.052689e-02 6.234687e-01 4.945654e-01 8.035715e-01 3.343585e-01 -8.060117e-01 2.594098e-01 4.761735e-01 1.847946e-01 
-1.153582e+01 5.381783e+00 5.626896e+00 7.598910e+00 4.715912e+00 4.539690e+00 4.684453e+00 2.152389e+00 -5.564658e-01 9.613812e-01 1.249029e+00 -1.275554e+00 1.007391e+01 2.433935e-02 -7.703042e-01 5.667086e-01 1.557289e+00 6.224817e-01 5.732697e-01 5.456545e-01 2.329256e+00 1.186027e+00 -1.155217e+00 4.803810e-01 9.079223e-01 2.593085e-01 1.634008e-01 4.248101e-01 1.965295e-01 1.796904e-02 -9.950355e-02 3.218897e-01 6.721097e-02 5.491738e-02 -3.527913e-02 -3.218081e-01 -3.039712e-01 -1.228724e-02 1.115699e-01 
-1.225867e+01 1.601497e+00 2.302809e+00 1.025658e+01 2.402453e+00 -1.810051e+00 -2.512710e+00 5.159360e+00 3.769671e+00 2.736344e-01 3.726859e+00 2.348895e+00 1.034230e+01 4.235825e-01 4.205432e-01 1.030676e+00 1.260203e+00 6.190674e-01 1.247774e+00 2.101897e-01 1.613728e+00 5.897227e-01 -1.087647e+00 5.560044e-01 4.810493e-01 2.486575e-01 3.915624e-02 5.406376e-01 1.727220e-01 -5.188586e-01 -9.861085e-02 2.237511e-01 1.102326e-01 -7.581578e-01 -5.266860e-01 3.014224e-01 -4.171483e-01 -2.468042e-01 -1.524411e-02 
-1.159029e+01 5.906102e+00 6.201470e+00 1.159337e+01 7.063637e+00 1.060471e+00 1.194023e+00 6.541326e+00 2.012494e+00 -1.127997e+00 -1.512050e+00 6.689237e-01 1.088986e+01 6.786468e-02 5.957681e-01 2.910882e-01 7.556447e-02 1.193089e+00 1.805219e+00 2.426134e-01 -8.798960e-01 -1.026910e+00 -1.057567e-01 -6.619494e-01 -5.616036e-01 1.568911e-01 -1.287969e-01 5.699489e-02 -2.586246e-01 -8.727745e-01 -5.598927e-01 -2.053363e-01 1.117549e-02 -1.015913e+00 -2.668973e-01 7.616745e-01 4.036548e-02 -1.467781e-01 -1.277097e-01 
-1.072472e+01 7.559024e+00 8.274628e+00 1.006334e+01 6.828531e+00 5.869703e+00 1.079033e+00 4.302063e+00 -2.336072e-01 -1.029110e-01 1.163172e+00 -1.129797e+00 1.092338e+01 -1.179791e-01 4.904686e-01 4.873028e-01 -9.728867e-01 1.799091e-01 1.212348e+00 8.093464e-01 -1.479346e+00 -6.922016e-01 1.567831e+00 7.261001e-02 -1.587512e-01 -5.539433e-02 -2.000776e-01 -3.101822e-01 -3.834165e-01 -7.166687e-01 -9.178684e-01 -7.915887e-01 3.089747e-02 -3.886106e-01 2.838440e-01 4.621082e-01 1.260918e-01 1.640173e-01 -1.303158e-01 
-1.196397e+01 5.381783e+00 4.096418e+00 8.073828e+00 8.468559e+00 9.726115e+00 4.101412e+00 -1.818765e+00 -3.688953e+00 6.203666e-01 -7.786508e-01 -2.344301e+00 1.056771e+01 -3.487573e-01 -5.204531e-01 -4.546728e-01 -1.689930e+00 -1.957414e+00 -4.358556e-01 3.018995e-01 -1.203619e+00 4.924992e-01 1.325530e+00 9.239987e-01 4.939756e-01 -2.272794e-01 -4.874536e-02 -2.314892e-01 -1.278150e-01 -2.518857e-01 -9.233734e-01 -9.172824e-01 -6.941185e-02 4.432273e-01 6.505950e-01 -1.447318e-01 2.308343e-01 3.006856e-01 -6.803960e-02 
-1.266231e+01 4.316247e+00 5.791530e+00 7.151598e+00 2.599485e+00 -8.094451e-02 8.013289e-02 1.942167e+00 3.159359e+00 7.238500e+00 3.723649e+00 3.061791e+00 1.022644e+01 -3.684846e-01 -5.722802e-01 -5.136219e-01 -1.440345e+00 -2.395078e+00 -1.589508e+00 3.349528e-01 -1.676021e-01 1.249157e+00 5.072284e-01 3.936820e-01 7.733667e-01 -2.108569e-01 4.327511e-02 -5.513194e-02 -6.229760e-03 7.854090e-02 -4.810864e-01 -6.129336e-01 -1.522800e-01 6.203674e-01 4.658030e-01 -5.359094e-01 -7.379537e-03 1.250615e-01 2.114747e-03 
-1.236598e+01 4.925890e+00 5.169582e+00 4.599207e+00 -6.087075e-01 1.856870e+00 3.203267e+00 1.703117e+00 2.778756e+00 1.828824e+00 1.827965e+00 1.043045e+00 1.010203e+01 -5.081230e-02 -3.027005e-02 1.524911e-01 -9.502345e-01 -2.136235e+00 -1.380162e+00 1.326456e-01 6.805127e-01 1.255380e+00 -2.992187e-01 3.317542e-01 4.756549e-01 -1.056062e-01 9.139324e-02 1.522346e-01 1.880519e-01 1.969660e-01 -9.885639e-03 -1.678956e-01 -5.411725e-02 4.616333e-01 1.532013e-01 -4.056144e-01 -1.246462e-01 -3.344923e-02 3.485544e-02 
