-1.604633e+01 1.985276e+00 2.512319e+00 2.095084e+00 1.242136e+00 -8.736509e-01 -2.026195e+00 4.750641e+00 5.096019e+00 5.388781e+00 4.027077e-01 1.856529e+00 7.805555e+00 2.275324e-01 -4.853032e-01 -1.665298e+00 -6.408796e-01 -8.869647e-01 2.606578e-01 2.628396e-01 -1.512431e+00 -1.454683e+00 -1.131801e+00 5.882851e-01 4.295870e-01 -2.113080e-01 -4.628962e-03 1.955404e-01 2.369476e-01 1.872273e-01 1.276822e-01 -2.965757e-02 1.676729e-01 3.644583e-01 3.214221e-01 1.756198e-02 1.104170e-01 3.553717e-01 5.564521e-02 
-1.466110e+01 2.128765e+00 -8.127482e-01 1.135575e+00 6.298394e-01 7.130207e-01 -3.144795e+00 8.967233e-01 2.450546e-01 2.093876e+00 4.545864e-03 4.055247e+00 7.629054e+00 2.613294e-01 -1.691028e-01 -1.777520e+00 -3.092142e-01 -9.254892e-01 -9.294317e-02 4.277425e-01 -9.201319e-01 -9.894504e-01 -1.528301e+00 5.994144e-01 1.163221e+00 -1.217644e-01 -5.195786e-02 3.123536e-01 4.755276e-01 1.626483e-01 3.398709e-01 1.679485e-01 3.402248e-01 4.129814e-01 5.670059e-01 2.454007e-01 1.039819e-01 1.127860e-01 9.581906e-02 
-1.560183e+01 -5.126304e-01 -4.151414e+00 -6.297600e-01 -2.886540e+00 -3.635572e-01 -1.524309e-01 -8.843867e-01 2.486215e-01 1.376816e+00 3.542978e+00 2.904735e+00 6.837333e+00 1.875723e-01 3.342300e-01 -4.244556e-01 1.293273e-01 -2.294113e-01 2.890126e-01 1.018818e+00 1.367452e-02 -8.000146e-02 -8.458484e-01 1.134781e+00 1.839555e+00 2.224881e-02 -6.689984e-02 3.344728e-01 6.413621e-01 1.675811e-01 4.285544e-01 1.176911e-01 1.874137e-01 4.297282e-01 4.890541e-01 5.103640e-01 -3.804503e-02 -1.865425e-01 9.436437e-02 
-1.496234e+01 2.388982e+00 -3.043279e+00 1.911325e+00 -1.320976e+00 -1.593089e+00 -8.243899e-01 2.967470e+00 2.572646e+00 -2.471037e-01 1.829706e+00 7.148277e+00 7.680667e+00 -1.222806e-02 6.667660e-01 9.190050e-02 -2.128291e-01 4.836358e-01 1.086190e+00 1.586038e+00 -2.106147e-01 6.930134e-01 -4.786968e-02 8.348224e-01 2.883780e-01 1.510565e-01 -8.169012e-02 5.693524e-02 5.507833e-01 6.067524e-02 2.330046e-01 -1.131296e-02 -9.583037e-02 2.078678e-01 1.909891e-01 6.937593e-01 -2.693309e-01 -7.614716e-01 2.274483e-02 
-1.495807e+01 3.526282e+00 1.505678e+00 2.353667e+00 1.070645e+00 1.724731e+00 1.907711e+00 3.783297e+00 3.532138e+00 2.330127e+00 5.164185e+00 9.507390e+00 7.891040e+00 2.991888e-02 7.691470e-01 6.067132e-01 1.487791e-01 5.512829e-01 2.594532e-01 6.208549e-01 2.812768e-01 1.493900e-01 6.797724e-01 2.802247e-01 -6.570560e-02 1.241596e-01 -4.118750e-02 -2.336906e-01 1.419236e-01 6.343932e-02 -7.238469e-02 -3.042772e-01 -4.765395e-01 9.879839e-02 -7.603734e-02 4.897333e-01 -4.074589e-01 -7.959152e-01 -3.027885e-02 
-1.504347e+01 3.443233e+00 -3.181589e+00 -1.420181e+00 1.069437e+00 5.099679e+00 3.755183e+00 -2.490787e+00 2.067733e+00 1.378047e+00 3.368257e+00 2.195961e+00 7.857399e+00 -6.829144e-02 -1.019810e-01 4.607578e-01 -1.557830e-02 -1.507571e-01 -1.348267e-01 1.475402e-01 -1.479704e-02 -1.493860e-01 1.177606e+00 -3.199588e-01 -1.691650e+00 -5.898248e-02 -8.952275e-03 -3.274029e-01 1.010795e-01 2.343867e-01 -7.707331e-02 -3.870393e-01 -5.697687e-01 2.480890e-01 -1.716409e-01 2.483176e-01 -1.716306e-01 -1.965439e-01 -3.355191e-02 
-1.541159e+01 2.805608e+00 -1.048239e+00 1.780016e+00 -1.325002e+00 -2.413146e+00 6.619743e-01 3.251437e+00 1.248142e+00 3.962968e+00 4.174997e+00 5.051866e+00 7.369602e+00 9.839445e-03 -4.498823e-01 1.008298e-01 3.478877e-01 -2.740125e-01 -6.219547e-01 -6.446940e-01 4.098532e-01 -3.919357e-02 9.901251e-01 -3.250338e-01 -1.150158e+00 -2.411114e-02 9.782081e-03 -2.348686e-01 -7.803853e-02 6.054767e-02 8.045292e-02 1.599261e-02 -2.796113e-01 7.747116e-02 -3.042724e-02 -1.594161e-01 4.739067e-02 5.032812e-02 2.427571e-03 
-1.507762e+01 2.239496e+00 5.375109e-01 2.120759e+00 -8.765479e-01 -1.984401e-01 5.365019e-01 3.159702e+00 2.967777e+00 4.824608e+00 7.245971e-01 9.179995e-01 7.646335e+00 -4.662155e-02 -3.609256e-01 8.502296e-01 8.595376e-01 5.110386e-01 -4.081818e-01 -6.301159e-01 9.655027e-01 -7.099481e-02 1.038676e+00 2.794234e-01 -1.522267e-01 5.739047e-02 -4.325572e-03 1.688502e-02 -9.639486e-02 1.024153e-02 2.136212e-01 2.103440e-01 -1.303168e-01 4.333328e-02 3.158384e-03 -4.402899e-01 1.623901e-01 3.852229e-01 6.541592e-02 
-1.489261e+01 1.879159e+00 1.501116e-01 2.322857e+00 6.737187e-01 1.264025e+00 2.935449e-01 3.007153e+00 2.886532e+00 5.557356e+00 4.860776e+00 4.395545e+00 7.875833e+00 6.789089e-02 -2.756890e-01 2.189920e-02 1.381808e-02 6.227138e-01 4.760986e-01 -3.884414e-01 1.785975e-01 -4.197340e-02 -4.774519e-02 2.174551e-01 -5.838528e-01 7.800240e-02 4.512706e-02 1.878183e-01 -1.263612e-01 -8.701135e-02 -4.156559e-02 3.819972e-01 9.858023e-02 -1.082475e-01 -1.940973e-02 -2.458633e-01 1.223031e-01 1.883581e-01 8.044778e-02 
-1.553683e+01 2.102005e+00 4.701804e-01 2.606381e+00 2.625340e+00 1.220166e+00 7.887778e-01 2.458802e+00 8.934352e-01 5.774227e+00 4.422630e+00 1.762893e+00 7.891271e+00 -1.189871e-01 -1.045688e-01 1.826134e-02 2.026543e-01 4.690745e-01 3.679612e-01 -6.321038e-01 3.174720e-01 -1.320399e-01 -5.048712e-01 2.208385e-01 -4.872787e-02 2.170823e-01 4.004527e-02 1.536578e-01 -2.473246e-01 -2.147541e-01 -3.117903e-01 3.077311e-01 1.724283e-01 -1.668616e-01 4.083114e-02 3.119200e-02 1.643585e-01 2.257103e-01 6.505224e-02 
-1.484232e+01 1.496214e+00 -9.049546e-01 1.606526e+00 3.767061e-02 -7.417047e-01 -1.406488e+00 4.495019e+00 2.075263e+00 3.249599e+00 3.413281e+00 1.710439e+00 7.637349e+00 2.714686e-01 3.610787e-01 -1.151270e-01 2.414487e-01 -4.609022e-01 9.001232e-01 -1.507428e-01 1.926818e-01 -1.057983e-01 5.323766e-01 3.157496e-01 -2.601332e-01 2.983136e-01 -3.360274e-02 1.017627e-01 -8.614460e-02 -1.345109e-01 -2.993254e-01 -8.291613e-02 1.438561e-01 -2.370697e-01 5.481035e-02 1.919944e-01 1.631282e-02 1.484544e-01 -3.098195e-02 
-1.569765e+01 1.907764e+00 1.156090e+00 3.491800e+00 1.787205e+00 2.644300e+00 -1.773586e+00 4.003358e+00 2.712943e+00 3.454166e+00 2.552445e+00 2.016925e+00 8.850967e+00 5.198639e-02 8.903316e-02 -3.177449e-01 -3.279011e-01 -5.061914e-01 9.185631e-01 1.130829e-01 1.242289e-01 1.651795e-01 9.046007e-01 1.051978e+00 8.143610e-01 2.724980e-01 -5.408159e-02 3.665829e-03 -7.139678e-02 -2.131382e-01 -1.969190e-01 -3.942250e-01 1.889322e-01 -2.783643e-01 1.471560e-01 -5.578554e-02 -3.282690e-01 -8.678331e-02 -1.767425e-01 
-1.345520e+01 3.781424e+00 -7.683034e-01 3.086869e+00 -1.211882e+00 5.052503e+00 8.207283e-01 3.197839e+00 1.447888e+00 9.379212e+00 7.374739e+00 2.968026e+00 8.887604e+00 -1.853884e-01 1.364228e-01 -2.406884e-01 -3.934692e-01 -3.863756e-01 -2.138680e-01 -4.169105e-02 -9.101365e-01 8.345249e-02 2.074586e-01 -1.165143e-01 -2.730298e-01 -1.045991e-01 -1.199932e-01 -5.568965e-02 1.701118e-01 -1.034019e-02 3.831251e-02 -6.357906e-01 7.452367e-02 -1.218454e-01 1.403441e-01 -5.098719e-01 -7.259217e-01 -2.838013e-01 -1.979811e-01 
-1.597043e+01 1.404400e+00 -1.187212e+00 2.263155e-01 7.192082e-01 2.915564e+00 2.406269e-01 3.728152e+00 2.032857e+00 7.232340e+00 7.701669e+00 5.205759e+00 8.628613e+00 -1.609352e-01 2.611656e-02 -2.758544e-01 -5.455873e-01 -5.527418e-01 -1.046165e+00 2.581065e-01 -5.227417e-01 5.091000e-01 -6.213935e-01 -1.204341e+00 -4.761095e-01 -4.651389e-01 2.275202e-02 3.939691e-02 2.721437e-01 2.637284e-01 5.335040e-02 -3.723298e-01 6.381410e-02 1.105355e-01 1.301559e-01 -3.158696e-01 -6.256473e-01 -3.819275e-01 -9.292776e-02 
-1.563219e+01 2.430506e+00 -9.364639e-01 1.272019e+00 -1.360025e+00 -1.946543e+00 -2.622272e+00 8.192732e-02 2.832632e+00 2.397803e+00 2.562110e-01 -1.249506e+00 7.225589e+00 -2.219687e-01 1.139410e-01 7.144160e-01 2.984930e-01 -2.460364e-01 -1.296539e+00 1.492441e-01 -9.324525e-02 4.241484e-01 -1.253925e+00 -2.185683e+00 -1.033926e+00 -3.226801e-01 6.295124e-02 -8.572731e-02 1.141015e-01 1.854838e-01 1.572708e-02 2.267443e-01 2.586243e-01 5.178283e-01 3.591473e-02 8.592420e-02 1.791971e-01 7.824027e-02 6.912539e-02 
-1.541349e+01 2.714255e+00 -1.391112e-01 1.671447e+00 -9.019093e-01 9.131514e-01 1.238415e+00 2.947886e+00 4.566139e+00 3.837767e+00 8.989025e-02 1.745553e+00 7.356237e+00 1.841926e-01 2.971917e-01 5.653739e-01 6.448020e-01 -3.094413e-01 -4.017880e-01 3.367714e-01 2.682526e-01 6.454228e-01 5.607919e-02 -1.041675e+00 -7.149404e-01 -8.304100e-02 2.411728e-02 -1.952765e-01 -1.326891e-01 -7.336108e-02 2.710556e-02 4.361011e-01 1.193600e-01 3.119991e-01 -2.254845e-01 1.783113e-01 6.603549e-01 1.931036e-01 1.171304e-01 
-1.484327e+01 3.696531e+00 2.279813e+00 3.857117e+00 -1.631352e+00 -4.287932e-01 1.068345e+00 3.121565e+00 2.301563e+00 4.807074e+00 2.521790e-01 -4.709380e-01 7.910165e+00 -4.304304e-02 -4.275623e-01 -9.076431e-02 -6.125743e-02 -4.293717e-01 5.976721e-01 1.212120e+00 1.283687e+00 1.947569e-01 2.983361e-01 6.981540e-01 2.374448e-01 5.002423e-02 1.666388e-03 -4.652228e-01 -6.504839e-01 -2.772647e-01 3.586254e-01 5.025475e-01 2.579050e-01 -4.312071e-02 -2.912409e-02 -5.137036e-03 7.666480e-01 2.752072e-01 1.808218e-01 
-1.544433e+01 2.257489e+00 3.170273e-02 2.158170e+00 -6.921744e-01 1.476423e-01 7.887749e-02 3.549835e+00 5.525631e+00 6.307946e+00 2.495661e+00 1.242258e+00 7.870994e+00 -1.299214e-01 -6.793904e-01 -5.366781e-01 -7.324564e-01 -3.254932e-01 1.871762e-01 3.236132e-01 3.486696e-01 -5.036474e-01 -5.059916e-01 6.555954e-01 -1.461866e-01 -6.594323e-02 -3.982225e-02 -7.112830e-01 -7.984328e-01 -1.416975e-01 7.287977e-01 2.241745e-02 1.731876e-01 -9.521759e-01 -8.918726e-02 -7.169739e-01 2.338956e-01 -3.978680e-02 2.790865e-01 
-1.583238e+01 5.208586e-01 -1.475772e+00 7.222084e-01 -3.611555e+00 1.424719e+00 4.018109e+00 6.199339e+00 3.326448e+00 2.654665e+00 2.544045e+00 1.892842e-01 7.218216e+00 -5.676068e-02 -1.723903e+00 -1.987083e+00 -3.991518e-01 1.555098e+00 9.217137e-01 1.445369e+00 -3.490349e-01 8.531316e-01 -9.987217e-01 7.989414e-01 5.787267e-02 5.728239e-01 7.258388e-02 -5.408732e-01 -6.703569e-01 3.503502e-01 5.803629e-01 -5.071247e-01 -3.053063e-01 -1.670073e+00 -2.407076e-01 -7.757898e-01 -2.560442e-01 -3.404930e-01 3.496151e-01 
-1.556862e+01 9.047260e-01 -9.450876e-01 -4.232602e-01 -1.539568e+00 9.223655e-01 1.381193e+00 3.152487e+00 1.535475e+00 2.384268e+00 2.221820e+00 6.843424e-01 7.372828e+00 -8.251931e-03 -2.611205e+00 -2.478525e+00 1.051763e-01 2.342443e+00 -4.516406e-01 1.086029e+00 -3.676420e+00 -1.298160e-01 -2.880383e+00 7.749246e-02 -8.241529e-01 1.050953e+00 1.018611e-01 -1.560770e-01 -1.992635e-01 8.286200e-01 -1.933740e-01 -5.057721e-01 -5.702881e-01 -1.281603e+00 -4.984343e-01 -1.468998e-01 -2.710343e-01 -3.613634e-01 2.124372e-01 
-1.506576e+01 -4.246571e+00 -7.167026e+00 3.152157e+00 6.568033e+00 3.792380e+00 7.643826e+00 1.574947e+00 8.562636e+00 1.775490e+00 4.383990e+00 9.738196e-02 1.102336e+01 2.591426e-01 -2.165936e+00 -2.471580e+00 1.271742e+00 1.138667e+00 -1.618450e+00 -6.957173e-01 -5.054413e+00 -1.195825e+00 -2.393379e+00 -2.929813e-01 -1.125997e+00 1.239637e+00 6.681947e-02 4.175836e-01 9.725081e-01 8.748864e-01 -1.176040e+00 -2.822975e-01 -9.976318e-01 -2.062239e-01 -9.848039e-01 6.626807e-01 -4.480001e-01 -5.693211e-02 -2.261779e-01 
-1.586844e+01 -8.414669e+00 -9.515635e+00 1.469349e+00 5.929972e+00 -3.294385e+00 3.696274e+00 -1.251984e+01 2.258760e+00 -7.654257e+00 1.963435e+00 -2.832218e+00 1.122290e+01 2.215682e-01 -1.238685e+00 -1.290708e+00 2.575128e+00 -1.084288e+00 -1.071554e+00 -1.457375e+00 -3.706861e+00 -1.971286e+00 -5.432140e-01 -1.535528e-01 -1.361074e+00 6.628407e-01 -8.798547e-02 6.799387e-01 1.761621e+00 4.659310e-01 -1.215093e+00 4.191514e-01 -7.928713e-01 1.611529e+00 -2.488819e-01 1.687902e+00 -2.101088e-02 6.164805e-01 -4.903265e-01 
-1.438643e+01 -5.649625e+00 -9.548470e+00 6.134851e+00 -1.653493e+00 -4.559299e+00 -6.177101e-01 -1.123606e+01 -3.014286e+00 -4.292906e+00 1.208103e+00 -3.682314e+00 1.149111e+01 1.623239e-01 -3.222699e-01 2.281563e+00 2.740250e+00 -2.611853e+00 -1.798608e-01 -2.271193e+00 -1.364773e+00 -3.150045e+00 1.146111e+00 -1.325429e+00 4.171118e-02 -3.640391e-01 -2.531057e-01 5.335460e-01 1.731968e+00 -4.189129e-01 -3.880090e-01 6.140946e-01 -2.441994e-02 2.412015e+00 7.893699e-01 1.491142e+00 3.449204e-01 9.630095e-01 -4.882657e-01 
-1.480058e+01 -4.587069e+00 -6.208146e+00 1.096100e+01 -2.850310e+00 -2.596219e-01 -1.774917e+00 -8.976171e+00 -2.532757e+00 2.702346e+00 3.041664e+00 -4.231126e+00 1.045307e+01 -3.997016e-01 -1.333584e-01 3.952996e+00 1.700667e+00 -1.857759e+00 9.247715e-01 -2.090576e+00 2.536284e+00 -3.970132e-01 3.789399e+00 4.886551e-01 1.674348e+00 -5.988799e-01 -1.620127e-01 6.371399e-01 7.382165e-01 -1.315578e+00 5.369645e-01 3.684712e-01 5.583723e-01 2.096616e+00 1.396281e+00 4.642234e-01 4.809664e-01 7.772177e-01 -2.558537e-01 
-1.478777e+01 -7.771968e+00 2.586946e+00 1.210757e+01 -2.101544e+00 1.375332e+00 -9.764877e-01 -7.020867e+00 -4.792181e+00 2.327666e+00 -2.782587e+00 1.006000e+00 9.588078e+00 -6.957242e-01 -5.087136e-02 3.566501e+00 -3.856011e-01 -4.148104e-01 4.537669e-01 -5.010903e-01 3.884140e+00 1.963951e+00 2.896186e+00 1.110474e+00 2.171437e+00 -5.709018e-01 4.740249e-02 8.440006e-01 -8.192993e-01 -1.483379e+00 8.990747e-01 8.573595e-02 8.876914e-01 1.003917e+00 1.264840e+00 -4.713685e-01 4.367155e-01 -7.458769e-02 7.470518e-03 
-1.766591e+01 -8.020190e+00 4.181983e+00 6.986158e+00 -3.134519e+00 -1.638054e+00 -6.577145e+00 -1.946044e+00 1.162537e+00 7.982315e+00 6.402351e+00 3.195181e+00 9.180006e+00 -1.597424e-01 1.811234e+00 1.757821e+00 -2.439850e+00 5.018661e-01 4.539522e-01 4.496096e-01 4.151894e+00 2.452979e+00 9.029823e-01 1.033370e+00 1.460168e+00 -5.130532e-01 2.476401e-01 8.843126e-01 -1.482690e+00 -9.331582e-01 7.778567e-01 -1.028669e-01 8.119652e-01 -3.309667e-01 1.810970e-01 -1.121048e+00 -4.148025e-01 -6.340554e-01 6.505224e-02 
-1.643249e+01 -4.187514e+00 3.089106e+00 6.194270e+00 -3.585388e+00 -1.601198e+00 -7.225477e-01 4.669729e+00 4.958100e+00 7.547957e+00 5.080185e+00 3.461784e+00 9.273326e+00 2.792220e-01 2.925294e+00 -7.173586e-01 -2.606393e+00 7.036611e-01 4.840676e-01 8.971760e-01 2.847048e+00 1.749126e+00 2.324810e-01 5.857921e-01 -2.240556e-01 -3.695807e-01 1.179407e-01 3.690259e-01 -1.246254e+00 -8.952028e-02 4.625184e-01 -1.710886e-01 1.597207e-01 -1.082215e+00 -7.550948e-01 -8.753366e-01 -5.858253e-01 -5.502169e-01 6.386424e-02 
-1.477638e+01 2.676883e+00 2.329896e+00 1.718763e+00 4.011842e-01 3.498265e+00 3.461302e-01 5.938048e+00 4.857038e+00 4.606814e+00 4.277141e+00 1.841790e+00 8.045191e+00 3.509911e-01 2.800108e+00 -1.318488e+00 -1.854764e+00 1.472431e+00 3.952967e-01 1.270053e+00 1.399997e+00 6.157342e-01 -4.840814e-01 -1.323114e+00 -2.983331e-01 -3.743113e-01 -1.177936e-01 -5.650212e-01 -5.446866e-01 6.066862e-01 -1.100080e-01 -5.177341e-01 -8.643952e-02 -1.199300e+00 -8.385553e-01 -4.677090e-01 -3.342499e-01 -7.586338e-02 8.042353e-02 
-1.483616e+01 1.505903e+00 -7.377072e-02 1.709226e+00 -3.508018e-01 1.227537e+00 4.792544e-02 3.272052e+00 2.106573e+00 5.177447e+00 1.209111e+00 5.629621e-01 8.307408e+00 -3.615308e-01 1.299976e+00 -1.126563e+00 -1.125756e+00 1.412580e+00 -3.723213e-01 -1.128776e-01 -1.510970e-01 -8.929347e-01 -7.870892e-01 -6.404841e-01 2.998053e-01 -3.209906e-01 -8.442063e-02 -8.564323e-01 1.678107e-01 7.323027e-01 -4.905297e-01 -3.815444e-01 -3.240480e-01 -1.113705e+00 -7.215092e-01 -6.035849e-01 -8.539996e-02 7.206592e-02 6.861625e-02 
-1.670906e+01 3.134109e+00 -8.293321e-01 -4.473839e-02 2.610445e+00 -1.075993e+00 -6.120522e-01 5.753031e+00 5.666721e+00 6.747533e+00 1.722186e+00 3.153131e+00 7.791499e+00 -4.281309e-01 -2.011272e-01 -7.609028e-01 -1.466053e-01 -4.025421e-01 -1.706572e+00 5.223107e-01 -3.454002e-01 -4.188070e-01 -9.257708e-01 -2.471948e-02 8.189320e-01 -1.352804e-01 -2.653930e-01 -1.156351e+00 4.488037e-01 7.751245e-01 -5.490803e-01 -1.533780e-01 -5.684899e-01 -1.211538e+00 -5.298875e-01 -2.309604e-01 1.812980e-02 -4.532132e-01 2.675702e-01 
-1.727359e+01 2.083549e+00 -9.643248e-01 1.447342e+00 2.372933e+00 -1.175874e+00 -8.077491e-01 4.006966e+00 8.850800e-02 2.542076e+00 3.155568e+00 4.304510e+00 7.795186e+00 2.470154e-01 1.437010e-01 -1.570175e-01 2.011244e-01 -8.114063e-01 -3.726919e-01 -3.491563e-01 -1.848789e+00 -1.341154e+00 -2.564553e+00 -4.903714e-01 -4.222379e-01 -1.460257e-01 -4.821654e-01 -1.126510e+00 5.028267e-01 6.880775e-01 -1.101796e-01 1.941638e-02 -6.425777e-01 -1.074342e+00 -1.385883e-01 4.457672e-01 -2.723592e-01 -8.267870e-01 4.355634e-01 
-1.569860e+01 1.382253e+00 -1.029334e+00 1.116869e+00 -2.973091e+00 -3.832858e+00 3.385422e+00 3.843595e+00 3.771912e+00 1.295605e+00 3.180432e+00 4.065651e+00 7.625136e+00 -1.280016e+00 -2.403693e+00 4.408046e-01 1.357418e+00 -1.608468e-01 -3.714873e-01 -1.454252e+00 -3.808934e+00 -1.809500e+00 -7.501158e-01 -1.307444e+00 -2.203267e+00 8.760559e-01 -1.168279e-02 -8.520477e-01 3.514262e-01 -2.515739e-03 2.470133e-01 1.430523e-01 -5.929061e-01 -4.099776e-01 -1.248461e-01 7.807368e-01 -2.487763e-01 -5.009241e-01 5.139230e-01 
-1.410654e+01 3.100429e+00 -7.590165e-01 2.133963e+00 -1.616054e+00 7.421373e-01 -3.696607e+00 -5.017118e+00 -3.651966e+00 -4.919219e+00 -1.971815e+00 -2.005098e+00 7.660621e+00 -2.346214e+00 -3.231475e+00 7.866221e-01 1.562646e+00 7.409244e-01 -9.428456e-01 -2.337457e+00 -3.791064e+00 -8.904884e-01 1.353884e+00 -1.360776e+00 -2.322927e+00 1.351144e+00 7.260109e-01 -2.096736e-01 -5.837478e-02 -6.736329e-01 -1.448868e-01 -2.122160e-01 3.159285e-01 7.974440e-01 3.740218e-01 7.865707e-01 2.041048e-01 5.266207e-01 3.875584e-01 
-2.469263e+01 -9.392331e+00 1.272508e+00 6.398935e+00 3.800821e+00 -3.892197e+00 -6.438693e+00 -8.779817e+00 -1.510646e+00 6.727230e+00 -2.251368e+00 -4.708411e+00 1.223905e+01 8.100349e-01 -2.773753e+00 5.243652e-01 -8.400974e-01 5.642670e-02 -7.063704e-01 -1.448004e+00 -1.424139e+00 -1.268323e+00 1.018633e+00 -8.334225e-01 -7.353464e-01 1.685801e+00 1.342348e+00 1.625634e+00 -3.840296e-01 -9.375381e-01 -5.996830e-01 6.223456e-02 1.010891e+00 1.560429e+00 4.768519e-01 -3.717155e-01 3.110035e-01 1.104815e+00 -7.595631e-02 
-2.450809e+01 -8.685960e+00 1.817786e+00 6.619373e+00 2.690555e+00 -5.859965e+00 -7.582921e+00 -8.637059e+00 -1.722677e+00 6.595570e+00 -9.325624e-01 -2.923254e+00 1.224389e+01 2.831895e+00 -7.195017e-01 -4.905985e-01 -2.068298e+00 -1.644498e+00 -1.266424e+00 1.227360e+00 9.461179e-01 2.582482e-01 4.839501e-01 2.931347e-01 1.476819e+00 1.386826e+00 5.252423e-01 2.082155e+00 -7.540847e-01 -3.147711e-01 -5.513102e-01 4.407084e-01 9.284917e-01 1.127730e+00 1.267203e-01 -9.002101e-01 2.761212e-03 6.881744e-01 -3.771996e-01 
-6.448408e+00 -6.593145e+00 3.043416e-01 -5.326438e+00 -4.844200e+00 -4.063211e+00 -1.911706e+00 -1.466752e+00 -3.534259e+00 6.314557e-01 -1.506453e+00 8.477723e-01 1.376236e+01 2.842432e+00 4.468611e+00 -8.406050e-01 -1.514793e+00 -1.966682e+00 1.015559e-01 1.817868e+00 1.624589e+00 2.800071e-04 -2.173779e+00 -5.794062e-01 1.420988e+00 4.784145e-01 -1.501254e+00 1.316619e+00 -9.151602e-01 9.427550e-01 2.633092e-01 5.315438e-01 1.935677e-01 1.549076e-01 1.180653e-02 -3.461526e-01 2.252082e-02 3.598933e-02 -5.333128e-01 
-9.069430e+00 -1.897229e+00 -2.727854e+00 -2.344845e+00 -5.516479e+00 -5.504668e+00 1.763931e-01 -3.942577e+00 -1.348551e+00 5.483986e-01 -8.788021e-01 2.600851e+00 1.383309e+01 -7.362807e-01 3.558180e+00 -2.301372e+00 3.261409e-01 -1.004029e+00 8.568497e-01 6.719729e-01 3.233784e-01 -8.911556e-01 -1.551082e+00 -1.474028e+00 3.975221e-02 6.874392e-02 -2.051149e+00 -2.780600e-01 -6.250675e-01 1.215208e+00 8.761463e-01 5.027165e-01 -3.313609e-01 -2.745712e-01 -3.350079e-01 1.740685e-01 1.232115e-01 -3.615164e-01 -3.975411e-01 
-1.819960e+01 9.556045e+00 -6.581865e-01 3.307307e+00 -1.929248e+00 -3.562331e+00 -1.229096e+00 -3.004093e+00 -1.696520e+00 -1.117973e+00 -5.175253e+00 -3.660307e-01 1.383655e+01 -4.912406e+00 1.670520e+00 -3.146018e+00 2.676540e+00 1.052789e+00 8.897450e-01 -2.025234e-01 -3.381309e-01 -6.345218e-01 3.055564e-01 1.626988e-01 1.631672e-01 -3.218015e-01 -1.153872e+00 -1.826341e+00 -2.393232e-01 5.056486e-01 6.827120e-01 1.531631e-02 -1.663617e-01 -2.012141e-01 4.579998e-03 8.248620e-01 4.847140e-01 4.910345e-02 -6.681596e-02 
-2.231402e+01 1.030221e+00 -9.207838e+00 3.933042e+00 -3.787072e+00 -1.826023e+00 -4.564263e+00 -6.251939e+00 -7.097182e+00 -2.846332e-01 -6.468524e+00 -2.117809e+00 1.255081e+01 -3.546408e+00 -7.109296e-01 -2.463202e+00 1.912125e+00 1.226379e+00 8.530506e-01 5.806231e-01 5.547855e-01 -1.099532e+00 1.147138e-01 5.380694e-01 2.981728e-01 -2.006980e-01 2.663745e-01 -1.277876e+00 5.629162e-01 -4.280130e-01 1.098997e-01 -2.990782e-01 1.260734e-01 1.586291e-01 6.514734e-01 7.076014e-01 3.657778e-01 3.395021e-01 2.090672e-01 
-2.438807e+01 2.961670e-01 -1.218597e+01 4.917125e+00 -4.445988e-01 -1.453772e+00 -5.538091e-01 -2.003249e+00 -3.832292e+00 2.575607e+00 2.101867e+00 4.023168e+00 1.279459e+01 -1.521765e+00 -2.528394e+00 -1.956216e+00 2.203577e-01 3.317163e-01 1.799486e-01 1.031787e+00 5.026886e-01 1.273738e-01 1.117602e+00 8.381167e-01 1.537220e+00 2.790532e-01 1.081053e+00 -4.245182e-01 9.351678e-01 -9.622022e-01 -3.480413e-01 -2.800573e-01 -7.948630e-02 8.562990e-02 7.901992e-01 6.661943e-02 -4.974748e-01 -6.749484e-02 3.426083e-01 
-2.370731e+01 -8.217544e-01 -9.280144e+00 6.411039e+00 -1.265747e-01 -2.293363e+00 2.742085e+00 -1.668776e+00 -5.778226e+00 -7.245281e-01 -1.826998e+00 1.897278e+00 1.335060e+01 -1.099699e+00 -7.316322e-01 -8.161454e-02 -5.859117e-01 -9.411692e-02 -2.837357e-01 6.851310e-01 6.957802e-01 1.985189e+00 1.581077e+00 1.712687e-02 1.050090e+00 8.136795e-01 1.079916e+00 6.282399e-01 7.485713e-01 -8.704349e-01 -4.967049e-01 -2.646292e-01 -4.560794e-01 -6.909985e-02 6.927595e-01 -1.754327e-01 -4.638987e-01 -2.180265e-01 2.576055e-01 
-2.511104e+01 -2.160215e+00 -1.040287e+01 3.170130e+00 -2.101142e+00 -2.428994e+00 2.769041e-01 -2.781970e+00 -1.719110e+00 4.689563e+00 -3.305405e+00 5.312833e+00 1.483173e+01 -7.305153e-01 -4.417953e-01 3.388342e-01 -8.854488e-01 -2.715768e-02 5.791174e-02 -6.520777e-01 1.927796e-02 1.774145e+00 -9.455330e-02 -2.064240e+00 -5.502238e-01 8.840303e-01 1.473641e+00 1.137571e+00 7.248807e-01 -4.327757e-01 -5.122002e-01 -4.039891e-01 -7.037181e-01 1.463456e-02 -8.225690e-02 -8.852012e-01 -2.432875e-01 -5.938455e-01 1.320167e-01 
-2.745122e+01 -1.399401e+00 -1.050702e+01 1.877580e+00 -3.429597e+00 -2.757386e+00 -1.553926e+00 -2.383591e+00 1.772078e+00 6.563577e+00 -3.679375e+00 2.488140e+00 1.560041e+01 1.457547e+00 1.386991e+00 1.322477e-01 -1.887111e+00 -1.077638e+00 -4.089231e-01 -8.577803e-01 4.511975e-01 1.540861e+00 -1.563002e-01 -3.301978e-01 2.516473e-01 7.848903e-01 2.026721e+00 2.462576e-01 6.092516e-01 -3.784298e-01 -7.643566e-01 -7.183414e-01 -8.902964e-01 2.631182e-01 -1.044926e+00 -8.937929e-01 -4.603215e-02 -7.696360e-01 7.799904e-02 
-2.616941e+01 -1.623631e+00 -9.877827e+00 2.756763e+00 1.070645e+00 -9.322527e-01 -1.666419e+00 -1.549726e+00 1.262806e+00 -1.541256e+00 -7.293071e+00 9.760886e-01 1.608959e+01 4.567673e+00 2.100100e+00 1.561377e+00 -1.292955e+00 -1.737599e+00 -1.777366e+00 -1.715332e+00 6.982033e-01 -6.176578e-02 -2.439689e+00 -2.046588e-01 -1.032946e+00 9.535027e-01 1.670086e+00 -8.595735e-01 5.670477e-01 -4.334561e-01 -9.241127e-01 -7.429417e-01 -7.003214e-01 6.444318e-01 -1.245848e+00 -1.484909e-01 -8.926103e-02 -9.164937e-01 1.199670e-01 
-1.589026e+01 5.844711e+00 -8.881467e+00 -2.817631e+00 -7.100963e+00 -5.086347e+00 -5.751094e-01 -2.939205e-02 4.348922e-01 1.609068e+00 -1.484277e+00 5.324104e+00 1.664605e+01 6.384564e+00 -7.712584e-01 2.353439e+00 -2.274291e+00 -3.060847e+00 -2.957797e+00 -3.234861e+00 1.671991e+00 -2.321656e+00 -1.715284e+00 -1.142907e+00 -2.556697e+00 1.168880e+00 1.686069e-01 -2.079600e+00 1.521215e-01 -3.072443e-01 -2.629028e-01 4.296003e-02 -2.145147e-01 6.409966e-01 -9.311972e-01 1.389063e-01 -7.585894e-01 -1.167193e+00 1.037472e-01 
-8.053280e+00 4.718485e+00 -3.408788e+00 -9.470288e-01 -8.953151e+00 -1.015153e+01 -8.789052e+00 -4.679698e-01 -1.359251e+00 -5.031807e+00 -5.426247e+00 -1.269447e+00 1.907652e+01 5.156339e+00 -3.660408e+00 2.063512e+00 -2.859159e+00 -3.656371e+00 -2.382454e+00 -2.965167e+00 2.630786e+00 -2.523805e+00 -5.757987e-02 -2.104127e+00 -3.728487e+00 1.291809e+00 -1.362680e+00 -2.025873e+00 -6.744360e-01 -3.027792e-01 5.848799e-01 1.092111e+00 8.818572e-01 3.119275e-01 -7.769589e-02 5.736348e-01 -5.265465e-01 -3.303896e-01 -6.196698e-02 
-4.586414e+00 -8.426665e+00 -1.974283e+00 -7.641950e+00 -1.372190e+01 -1.293678e+01 -1.416705e+01 5.436080e+00 -8.524729e+00 -2.677141e-01 -1.032716e+01 -9.172606e+00 1.995119e+01 2.006253e+00 -6.130815e+00 6.416588e-01 -2.640270e+00 -1.432958e+00 1.084129e-01 -1.305441e+00 2.689849e+00 -1.883999e+00 -6.528894e-01 -3.173346e+00 -4.236350e+00 1.134415e+00 -1.945190e+00 -5.114245e-01 -1.041196e+00 3.031483e-01 1.336089e+00 1.667768e+00 1.589128e+00 -4.049679e-01 7.149130e-01 1.436264e-01 1.589832e-01 7.621135e-01 -2.047454e-01 
-6.039481e+00 -1.279039e+01 -3.014092e+00 -9.126695e+00 -1.390024e+01 -8.919421e+00 -9.696313e+00 8.872035e+00 -6.876035e+00 -8.903347e-01 -1.339217e+01 -1.041762e+01 2.089591e+01 -5.656187e-02 -5.349290e+00 -9.549221e-01 -2.623878e+00 3.729925e-01 2.150143e+00 1.729263e+00 1.748773e+00 -6.688805e-01 -1.026451e-01 -1.822154e+00 -1.845102e+00 6.608808e-01 -1.351834e+00 8.422337e-01 -9.011968e-01 7.574345e-01 1.234368e+00 1.191823e+00 1.145560e+00 -9.623384e-01 6.627871e-01 -1.662046e-01 6.818179e-01 1.328878e+00 -2.747163e-01 
-6.865874e+00 -1.605511e+01 -5.870830e+00 -1.192930e+01 -1.179162e+01 -5.160429e+00 -6.648701e+00 8.749893e+00 -6.226465e+00 -3.726273e+00 -1.336798e+01 -1.128419e+01 2.140836e+01 -7.350879e-01 -2.484078e+00 -1.343292e+00 -8.760507e-01 1.604859e+00 3.114762e+00 2.363600e+00 8.803373e-02 3.254088e-01 -9.745707e-01 -4.890359e-01 3.120489e-01 4.605734e-01 -2.700955e-01 1.623802e+00 -4.062036e-01 1.112001e+00 3.393563e-01 2.265330e-01 2.781253e-01 -8.788188e-01 4.133531e-01 1.635676e-01 9.217345e-01 1.169059e+00 -2.447253e-01 
-7.196526e+00 -1.821390e+01 -6.235012e+00 -1.192269e+01 -8.053022e+00 -3.288856e+00 -3.902289e+00 6.618848e+00 -5.852735e+00 -3.815482e+00 -1.301652e+01 -9.439208e+00 2.165237e+01 -2.321078e-01 -1.272650e+00 -1.450002e+00 4.594646e-02 9.966077e-01 2.073511e+00 9.281308e-01 -8.799990e-01 -3.143966e-01 -7.277077e-01 -3.718435e-02 6.416453e-01 2.550623e-01 4.888355e-01 1.447961e+00 -7.814313e-02 1.191224e+00 -5.563990e-01 -5.840960e-01 -5.974617e-01 -4.786828e-01 2.230939e-01 3.221955e-01 6.628911e-01 1.864700e-01 -1.789973e-01 
-7.683253e+00 -1.813500e+01 -7.080458e+00 -1.062428e+01 -8.621037e+00 -1.781691e-01 -5.246207e+00 7.002797e+00 -7.409482e+00 -3.677976e+00 -1.296007e+01 -8.100990e+00 2.187588e+01 7.436336e-01 -4.990093e-02 -1.141886e+00 1.584830e+00 -4.791046e-02 1.279392e+00 4.857709e-01 -3.897735e-01 5.728472e-03 4.774767e-01 5.427883e-01 3.654307e-01 1.137523e-01 7.715953e-01 9.871867e-01 1.038512e-01 8.894296e-01 -8.095274e-01 -1.102268e+00 -6.710700e-01 -2.697762e-01 2.356514e-01 6.094865e-01 4.412958e-01 -5.451141e-01 -1.871436e-01 
-6.791394e+00 -1.811378e+01 -9.659251e+00 -9.549231e+00 -1.050302e+01 -1.042822e+00 -5.756749e+00 5.345376e+00 -7.856532e+00 -4.552845e+00 -1.378227e+01 -8.801095e+00 2.193763e+01 1.648401e+00 6.733974e-01 -1.446254e+00 2.101944e+00 -1.582584e+00 1.472386e-01 -3.191481e-01 -4.056751e-01 6.065052e-01 7.824763e-01 9.762987e-01 -9.395689e-01 -6.067198e-02 4.767757e-01 9.390872e-01 6.458073e-01 6.418962e-01 4.920377e-03 -1.004078e+00 -6.106488e-01 -5.064511e-01 -3.309276e-02 3.960734e-01 5.558410e-01 -4.241274e-01 -2.545930e-01 
-3.350620e+00 -1.635500e+01 -9.868208e+00 -5.191828e+00 -1.080614e+01 1.137343e-01 -3.292567e+00 7.437252e+00 -5.196032e+00 -9.703155e-01 -1.027105e+01 -9.775605e+00 2.183441e+01 2.182594e+00 1.479021e+00 -8.260536e-01 2.542999e+00 -1.153311e+00 -1.433495e+00 -3.680889e-01 -1.497741e+00 1.043050e+00 1.317782e+00 1.210816e+00 -1.622922e+00 -3.172736e-01 -1.311428e-01 8.700464e-01 1.141480e+00 1.589487e-01 9.363550e-01 -7.129309e-01 -6.882932e-01 -8.523387e-01 -5.686857e-01 -1.319439e-01 5.668942e-01 2.004887e-03 -2.925848e-01 
-1.120971e+00 -1.573675e+01 -1.207254e+01 -4.129253e+00 -1.487323e+01 -2.698416e+00 -6.474970e+00 4.373392e+00 -3.926616e+00 -1.257016e+00 -9.479433e+00 -1.329954e+01 2.136965e+01 1.432299e+00 2.658262e+00 1.621016e+00 2.776203e+00 1.573902e+00 -1.590558e+00 -1.698292e+00 -2.858318e+00 -9.985682e-01 8.323967e-01 2.407978e+00 -4.847616e-01 -8.024312e-01 -6.746666e-01 6.698607e-01 1.435809e+00 -1.414423e-01 1.441011e+00 -1.284818e-01 -3.535793e-01 -6.077197e-01 -7.617289e-01 -4.259704e-01 4.041235e-01 5.733110e-01 -2.167709e-01 
3.947156e-01 -1.192899e+01 -1.000420e+01 -6.191232e-01 -1.220263e+01 -6.517853e+00 -6.727579e+00 -1.610523e-05 -4.159256e+00 1.262689e+00 -9.057415e+00 -1.396669e+01 2.057355e+01 1.959222e-01 3.307807e+00 3.031845e+00 2.042496e+00 3.055719e+00 -1.416352e+00 -2.266081e+00 -3.425174e+00 -2.035111e+00 -2.072164e-01 2.661460e+00 1.481485e-01 -9.782746e-01 -8.918183e-01 5.091462e-02 8.836551e-01 -4.321379e-01 7.800295e-01 3.359243e-01 6.350083e-03 1.261373e-01 -5.363440e-01 -6.782053e-01 2.157448e-02 6.930220e-01 -1.653197e-02 
-1.502858e+00 -7.036069e+00 -1.486054e+00 2.045568e+00 -1.935286e+00 -5.679737e+00 -1.253059e+01 -5.227388e+00 -1.336777e+01 -1.507110e+00 -2.349145e+00 -9.129688e+00 1.855600e+01 -7.315093e-01 3.108221e+00 3.803954e+00 1.645153e+00 3.518013e+00 -5.036244e-01 -1.138077e+00 -2.480615e+00 -1.662947e+00 -5.849181e-01 2.271666e+00 1.041601e+00 -8.139874e-01 -5.800088e-01 -7.701803e-01 -4.170291e-01 -6.433557e-01 -8.106710e-01 1.582267e-01 6.241482e-01 1.051510e+00 3.756211e-01 -4.597538e-01 -5.889671e-01 1.724884e-01 2.539688e-01 
-2.179817e+00 -4.166752e+00 -2.460049e-03 1.932965e+00 -1.996878e+00 -5.477026e+00 -1.159504e+01 -4.887761e+00 -1.065099e+01 -1.881175e+00 -5.290245e-01 -1.112033e+01 1.834977e+01 -1.194529e+00 1.508619e+00 2.500717e+00 9.480546e-01 1.774894e+00 -2.973571e-01 -6.163898e-01 -1.056129e+00 -1.306462e+00 -1.364721e+00 1.386838e+00 1.078985e+00 -3.941798e-01 -1.179453e-01 -1.244435e+00 -1.373232e+00 -7.285317e-01 -1.793280e+00 -2.238822e-01 7.728034e-01 1.517918e+00 5.889224e-01 -1.571356e-01 -9.681094e-01 -2.526233e-01 3.815941e-01 
-3.491989e+00 -4.076784e+00 1.946145e+00 2.820217e+00 -2.386156e+00 -5.736864e+00 -9.731592e+00 -5.585569e+00 -8.995558e+00 -2.609616e+00 -2.385433e+00 -9.515071e+00 1.841153e+01 -7.724634e-01 -2.931569e-01 -1.985773e-01 1.068155e-01 -1.839070e+00 -1.358809e+00 5.975678e-01 1.214477e+00 5.152156e-01 -8.875524e-01 1.004634e-01 -8.774400e-02 1.753853e-01 2.378558e-01 -1.102951e+00 -1.665625e+00 -7.811766e-01 -2.003468e+00 -3.965498e-01 6.070449e-01 1.303715e+00 5.160055e-01 -4.077661e-02 -1.018379e+00 -6.195125e-01 3.484755e-01 
-4.584042e+00 -5.865550e+00 7.836156e-01 3.733511e+00 -3.102716e+00 -7.975895e+00 -1.120864e+01 -5.101123e+00 -1.287752e+01 -5.009351e+00 -2.105208e+00 -8.379298e+00 1.867490e+01 -3.734592e-01 -1.213615e+00 -1.833080e+00 -8.311365e-01 -3.232028e+00 -2.108172e+00 7.301906e-01 2.316993e+00 -1.796305e-01 -8.416157e-01 -1.093493e+00 -5.503871e-01 4.349605e-01 4.803405e-01 -4.322402e-01 -9.236846e-01 -4.483396e-01 -1.268383e+00 6.379849e-02 4.334540e-01 4.838336e-01 5.051064e-01 -4.183731e-02 -7.877746e-01 -4.827583e-01 1.987388e-01 
-4.163255e+00 -7.652471e+00 -2.871802e+00 1.679517e+00 -1.057789e+01 -1.122443e+01 -9.735919e+00 9.513522e-01 -9.678814e+00 -4.381193e+00 -1.058899e+00 -1.093869e+01 1.927053e+01 4.701623e-02 -1.045406e+00 -2.357373e+00 -1.371199e+00 -3.995868e+00 -1.580921e+00 1.223763e+00 2.351522e+00 3.537631e-01 -1.050260e+00 -1.579979e+00 -1.241250e+00 5.137590e-01 5.407152e-01 4.829597e-01 3.431633e-01 4.275742e-01 2.030432e-01 3.994964e-01 -2.346087e-02 -1.245533e+00 -5.986648e-02 1.400730e-01 -1.720470e-01 -1.498535e-01 1.990817e-02 
-3.711159e+00 -8.447428e+00 -6.758731e+00 -1.651989e+00 -1.406126e+01 -1.327401e+01 -7.942031e+00 3.428208e+00 -1.120782e+01 -5.203766e+00 -6.659708e+00 -1.316038e+01 2.009520e+01 7.973113e-01 -2.766595e-01 -1.038373e+00 -5.546576e-01 -3.488629e+00 1.327832e-01 1.237679e+00 7.946734e-01 1.299683e+00 -1.492448e+00 -1.711840e+00 -7.580377e-01 4.302975e-01 5.015020e-01 1.023376e+00 1.155653e+00 1.123313e+00 1.278110e+00 3.092528e-01 -3.538190e-01 -2.278114e+00 -3.951304e-01 5.800521e-01 6.527842e-01 -2.580521e-02 -8.061133e-02 
-3.693131e+00 -8.012808e+00 -6.069173e+00 -1.342789e+00 -1.688644e+01 -1.099260e+01 -5.245874e+00 1.907359e+00 -8.061430e+00 -7.763770e+00 -8.008082e+00 -1.333118e+01 2.026986e+01 1.345818e+00 1.653214e+00 1.120093e+00 2.106425e+00 -6.956035e-01 -4.818486e-01 2.265837e-01 -4.251909e+00 -5.236622e-01 1.381179e-01 -4.506619e-01 -7.330609e-01 2.772961e-01 2.802546e-01 9.754072e-01 1.165014e+00 1.110768e+00 1.743655e+00 -1.903209e-01 -5.157014e-01 -2.160313e+00 -9.359359e-01 1.018652e+00 9.790449e-01 -8.101718e-02 -1.087840e-01 
-8.330142e-01 -7.068365e+00 -2.809447e+00 2.471771e+00 -1.739166e+01 -7.428208e+00 -7.265079e+00 -1.605901e+00 -7.187939e+00 -1.078028e+01 -7.189583e+00 -1.097293e+01 2.032677e+01 1.484784e+00 2.553941e+00 2.206601e+00 3.046562e+00 1.508318e+00 -1.111492e+00 -5.403754e-01 -5.771806e+00 -1.716765e+00 1.464555e+00 1.605775e+00 -9.335287e-01 1.501780e-01 -1.711903e-01 4.611676e-01 5.349895e-01 2.747847e-01 1.384633e+00 -4.918234e-01 -3.260461e-01 -8.989294e-01 -9.126570e-01 1.006348e+00 7.931077e-01 -2.034837e-01 -9.154580e-02 
1.126704e+00 -7.570446e-02 7.537647e-01 1.015004e+01 -1.239063e+01 -1.655682e+01 -8.941483e+00 -1.779102e+01 -1.430705e+01 -9.023318e-01 -3.047356e+00 -1.569810e+01 2.054129e+01 1.104467e+00 2.416462e+00 1.845351e+00 2.382139e+00 2.224003e+00 -1.910430e+00 -4.656864e-01 -5.166936e+00 -2.817800e+00 2.564421e+00 1.656435e+00 -1.558603e+00 1.099002e-01 -4.589560e-01 -3.181102e-01 -1.964917e-01 -8.176199e-01 3.481618e-01 1.731899e-01 -3.472989e-02 9.938262e-01 3.615167e-02 1.630372e-01 9.599477e-02 7.033098e-02 -6.756756e-02 
1.303179e+00 3.538394e-01 8.625549e-01 7.834531e+00 -8.767570e+00 -1.604931e+01 -8.796041e+00 -1.558164e+01 -1.666872e+01 -1.311157e+00 -1.110979e+00 -1.664486e+01 2.071065e+01 6.192670e-02 1.647392e+00 1.274096e+00 6.814108e-01 1.974625e+00 -1.611963e+00 -4.642420e-02 -3.242532e+00 -2.116504e+00 2.326024e+00 1.200221e+00 -1.362706e+00 5.624161e-02 -3.790885e-01 -5.345254e-01 -4.150418e-01 -1.084034e+00 -3.527299e-01 6.751305e-01 -3.624842e-02 1.406415e+00 6.306231e-01 -2.029579e-01 -5.414608e-01 3.563412e-01 -4.872924e-02 
7.614216e-01 3.579918e-01 1.321265e+00 7.886247e+00 -1.007831e+01 -1.623396e+01 -6.809119e+00 -1.693911e+01 -1.740984e+01 3.238369e-01 -2.765115e+00 -1.828783e+01 2.062747e+01 -2.372768e-01 5.160250e-01 6.037368e-01 -7.990081e-01 8.120112e-01 6.342739e-01 -1.940984e-01 -5.474271e-01 -1.429368e-01 5.225419e-01 2.320569e-01 -1.669190e-01 -1.363622e-02 -5.840491e-02 -2.118331e-01 -3.192333e-01 -8.301220e-01 -5.048814e-01 9.102290e-01 -1.859026e-01 1.024744e+00 8.550011e-01 -2.955041e-01 -5.374483e-01 4.340054e-01 -3.243665e-02 
-3.410684e-01 9.517867e-01 3.277167e+00 7.010365e+00 -8.674578e+00 -1.564942e+01 -8.563401e+00 -1.824454e+01 -1.621929e+01 2.367807e-01 -1.329716e+00 -1.649140e+01 2.056479e+01 2.603354e-01 8.314167e-01 7.520072e-01 -7.830532e-01 4.506148e-01 9.918593e-01 -8.574963e-01 -1.049617e+00 9.890834e-02 1.470655e+00 -3.892279e-01 1.522297e-01 -3.168011e-02 2.836677e-01 2.485481e-01 -1.417366e-01 -2.621261e-01 -5.167173e-01 7.068321e-01 -1.447028e-01 6.568131e-01 5.563438e-01 -4.009379e-01 -2.952985e-01 3.336339e-01 -2.635117e-02 
7.623704e-01 2.205815e+00 2.565387e+00 6.566923e+00 -8.377085e+00 -1.358508e+01 -1.002813e+01 -1.919642e+01 -1.524633e+01 9.363059e-01 -1.777606e+00 -1.660975e+01 2.054613e+01 7.132162e-01 1.765461e+00 5.101445e-01 -1.036255e+00 4.615071e-01 1.338789e+00 -9.897404e-01 -1.139878e+00 3.494265e-01 1.514724e+00 -2.359990e-01 -1.458601e-01 -8.297397e-03 1.383438e-01 1.775440e-01 -3.609616e-02 2.446350e-01 -2.350570e-01 3.912118e-01 1.544058e-01 6.612503e-01 1.758844e-01 -7.524544e-01 4.843163e-03 6.632729e-01 -6.710690e-02 
2.604914e+00 3.587645e+00 4.000556e+00 4.578583e+00 -7.365044e+00 -1.241452e+01 -1.147389e+01 -1.970097e+01 -1.725607e+01 5.735775e+00 -3.550686e+00 -1.672246e+01 2.059268e+01 1.005064e+00 2.265398e+00 6.122251e-01 -5.106176e-01 -4.338433e-01 1.569982e+00 -3.721594e-01 3.379170e-01 4.191447e-01 -1.747246e-01 -4.225933e-02 2.950711e-01 -7.817522e-02 -6.457686e-01 -3.160161e-01 -1.183597e-01 5.244868e-01 1.979543e-01 4.508952e-01 3.497356e-01 1.098888e+00 2.379023e-01 -1.561080e+00 3.372550e-02 1.334746e+00 -1.934230e-01 
2.854919e+00 7.867397e+00 3.510005e+00 3.920938e+00 -8.425795e+00 -1.115735e+01 -1.030237e+01 -2.191035e+01 -1.514447e+01 5.147608e+00 -2.834331e+00 -1.890167e+01 2.057194e+01 8.200614e-02 6.866600e-01 4.932781e-01 2.880021e-01 7.889932e-02 2.301369e+00 3.353514e-01 2.065141e+00 5.764830e-01 -2.417032e+00 8.283455e-02 3.078113e+00 -3.258563e-01 -1.564131e+00 -1.030049e+00 -2.469586e-01 6.549937e-01 5.028291e-01 2.674068e-01 1.719887e-01 9.782244e-01 3.094569e-01 -1.385110e+00 -1.880969e-01 1.566157e+00 -4.501284e-01 
3.637668e+00 9.448082e+00 5.865579e+00 5.780536e+00 -1.081943e+01 -9.013406e+00 -1.028706e+01 -1.519872e+01 -1.417468e+01 -2.742815e+00 -1.012531e+00 -1.387002e+01 2.016087e+01 -2.652774e+00 -2.092142e-01 1.685161e-01 1.177215e+00 1.631574e+00 2.765053e+00 2.287610e-01 2.842505e+00 1.174813e+00 -4.368906e+00 -3.799683e-01 5.213878e+00 -8.400058e-01 -2.065863e+00 -1.345870e+00 -6.480259e-01 1.743850e-01 5.643529e-01 5.010344e-02 1.413386e-01 2.213942e-01 4.722909e-01 -2.051854e-01 -2.257992e-01 9.031541e-01 -5.979983e-01 
6.556319e-01 2.708718e+00 4.099064e+00 7.405759e+00 -6.255582e+00 -3.779047e+00 -8.944811e+00 -1.112216e+01 -1.390478e+01 -6.909204e+00 -2.632394e+00 -2.645813e+00 1.913251e+01 -5.278608e+00 -2.147498e+00 -5.028350e-01 1.394792e+00 1.942980e+00 2.078237e+00 -4.301878e-01 2.499029e+00 1.518734e+00 -3.313856e+00 -1.007575e+00 5.225469e+00 -1.878036e+00 -1.539026e+00 -8.833288e-01 -9.415179e-01 -4.780640e-01 -9.943003e-02 -3.795578e-01 1.501300e-01 -2.505244e-01 7.236203e-01 1.175742e+00 7.971770e-02 -7.239152e-01 -4.352905e-01 
-9.559479e+00 5.120347e+00 4.548487e+00 8.721783e+00 -2.920277e-01 -2.278251e+00 -1.100895e+01 -1.088252e+01 -1.200205e+01 -1.008014e+01 -5.551575e+00 1.218849e+00 1.711265e+01 -6.644010e+00 -3.046769e+00 -2.129842e+00 -1.919565e-01 1.455806e+00 1.932201e+00 7.172217e-01 1.227805e+00 2.309317e+00 -7.523566e-01 -6.259714e-01 3.736979e+00 -2.292099e+00 6.748177e-03 -5.024590e-01 -7.734347e-01 -8.175774e-01 -6.557178e-01 -5.787278e-01 5.740770e-01 -1.765232e-01 6.937664e-01 1.914521e+00 7.253118e-01 -1.584293e+00 4.926879e-02 
-1.693962e+01 -7.064096e-01 1.654269e+00 9.424542e+00 -3.974666e+00 -4.133607e+00 -1.209260e+01 -1.157311e+01 -8.636888e+00 -7.752696e+00 -5.602647e+00 -3.187791e-01 1.270588e+01 -5.617572e+00 -2.311178e+00 -3.065103e+00 -1.417753e+00 -3.305380e-01 8.200626e-01 8.417035e-01 1.619894e+00 3.627290e+00 1.653530e+00 6.044894e-01 1.971227e-01 -1.776261e+00 1.382244e+00 2.270932e-02 -1.857185e-01 -5.868835e-01 -4.922450e-01 -3.727525e-01 8.544039e-01 2.188177e-01 2.004073e-01 1.336598e+00 8.710862e-01 -1.461878e+00 6.348082e-01 
-2.078457e+01 -4.078629e+00 -3.561360e+00 3.811636e+00 -4.680759e+00 8.250644e-01 -5.127391e+00 -8.834445e+00 -5.262217e+00 -6.082633e+00 -2.657594e+00 3.651657e+00 1.191370e+01 -2.449594e+00 -2.639671e+00 -2.417563e+00 -1.504412e+00 -5.100897e-01 5.005616e-01 2.463090e+00 2.399530e+00 3.589262e+00 2.720033e+00 2.440565e+00 -1.933651e-01 -6.444965e-01 2.614919e+00 5.122120e-01 4.071228e-01 -3.035021e-01 -2.724516e-01 -6.065406e-01 2.825610e-01 3.310361e-01 -6.436758e-01 8.953059e-02 1.319557e-01 -1.194288e+00 9.908693e-01 
-2.181923e+01 -4.247955e+00 -7.171338e+00 2.772168e+00 -5.713734e+00 -1.230422e+00 -7.677108e+00 -4.047197e+00 8.617296e-01 -6.405482e-01 -1.056547e+00 -2.876436e+00 1.285059e+01 -4.647112e-01 -2.237425e+00 -1.287621e+00 -8.832631e-01 4.647175e-01 9.303313e-01 2.968780e+00 3.007125e+00 1.880779e+00 1.632990e+00 1.814561e+00 -1.187610e-01 4.721296e-01 2.904733e+00 4.714420e-01 4.255837e-01 -4.529747e-01 -5.428896e-03 -6.022292e-01 -2.371727e-01 -1.270436e-02 -1.589760e+00 -8.318479e-01 -6.985535e-01 -9.268013e-01 9.885904e-01 
-1.936756e+01 -6.307551e+00 -3.126530e+00 4.526133e+00 -1.973127e+00 -1.227473e+00 -9.012709e-01 -2.647459e+00 1.195035e+00 -3.607717e-02 4.378278e+00 1.531404e+00 1.381766e+01 3.853959e+00 -5.228267e-01 -9.829227e-01 -1.976830e+00 -3.040525e-01 -1.155692e+00 1.066623e+00 2.189477e+00 -3.585777e-02 -2.943592e-01 -5.713041e-01 -2.076587e+00 1.538071e+00 2.069727e+00 3.390537e-01 -2.074742e-01 -7.784551e-01 -2.210483e-01 -5.214115e-01 -1.019970e+00 -2.908887e-01 -1.796486e+00 -9.002101e-01 -1.218625e+00 -1.393552e+00 7.165622e-01 
-1.997099e+01 -1.077924e+01 -5.001172e+00 4.650473e+00 -3.004491e+00 1.543766e+00 6.383442e-01 3.689870e-01 -2.461419e+00 -2.610847e+00 -4.753437e-02 1.472346e-01 1.411444e+01 5.754348e+00 -1.012412e+00 -1.654494e+00 -3.446540e+00 -4.605582e-01 -1.362886e+00 3.541894e-01 1.661238e+00 -2.508905e+00 -9.984727e-01 -1.382233e+00 -3.495370e+00 2.075400e+00 7.345058e-01 3.167481e-02 -4.664500e-01 -6.102293e-01 -1.918873e-01 -1.378231e-01 -9.928765e-01 -4.506997e-01 -1.169080e+00 -1.667880e-01 -6.443849e-01 -1.132290e+00 2.995008e-01 
-2.438836e+00 -3.426701e+00 -9.561406e+00 -7.011814e+00 -7.555858e+00 -6.340573e+00 -3.951879e+00 -9.484372e-02 -3.779978e+00 -6.569286e+00 -6.018618e+00 -8.242745e+00 1.897214e+01 4.789342e+00 -1.556988e+00 -3.271359e+00 -4.115006e+00 -1.152508e+00 -9.598956e-01 -1.329580e+00 1.618077e+00 -3.198303e+00 -4.654080e-01 -2.054090e+00 -5.472785e+00 2.136695e+00 -1.262410e+00 -4.117571e-01 -8.185623e-02 5.057762e-01 3.629709e-01 8.619581e-01 -2.362935e-01 -3.850004e-01 -2.417738e-01 6.092213e-01 3.053633e-01 1.541695e-01 -2.337181e-01 
-1.512345e+00 -1.075017e+01 -1.222643e+01 -8.691321e+00 -5.225426e+00 -5.488451e+00 -4.380881e+00 2.982415e+00 -9.194907e+00 -2.366597e+00 -2.769483e+00 -1.546617e+01 2.065028e+01 2.740246e+00 -1.561840e+00 -2.475549e+00 -2.865278e+00 -7.049774e-02 1.432541e-01 -7.974800e-01 1.039105e+00 -2.383590e+00 8.845578e-01 -6.658590e-01 -4.082081e+00 1.670325e+00 -1.947844e+00 -7.551843e-02 5.511494e-01 1.275592e+00 5.509732e-01 1.032681e+00 9.582292e-02 -6.009923e-01 6.502888e-01 5.653613e-01 6.090632e-01 1.262746e+00 -5.270576e-01 
-4.650457e+00 -1.410716e+01 -1.587058e+01 -9.377942e+00 -6.625537e+00 -2.510816e+00 -5.039527e+00 4.135808e+00 -1.142976e+01 -2.485338e+00 -4.531475e+00 -1.802600e+01 2.123324e+01 -9.511904e-01 -2.306812e+00 -9.815998e-01 2.614470e-01 1.315811e+00 2.400981e+00 4.608745e-01 5.753819e-01 -1.307463e+00 1.810014e+00 5.971885e-01 -1.012214e+00 5.720130e-01 -1.446871e+00 2.230259e-01 1.035892e+00 1.303403e+00 5.835077e-01 6.814286e-01 2.235785e-01 -7.915775e-01 8.500847e-01 1.048577e-01 6.899943e-01 1.735671e+00 -5.474476e-01 
-5.163751e+00 -1.324808e+01 -1.422413e+01 -8.492524e+00 -3.822497e+00 3.451930e-01 -2.805321e+00 3.449338e+00 -1.055429e+01 -2.298770e-01 -4.120545e+00 -1.537124e+01 2.133555e+01 -1.114609e+00 -1.015161e+00 -4.358234e-02 7.432634e-01 1.060242e+00 2.119935e+00 -6.185426e-02 -8.222988e-01 -2.028699e-01 6.904785e-01 3.372960e-01 5.882635e-01 2.224211e-01 -5.891105e-01 3.159528e-01 7.755567e-01 6.296918e-01 1.786281e-01 6.599647e-02 -1.365507e-01 -6.413566e-01 5.657027e-01 -4.585340e-01 3.778152e-01 1.074964e+00 -3.645923e-01 
-5.369163e+00 -1.371176e+01 -1.347056e+01 -5.803992e+00 -1.678452e+00 2.747867e+00 -2.435561e+00 2.548476e+00 -9.637597e+00 1.412500e+00 -2.357209e+00 -1.335112e+01 2.148947e+01 -5.173950e-01 -7.151348e-01 6.922581e-01 5.977022e-01 1.199779e+00 1.458787e+00 -5.794712e-01 -1.409146e+00 -3.830402e-02 1.559199e-01 8.942977e-01 8.703549e-01 1.233487e-01 2.091854e-01 3.726906e-01 3.602645e-01 -1.817128e-01 -2.060104e-01 -4.596147e-01 -3.646085e-01 -3.181560e-01 2.218499e-01 -7.123598e-01 1.472108e-01 1.665692e-01 -1.280587e-01 
-6.725453e+00 -1.602373e+01 -1.364469e+01 -6.762033e+00 -2.397830e+00 2.482132e+00 -5.991719e+00 -3.350050e-01 -1.110557e+01 -8.629566e-01 -2.170392e+00 -1.486187e+01 2.163440e+01 -4.221667e-01 -7.778897e-01 5.651534e-01 1.150115e-01 8.804610e-01 9.442307e-01 -9.600163e-01 -1.175164e+00 -1.895267e-01 -5.811834e-01 1.074593e+00 3.515547e-01 7.164987e-02 2.731249e-01 1.665498e-01 1.281171e-01 -2.577461e-01 -1.861695e-01 -3.501388e-01 -7.792781e-02 1.705810e-01 4.160118e-02 -3.936190e-01 1.318422e-01 -2.114950e-01 -6.373686e-02 
-6.456472e+00 -1.629502e+01 -1.269941e+01 -7.254259e+00 -1.338689e+00 3.714613e+00 -6.343507e+00 -1.017867e+00 -1.134574e+01 -1.388985e+00 -1.035043e+00 -1.392855e+01 2.170053e+01 -2.513921e-01 -5.619677e-01 5.152155e-01 -3.329280e-01 3.755150e-01 6.907055e-01 -9.129688e-01 -8.391091e-01 -2.048714e-01 -1.115866e+00 9.647242e-01 -6.113467e-02 7.110868e-03 2.540872e-01 1.035951e-01 -4.148277e-02 -9.309231e-02 -2.282528e-01 -2.333504e-01 1.434166e-01 3.303920e-01 3.170912e-02 -1.118436e-01 -8.263664e-02 -2.768105e-01 -4.514099e-02 
-6.731621e+00 -1.584610e+01 -1.178398e+01 -7.192272e+00 4.104431e-01 4.582952e+00 -5.651579e+00 -6.431947e-01 -1.064782e+01 -1.734748e+00 5.915405e-01 -1.332468e+01 2.158832e+01 1.179901e-01 -2.590299e-01 6.854234e-01 -8.016290e-02 5.413079e-01 7.533455e-01 -2.846908e-01 -2.545336e-01 8.845619e-02 -6.416854e-01 9.612518e-01 -3.345097e-03 -3.816780e-02 3.887925e-01 -5.346463e-02 -1.679678e-04 3.456537e-02 -1.217296e-01 -1.842764e-01 2.300921e-01 2.928905e-01 -4.180015e-02 2.455068e-01 -2.808384e-01 -1.339839e-01 -2.385394e-02 
-6.622984e+00 -1.661015e+01 -1.182510e+01 -7.253525e+00 -1.205039e+00 5.150910e+00 -7.170892e+00 -1.493036e+00 -1.089116e+01 -3.730579e+00 1.085463e+00 -1.442577e+01 2.154823e+01 4.827997e-01 -4.566754e-01 4.245996e-01 2.299743e-01 2.279524e-01 3.875130e-01 -2.000622e-01 -2.175811e-01 -1.884522e-02 -3.730367e-01 5.378023e-01 -3.362065e-01 -4.742628e-02 4.400655e-01 -1.829734e-01 6.839860e-03 9.524743e-02 3.196572e-02 -1.075588e-01 1.595608e-01 2.865209e-01 -1.286370e-01 4.743531e-01 -4.026515e-01 7.982213e-02 -1.112189e-03 
-6.052289e+00 -1.716149e+01 -1.065462e+01 -7.163663e+00 2.421722e-01 5.530900e+00 -7.001488e+00 -1.369863e+00 -1.089076e+01 -2.900624e+00 1.575353e+00 -1.463038e+01 2.151988e+01 1.154765e+00 -1.097810e+00 6.096897e-01 6.277742e-03 3.457043e-01 1.745741e-01 -1.659835e-01 -2.146059e-02 -4.916386e-01 2.750565e-01 -1.161582e-01 -1.807950e-01 -2.039424e-02 2.897356e-01 -1.537211e-01 -3.233076e-02 3.575606e-02 2.802041e-02 -3.802678e-02 3.080626e-02 2.299107e-01 -1.307102e-01 3.578351e-01 -3.654034e-01 1.424331e-01 1.088905e-02 
-4.381476e+00 -1.792138e+01 -1.114085e+01 -6.119060e+00 -1.144979e-01 5.178552e+00 -6.669003e+00 -1.741958e+00 -1.131879e+01 -2.671140e+00 1.162071e+00 -1.495638e+01 2.149753e+01 1.430708e+00 -1.057213e+00 5.873113e-01 1.000402e-01 6.331475e-01 4.423694e-01 -1.745978e-01 4.770945e-01 -5.580209e-01 7.976640e-01 -5.098701e-01 4.266485e-01 -7.351275e-03 -4.922735e-02 1.120370e-01 -3.097103e-02 -4.376423e-02 7.547840e-02 5.530249e-02 3.368345e-02 1.544066e-01 7.826697e-02 1.166315e-01 -1.238971e-01 1.193176e-01 8.997949e-03 
-2.078771e+00 -2.067997e+01 -9.077488e+00 -7.728145e+00 1.593171e+00 5.442445e+00 -6.732571e+00 -6.261876e-01 -1.289258e+01 -8.894118e-01 -2.771028e-02 -1.396279e+01 2.151159e+01 1.092738e+00 -7.272652e-01 4.423480e-01 1.635320e-01 4.788202e-01 5.359587e-01 -1.434537e-01 5.476676e-01 -2.954938e-01 5.622541e-01 -3.419504e-01 3.273941e-01 -3.769530e-03 -4.566806e-01 4.491918e-01 -1.698724e-01 1.045415e-02 -1.314797e-02 8.299709e-03 7.248566e-02 -4.226189e-02 3.263978e-01 -2.252326e-01 1.766231e-01 -1.294425e-01 -2.227456e-03 
-1.456367e+00 -2.013693e+01 -9.677493e+00 -6.470807e+00 1.285210e+00 7.407264e+00 -8.178331e+00 5.210204e-01 -1.268015e+01 -7.479071e-01 -6.624172e-01 -1.262587e+01 2.151574e+01 2.678901e-01 -8.176357e-02 3.533857e-01 -6.748640e-02 5.386708e-01 4.835116e-01 -4.292167e-02 2.699185e-01 2.743712e-01 6.653631e-02 3.110533e-02 6.449746e-03 -1.079786e-02 -5.852423e-01 4.919906e-01 -1.616095e-01 -3.793841e-02 -4.025048e-02 -1.471645e-01 1.837373e-01 -2.046494e-01 3.385407e-01 -3.195820e-01 2.937801e-01 -3.291649e-01 -8.555384e-03 
-2.051731e+00 -1.968985e+01 -9.174338e+00 -6.170410e+00 1.936153e+00 7.095827e+00 -6.964212e+00 2.370529e-01 -1.168776e+01 -1.050604e+00 7.780214e-01 -1.415830e+01 2.149200e+01 -5.472159e-01 6.604582e-01 -1.228437e-01 1.424409e-01 3.272447e-01 1.955159e-01 1.306902e-01 -1.289861e-01 7.241475e-01 -4.855753e-01 4.964012e-01 -6.178083e-01 -2.978787e-02 -4.031322e-01 3.319206e-01 -9.989877e-02 -1.761184e-02 -4.333811e-02 -1.438253e-01 1.513288e-01 -1.602058e-01 1.611944e-01 -1.376187e-01 1.611788e-01 -2.232824e-01 -8.749343e-03 
-3.056021e+00 -1.882569e+01 -9.325583e+00 -7.235553e+00 2.407151e+00 6.768909e+00 -6.767517e+00 -8.240887e-01 -1.054913e+01 -2.257700e+00 9.147740e-01 -1.482633e+01 2.145352e+01 -6.756448e-01 7.088183e-01 6.180545e-02 -7.907010e-02 5.078282e-01 -1.232439e-01 6.069394e-01 -2.075858e-01 6.249632e-01 -2.763082e-01 5.398501e-01 -7.464472e-01 -3.715410e-02 -1.533661e-01 8.939424e-02 -8.274037e-03 6.977542e-02 -1.085786e-01 -8.773475e-02 4.227509e-02 5.473876e-03 -8.942420e-02 9.207627e-02 -2.157869e-02 -3.611280e-02 -5.039869e-03 
-4.014296e+00 -1.803350e+01 -9.867212e+00 -6.633659e+00 2.668414e+00 6.739056e+00 -6.784491e+00 -5.988731e-01 -1.033710e+01 -2.562551e+00 1.665737e+00 -1.595213e+01 2.139361e+01 -4.513912e-01 5.372128e-01 8.859336e-02 8.124396e-02 2.774839e-01 1.201811e-01 2.883040e-01 -1.479704e-02 3.350826e-01 4.562205e-02 2.096201e-01 -4.124430e-01 -3.438332e-02 -5.817736e-02 -5.267933e-02 5.280912e-02 8.810336e-02 -1.713032e-01 -5.497652e-02 -9.575045e-02 1.090326e-01 -2.075958e-01 1.331785e-01 -1.786335e-01 1.420249e-01 -4.942889e-03 
-3.853002e+00 -1.742079e+01 -9.021767e+00 -6.634759e+00 3.458241e+00 6.969409e+00 -5.233560e+00 -9.948203e-02 -1.023089e+01 -1.373604e+00 1.593161e+00 -1.546184e+01 2.137910e+01 -5.470171e-01 4.269066e-01 2.062176e-01 3.119345e-01 2.065396e-02 8.246736e-02 8.960645e-02 2.402354e-01 2.185148e-02 2.613626e-01 6.654118e-02 -2.767845e-01 -3.363994e-02 -1.268194e-01 -9.933915e-02 -1.998371e-03 1.041350e-01 -2.329985e-01 -1.411624e-01 -2.153939e-01 1.176923e-01 -1.893518e-01 -6.686987e-02 -2.215596e-01 1.462602e-01 -1.420445e-02 
-3.909455e+00 -1.770638e+01 -8.883125e+00 -6.064042e+00 2.798039e+00 7.596706e+00 -6.289591e+00 -1.999787e-01 -1.017104e+01 -1.264707e+00 1.486985e+00 -1.590314e+01 2.135698e+01 -9.022840e-01 5.380216e-01 6.908118e-02 3.874471e-01 -2.855928e-01 -1.822700e-01 -8.949584e-02 1.922275e-01 -1.228482e-02 -8.845331e-02 -1.602304e-01 -1.425951e-01 -5.627927e-02 -5.150278e-02 -1.681837e-01 3.931643e-02 5.904055e-03 -1.233306e-01 -2.916812e-01 -8.959644e-02 1.033787e-01 -1.035219e-01 -2.162167e-01 -1.919958e-01 9.375269e-02 -2.753917e-02 
-5.843082e+00 -1.685468e+01 -8.786276e+00 -5.960609e+00 2.445797e+00 6.752693e+00 -6.567161e+00 1.772703e-01 -1.052258e+01 -1.599396e+00 1.337128e+00 -1.623477e+01 2.130375e+01 -1.084192e+00 2.117933e-01 6.158498e-02 2.885485e-01 -3.757126e-01 -6.778303e-01 -2.809990e-01 2.771878e-01 -1.481629e-01 -5.437120e-01 -3.829064e-01 -1.501045e-01 -9.723282e-02 3.105178e-01 -2.639246e-01 3.445279e-02 6.216359e-02 -9.902979e-02 -2.043963e-01 -6.996914e-03 1.530468e-01 9.200242e-03 -2.424160e-01 -1.622050e-01 1.214607e-01 -3.449747e-02 
-7.530973e+00 -1.562648e+01 -9.640014e+00 -5.033744e+00 1.746949e+00 5.935953e+00 -6.565164e+00 2.241687e-01 -1.025308e+01 -2.891703e+00 9.923903e-01 -1.627855e+01 2.115006e+01 -4.402581e-01 -1.962750e-01 3.575747e-01 1.224426e-01 -1.410113e-01 -9.580424e-01 2.561430e-02 4.836066e-01 -9.734759e-02 -6.329710e-01 -5.256292e-01 -6.936539e-03 -1.402813e-01 6.042755e-01 -3.269448e-01 7.242057e-02 1.287140e-01 -1.220726e-01 -2.479667e-02 4.595150e-02 2.865209e-01 1.103649e-02 -7.620405e-02 -1.421047e-01 1.548329e-01 -2.666635e-02 
-7.463609e+00 -1.740187e+01 -8.335526e+00 -5.707160e+00 2.105229e+00 4.410463e+00 -6.500930e+00 1.075040e+00 -1.093079e+01 -3.278995e+00 -7.441449e-02 -1.602496e+01 2.099637e+01 7.746474e-01 -5.255763e-01 2.342181e-01 7.551750e-01 -5.467797e-01 -5.515310e-01 -3.068572e-03 8.597946e-01 1.103612e-01 -6.785343e-01 -5.617774e-01 2.627482e-01 -1.641371e-01 5.790941e-01 -1.071921e-01 -3.703751e-02 2.168667e-01 -1.897718e-01 8.370705e-02 1.601203e-01 2.765014e-01 6.239228e-02 4.540540e-02 -1.617129e-01 2.027989e-01 -7.512852e-03 
-5.301325e+00 -1.841460e+01 -7.320924e+00 -5.578786e+00 2.263436e+00 3.977400e+00 -6.194737e+00 1.769756e+00 -1.045402e+01 -3.589998e+00 -4.352801e-01 -1.604230e+01 2.080927e+01 1.189755e+00 -7.279122e-01 3.446769e-01 7.977943e-01 -8.102597e-01 -3.693561e-01 1.285923e-03 1.333664e+00 -8.633947e-02 -4.019183e-01 -7.812481e-01 4.251793e-01 -1.562303e-01 1.497209e-01 1.774786e-01 -1.249491e-01 1.238237e-01 -2.301396e-01 1.045541e-02 2.454372e-01 2.233265e-01 -2.113433e-03 8.003731e-02 -2.017242e-01 1.835104e-01 1.176187e-02 
-3.084485e+00 -1.808887e+01 -8.774667e+00 -1.912406e+00 -5.464470e-01 4.974367e+00 -6.767517e+00 3.703415e+00 -9.870237e+00 -4.642977e+00 -7.578416e-01 -1.503874e+01 2.065351e+01 9.963164e-01 -5.831137e-02 -1.172215e-01 1.035151e+00 -9.899260e-01 -5.535696e-01 5.317770e-01 1.234771e+00 1.583967e-01 -4.321693e-01 -1.063666e+00 6.476855e-01 -1.268329e-01 -3.466257e-01 3.552832e-01 2.545767e-02 -2.619560e-01 -3.396087e-02 -2.291658e-01 3.600855e-01 1.157600e-01 -5.412080e-02 6.073254e-02 -1.707978e-01 8.885403e-02 1.942327e-02 
-3.771881e+00 -1.892304e+01 -7.697047e+00 -2.942338e+00 -9.787987e-01 3.807491e+00 -6.425047e+00 5.577806e+00 -1.121495e+01 -4.219386e+00 -2.571914e+00 -1.464556e+01 2.054037e+01 1.977114e-01 4.574754e-01 -9.142575e-02 6.015270e-01 -1.070071e+00 -9.047613e-01 9.854019e-01 1.412870e+00 -1.319287e-01 -3.558571e-01 -1.283315e+00 7.182084e-01 -1.001388e-01 -5.162968e-01 4.385248e-01 1.202725e-01 -3.933558e-01 4.723233e-02 -2.805223e-01 2.800035e-01 3.066577e-02 1.109573e-02 -1.415300e-02 1.502580e-02 -9.986623e-03 9.701053e-03 
-3.246727e+00 -1.743924e+01 -8.733871e+00 -1.849686e+00 -1.223556e+00 1.727680e+00 -3.726894e+00 5.344860e+00 -9.758079e+00 -5.125015e+00 -4.324498e+00 -1.348507e+01 2.049659e+01 -4.623256e-01 6.580321e-01 5.794844e-01 -4.564146e-01 -5.865654e-01 -1.429603e+00 1.305457e+00 1.398937e+00 -1.372659e-01 -3.979346e-01 -1.164721e+00 5.606746e-01 -9.500267e-02 -4.578942e-01 3.486082e-01 2.426480e-01 -4.052200e-01 4.454494e-02 -1.996200e-01 -1.099302e-02 3.968332e-02 8.324262e-02 -7.894860e-03 2.539581e-01 -1.134198e-01 -8.506894e-03 
-4.231568e+00 -1.645143e+01 -7.798540e+00 -2.602328e+00 -2.748461e+00 1.076794e+00 -2.788348e+00 8.013433e+00 -1.116938e+01 -5.128399e+00 -5.068741e+00 -1.322888e+01 2.038668e+01 -6.625236e-01 1.106374e+00 5.976737e-01 -4.233027e-01 -7.758628e-01 -1.334068e+00 1.014369e+00 1.404994e+00 1.170328e-01 -4.896835e-01 -6.555310e-01 4.188126e-01 -1.235891e-01 -2.181399e-01 3.038462e-01 1.444861e-01 -1.160554e-01 -5.723244e-02 -6.660041e-02 -2.751357e-01 -8.892415e-02 3.760358e-01 5.108015e-02 3.906476e-01 -1.450569e-01 -2.334480e-02 
-5.166122e+00 -1.603388e+01 -5.826385e+00 -4.364362e+00 -2.594280e+00 -8.084149e-01 -2.058811e+00 9.480168e+00 -1.057965e+01 -6.178302e+00 -5.333174e+00 -1.294406e+01 2.025534e+01 -8.629203e-01 1.360143e+00 7.514561e-01 -4.784892e-01 -9.144822e-01 -1.337033e+00 4.623891e-01 1.437252e+00 4.501676e-01 -4.047815e-01 -1.076999e-01 2.302619e-01 -1.576494e-01 5.840039e-02 2.651048e-01 -1.198714e-02 2.597736e-01 -2.114423e-01 4.870858e-02 -4.992773e-01 -2.049357e-01 4.760818e-01 2.371272e-01 3.883386e-01 -1.195941e-01 -3.755233e-02 
-6.124397e+00 -1.409378e+01 -6.162043e+00 -3.801347e+00 -4.172324e+00 -1.594564e+00 -2.187279e+00 1.053513e+01 -1.021900e+01 -6.141388e+00 -5.345606e+00 -1.282138e+01 2.004313e+01 -6.927421e-01 1.625718e+00 5.449798e-01 3.217715e-02 -1.192409e+00 -1.284030e+00 3.129407e-02 9.489953e-01 1.454687e+00 -9.716758e-02 1.414194e-01 1.579433e-01 -1.855600e-01 3.786289e-01 1.255180e-01 2.116930e-02 3.920239e-01 -1.297345e-01 -1.406043e-02 -6.222775e-01 -4.469067e-01 3.650775e-01 3.926261e-01 3.505228e-01 -9.193711e-02 -5.896061e-02 
-6.615394e+00 -1.181734e+01 -5.794876e+00 -3.642896e+00 -5.084127e+00 -3.621670e+00 -1.715676e+00 1.127004e+01 -7.982165e+00 -6.642191e+00 -4.724339e+00 -1.253744e+01 1.988045e+01 -1.551698e-01 1.723894e+00 5.458617e-01 6.147499e-01 -1.435595e+00 -1.211104e+00 -6.995038e-01 6.020361e-01 1.574330e+00 5.915092e-01 3.785191e-01 9.313411e-02 -2.517885e-01 7.584737e-01 1.198900e-01 1.128986e-01 5.314608e-01 2.585062e-01 -9.377918e-02 -6.077316e-01 -8.149087e-01 -6.733677e-03 4.145826e-01 1.423276e-01 -2.611138e-02 -9.687968e-02 
-6.970715e+00 -1.043136e+01 -5.089067e+00 -2.801859e+00 -7.466087e+00 -3.936425e+00 -2.803324e+00 1.186374e+01 -5.194842e+00 -5.382185e+00 -4.665875e+00 -1.264235e+01 1.964657e+01 8.766350e-01 1.551965e+00 8.063548e-01 9.902367e-01 -1.163859e+00 -1.467317e+00 -1.516161e+00 -4.120358e-01 1.380298e+00 9.751863e-01 8.538758e-01 2.783515e-02 -3.713377e-01 7.821381e-01 4.415351e-01 2.955205e-01 4.076728e-01 8.311469e-01 4.562296e-02 -4.514439e-01 -1.240451e+00 -4.059702e-01 2.100793e-01 -3.895352e-02 7.395394e-02 -1.264343e-01 
-5.518597e+00 -9.246075e+00 -3.633665e+00 -1.790267e+00 -8.125484e+00 -5.693005e+00 -5.248204e+00 1.182612e+01 -5.219810e+00 -3.600149e+00 -3.780175e+00 -1.256822e+01 1.919449e+01 2.144622e+00 1.996587e+00 1.185354e+00 1.699902e+00 3.638200e-01 -1.714263e+00 -1.802706e+00 -1.956920e+00 4.536146e-01 1.132043e+00 2.477270e-01 1.646365e-01 -5.491410e-01 2.022074e-01 7.303287e-01 4.417959e-01 2.999590e-01 1.139395e+00 5.128611e-01 -3.040768e-03 -1.631140e+00 -5.512117e-01 -2.897763e-01 -2.388587e-01 2.123411e-01 -1.309923e-01 
-2.289402e+00 -7.619252e+00 -3.211108e+00 2.237480e-01 -8.470881e+00 -7.895548e+00 -8.001605e+00 8.196388e+00 -4.698649e+00 -2.786497e+00 -1.548453e+00 -1.266706e+01 1.852927e+01 2.067883e+00 3.696791e+00 1.702923e+00 1.528005e+00 2.063599e+00 -8.044075e-01 -1.674343e+00 -3.973857e+00 -1.495346e-02 6.828846e-01 1.214092e-02 4.919475e-01 -6.689605e-01 -8.937903e-01 4.684316e-01 1.841797e-01 2.445499e-01 1.028584e+00 9.382532e-01 5.420282e-01 -1.301785e+00 -4.679288e-01 -7.546288e-01 -4.168466e-01 5.513180e-01 -1.345078e-01 
1.767135e+00 -3.239842e+00 -8.074414e-01 3.343619e+00 -2.762551e+00 -1.021382e+01 -8.130073e+00 3.318950e+00 -5.962515e+00 -2.279849e+00 -5.044549e+00 -1.170208e+01 1.769331e+01 2.603354e-01 4.302828e+00 2.306587e+00 1.845573e+00 2.647657e+00 1.021697e+00 -6.357010e-01 -5.772866e+00 -4.841886e-01 -7.112750e-01 -3.949261e-01 9.227573e-01 -7.579635e-01 -1.878368e+00 -6.424385e-01 -5.208914e-01 -1.616413e-01 -1.846555e-02 8.281432e-01 1.006935e+00 -3.925604e-02 -6.892927e-02 -7.697968e-01 -1.938128e-01 9.187685e-01 -2.122613e-01 
-2.737046e-01 5.049756e+00 2.012481e+00 2.270773e+00 1.705161e-01 -5.698164e+00 -9.734255e+00 -3.752407e+00 -4.898395e+00 -2.627766e+00 -3.973040e+00 -1.061530e+01 1.705228e+01 -2.650189e+00 2.741073e+00 1.166613e+00 2.140083e+00 2.837299e+00 1.855939e+00 6.104420e-01 -5.012918e+00 -4.904154e-01 -1.876374e+00 -9.091021e-01 2.405370e+00 -9.394837e-01 -1.906583e+00 -1.998780e+00 -1.175130e+00 -4.488499e-01 -9.452687e-01 -1.245422e-02 9.134663e-01 1.399401e+00 3.635967e-01 -2.691457e-01 -8.634630e-02 7.548165e-01 -2.751042e-01 
-5.225422e+00 5.933758e+00 5.287796e+00 6.413973e+00 7.924745e-01 -1.683019e+00 -7.559956e+00 -1.106392e+01 -7.540664e+00 -7.235588e+00 -4.542562e+00 -8.980131e+00 1.614328e+01 -4.888351e+00 -7.376165e-01 -1.150926e+00 5.855721e-01 -1.153283e-01 1.096198e+00 2.089645e+00 -1.633738e+00 3.465355e-01 -1.437423e+00 -2.606617e-01 3.801788e+00 -1.475191e+00 -9.918612e-01 -2.206491e+00 -1.283856e+00 -8.704775e-01 -1.348204e+00 -6.590806e-01 5.842671e-01 2.184859e+00 7.762793e-01 6.825689e-01 2.416935e-01 2.864843e-01 -2.066850e-01 
-1.204435e+01 1.498982e+00 -4.256805e-01 9.388965e+00 3.938095e+00 -2.881592e+00 -5.234225e+00 -9.676556e+00 -6.361214e+00 -9.690387e+00 -6.344875e+00 -2.001630e+00 1.460684e+01 -4.890935e+00 -3.776699e+00 -2.444021e+00 -8.628259e-02 -1.281267e+00 -9.040200e-01 1.530187e+00 9.535387e-01 1.387748e+00 -2.997122e-01 -4.867210e-01 2.826712e+00 -1.685906e+00 3.558747e-01 -1.215903e+00 -5.776862e-01 -1.022119e+00 -1.163118e+00 -5.716690e-01 1.598070e-02 1.653968e+00 6.274837e-01 1.059383e+00 4.312268e-01 -4.701034e-01 5.343892e-02 
-1.678876e+01 -5.152258e+00 -5.343132e+00 2.712749e+00 -5.223011e+00 -6.141180e+00 6.789450e-02 -1.887807e+00 -3.498194e+00 -5.935591e+00 -5.162486e+00 3.000105e+00 1.153996e+01 -3.579012e+00 -3.470688e+00 -2.307215e+00 -1.393602e+00 -2.033871e+00 -8.938271e-01 1.825819e+00 2.168123e+00 2.458205e+00 1.913340e+00 6.023526e-01 2.144501e+00 -1.418154e+00 1.362600e+00 1.922029e-01 3.273172e-01 -5.990880e-01 -3.068729e-01 -3.688552e-02 -5.737248e-01 3.736906e-01 -5.193595e-03 6.719618e-01 3.546488e-01 -9.532337e-01 3.964563e-01 
-1.894630e+01 -8.290559e+00 -4.892050e+00 3.689863e+00 -3.228316e+00 -7.989164e+00 -5.897199e+00 -3.572543e+00 1.915189e-02 -4.776175e+00 -6.096570e+00 -2.471979e+00 1.092451e+01 -1.525542e+00 -1.971849e+00 -1.143650e+00 -1.980873e+00 -2.019080e+00 -7.415478e-03 8.222030e-01 1.356078e+00 1.591232e+00 1.745030e+00 8.155909e-01 8.834147e-01 -7.009259e-01 1.541145e+00 1.107665e+00 6.333606e-01 -2.500917e-01 3.876719e-01 5.944396e-01 -3.968171e-01 -1.929838e-01 -6.099125e-01 -1.019791e-01 3.145239e-01 -7.704014e-01 4.930238e-01 
-1.966880e+01 -6.524861e+00 -4.015095e+00 2.295348e+00 -5.794246e+00 -3.598451e+00 1.900722e+00 -3.275177e+00 1.560047e+00 -1.259019e-01 -1.654966e+00 1.977910e+00 1.089363e+01 2.420452e-01 -6.789052e-01 -1.644035e-01 -1.462558e+00 -1.280923e+00 4.635891e-01 -4.248866e-01 3.321085e-02 2.187746e-01 8.999946e-01 8.614438e-01 7.429230e-03 1.454468e-02 1.166458e+00 1.023180e+00 3.805035e-01 3.304063e-01 1.121556e+00 5.537772e-01 -4.482470e-01 -1.954172e-01 -7.154673e-01 -6.787887e-01 7.525096e-02 -5.101091e-01 3.129082e-01 
-1.823186e+01 -7.673695e+00 -6.807819e+00 -3.069895e-01 -5.871538e+00 -4.189997e+00 -2.039508e+00 -2.202181e+00 -9.339992e-01 -3.869931e+00 -4.020416e+00 2.926410e+00 1.142544e+01 9.042691e-01 3.657691e-01 -3.486116e-01 -1.302243e+00 2.805796e-01 1.389568e+00 6.715942e-01 1.056218e+00 -5.420091e-01 -3.030735e-01 9.562659e-01 4.334366e-02 6.293204e-02 5.910022e-01 7.240463e-01 7.775489e-02 6.372610e-01 1.203206e+00 1.876458e-01 -1.702714e-02 3.581866e-02 -2.372720e-01 -3.587219e-01 2.922092e-02 -5.769752e-02 7.325049e-03 
-1.593580e+01 -8.855748e+00 -5.207475e+00 -2.601595e+00 -1.030576e+01 -5.722858e+00 -3.985493e+00 -2.406782e+00 -1.927179e+00 -1.888865e+00 -1.893191e+00 3.379751e-01 1.136208e+01 1.038463e+00 4.763989e-01 -8.023524e-01 -8.081858e-02 2.424078e+00 1.176536e+00 -3.400686e-01 1.340934e+00 -5.242555e-02 -4.564447e-01 9.081871e-01 1.412237e-02 -2.355017e-01 1.091424e-01 4.927104e-01 1.564099e-01 7.164837e-01 7.381750e-01 9.938873e-02 2.671760e-01 2.636908e-01 3.615827e-01 1.994723e-01 -5.129381e-02 1.514650e-01 -1.977629e-01 
-1.629159e+01 -5.296208e+00 -6.038990e+00 -3.730107e-01 4.305712e-01 2.085595e-02 4.037076e-01 1.273972e+00 -9.470779e-01 -5.409871e+00 -1.196324e+00 -1.435044e+00 1.100493e+01 1.031108e+00 1.070467e+00 -4.358101e-01 5.146493e-01 2.144546e+00 5.743211e-01 6.946920e-01 8.812997e-01 5.405676e-01 6.297275e-01 9.382808e-01 5.915284e-01 -5.392743e-01 1.011784e-01 3.638660e-02 5.638053e-01 8.060822e-01 -2.085834e-01 -8.638216e-02 -9.163446e-02 -4.595742e-01 2.436412e-02 3.403335e-01 -2.760688e-01 -4.519375e-01 -8.228423e-02 
-1.544623e+01 -5.331273e+00 -8.411148e+00 1.923795e+00 3.174837e+00 1.789703e-01 -1.021418e+00 1.691420e+00 1.304420e+00 -1.638156e+00 1.473881e+00 4.229514e+00 9.926334e+00 7.243494e-01 1.432117e+00 6.611710e-01 1.211311e+00 1.477935e+00 1.368163e+00 8.993533e-01 1.439070e+00 1.485265e+00 1.431067e+00 6.140161e-01 4.904782e-01 -6.731505e-01 2.359596e-01 -1.090899e-01 8.716267e-01 6.085997e-01 -7.951757e-01 -1.808527e-01 -3.363161e-01 -1.135604e+00 -8.944129e-01 -6.273314e-02 -4.653371e-01 -1.165968e+00 1.611349e-01 
-1.332047e+01 -4.083243e+00 -7.384938e+00 3.310409e-03 -1.889797e+00 -4.269239e+00 -4.825890e-02 1.545941e-01 1.531083e-01 -8.466527e-01 -1.012531e+00 3.938201e+00 9.447062e+00 1.567089e+00 6.962444e-02 1.738640e+00 2.081946e+00 -2.892618e-01 8.619462e-01 -4.062380e-01 -1.290868e+00 -1.188931e+00 4.548196e-01 -2.768660e-01 -2.454504e+00 -1.297389e-01 1.281802e-01 9.122661e-02 6.312164e-01 2.031739e-01 -6.631510e-01 -3.747391e-01 -7.433995e-01 -1.143835e+00 -1.235126e+00 -4.773614e-01 -4.452368e-01 -1.057483e+00 2.780198e-01 
-1.379913e+01 -2.301397e+00 -1.228340e+00 3.266961e+00 -1.756146e+00 3.263121e+00 7.375239e-01 5.347952e+00 4.948984e+00 2.984740e+00 1.085127e+00 1.038845e-01 8.775160e+00 1.950388e+00 4.314353e-01 2.468527e+00 2.178440e+00 -3.347803e-01 1.285207e-01 -1.471291e+00 -3.250862e+00 -3.659643e+00 -6.826425e-01 -8.108076e-01 -4.292670e+00 3.653530e-01 -2.229183e-01 4.340094e-01 4.125143e-02 -4.303093e-01 -3.107611e-01 -7.798000e-01 -4.962803e-01 -7.600161e-01 -6.374562e-01 -3.806254e-01 -3.766460e-01 2.092794e-01 1.548312e-01 
-9.279587e+00 -6.463036e+00 -9.371273e-01 9.365490e+00 1.449456e+00 2.788778e+00 -2.507117e+00 -7.008498e+00 -8.714170e+00 -5.447400e+00 -2.386105e+00 -1.164443e+01 1.093188e+01 1.059139e+00 2.027156e+00 1.816689e+00 1.046953e+00 -2.648400e-01 -6.795909e-01 -1.837068e+00 -2.493034e+00 -3.062536e+00 -7.003199e-01 -5.753996e-01 -2.304154e+00 3.314954e-01 -8.751318e-01 6.645599e-01 -4.224157e-01 -9.865686e-01 4.488801e-02 -4.631230e-01 3.461790e-01 8.512630e-01 1.212478e+00 3.479175e-01 5.306872e-02 1.674336e+00 -2.069517e-01 
-7.715038e+00 -1.983968e+00 7.073298e-01 8.134928e+00 -1.684412e-01 -2.707629e+00 -7.148593e+00 -1.098147e+01 -1.256007e+01 -2.751121e+00 -1.893191e+00 -9.441810e+00 1.101092e+01 -1.362832e-01 2.623488e+00 8.282921e-01 -4.227563e-01 -8.804014e-02 -1.760131e+00 -8.665839e-01 -1.759891e+00 -7.652850e-01 1.055016e-01 -1.120026e+00 1.461800e+00 -1.296037e-01 -1.017118e+00 1.668870e-02 -7.082723e-01 -9.075586e-01 2.274583e-01 1.119848e-01 1.010372e+00 1.628275e+00 2.085348e+00 5.408592e-01 2.991175e-01 1.759756e+00 -4.019295e-01 
-1.106663e+01 5.893618e+00 7.305472e-01 2.804078e+00 -4.007273e+00 -4.682032e+00 -5.290804e+00 -4.145632e+00 -6.404809e+00 -1.480348e+00 -2.400217e+00 -2.809676e+00 9.986935e+00 -1.765103e+00 2.296290e+00 4.467575e-01 -1.550310e+00 -1.881350e-01 -5.092768e-01 1.022415e+00 2.219765e+00 3.426364e+00 1.800304e+00 1.431111e-01 3.039913e+00 -9.169120e-01 -4.954387e-01 -8.544691e-01 -6.495426e-01 -4.742368e-01 3.650865e-01 5.878457e-01 8.780608e-01 1.363617e+00 1.431110e+00 1.874864e-01 2.383245e-01 5.089651e-01 -2.531625e-01 
-1.358708e+01 4.637744e+00 2.079480e+00 4.433703e+00 5.324194e-01 -1.802066e+00 -2.203587e+00 -4.883123e+00 -3.236980e-02 1.528472e+00 -4.508291e+00 2.996204e+00 8.599580e+00 -1.723354e+00 3.804874e-01 -3.878565e-01 -1.060734e+00 7.641996e-01 6.032318e-01 2.150797e+00 2.534164e+00 3.522657e+00 7.713968e-01 3.254544e-01 1.834004e+00 -1.020039e+00 3.524615e-01 -9.135628e-01 -3.912466e-01 1.483602e-01 5.079179e-01 7.753919e-01 2.165517e-02 4.477633e-01 -1.033442e-01 -5.478451e-01 -1.070144e-01 -9.294037e-01 1.103660e-01 
-1.516965e+01 1.707987e+00 6.104800e-01 3.464291e+00 1.584392e-01 -2.106028e-01 1.327940e-01 1.041542e+00 2.153735e+00 1.414346e+00 -3.633758e-01 -2.664020e+00 7.552785e+00 -6.243528e-01 -1.123688e+00 -8.230771e-01 -1.005220e+00 1.134539e+00 1.078036e+00 1.044566e+00 2.178118e+00 1.949051e+00 -9.592269e-02 -1.064534e-01 5.444448e-02 -4.890623e-01 9.048595e-01 -3.794944e-01 -2.192361e-02 5.887834e-01 4.483382e-01 1.963108e-01 -8.330322e-01 -9.294888e-01 -1.360347e+00 -1.079999e+00 -7.462491e-01 -1.132800e+00 4.191253e-01 
-1.428017e+01 2.011113e+00 -1.171623e+00 2.501114e+00 1.569419e+00 -1.927378e+00 8.939482e-01 -9.039707e-01 7.737464e-01 -3.418503e-01 -1.284692e+00 -3.443556e-01 7.127661e+00 1.055561e+00 -2.342838e-01 -4.931340e-01 4.638358e-02 1.790258e+00 1.323129e+00 -7.693651e-01 4.996597e-01 -5.433434e-01 -1.685531e+00 -1.530209e+00 -1.692466e+00 2.082293e-01 6.037446e-01 1.134113e-01 3.161256e-01 5.637367e-01 -3.864949e-02 -3.136609e-01 -1.029681e+00 -1.084362e+00 -1.192182e+00 -5.655587e-01 -4.511420e-01 -6.270136e-01 3.562097e-01 
-1.384230e+01 1.588490e+00 -1.759024e+00 -1.255495e+00 1.146729e+00 7.708854e-01 -1.616829e+00 4.755795e+00 2.937261e+00 -1.024764e+00 -4.544579e+00 -8.671579e-01 8.277453e+00 1.369675e+00 7.060687e-01 3.897643e-01 8.398672e-01 1.540537e+00 1.122121e-01 -1.682673e+00 -1.410509e+00 -1.342377e+00 -2.371220e+00 -2.660327e+00 -8.605571e-01 5.645116e-01 -9.951430e-02 2.296355e-01 4.114635e-01 3.968292e-01 -4.805806e-01 -5.485057e-01 -1.965323e-01 -6.226773e-01 -4.257543e-01 3.256958e-01 3.607811e-01 2.344871e-01 4.740193e-02 
-8.973129e+00 3.526282e+00 7.985411e-01 7.025403e+00 8.989846e+00 4.322745e+00 -5.175982e+00 -4.242006e+00 -3.140316e+00 -5.679345e+00 -1.006878e+01 -6.364819e+00 9.278625e+00 2.985062e-01 3.242439e-02 5.863191e-01 8.353866e-01 3.679477e-01 -4.823119e-01 -1.634016e+00 -1.093233e+00 -7.926385e-01 -9.189238e-01 -6.533942e-01 -8.434162e-01 2.341800e-01 -7.114527e-01 -1.708013e-01 5.202466e-02 -2.866200e-01 -1.041042e+00 -4.497661e-01 6.150771e-01 3.926561e-01 4.745418e-01 1.166143e+00 1.144655e+00 8.560555e-01 -2.213047e-01 
-1.097459e+01 4.480875e+00 1.574335e+00 5.401648e+00 4.150648e+00 -2.774340e+00 -5.245874e+00 -4.341987e+00 -2.600924e+00 -7.772691e+00 -9.272456e+00 -3.956720e+00 9.300055e+00 -7.434377e-01 -1.086123e-01 6.945731e-01 5.844793e-01 -5.570987e-01 -7.617827e-01 4.941012e-01 -1.388300e-01 -5.520538e-02 1.149347e+00 1.258984e+00 8.022807e-01 -2.651018e-01 -6.101962e-01 -2.369627e-01 -2.974254e-01 -4.459157e-01 -7.766499e-01 1.520555e-01 8.758630e-01 7.743991e-01 4.079036e-01 1.154263e+00 1.262077e+00 7.112899e-01 -2.528716e-01 
-1.422182e+01 7.270951e-01 9.339475e-02 3.349121e+00 1.907169e+00 -2.566101e+00 -5.461540e+00 -1.821840e+00 -4.207640e-01 -1.562789e+00 -2.187192e+00 -3.016456e+00 7.787352e+00 -1.445224e+00 -6.810078e-01 -3.853210e-01 -1.259078e+00 -2.366145e+00 -4.887057e-01 1.217610e+00 1.827070e+00 1.185710e+00 2.384907e+00 2.233470e+00 1.756298e+00 -4.834531e-01 -7.365027e-02 1.683822e-01 -2.672499e-01 -3.134528e-01 -2.516387e-01 3.945933e-01 5.005886e-01 2.274774e-01 4.254893e-02 2.796614e-01 2.402172e-01 3.772626e-01 -4.581985e-02 
-1.493483e+01 2.444809e+00 2.066213e+00 3.505371e+00 1.902338e+00 4.063748e-01 9.967889e-01 2.851512e+00 1.301249e+00 2.663586e+00 -2.190216e+00 1.469846e+00 7.697488e+00 -8.094414e-01 -1.218749e-01 -6.113094e-01 -3.424354e-01 -9.755940e-01 8.756603e-01 1.270905e+00 1.001395e+00 -2.920468e-01 1.748143e+00 2.206671e+00 1.395848e+00 -3.409267e-01 2.617478e-01 2.792401e-01 -2.129604e-02 -1.272155e-02 1.035530e-01 1.897169e-01 -2.972741e-01 -2.203228e-01 -1.047065e-01 -4.280918e-01 -3.809613e-01 -2.192002e-01 1.250585e-01 
-1.421850e+01 1.139568e+00 -1.373947e+00 1.678049e+00 -1.716695e+00 2.888026e-01 -2.208912e+00 1.296649e+00 8.367614e-01 1.026746e+00 -2.442889e+00 -2.966705e-01 7.662465e+00 -3.688004e-02 8.809089e-01 -9.682742e-02 -2.684527e-01 -6.811568e-01 6.719876e-01 4.806591e-01 -5.260735e-01 -4.616164e-01 1.798219e-01 7.384203e-02 7.462869e-01 4.299590e-02 2.499914e-01 2.219788e-01 3.607875e-01 3.036586e-01 4.280970e-01 -2.847405e-02 -4.068074e-01 -1.851829e-01 4.201582e-02 -5.859773e-01 -6.197422e-01 -3.173775e-01 1.401388e-01 
-1.502307e+01 3.665157e+00 -7.487345e-01 4.525033e+00 1.084332e+00 1.763903e-01 -5.175320e-01 -8.941787e-01 -4.689930e+00 -3.264693e-01 1.888506e+00 1.662754e+00 7.657856e+00 -1.386689e-01 5.064824e-01 4.437811e-01 2.551106e-02 -8.818052e-01 -3.936337e-01 -6.237735e-01 -6.386504e-02 2.450162e-01 1.112281e-01 4.339878e-01 2.113252e-01 9.692483e-02 2.077998e-02 -1.627520e-01 2.009148e-01 -9.054086e-02 2.417529e-01 -3.209734e-01 -4.388562e-01 2.025718e-01 4.696254e-01 -4.230005e-01 -4.669648e-01 -1.069903e-01 2.650279e-02 
-1.436224e+01 4.521938e+00 1.016453e+00 1.496858e+00 -1.089906e+00 9.087287e-01 -2.301102e+00 -2.579430e+00 2.672486e-01 8.317155e-01 -3.857456e+00 6.184503e-01 8.022149e+00 -5.305161e-01 1.149115e-01 8.911279e-01 7.512427e-02 -2.725220e-01 3.518723e-03 1.309742e-01 1.433769e+00 1.127223e+00 2.734381e-01 2.113344e-02 7.617954e-01 -1.742126e-03 -8.373800e-02 -4.515455e-01 -2.583593e-01 -1.680200e-01 2.996174e-01 -8.397284e-02 -1.209659e-01 3.711857e-01 2.057976e-01 -2.033291e-01 1.375202e-01 2.159952e-02 -9.426124e-02 
-1.555628e+01 3.286365e+00 3.089769e+00 3.723608e+00 -2.819715e+00 -1.871724e+00 -2.075785e+00 4.469766e+00 2.811231e+00 3.317276e+00 6.869649e-01 2.068945e+00 8.002333e+00 -4.587471e-01 -5.525867e-01 -1.007960e-01 -9.669718e-01 2.879455e-02 -3.950236e-01 -7.485393e-01 1.034107e+00 1.261655e+00 -4.136203e-01 -1.017346e-01 8.530507e-01 -1.861007e-01 8.312670e-02 -2.885961e-01 -5.097521e-01 -2.851317e-01 3.418150e-01 3.204117e-01 3.401049e-01 -2.451306e-02 -1.474142e-01 -1.977605e-01 1.595889e-01 -1.229109e-01 -7.505924e-02 
-1.660422e+01 1.903612e+00 1.162060e+00 2.454166e+00 -1.126942e+00 1.330367e+00 -7.751329e-01 5.782922e+00 2.722455e+00 5.723929e-01 -1.736614e+00 3.309191e+00 7.481586e+00 -2.955271e-01 -8.474376e-01 -1.116311e+00 -6.123575e-01 3.615269e-01 2.527815e-01 -6.185426e-02 7.807406e-01 5.910119e-02 -5.742120e-01 1.029363e+00 5.332491e-01 -2.867274e-01 1.953811e-01 -6.321542e-02 -3.520760e-01 2.380675e-02 2.613651e-01 3.990737e-01 4.274199e-01 -4.044669e-01 -3.409906e-01 -6.675053e-03 1.333185e-01 -3.244193e-01 1.115575e-02 
-1.619624e+01 2.211813e+00 -1.325853e+00 -7.885778e-01 1.247370e+00 -2.009199e+00 -5.023219e+00 9.532688e-02 3.905043e-01 -2.265083e+00 3.193793e-01 4.582384e+00 6.997705e+00 1.595406e-01 -4.552197e-01 -1.101208e+00 -1.056472e+00 5.102360e-01 1.083873e+00 1.173213e+00 1.401306e-01 4.208864e-02 -4.535815e-01 7.277135e-01 -2.888648e-01 -1.358211e-01 1.211263e-01 1.527417e-01 1.303659e-01 4.646128e-01 1.091564e-01 3.727404e-01 5.898616e-01 -2.030749e-01 -1.414908e-01 4.404107e-01 -6.815763e-03 -3.744775e-01 7.925978e-02 
-1.551976e+01 8.221391e-01 -2.357039e+00 6.913985e-01 -1.315743e+00 2.241459e+00 -1.136906e+00 3.511698e+00 1.772871e+00 7.514270e-01 1.473209e+00 2.027762e+00 7.091024e+00 1.372743e-01 -2.499725e-01 -3.691159e-01 2.388260e-01 7.936662e-01 1.259377e+00 1.307161e+00 -1.415560e-01 3.219245e-02 2.602422e-01 2.730129e-01 -2.891913e-01 2.893924e-02 -5.539133e-03 2.566628e-01 3.237087e-01 4.098841e-01 3.974197e-02 -2.542734e-01 -6.621922e-02 -2.347795e-01 1.707835e-02 4.811947e-01 2.282365e-02 -3.568729e-01 9.395220e-02 
-1.530106e+01 1.550657e+00 -6.565281e-01 -6.770752e-01 -1.740770e-01 3.092107e+00 3.971181e+00 6.306020e+00 3.496469e+00 9.596850e-01 2.720782e+00 1.264800e+00 7.518683e+00 -6.948428e-02 -8.774793e-02 1.774454e-01 9.304605e-01 3.586605e-01 9.653578e-01 1.516272e+00 4.798205e-01 5.676987e-01 1.371312e+00 2.423849e-01 -6.081766e-01 5.238954e-02 -5.097184e-02 2.649085e-01 1.922335e-01 2.305595e-01 -1.492323e-01 -7.139031e-01 -5.111058e-01 -2.508822e-01 3.087985e-02 3.516830e-01 2.555101e-01 4.884832e-02 6.350057e-02 
-1.636560e+01 9.845446e-01 -1.018057e+00 3.592666e+00 3.552038e+00 5.076460e+00 1.263376e+00 1.969718e+00 1.330181e+00 2.607750e-01 -1.572309e+00 3.521607e+00 7.365915e+00 -2.088475e-01 2.522281e-01 -1.370644e-01 4.437264e-01 6.360139e-01 -9.594323e-01 -5.644198e-01 -5.630259e-01 -1.184743e-01 9.192905e-01 1.386126e+00 -1.091389e+00 8.888280e-02 6.317879e-02 2.950116e-01 3.110577e-02 -3.090303e-01 -3.598200e-01 -7.408705e-01 -3.136581e-01 -1.541940e-01 1.368493e-01 5.686098e-02 3.714558e-01 3.818040e-01 5.266308e-02 
-1.612129e+01 1.691839e+00 -1.108273e+00 2.413086e+00 6.064909e-01 1.400026e+00 1.358229e+00 3.265352e+00 3.450892e+00 4.836605e+00 3.054096e+00 7.944517e-01 7.122131e+00 7.763240e-02 6.182442e-01 -2.561217e-01 -6.070921e-03 -1.572925e-01 -1.376229e+00 -4.465645e-01 -9.036244e-01 2.717025e-01 9.751863e-01 1.448806e+00 3.562889e-01 1.516647e-01 1.394815e-01 2.192957e-01 1.693322e-02 -4.137249e-01 -2.591290e-01 -2.701241e-01 4.571174e-02 -1.368031e-01 1.177167e-01 -2.979437e-01 -1.767976e-02 7.609399e-01 5.091744e-02 
-1.615355e+01 2.012497e+00 -2.817075e+00 1.364815e+00 1.474415e+00 -1.709925e+00 -2.652558e+00 2.216579e+00 1.203754e+00 3.409869e+00 8.237255e+00 -3.194192e+00 7.733664e+00 3.794204e-01 8.721750e-01 3.048454e-03 -8.380211e-01 -7.475427e-01 -1.274208e+00 7.203456e-01 -2.209129e-01 8.642509e-01 7.425151e-01 1.527068e+00 1.137591e+00 2.425600e-01 1.340963e-01 9.737811e-02 1.106498e-01 -2.372919e-01 -1.850260e-01 2.611510e-01 4.882806e-01 9.042494e-02 1.960240e-01 -2.903597e-01 -3.970491e-01 8.072220e-01 3.610379e-02 
-1.501975e+01 4.127920e+00 -1.037626e+00 4.064068e-01 7.832938e-02 -3.963594e-01 3.695941e+00 1.665136e+00 4.918071e+00 4.261050e+00 5.060025e+00 6.404823e+00 8.093119e+00 3.336950e-01 6.986287e-01 1.919969e-01 -4.971762e-01 -2.451192e-01 -2.279528e-01 1.102405e+00 -3.752348e-01 6.648816e-01 -2.994317e-02 8.345779e-02 2.081977e+00 2.301928e-01 4.664401e-02 -1.242287e-03 1.085057e-01 -6.417585e-02 3.265186e-02 3.342758e-01 3.480172e-01 9.028181e-02 5.871978e-02 -2.782677e-01 -4.174144e-01 4.395164e-01 1.445306e-02 
