-1.550923e+01 1.089101e+00 -3.243971e-01 2.241604e+00 2.397972e-01 4.495798e-01 2.668453e-01 7.291641e-01 7.734157e-01 3.978233e+00 2.740981e+00 3.952721e+00 7.390247e+00 -6.085832e-04 7.922998e-02 -7.204496e-01 -7.045103e-01 -8.063587e-01 -3.143070e-01 -9.276321e-01 4.949512e-01 5.745520e-01 -7.140331e-01 -4.203399e-01 4.378644e-01 7.061677e-02 -9.170797e-02 5.287107e-02 7.787947e-02 1.560539e-02 3.868901e-02 7.160971e-02 3.226739e-01 -1.389267e-01 -1.244453e-01 -1.692063e-01 -1.372189e-02 -9.813587e-02 -3.745496e-02 
-1.548159e+01 1.957411e+00 -2.149640e-01 3.005349e+00 1.653219e+00 2.851882e+00 -2.226303e+00 8.097314e-01 -2.155801e-02 2.757784e+00 1.965693e+00 3.782587e+00 7.652992e+00 -2.260693e-01 1.563679e-01 -4.962832e-01 -7.360051e-01 -6.646070e-01 -2.809696e-02 -1.192784e-01 8.088011e-01 1.216787e-01 -1.216361e+00 -6.686876e-01 4.716313e-01 2.474956e-02 -1.070507e-01 -2.618591e-03 8.329566e-02 1.801606e-02 1.162189e-01 3.645774e-02 2.785684e-01 -4.403420e-01 -2.193929e-01 1.706700e-02 3.434342e-02 -2.503020e-01 -7.784124e-02 
-1.552610e+01 1.051112e+00 -3.981814e+00 -1.662731e+00 -4.498552e+00 -2.323186e+00 -3.124727e+00 3.164416e+00 4.043489e+00 1.018481e+00 1.027433e+00 6.227202e+00 7.611759e+00 -3.464452e-01 3.050991e-01 -4.431196e-01 -6.107046e-01 -6.838717e-01 -9.950394e-02 2.816053e-01 -3.564678e-01 1.787018e-01 -1.308849e+00 -3.647108e-01 -6.969707e-02 -9.370084e-02 -3.706039e-02 -4.089982e-02 1.344329e-01 3.078877e-01 3.618810e-01 -2.601872e-04 8.668607e-02 -6.746607e-01 -3.061645e-01 4.407728e-01 1.190925e-01 -5.651259e-01 -8.593116e-02 
-1.663129e+01 1.890201e+00 -9.773781e-01 5.139787e-01 -7.141114e-01 1.695526e+00 1.366155e+00 3.556227e+00 -2.531335e-01 -6.233328e-01 2.544731e-01 5.173821e+00 7.403075e+00 -3.628749e-01 -4.683270e-02 -4.427010e-01 -6.612049e-01 -2.866028e-01 -2.395043e-01 -1.394762e-01 -1.280969e+00 -3.244990e-01 -3.312032e-01 -2.763815e-01 -5.598020e-01 -2.364254e-01 1.409034e-01 -9.795938e-02 1.059920e-02 3.161204e-01 2.247607e-01 -1.721463e-01 -2.380546e-01 -2.872455e-01 -6.018560e-02 6.021753e-01 1.486119e-01 -4.945419e-01 -4.193529e-02 
-1.666689e+01 2.647885e+00 -2.158532e+00 4.336241e-01 -1.995381e+00 5.305213e-01 -1.216371e-01 -2.426529e+00 1.782892e+00 -8.750096e-01 1.773385e+00 2.908591e+00 7.046638e+00 -1.174057e-01 -2.367501e-02 -7.505553e-02 7.976029e-01 8.140874e-01 -2.100101e-01 -4.841572e-01 -1.833351e+00 -7.332254e-01 1.047336e+00 -2.097125e-02 -1.871950e+00 -2.284298e-01 1.835412e-01 -9.693291e-02 7.587478e-02 1.840794e-01 1.664718e-01 -1.400438e-01 -1.368395e-01 5.667819e-01 1.710093e-01 3.093634e-01 -9.166930e-02 -1.029487e-02 2.311655e-02 
-1.672593e+01 9.246228e-01 -3.339686e+00 -1.348823e+00 -1.031410e+00 2.275095e-01 -4.425231e+00 -2.799683e+00 -5.136012e-01 2.048847e+00 2.107031e-01 2.642732e+00 6.753426e+00 3.639351e-01 -1.691445e-01 -6.273085e-01 1.404199e-01 -2.897268e-01 -8.336570e-01 -9.267539e-01 1.109533e-01 2.767814e-01 6.165056e-01 -9.740081e-02 -1.099984e+00 -1.175920e-01 1.122292e-01 6.929456e-02 2.773288e-01 2.197320e-02 2.963443e-02 1.443862e-01 3.050823e-01 7.467275e-01 3.668965e-01 -2.416281e-01 -3.702902e-02 5.729361e-01 8.894413e-02 
-1.606581e+01 1.415970e+00 -3.175536e+00 3.256551e+00 -2.696920e-01 -2.638996e+00 -2.649709e+00 -2.824701e+00 5.076948e-01 4.919268e+00 9.445489e-01 -1.867217e+00 6.794659e+00 2.077718e-01 -1.184259e-01 2.865543e-02 -9.131145e-02 1.502369e-01 -5.026236e-01 -8.980469e-03 1.781512e+00 7.331864e-01 -2.357884e-01 -9.123916e-01 1.488620e-01 -3.753984e-02 -9.406397e-02 4.459895e-02 2.934718e-01 -2.686262e-01 -5.779887e-02 4.317009e-01 5.059230e-01 3.991443e-01 2.173771e-01 -3.461370e-01 2.158580e-01 1.024731e+00 1.100001e-01 
-1.511195e+01 1.660599e+00 -3.605129e+00 -1.949446e-01 -3.025763e+00 -8.880306e-01 -2.003474e+00 4.310167e+00 1.768446e+00 -4.381443e-01 1.818335e-01 2.061543e+00 6.941265e+00 3.550418e-02 3.470113e-01 8.921461e-01 -1.069231e-01 1.935824e-01 6.288279e-01 1.148357e+00 6.451688e-01 7.767447e-01 -8.977546e-01 -1.574695e-02 1.294380e+00 1.128452e-01 -2.141048e-01 4.979167e-02 2.969185e-01 1.152616e-01 2.450203e-01 4.244892e-01 3.128124e-01 -3.907986e-01 -3.094405e-01 9.905690e-02 4.910998e-01 4.055389e-01 9.785730e-02 
-1.643452e+01 1.688152e+00 -1.882688e+00 -5.993464e-01 -2.472194e-01 -1.425219e+00 -1.377638e+00 2.926106e+00 4.307459e+00 -8.105607e-01 -2.774503e+00 3.943470e+00 6.765109e+00 -4.232255e-01 -5.873772e-02 6.327116e-01 -4.218714e-01 2.833975e-01 1.217353e+00 1.007938e+00 -1.046613e-01 1.036521e-01 7.370336e-02 1.017600e+00 2.054444e+00 2.063991e-01 -7.648021e-02 6.921526e-03 -7.711487e-02 3.836191e-01 3.387877e-02 9.761309e-02 -8.742403e-02 -4.478203e-01 -4.350759e-01 5.013068e-01 5.585273e-01 -4.453756e-01 7.056370e-02 
-1.636378e+01 2.523901e+00 4.746454e-01 4.461738e-02 -7.481825e-02 2.764369e+00 6.806703e-01 -2.449427e+00 1.469893e+00 4.249807e-01 1.991304e+00 6.209505e+00 7.332292e+00 -3.908542e-01 4.987515e-02 5.551639e-01 8.821774e-01 8.688876e-01 4.287719e-01 1.288919e-01 -8.997662e-01 -9.556520e-01 9.570218e-01 1.393169e+00 -2.517414e-02 2.497766e-01 7.005117e-02 -7.954333e-02 -3.713122e-01 3.035212e-01 3.772284e-03 -3.401174e-01 -3.508288e-01 3.291744e-02 -1.909450e-01 4.136468e-01 1.083458e-01 -6.796665e-01 1.274688e-02 
-1.755611e+01 6.908469e-01 -2.052264e+00 1.026897e+00 -3.283889e-01 1.621848e+00 1.048137e+00 3.162108e-02 1.175280e+00 4.856042e+00 5.127377e+00 6.330972e+00 7.631001e+00 3.875758e-02 6.487873e-02 -1.884992e-01 1.332200e+00 -1.793857e-02 8.531983e-02 6.364403e-02 3.148299e-01 -5.760625e-01 1.343280e+00 1.175780e+00 -1.418257e+00 2.467603e-01 2.355454e-01 4.109688e-02 -1.502334e-01 -5.116561e-02 -1.107116e-01 -3.101579e-01 -1.048350e-01 1.217737e-01 2.654809e-01 -4.047091e-02 -3.988791e-01 -2.581527e-01 -1.223530e-02 
-1.650573e+01 2.408682e+00 -7.444935e-01 3.402616e+00 1.359063e+00 -2.671331e-01 -2.571518e+00 1.258788e+00 -1.443405e+00 1.513677e+00 3.196841e+00 7.423031e-01 7.756991e+00 1.549040e-01 -1.123918e-01 -5.537376e-01 5.336980e-01 3.629294e-01 -5.057282e-01 -1.335047e-01 6.000336e-01 1.618524e-01 5.357250e-01 4.467971e-01 -3.676040e-01 1.564143e-01 2.064116e-01 -2.351024e-02 2.301422e-02 -4.522010e-01 -2.339105e-01 9.316243e-02 3.304402e-01 7.171090e-02 5.452836e-01 -3.101839e-01 -3.950248e-01 6.387445e-01 -2.475806e-02 
-1.617028e+01 2.069707e+00 -2.215962e+00 4.382643e+00 -1.053883e+00 5.173770e-01 5.669380e-01 2.646241e+00 2.884299e+00 5.361844e+00 2.502109e+00 -4.140424e-01 7.786541e+00 4.815456e-01 2.279611e-01 4.360690e-01 -5.033235e-01 -1.715758e-02 1.339270e-01 6.149579e-01 -2.456562e-01 8.722491e-01 8.206574e-02 -5.036385e-01 9.349343e-01 1.918920e-01 1.373715e-02 -9.463845e-02 1.459687e-01 -3.808361e-01 -1.070897e-01 7.527738e-02 1.878650e-01 -3.506029e-01 1.725493e-01 -3.840231e-01 -1.597769e-01 7.126207e-01 -4.630480e-02 
-1.628226e+01 1.272364e+00 -2.211892e+00 1.035158e+00 2.102669e+00 7.878739e-01 2.535560e-01 -7.566661e-01 1.424804e+00 2.850786e+00 5.538070e+00 7.743925e+00 8.036459e+00 4.197310e-01 -1.490854e-01 3.579979e-01 -4.609684e-01 -3.010513e-01 8.702145e-01 1.505508e+00 -2.610273e-01 1.046556e+00 3.665800e-02 2.576581e-01 1.991935e+00 1.533980e-01 -1.269330e-01 1.909946e-03 1.247611e-01 -4.065873e-02 -3.107046e-01 3.719952e-02 -1.820287e-01 -2.950872e-01 -1.903010e-01 -2.787442e-02 9.397160e-02 -3.051122e-01 -1.206339e-01 
-1.526046e+01 2.398664e+00 8.617311e-01 -3.057139e-01 -7.858893e-01 1.764015e+00 2.710545e+00 -1.888788e-01 4.102149e+00 4.597839e+00 1.438591e+00 7.504612e+00 8.450622e+00 -2.517177e-02 -3.899581e-01 8.548193e-02 -7.461376e-02 -2.215194e-01 -2.264066e-01 1.834262e-01 -1.007643e+00 -1.557108e-01 -3.272729e-01 4.715641e-01 9.651746e-01 1.680180e-02 -2.680053e-01 -5.261363e-02 -2.182874e-01 1.223116e-01 -1.661143e-01 -2.266256e-01 -7.346296e-01 -8.065860e-02 -5.264955e-01 1.915815e-01 1.400871e-01 -1.047130e+00 -1.822345e-01 
-1.486224e+01 1.498626e+00 -4.935209e-01 3.442043e+00 -2.800897e-01 3.460673e+00 3.884028e+00 1.371582e+00 3.180225e+00 2.079032e+00 5.016555e+00 6.742429e+00 8.191999e+00 -2.263947e-01 2.062712e-01 2.453915e-01 1.159842e-01 -1.088430e+00 -1.395734e-01 -8.277844e-01 -4.942487e-01 -2.757167e-01 6.009516e-01 4.288990e-01 -1.908186e+00 -3.591849e-01 -2.183571e-01 3.397198e-02 -2.023202e-01 -6.121765e-02 8.384874e-02 -2.490850e-01 -7.375554e-01 2.544608e-01 -3.493683e-01 1.564337e-01 -2.096107e-01 -1.010445e+00 -1.395526e-01 
-1.700609e+01 7.052333e-03 -2.647815e+00 2.806340e+00 -9.700298e-01 -1.950993e+00 -3.308675e-01 -3.455670e+00 1.227811e+00 4.111618e+00 5.120392e+00 4.912387e+00 7.792727e+00 -5.356305e-01 -2.128506e-01 -5.990523e-01 -1.802300e-01 -4.539972e-01 -4.942798e-01 -1.891597e+00 -5.322573e-01 -1.099056e+00 7.579135e-01 1.110874e-01 -2.350682e+00 -4.629846e-01 8.910236e-03 8.263865e-02 -1.459426e-01 -1.430894e-01 2.854829e-01 2.139484e-01 1.281570e-02 7.025331e-01 2.575289e-01 2.727949e-02 -2.705539e-01 -2.588039e-01 1.345930e-02 
-1.654134e+01 3.499080e+00 7.694817e-01 5.888596e-02 -3.247470e+00 1.947690e+00 -2.364760e+00 -1.594566e+00 1.483026e+00 6.098926e+00 5.841666e+00 -5.009192e-01 6.569481e+00 -4.168814e-01 -6.770725e-02 -3.113616e-01 -7.142845e-01 2.344548e-01 -2.412507e-01 -1.144891e+00 7.735873e-01 -2.285531e-01 2.762403e-01 -6.102529e-01 -1.402387e+00 -3.044602e-01 6.097197e-02 -7.886518e-01 9.729334e-02 3.003373e-01 4.067011e-01 -8.012478e-02 6.578539e-01 5.203025e-01 2.905688e-01 -3.866326e-01 -2.495593e-01 6.634543e-01 3.453519e-01 
-1.709838e+01 3.335037e-01 -2.765388e+00 4.843151e-01 -1.572092e+00 4.936900e-02 -3.622924e+00 -1.366857e+00 -5.446822e-01 6.377117e+00 1.582008e+00 -6.272122e-01 6.946992e+00 1.145618e-01 1.602819e-01 -3.657811e-01 -3.749006e-01 5.443819e-01 8.942755e-01 4.061296e-01 1.871084e+00 1.108361e+00 -2.840133e-02 -3.616149e-01 -5.818431e-01 5.673213e-02 6.832727e-02 -1.440942e+00 7.053832e-01 8.123544e-01 1.791482e-01 -4.018085e-01 9.993192e-01 1.198522e-01 1.925132e-01 -4.668828e-01 3.860581e-02 7.185901e-01 5.149553e-01 
-1.690021e+01 9.968429e-01 -1.991669e+00 1.031403e+00 1.193706e+00 1.254152e+00 -1.942651e-01 4.194829e+00 2.923697e+00 2.327037e+00 3.735119e+00 2.499949e+00 7.092682e+00 -2.465658e-01 -3.923464e+00 6.152346e-01 1.714890e+00 4.459758e-01 -1.234448e+00 1.312662e+00 9.056390e-01 7.341149e-02 -9.389812e-01 -5.824867e-01 5.246180e-01 1.107704e+00 1.823919e-01 -1.059337e+00 5.542576e-01 6.099492e-01 -3.113271e-01 -5.710571e-01 6.113282e-01 -2.580076e-01 -2.202609e-01 -2.650169e-01 9.474246e-02 1.525800e-01 3.820653e-01 
-1.625368e+01 2.059688e+00 -3.096401e+00 4.456397e-01 -4.685906e-01 2.867102e+00 6.145325e-01 3.004554e+00 6.049309e+00 5.855000e+00 4.366058e+00 5.029899e-01 7.814717e+00 -2.789371e-01 -5.489707e+00 2.464660e+00 2.666929e+00 3.359849e-01 -2.006730e+00 1.876183e+00 1.119808e-03 -2.874892e-01 -9.689185e-01 2.903583e-01 2.787279e-01 1.405697e+00 3.298427e-01 3.919679e-01 1.007165e-02 -2.620310e-01 -3.375288e-01 -1.969134e-01 -3.212060e-02 -1.947540e-01 -3.845361e-01 -2.499076e-01 -1.514335e-01 -2.509893e-01 -4.806210e-02 
-1.819654e+01 -1.698136e+01 4.010872e+00 8.653080e+00 -1.569074e+00 -5.633486e+00 2.080072e+00 7.473977e-01 -1.446907e+00 1.665009e+00 1.537306e+00 1.557577e+00 1.167412e+01 6.917154e-01 -2.539221e+00 1.044625e+00 8.144363e-01 -1.217946e+00 -1.646202e+00 1.176722e+00 4.185150e-01 -6.319083e-01 -5.786461e-01 -4.624246e-01 -1.069744e+00 9.313691e-01 6.257212e-01 2.516032e+00 -7.336339e-01 -1.072107e+00 -3.881779e-01 4.751361e-01 -6.022047e-01 2.903980e-01 -1.952979e-02 -1.922408e-01 -1.295774e-01 -3.173404e-01 -5.225495e-01 
-1.784564e+01 -1.812561e+01 6.556322e+00 1.000822e+01 1.489538e+00 -6.540446e+00 4.620815e+00 3.623709e-01 2.030133e-01 1.864066e+00 4.132308e+00 1.237822e+00 1.168466e+01 1.294733e+00 1.428084e+00 -5.300861e-01 -1.234900e+00 -3.113345e-01 1.154932e-01 3.134829e-01 1.140817e+00 -4.617221e-01 -1.458118e+00 -1.178734e+00 -1.039592e+00 -9.537657e-02 3.997180e-01 2.318830e+00 -7.700349e-01 -1.003380e+00 -4.776485e-01 2.676447e-01 -6.700426e-01 -3.902596e-03 -1.068054e-01 -5.635343e-02 -2.862431e-01 1.882870e-02 -4.835880e-01 
-1.264530e+01 -1.606836e+00 -1.594635e+00 3.221038e-01 -5.875079e+00 -2.273030e+00 3.686232e+00 7.608337e+00 2.687306e+00 1.429240e+00 1.539635e+00 -3.216220e+00 9.814517e+00 2.095070e+00 5.197734e+00 -1.555579e+00 -1.694697e+00 -1.171346e+00 8.017775e-02 -9.169185e-01 1.787940e+00 6.288981e-02 -1.655554e+00 -4.958988e-01 -4.029579e-01 -7.544664e-01 -5.055586e-01 3.285080e-01 8.322532e-02 -2.784053e-01 -1.612475e-01 -3.878384e-01 -3.357296e-01 -1.010611e+00 -2.893645e-01 3.847812e-01 -6.990388e-02 2.576419e-01 -5.412558e-02 
-1.255534e+01 1.512820e+00 -2.944008e+00 -1.563227e+00 1.277699e-01 1.764361e+00 1.378826e+00 5.278247e+00 1.673452e+00 -1.317993e+00 -1.528921e+00 -2.308036e+00 8.267593e+00 1.017706e+00 2.235995e+00 -8.541616e-02 -1.095345e+00 -2.075615e+00 -1.531718e+00 -4.272519e-01 -7.030162e-01 -1.168881e+00 -7.121934e-01 -1.124072e+00 3.945024e-02 -1.693003e-01 -1.283496e+00 -1.090252e+00 3.154179e-01 2.943263e-02 -1.382715e-01 -6.547130e-01 7.783607e-02 -1.534089e+00 -1.568132e-01 8.753353e-01 1.907824e-01 2.225851e-01 3.932423e-01 
-1.036605e+01 -8.119983e-01 9.838259e-01 5.965704e+00 -6.744799e+00 -9.384814e+00 -8.834582e-01 7.228823e+00 -1.867596e+00 -5.022170e+00 1.888863e+00 1.315448e+00 9.610185e+00 -1.697420e+00 -1.300610e+00 1.238442e+00 -6.473581e-01 -1.142059e+00 -2.761743e+00 -1.314849e-01 -3.712677e+00 -1.725206e+00 9.721577e-01 -8.391547e-01 -3.209651e-01 6.976762e-01 -1.637528e+00 -1.156731e+00 -2.845829e-01 -1.337197e-01 5.958853e-01 3.014368e-01 2.948235e-01 -9.071099e-01 2.914088e-01 8.385446e-01 1.272092e-01 2.754768e-02 4.857303e-01 
-1.389666e+01 -7.342696e+00 4.839760e+00 1.709911e+00 -8.453382e+00 -1.064321e+01 4.769162e+00 -2.963361e+00 -3.363862e+00 1.528769e+00 -1.662094e+00 -8.303268e-01 1.094018e+01 -3.226519e+00 -7.740170e-01 -3.500832e-01 -1.611344e+00 -1.017229e+00 -1.737208e+00 3.099702e-01 -3.779471e+00 -3.517229e-01 1.604605e+00 -5.309102e-02 3.230894e-02 1.144762e+00 -1.021291e+00 2.782714e-01 -1.004760e+00 2.013179e-01 1.058065e+00 1.325006e+00 -1.016201e-01 8.546948e-01 7.844585e-01 7.660230e-02 2.904952e-01 6.821213e-02 2.316814e-01 
-2.046221e+01 -3.682015e+00 7.052689e-01 -4.551369e+00 -7.294873e+00 -9.877728e+00 1.333704e+00 -6.834407e+00 -3.419895e+00 4.867056e+00 -2.589645e+00 -5.559881e+00 1.196665e+01 -3.970410e+00 9.192674e-01 -2.846053e+00 -2.105216e+00 1.278913e+00 1.690231e+00 1.885195e-01 -1.209424e+00 1.111378e+00 1.378820e+00 -3.953794e-01 -2.616306e-01 1.017119e+00 7.114297e-02 8.826801e-01 -8.917232e-01 8.114902e-01 8.846698e-01 1.512675e+00 -1.316740e-01 1.814145e+00 5.154358e-01 -5.103101e-01 1.272546e-01 2.437132e-01 -4.019381e-02 
-2.364004e+01 -9.222069e-01 -4.555207e+00 -4.361747e+00 -4.683028e+00 -6.675349e+00 1.819848e+00 -6.587193e+00 6.915544e-01 1.760866e+00 4.444535e-01 1.291316e+00 1.281330e+01 -2.952095e+00 2.517638e+00 -3.066976e+00 6.401287e-01 2.004202e+00 2.867378e+00 -1.095450e+00 2.318662e+00 1.335203e+00 -5.324858e-01 1.066371e-01 3.509344e-01 8.293888e-01 7.904684e-01 3.964360e-01 2.202946e-02 1.265697e+00 2.622806e-01 6.656490e-01 -4.436610e-02 1.227361e+00 -4.526878e-01 -5.073462e-01 -2.507836e-01 -3.493232e-02 -1.566665e-01 
-2.534631e+01 5.735415e-01 -8.549064e+00 -1.524176e+00 -2.235535e+00 -2.917449e+00 1.533972e+00 2.993953e+00 1.661632e+00 1.755972e+00 -1.141510e+00 -1.053552e+00 1.375914e+01 -1.478792e+00 1.466898e+00 -1.861794e+00 2.284376e+00 1.770683e+00 2.499380e+00 -8.713743e-02 2.308881e+00 8.515589e-03 -5.107436e-01 -2.826700e-01 7.381517e-01 6.543944e-01 9.828554e-01 -2.309776e-01 8.466261e-01 9.125110e-01 -6.261436e-01 -5.431993e-01 7.924484e-02 -1.534158e-01 -7.419265e-01 2.483107e-02 -1.952364e-01 1.038116e-01 -1.408983e-01 
-2.621491e+01 3.117524e+00 -5.867952e+00 3.396984e+00 -9.616446e-01 2.133275e-01 -8.077397e-01 3.716090e+00 7.712269e-01 4.217174e-01 -1.853005e+00 -1.329064e+00 1.419071e+01 -5.200142e-01 9.342709e-01 -7.320660e-01 2.522352e+00 4.831631e-02 1.186404e+00 2.259295e-01 5.980774e-01 -2.063738e+00 1.274159e-02 -1.363326e+00 -6.421474e-01 5.427905e-01 7.657017e-01 -5.435070e-01 7.320421e-01 -1.772027e-01 -8.448683e-01 -1.021233e+00 1.692619e-01 -7.996619e-01 -1.973290e-01 4.399674e-01 -2.096560e-01 4.726487e-02 -1.128765e-01 
-2.656910e+01 1.632212e+00 -7.947633e+00 2.991080e+00 -3.022268e-01 -8.254220e-01 2.211730e+00 -4.416057e-01 -3.417269e+00 2.982947e+00 -2.854128e+00 -5.588370e-01 1.454990e+01 -2.722677e-01 5.559198e-01 2.196469e-01 1.516282e+00 -8.739152e-01 -1.852699e-01 -7.589687e-02 -1.116079e+00 -8.988497e-01 1.230472e+00 -6.366646e-01 7.539331e-01 4.559397e-01 4.497686e-01 -3.245673e-01 3.561448e-01 -6.658864e-01 -3.982511e-01 -8.476985e-01 -7.438384e-02 -4.838094e-01 4.802959e-01 1.025362e-01 8.626302e-02 5.261926e-02 -1.092194e-01 
-2.562882e+01 3.220219e+00 -8.516504e+00 5.991989e+00 -5.407851e+00 -1.789110e+00 2.610411e+00 -1.879095e+00 -7.087893e+00 1.210604e+00 -5.516181e+00 -2.166861e+00 1.513197e+01 2.731652e-01 2.555220e-01 -4.474103e-01 1.381121e-01 -8.977357e-01 -8.964292e-01 -2.546919e-01 3.284016e-02 8.022027e-01 7.967150e-01 -7.645633e-01 5.792798e-01 3.642052e-01 2.258341e-01 -3.004151e-01 5.218182e-03 -7.246066e-01 1.737155e-01 -3.939786e-01 -2.706346e-02 -1.498325e-01 8.055145e-01 -4.910481e-02 5.607038e-01 1.216837e-01 -1.100584e-01 
-2.700105e+01 3.301623e+00 -6.126612e+00 4.759634e+00 -4.382164e+00 -2.842734e+00 -5.546234e-01 2.109893e-01 1.096921e+00 7.513537e+00 -2.493258e+00 3.135034e+00 1.556812e+01 3.733700e-01 1.834396e-01 -2.234533e-01 1.470718e-01 2.522876e-01 -6.977315e-01 -2.187748e-01 1.725774e-01 9.770243e-01 -3.900744e-01 -1.507080e-01 3.906084e-01 1.975416e-01 1.082068e-01 -2.791612e-01 -1.434456e-01 -2.198670e-01 3.158724e-01 1.206494e-01 1.219777e-01 -3.147867e-02 1.005897e-01 -3.297068e-01 5.691833e-01 -2.241450e-01 -8.980989e-02 
-2.463326e+01 3.560864e+00 -9.015285e+00 3.203607e+00 -3.410144e+00 -3.260240e+00 -6.980250e-01 3.554531e+00 2.524897e+00 2.140217e+00 -5.856097e+00 -2.797052e-01 1.550261e+01 2.863415e-01 -3.816409e-01 -4.845621e-01 -4.160340e-01 3.538177e-01 -5.271697e-01 1.620867e-01 -7.953825e-01 1.025880e+00 5.774533e-01 1.197161e+00 1.479804e-01 1.217027e-01 -1.214165e-01 -2.012100e-01 6.771534e-02 1.139425e-01 1.433260e-01 4.045437e-01 1.435428e-01 -1.762141e-01 -3.896881e-01 -1.223642e-01 5.367619e-01 -1.561297e-01 -3.025160e-02 
-2.520061e+01 2.379461e+00 -8.814959e+00 5.121230e+00 -3.960010e-02 -3.578817e+00 2.772047e+00 -2.295501e+00 -3.338910e+00 5.677471e-01 -3.437572e+00 4.503008e-01 1.535211e+01 2.621036e-01 -5.214024e-01 -4.791201e-01 6.940229e-01 7.955633e-02 2.331789e-01 3.256016e-01 -8.595219e-01 -5.077820e-01 -3.085411e-01 1.228314e+00 -1.510727e-01 1.281662e-01 -1.540556e-01 -1.710991e-02 1.612676e-01 1.740273e-01 -7.279552e-02 4.007112e-01 -6.278854e-02 1.595285e-01 -3.729442e-01 -2.194634e-01 -9.278113e-03 -6.503269e-02 2.854677e-02 
-2.509754e+01 1.773313e+00 -9.595009e+00 3.730793e+00 -5.810009e+00 -4.057202e+00 1.757419e+00 -4.603117e+00 2.594844e-01 7.571052e+00 9.417551e-01 -8.463475e-02 1.584851e+01 -2.784491e-01 -3.982753e-01 1.902737e-02 4.344621e-01 -9.460680e-02 6.607476e-01 1.908028e-01 -3.321535e-01 -4.038897e-01 1.441146e-01 1.229668e+00 6.942608e-02 2.476700e-01 -5.171353e-02 2.415601e-01 2.613264e-01 1.555152e-01 1.077302e-01 1.852663e-01 -1.434499e-01 3.484064e-01 -2.460487e-01 -7.149466e-01 -7.200098e-01 -1.848192e-01 1.727471e-02 
-2.545828e+01 1.588797e+00 -8.232069e+00 7.966311e+00 -2.784938e+00 -1.278210e+00 -1.547060e-01 -7.814479e-03 -3.087291e-01 3.255427e+00 2.493511e-01 2.282354e+00 1.603589e+01 -1.146403e-01 1.063017e-01 3.312068e-01 5.919362e-01 1.124885e-01 7.117803e-01 -5.470340e-01 7.383735e-01 -1.727809e-01 -1.270717e+00 -2.133996e-01 1.046918e-01 2.772586e-01 2.397977e-01 3.141978e-01 3.888529e-01 -2.223686e-01 1.547008e-01 -3.475352e-01 -1.683021e-01 -1.195559e-01 7.552978e-02 -4.822499e-01 -7.282171e-01 -1.489303e-01 -2.668951e-02 
-2.589680e+01 1.965343e+00 -9.211540e+00 3.952708e+00 -2.510237e+00 -1.106642e+00 1.719714e+00 7.499419e-01 -1.009146e+00 1.516940e+00 -1.551738e+00 -8.484262e-01 1.639897e+01 2.160680e-01 5.122137e-01 4.169175e-01 4.124700e-01 8.760468e-01 1.599285e-01 -1.189271e-01 1.475644e-01 -3.718097e-01 -2.516210e+00 -1.682105e+00 -9.040833e-01 1.335286e-01 1.046984e+00 2.155361e-01 5.034369e-01 -6.305451e-01 -4.727816e-01 -1.026879e+00 -3.691067e-01 -4.154145e-01 -1.146454e-01 -3.929147e-01 -5.809378e-01 -2.772910e-01 4.566067e-02 
-2.537349e+01 2.814868e+00 -7.350726e+00 7.970065e+00 -1.126667e+00 -1.494746e+00 5.606968e-02 -1.279929e+00 -3.568296e+00 -2.758711e+00 -3.257836e+00 1.356071e+00 1.646334e+01 1.213886e+00 5.945703e-01 1.266175e+00 -4.066670e-01 3.676154e-01 -1.253949e+00 -3.610381e-01 -1.696967e+00 -1.462192e-01 -1.389546e+00 -9.569916e-01 -4.090412e-01 5.180068e-02 1.766482e+00 -3.435268e-01 4.244802e-01 -1.272375e+00 -1.250627e+00 -1.187968e+00 -5.454203e-01 -1.039243e-01 -3.415003e-01 2.808522e-01 -2.424402e-01 -4.564823e-01 2.035329e-01 
-2.405935e+01 3.721585e+00 -7.951251e+00 5.791853e+00 -2.258678e+00 -3.149204e+00 1.057409e+00 -3.229657e+00 3.009777e-02 -2.002864e+00 -5.715009e+00 -4.142100e+00 1.630230e+01 4.292418e+00 4.355650e-01 2.068758e+00 -2.218841e+00 -2.586129e+00 -3.490753e+00 -1.747753e+00 -1.191538e+00 -9.903809e-01 -1.761087e+00 -1.303150e+00 -1.060222e+00 5.887056e-01 1.841357e+00 -9.119487e-01 -1.697411e-02 -1.324090e+00 -1.423909e+00 -8.213242e-01 -5.587494e-01 8.087867e-01 -3.934681e-01 5.639670e-01 -7.983435e-02 -4.319896e-01 3.386868e-01 
-2.030807e+01 3.683179e+00 -2.531147e+00 5.013089e+00 -1.072666e+00 -6.526956e+00 -1.628899e+00 -6.502809e+00 -1.559850e+00 -1.932297e+00 -2.454144e+00 1.884169e+00 1.634307e+01 6.679602e+00 -1.572958e+00 1.627646e+00 -4.454295e+00 -4.409505e+00 -3.402756e+00 -2.459772e+00 8.883116e-01 -1.571059e+00 -2.439836e-01 -1.614963e+00 -2.099679e+00 1.067343e+00 9.163130e-01 -1.249053e+00 -9.040679e-01 -6.812601e-01 -5.744759e-01 1.488369e-01 9.716157e-02 1.534281e+00 -1.582132e-01 4.096843e-01 -2.308773e-01 -5.867967e-01 2.920787e-01 
-6.967553e+00 3.708643e+00 -1.277641e+00 -5.663192e+00 -1.546783e+01 -1.604450e+01 -6.176647e+00 -2.596568e+00 -6.965321e+00 -7.701692e+00 -8.469725e+00 -6.413766e+00 1.940279e+01 6.690013e+00 -2.963561e+00 1.513086e-01 -4.184145e+00 -3.854995e+00 -2.872346e+00 -1.863408e+00 2.898711e+00 -1.626684e+00 -2.691543e-01 -1.752246e+00 -2.218788e+00 1.319182e+00 -8.560271e-01 -1.200386e+00 -1.387023e+00 5.328078e-01 1.070742e+00 1.245224e+00 1.008747e+00 1.054686e+00 2.407290e-01 5.286904e-01 -2.256409e-02 4.910997e-02 -5.617712e-03 
-5.214708e-01 -5.043343e+00 -2.549235e+00 -8.573983e+00 -1.656965e+01 -1.206073e+01 -8.625910e+00 2.845115e+00 -7.926206e+00 -1.129134e+00 -9.955576e+00 -8.006507e+00 2.024990e+01 4.596448e+00 -3.951188e+00 -2.295475e+00 -2.830547e+00 -1.870342e+00 -8.190069e-01 1.826358e-01 3.929413e+00 -6.191793e-01 -8.718888e-02 -1.886917e+00 -2.763819e+00 1.146964e+00 -1.924442e+00 -4.278784e-01 -1.020692e+00 1.357985e+00 1.792165e+00 1.450778e+00 1.400784e+00 -2.810307e-02 3.718804e-01 9.557756e-02 2.159940e-01 7.533575e-01 -2.330221e-01 
-5.022624e-01 -6.733208e+00 -7.185219e+00 -8.335173e+00 -1.378507e+01 -1.474425e+01 -4.761483e+00 6.589797e+00 -4.919664e+00 -3.749917e+00 -1.072528e+01 -1.029064e+01 2.094490e+01 1.053656e+00 -4.377485e+00 -2.904868e+00 -3.667554e-01 1.498114e+00 1.443508e+00 1.974889e+00 2.561386e+00 -2.626933e-01 8.039902e-01 -1.280124e+00 -4.826583e-01 5.208145e-01 -1.825778e+00 2.005617e-01 -1.658489e-01 1.187737e+00 1.445205e+00 1.243864e+00 9.226674e-01 -9.720773e-01 1.262935e-01 1.935434e-02 3.046427e-01 1.093651e+00 -3.199215e-01 
-5.580138e-01 -1.085142e+01 -1.105472e+01 -7.803480e+00 -1.126580e+01 -1.127207e+01 -1.423378e+00 8.550975e+00 -5.678304e+00 -4.344234e+00 -1.076066e+01 -9.996628e+00 2.130707e+01 -1.244005e-01 -3.005473e+00 -1.947713e+00 4.269957e-01 1.874816e+00 1.693141e+00 2.624997e+00 9.163988e-01 -3.936624e-01 -3.026039e-01 -7.710453e-01 7.991614e-01 3.013892e-01 -1.054620e+00 7.479712e-01 5.907993e-01 5.732433e-01 6.228226e-01 5.185712e-01 -1.175863e-01 -1.266378e+00 -1.609851e-01 -1.071260e-01 3.019221e-01 9.626130e-01 -2.545372e-01 
-1.680538e+00 -1.527480e+01 -1.154898e+01 -7.882332e+00 -1.062919e+01 -9.221202e+00 9.686497e-02 7.357731e+00 -9.402773e+00 -2.074655e+00 -1.446761e+01 -7.831949e+00 2.147841e+01 -7.836489e-02 -2.433707e+00 -8.516843e-01 1.257585e-01 1.498634e+00 2.090828e+00 1.528692e+00 -4.551223e-01 -1.107959e+00 -6.461045e-02 -7.869117e-01 1.468063e+00 1.423382e-01 -2.036465e-01 1.024393e+00 6.021944e-01 -3.998357e-03 -1.623793e-01 -1.289996e-01 -8.762295e-01 -9.082005e-01 -3.582572e-02 -2.622463e-01 2.646034e-01 1.602136e-01 -1.285180e-01 
-5.542658e-01 -1.579996e+01 -1.010555e+01 -6.665372e+00 -8.773699e+00 -6.356425e+00 2.069874e+00 7.043094e+00 -7.653043e+00 -3.480293e+00 -1.193919e+01 -5.240126e+00 2.149010e+01 -1.105736e-01 -1.183028e+00 -3.679788e-01 -2.105031e-01 1.243508e+00 1.450202e+00 -1.822430e-01 -8.943165e-01 -1.001344e+00 -1.885410e-01 -6.238942e-01 1.073969e+00 6.357870e-02 -8.616067e-03 9.073153e-01 2.661447e-01 -1.009255e-01 -3.161374e-01 -2.975477e-01 -9.664633e-01 -4.088710e-01 2.042732e-01 3.855512e-02 1.768162e-01 -3.441486e-01 -7.814204e-02 
-8.962703e-01 -1.642781e+01 -1.191843e+01 -8.275094e+00 -7.538045e+00 -6.747989e+00 1.135291e+00 5.067924e+00 -9.472377e+00 -4.504948e+00 -1.407042e+01 -5.329014e+00 2.156500e+01 2.867204e-02 -1.666983e-01 -6.837165e-01 -6.796184e-02 1.001788e+00 9.198890e-01 -1.002628e+00 -1.074158e+00 -1.379049e-01 -5.642628e-01 -3.074262e-02 1.810420e-01 -2.828221e-03 -1.562659e-02 7.939208e-01 1.417483e-01 -1.855334e-02 -3.360009e-01 -3.046770e-01 -4.532720e-01 3.759135e-02 5.173398e-01 1.165180e-01 1.887872e-01 -4.827840e-01 -4.092207e-02 
-1.502977e+00 -1.619028e+01 -1.270978e+01 -8.659595e+00 -6.593529e+00 -5.257834e+00 -2.853994e+00 5.224394e+00 -1.065039e+01 -4.071754e+00 -1.407880e+01 -5.878429e+00 2.158150e+01 -2.211892e-01 3.977299e-01 -7.009842e-01 1.919195e-02 5.425595e-01 7.908519e-01 -9.416828e-01 -8.184391e-01 1.425749e-01 1.399334e-01 -2.648686e-01 -2.781173e-01 -1.676075e-02 8.137144e-02 4.902069e-01 2.470122e-01 8.351350e-02 -4.031745e-01 -1.136284e-01 2.323678e-01 2.870743e-01 5.504356e-01 3.299817e-01 1.497908e-01 -3.204518e-01 -2.070518e-02 
-1.063056e+00 -1.591267e+01 -1.366574e+01 -7.225226e+00 -6.710251e+00 -5.171013e+00 -2.454386e+00 2.896000e+00 -8.593353e+00 -4.600397e+00 -1.355123e+01 -6.608033e+00 2.141862e+01 -1.011387e-01 7.452585e-01 2.352745e-02 -8.180871e-02 1.691111e-01 8.970892e-01 -3.579645e-01 -3.051842e-01 9.066836e-01 3.536759e-01 -2.251919e-02 -2.699180e-01 -2.207521e-02 1.577401e-01 1.428984e-01 3.415141e-01 9.211004e-02 -4.995492e-01 -2.890100e-02 2.612658e-01 4.591781e-01 2.971207e-01 4.052062e-01 1.692437e-01 -2.263881e-01 -1.766552e-02 
-1.577000e+00 -1.406876e+01 -1.273691e+01 -7.094556e+00 -6.474793e+00 -3.190713e+00 -8.438991e-01 4.037087e+00 -7.379442e+00 -2.732605e+00 -1.352330e+01 -5.991047e+00 2.147956e+01 3.613324e-01 8.121222e-01 5.134074e-01 2.138626e-01 -3.559816e-01 8.935964e-01 6.572856e-01 1.566474e-01 1.228514e+00 1.002430e+00 1.209556e-01 -3.028033e-01 -3.035812e-02 2.814586e-01 -1.024879e-01 2.538352e-01 2.115519e-01 -5.082643e-01 -2.092763e-01 -1.202954e-01 2.996420e-01 9.986166e-02 2.209947e-01 4.156917e-01 -2.895916e-01 -5.536044e-02 
-1.365238e+00 -1.376193e+01 -1.178729e+01 -9.466896e+00 -6.751842e+00 -3.295868e+00 -1.659805e+00 4.135464e+00 -6.574400e+00 -3.406054e+00 -1.446063e+01 -6.622110e+00 2.150544e+01 5.262799e-01 3.406510e-01 4.167082e-01 2.950432e-01 -1.046777e+00 7.240049e-01 -4.958369e-01 7.340417e-01 8.047044e-01 1.030527e+00 6.224883e-01 -9.385555e-01 -8.436462e-02 2.049175e-01 -6.142918e-02 1.897202e-01 5.487728e-01 -1.566070e-01 -4.952723e-01 -4.033869e-01 -2.161501e-01 -1.546572e-01 1.159703e-01 5.848725e-01 -2.259901e-01 -1.301645e-01 
4.548817e-01 -1.320546e+01 -1.108185e+01 -6.469367e+00 -8.352758e+00 -1.727539e+00 3.505392e-02 5.388073e+00 -5.517208e+00 3.433999e-01 -1.301947e+01 -7.385499e+00 2.138633e+01 8.722792e-01 8.771026e-02 3.716028e-01 8.885578e-01 -1.390677e+00 -1.688735e-01 -1.474380e+00 1.601408e-01 6.929392e-01 9.065130e-01 1.491077e+00 -1.391631e+00 -2.624232e-01 -1.791096e-01 2.280952e-01 5.200723e-01 6.487473e-01 6.907886e-01 -5.380481e-01 -5.155109e-01 -8.182018e-01 -4.303159e-01 -3.241012e-01 6.911603e-01 1.136883e-01 -2.142459e-01 
5.523296e-01 -1.464110e+01 -1.240952e+01 -6.062337e+00 -1.100485e+01 -2.282715e+00 -5.372794e+00 5.891406e+00 -5.501010e+00 -9.855516e-01 -1.069082e+01 -1.060356e+01 2.104363e+01 6.679655e-01 8.003803e-01 1.043055e+00 2.324831e+00 -9.642913e-02 -1.048072e+00 -1.309196e+00 -1.387589e+00 4.012755e-01 9.815236e-01 2.216674e+00 -8.553285e-01 -5.568735e-01 -5.592293e-01 5.328355e-01 9.178103e-01 5.731524e-01 1.434849e+00 -1.833553e-01 -1.394042e-01 -1.076357e+00 -5.332714e-01 -5.702964e-01 4.081192e-01 5.970671e-01 -2.261670e-01 
1.825711e+00 -1.319043e+01 -1.056724e+01 -4.353862e+00 -1.130136e+01 -4.541813e+00 -6.359299e+00 3.959912e+00 -4.451260e+00 5.893660e-01 -7.952866e+00 -1.095831e+01 2.039834e+01 -6.049280e-01 1.722774e+00 2.800491e+00 2.442665e+00 2.622885e+00 -9.105941e-01 -1.513546e+00 -2.873695e+00 -7.212321e-01 -5.935311e-01 2.779737e+00 2.239780e-01 -8.653042e-01 -7.136906e-01 3.667892e-01 7.984432e-01 1.160277e-02 1.361846e+00 1.018165e-01 1.716099e-01 -6.285449e-01 -5.126075e-01 -5.627257e-01 -1.804541e-01 7.044805e-01 -1.047549e-01 
1.289279e+00 -9.767286e+00 -6.829336e+00 1.099366e+00 -5.759697e+00 -7.128829e+00 -5.008727e+00 -2.088146e+00 -5.100897e+00 1.378660e+00 -5.910111e+00 -9.112174e+00 1.921495e+01 -1.531334e+00 2.187233e+00 3.791344e+00 2.383748e+00 4.120844e+00 1.781683e-01 -1.173168e+00 -3.130811e+00 -1.154460e+00 -1.071023e+00 2.018828e+00 1.238925e+00 -9.137568e-01 -2.790957e-01 -3.659280e-01 1.374224e-01 -9.632630e-01 2.379464e-01 4.726199e-03 3.078637e-01 3.904716e-01 -6.830557e-02 -2.923361e-01 -7.485315e-01 2.318106e-01 1.228236e-01 
-2.938459e+00 -7.028768e+00 1.305190e-01 2.163127e+00 2.138894e+00 -3.857616e+00 -7.714815e+00 -4.990688e+00 -9.323538e+00 -3.806208e+00 -1.510761e+00 -7.011044e+00 1.797384e+01 -1.596565e+00 1.228308e+00 2.989808e+00 9.170660e-01 3.309905e+00 -2.729763e-01 -6.842917e-01 -2.111009e+00 -1.092287e+00 -8.809462e-01 6.877921e-01 1.083667e+00 -6.077679e-01 4.495962e-01 -1.019969e+00 -7.940561e-01 -1.375215e+00 -1.249382e+00 -3.737858e-01 5.863676e-01 1.305052e+00 6.703311e-01 3.553680e-01 -1.058779e+00 -4.052176e-01 3.430722e-01 
-4.722504e+00 -6.785390e+00 1.198170e+00 2.597943e+00 2.879145e+00 -1.734112e+00 -1.056090e+01 -5.287515e+00 -8.837186e+00 -4.142729e+00 -3.817533e+00 -6.382797e+00 1.768704e+01 -2.316001e-01 -7.820081e-01 1.635600e+00 -1.728771e+00 7.496548e-01 -1.343208e+00 -1.844385e-01 1.833372e-01 2.452164e-01 -3.364715e-01 -4.800324e-01 -1.262103e-01 -7.153329e-02 7.888020e-01 -1.161743e+00 -1.224502e+00 -1.245584e+00 -1.916478e+00 -4.763982e-01 6.668845e-01 1.566376e+00 9.121659e-01 4.757916e-01 -8.001337e-01 -7.467773e-01 4.069999e-01 
-3.151626e+00 -8.539545e+00 3.674734e-01 -5.174897e-01 9.287311e-01 -8.603764e+00 -7.004606e+00 -4.995777e+00 -8.044401e+00 -1.054487e+00 -5.560417e+00 -6.904861e+00 1.812365e+01 9.931431e-01 -1.892436e+00 -9.190464e-02 -2.376994e+00 -1.938419e+00 -2.018858e+00 9.239853e-01 1.994472e+00 1.930523e+00 8.160321e-01 -1.264645e+00 -1.119557e+00 4.288886e-01 5.145872e-01 -7.071984e-01 -9.916061e-01 -5.856975e-01 -1.456845e+00 9.757188e-02 4.403246e-01 1.185608e+00 5.822715e-01 1.937077e-01 -4.137522e-01 -5.493883e-01 2.968124e-01 
2.379665e-01 -1.292201e+01 1.230276e+00 -6.204647e+00 -1.406399e+00 -1.147165e+01 -6.286053e+00 -1.168831e+00 -4.514297e+00 -1.679804e+00 -6.285881e+00 -9.796329e+00 1.878246e+01 1.117748e+00 -2.061063e+00 -7.902530e-01 -2.197121e+00 -2.837351e+00 -1.330886e+00 1.357098e+00 2.648163e+00 1.894911e+00 4.594600e-01 -1.005655e+00 -1.393307e+00 6.029733e-01 -1.236576e-01 2.123170e-02 -5.704098e-01 2.376144e-01 -4.885706e-01 6.625170e-01 7.888362e-02 4.324849e-01 -2.890286e-01 -8.911717e-02 -1.710224e-01 -1.018633e-02 9.350362e-02 
-4.530700e-01 -1.342296e+01 -3.447462e-01 -5.320371e+00 -5.410534e+00 -9.083186e+00 -5.232174e+00 2.922714e+00 -1.832575e+00 -9.574062e-01 -6.600187e+00 -1.090200e+01 1.957070e+01 3.017951e-01 -1.668035e+00 -7.552990e-01 -1.777099e+00 -2.180789e+00 2.087297e-01 7.465953e-01 2.584582e+00 9.941680e-01 -3.103809e-01 -1.118171e+00 -1.029806e+00 5.391039e-01 -4.854464e-01 4.428082e-01 -9.441853e-02 4.701304e-01 3.839515e-01 7.041801e-01 -2.568382e-01 -2.043615e-01 -9.227777e-01 -3.519681e-01 -2.793831e-03 3.345932e-01 -8.468047e-02 
-4.835224e-01 -1.464903e+01 -2.396843e+00 -5.986113e+00 -8.138096e+00 -8.148899e+00 -4.661658e+00 3.994259e+00 -2.468641e+00 -1.893954e+00 -8.325842e+00 -1.135046e+01 1.997822e+01 -5.039099e-01 -7.880421e-01 -8.846499e-01 -8.406711e-01 -1.572130e+00 8.556615e-01 2.986418e-01 2.050646e+00 -7.317538e-01 -2.188964e-01 -1.408507e+00 -2.219567e-01 3.408407e-01 -4.544737e-01 6.194816e-01 1.481140e-01 5.273951e-01 6.823565e-01 3.445834e-01 -2.938637e-01 -5.003758e-01 -8.072222e-01 -2.819304e-01 1.560937e-01 3.397667e-01 -1.599911e-01 
-1.282314e+00 -1.601620e+01 -1.595087e+00 -9.512330e+00 -6.608957e+00 -9.221893e+00 -4.084034e+00 5.345669e+00 -4.096236e+00 -2.499284e+00 -1.013112e+01 -1.127645e+01 2.022104e+01 -6.233097e-01 -3.149402e-01 -5.167952e-01 -7.045103e-01 -6.513301e-01 4.086887e-01 1.690242e-01 1.271471e+00 -1.370044e+00 -6.045695e-01 -1.077344e+00 -3.231544e-02 1.364970e-01 -1.750297e-01 6.156172e-01 2.194389e-01 5.292600e-01 5.768707e-01 -2.181291e-02 -1.764658e-01 -4.971041e-01 -3.326803e-01 -1.579951e-01 4.134245e-01 1.815589e-01 -1.567932e-01 
-1.867001e+00 -1.556493e+01 -2.568228e+00 -8.312267e+00 -8.667374e+00 -7.123640e+00 -5.366922e+00 7.872937e+00 -7.041053e+00 -2.003272e+00 -1.156296e+01 -1.071859e+01 2.016148e+01 -6.921192e-01 3.597317e-01 -1.690338e-01 -9.647009e-02 -1.901492e-01 2.919732e-01 1.764008e-01 8.027924e-01 -9.590366e-01 -8.030925e-01 -2.457129e-01 -1.931270e-01 4.305615e-03 4.873229e-02 4.674435e-01 2.220063e-01 3.739310e-01 4.065880e-01 -1.700446e-01 -1.940574e-01 -3.687273e-01 1.456694e-01 -2.301591e-01 5.642407e-01 -6.807167e-02 -1.111192e-01 
-2.878022e+00 -1.453965e+01 -2.843167e+00 -7.679944e+00 -8.402735e+00 -7.552215e+00 -4.034585e+00 7.340769e+00 -6.396232e+00 -3.925724e+00 -1.036813e+01 -1.137942e+01 2.016148e+01 -4.793467e-01 8.360953e-01 -1.592668e-02 4.970445e-01 1.265061e-02 3.815230e-01 -7.466744e-02 7.230024e-01 -5.556078e-01 -8.082771e-01 3.675618e-01 -1.362611e-01 -7.660836e-02 1.721634e-01 3.407652e-01 7.696506e-02 3.524624e-01 9.409173e-02 -8.453423e-02 -3.729357e-01 -1.522214e-01 1.081776e-01 -1.304182e-01 4.030406e-01 -1.482429e-01 -6.780404e-02 
-3.146472e+00 -1.358827e+01 -2.617970e+00 -7.384809e+00 -8.192432e+00 -7.523851e+00 -3.804030e+00 7.010443e+00 -6.113876e+00 -5.195937e+00 -9.435924e+00 -1.226467e+01 2.002953e+01 -3.322929e-01 9.735738e-01 -2.503147e-02 4.280817e-01 1.288895e-01 1.905493e-02 -5.498442e-01 4.812570e-01 -4.106589e-01 -1.267874e+00 6.902108e-01 -5.101656e-01 -1.082079e-01 2.794474e-01 1.831118e-01 -1.588384e-02 3.601037e-01 -1.278587e-01 -1.311425e-01 -4.016891e-01 -2.070619e-01 -1.226533e-01 -3.702379e-02 1.238991e-01 -1.935381e-01 -3.754995e-02 
-3.039186e+00 -1.282391e+01 -1.649352e+00 -7.490697e+00 -6.783371e+00 -7.113955e+00 -5.238664e+00 9.391842e+00 -7.337855e+00 -4.944261e+00 -9.356765e+00 -1.118515e+01 1.990400e+01 5.762731e-02 1.082024e+00 -2.038832e-01 7.954308e-01 -3.404918e-01 1.224786e-01 -1.332380e+00 6.710202e-01 -1.103323e+00 -1.024277e+00 4.698227e-01 -6.149046e-01 -1.462710e-01 4.152331e-01 3.463617e-02 1.381961e-01 6.149979e-01 -3.156846e-01 -1.409917e-01 -2.838217e-01 -5.199023e-01 -2.767926e-01 9.680177e-02 4.051029e-02 -3.534464e-01 -1.297938e-02 
-3.447717e+00 -1.155484e+01 -3.290396e+00 -6.266603e+00 -8.833067e+00 -7.247820e+00 -7.513929e+00 9.254030e+00 -8.623559e+00 -7.833853e+00 -8.617797e+00 -1.336712e+01 1.974915e+01 4.364860e-01 1.152312e+00 -1.543824e-01 1.554972e+00 -6.528921e-01 -2.342652e-01 -1.203026e+00 -2.065297e-01 -1.298452e+00 -8.801936e-01 3.227683e-01 -9.215398e-01 -1.486170e-01 5.553286e-01 -6.094614e-02 5.827453e-01 1.024130e+00 -3.053851e-01 -3.549117e-01 1.100212e-01 -1.176639e+00 -2.083329e-01 4.046263e-01 -1.042298e-01 -9.487982e-02 1.577071e-02 
-2.439039e+00 -1.014634e+01 -3.526446e+00 -4.261491e+00 -9.784963e+00 -7.077981e+00 -8.841630e+00 9.574179e+00 -1.065783e+01 -7.728613e+00 -8.427817e+00 -1.390286e+01 1.957047e+01 1.212585e+00 9.200827e-01 7.398762e-01 3.008621e+00 -1.175121e+00 -1.968154e-01 -1.167196e+00 -1.532636e+00 -1.495642e+00 -5.181025e-01 7.537730e-01 -1.697914e+00 -1.213265e-01 4.684441e-01 -1.541736e-01 8.982205e-01 9.620434e-01 -1.457981e-01 -5.775683e-01 4.616730e-01 -1.589189e+00 2.580200e-02 4.882593e-01 -2.841572e-01 3.172638e-01 4.884282e-02 
-1.264042e+00 -9.165313e+00 -2.451560e+00 -1.224536e+00 -9.955688e+00 -8.713069e+00 -8.017689e+00 5.887166e+00 -1.094588e+01 -8.205046e+00 -8.286263e+00 -1.551290e+01 1.945319e+01 1.867007e+00 7.498248e-01 2.416728e+00 4.442179e+00 -9.809123e-01 -1.595946e+00 -8.239532e-02 -4.300132e+00 -1.256145e+00 5.021082e-01 2.711166e-02 -4.430726e-01 -4.184887e-02 1.772202e-01 -1.824920e-01 7.682321e-01 3.138916e-01 4.995065e-02 -5.081298e-01 5.187103e-01 -1.193309e+00 1.917572e-01 3.901935e-01 -4.781869e-01 7.563603e-01 6.195134e-02 
1.932060e+00 -9.418709e+00 1.630024e+00 5.031488e+00 -1.209729e+01 -7.365081e+00 -1.082267e+01 3.412478e+00 -1.365474e+01 -7.349263e+00 -5.753657e+00 -1.860185e+01 1.944517e+01 1.684816e+00 5.123768e-01 3.001633e+00 4.161983e+00 -9.055457e-01 -2.084540e+00 4.156138e-01 -5.228127e+00 -9.953842e-01 7.258856e-01 -8.031650e-01 7.322447e-01 4.457109e-02 -3.100110e-01 8.793321e-03 9.528864e-02 -7.737752e-01 3.969109e-01 -2.869980e-01 3.745818e-01 -1.199195e-01 2.897848e-01 4.818772e-02 -5.263882e-01 8.102660e-01 4.912778e-02 
3.701582e+00 -8.169260e+00 6.215361e+00 1.129765e+01 -1.258095e+01 -1.508393e+01 -6.935378e+00 -9.165770e+00 -1.340566e+01 -5.513287e+00 -9.819144e+00 -1.323319e+01 1.960254e+01 1.086516e+00 4.438822e-01 2.555917e+00 2.547738e+00 -5.376945e-01 -1.831123e+00 5.991509e-01 -4.325145e+00 -5.897480e-01 4.487562e-01 -1.289702e+00 1.645273e+00 7.818151e-02 -6.297367e-01 2.351598e-01 -6.056150e-01 -1.622786e+00 5.447835e-01 4.403550e-01 -1.559122e-01 1.347325e+00 2.067652e-01 -4.103114e-01 -1.068144e-01 1.193321e-01 1.581820e-02 
3.502001e+00 -8.082847e+00 7.147804e+00 1.028758e+01 -1.300021e+01 -1.431498e+01 -7.304698e+00 -9.039830e+00 -1.440507e+01 -5.445167e+00 -1.167751e+01 -1.138183e+01 1.971868e+01 5.274721e-02 1.117086e+00 1.146662e+00 8.693297e-02 5.878575e-01 -1.514158e+00 3.650313e-01 -2.119533e+00 -3.798297e-01 -2.504226e-01 -1.219851e+00 1.309191e+00 6.429686e-02 -5.913513e-01 3.943227e-01 -7.187922e-01 -1.478555e+00 4.531059e-01 7.224361e-01 -3.932004e-01 1.728560e+00 8.980971e-02 -5.880153e-01 1.714202e-01 -3.678816e-01 -1.030385e-02 
3.383003e+00 -7.614043e+00 7.569257e+00 8.886258e+00 -1.219321e+01 -1.439350e+01 -6.781159e+00 -9.512209e+00 -1.351948e+01 -6.913213e+00 -1.177250e+01 -1.089677e+01 1.970746e+01 -4.658451e-01 1.623294e+00 3.161368e-01 -1.634151e+00 9.963208e-01 3.205942e-01 -8.366539e-01 8.821632e-01 -5.300762e-01 -1.061323e+00 -2.986331e-01 -1.348504e-01 2.733498e-02 -3.535682e-01 3.748802e-01 -3.635045e-01 -5.129681e-01 2.091940e-02 6.417061e-01 -2.416307e-01 1.095609e+00 -1.860450e-01 -5.535763e-01 2.648755e-01 -5.136803e-01 -1.356515e-02 
2.355115e+00 -4.111578e+00 6.686104e+00 6.671624e+00 -9.351612e+00 -1.528109e+01 -9.074966e+00 -7.012079e+00 -1.549728e+01 -7.901157e+00 -1.087568e+01 -1.322394e+01 1.971433e+01 -4.959390e-01 1.894011e+00 5.275355e-01 -1.139872e+00 5.929341e-01 4.518628e-01 -8.326143e-01 8.110369e-01 -5.762097e-01 -1.459205e+00 -4.415274e-01 -2.171958e-01 1.842965e-02 -1.254389e-01 6.035826e-02 2.591458e-01 6.502483e-01 -3.180615e-01 3.699687e-01 -8.984423e-02 -2.498542e-01 -3.933001e-01 -3.716843e-01 2.205502e-02 -3.348869e-01 -1.481584e-02 
1.946115e+00 -2.038487e+00 8.026886e+00 4.934611e+00 -9.423725e+00 -1.299813e+01 -1.023392e+01 -5.769223e+00 -1.550997e+01 -9.591512e+00 -1.171289e+01 -1.298623e+01 1.974159e+01 -4.069585e-01 1.929563e+00 1.047974e+00 5.961446e-01 -4.355136e-01 3.943297e-01 -1.020990e-02 -3.124506e-01 -1.421843e+00 -1.714759e+00 -3.545524e-01 -1.600654e-01 3.322398e-02 -9.906328e-02 -3.531273e-01 3.636712e-01 1.172772e+00 -2.164238e-01 -9.408763e-03 -1.308408e-02 -1.258900e+00 -3.655242e-01 -2.695272e-01 -5.669263e-01 -2.868783e-01 -3.914893e-02 
1.740912e+00 -1.400195e+00 9.556688e+00 6.564234e+00 -1.142009e+01 -1.275357e+01 -9.741290e+00 -6.856457e+00 -1.629094e+01 -1.140220e+01 -1.391490e+01 -1.142285e+01 1.979382e+01 -6.039520e-01 1.265654e+00 2.076502e+00 2.223015e+00 -2.864726e-01 2.988617e-01 -4.974175e-01 -2.771407e+00 -1.900542e+00 -1.782077e+00 -1.081504e+00 -3.526161e-01 -1.269111e-02 -1.703178e-01 -5.866187e-01 1.928855e-01 6.794038e-01 1.304798e-01 8.998927e-02 -1.312044e-01 -9.818406e-01 -7.334554e-02 1.474744e-02 -7.288973e-01 -4.780084e-01 -1.008128e-01 
1.655645e+00 6.783232e-01 1.137364e+01 1.192096e+01 -1.333663e+01 -1.368578e+01 -6.498682e+00 -1.115239e+01 -2.023166e+01 -1.373663e+01 -1.202580e+01 -1.259730e+01 1.983390e+01 -9.071690e-01 1.718608e-01 1.360154e+00 2.548281e+00 3.540780e-01 3.500884e-01 -1.069632e+00 -3.621289e+00 -1.695554e+00 -2.247527e+00 -2.813263e+00 -1.501484e+00 -1.528303e-01 -2.066920e-01 -7.090099e-01 -1.944069e-01 -1.318093e-01 4.305826e-01 1.124486e-01 -1.521915e-01 6.111670e-02 3.709284e-01 5.503074e-01 -5.620291e-01 -3.449083e-01 -1.871264e-01 
-5.195969e-01 8.582472e-01 1.539508e+01 1.429368e+01 -8.827701e+00 -1.344296e+01 -1.342955e+01 -1.817743e+01 -2.263891e+01 -1.473885e+01 -1.612668e+01 -1.518148e+01 1.960460e+01 -1.097493e+00 -1.601750e-01 1.335874e+00 1.281293e+00 8.505341e-01 9.238668e-01 -9.588948e-01 -2.443863e+00 -8.060677e-01 -1.119107e+00 -2.856702e+00 -1.936486e+00 -3.925559e-01 -1.913493e-01 -6.759214e-01 -6.486983e-01 -6.050283e-01 3.377165e-01 -5.910778e-02 3.479596e-01 1.283708e+00 6.552111e-01 7.369351e-01 3.673997e-01 3.239206e-01 -2.653343e-01 
-1.459406e+00 -2.308582e+00 1.190814e+01 1.381080e+01 -8.949790e+00 -1.090264e+01 -1.373799e+01 -1.821475e+01 -2.081388e+01 -1.916053e+01 -2.467347e+01 -1.861432e+01 1.907178e+01 -1.193468e+00 -9.026890e-01 4.462203e-01 4.079902e-01 1.148876e+00 6.440601e-01 -5.403600e-01 -1.706173e-01 -1.143599e-01 7.053141e-01 -2.277095e+00 -1.092667e+00 -7.124295e-01 -2.705337e-01 -5.171207e-01 -7.337394e-01 -6.413248e-01 3.054030e-01 -1.328321e-01 8.287491e-01 1.776442e+00 5.950954e-01 7.757877e-01 1.562956e+00 1.108918e+00 -3.263807e-01 
-2.189328e+00 -7.072166e-01 1.596893e+01 1.202535e+01 -9.361004e+00 -9.525597e+00 -1.091632e+01 -1.554458e+01 -2.003029e+01 -1.428567e+01 -2.187452e+01 -1.809668e+01 1.821184e+01 -1.417465e+00 -1.576709e+00 -7.099843e-01 2.680282e-01 1.004782e+00 -1.436482e-01 9.778170e-01 1.921808e+00 5.849265e-01 4.262614e-01 4.873338e-01 1.062596e+00 -1.059593e+00 -4.098822e-01 -5.759917e-01 -8.950292e-01 -4.448780e-01 2.911420e-01 -6.706128e-02 1.029770e+00 1.492216e+00 5.449196e-01 5.428011e-01 1.725290e+00 1.323781e+00 -3.417532e-01 
-3.477233e+00 -3.052490e+00 1.331766e+01 1.509497e+01 -7.325395e+00 -1.242393e+01 -1.045737e+01 -1.332177e+01 -2.210791e+01 -1.043710e+01 -2.053767e+01 -1.660328e+01 1.696821e+01 -2.099866e+00 -1.705381e+00 -1.285680e+00 -1.518575e-01 1.803875e+00 2.196930e-01 2.105736e+00 3.078134e+00 5.844115e-01 8.587638e-01 3.329353e+00 2.543667e+00 -1.451236e+00 -3.466151e-01 -3.223332e-01 -4.766465e-01 -4.114925e-01 1.779032e-01 3.979089e-01 9.076766e-01 6.641551e-01 6.729071e-01 3.301750e-01 1.400033e+00 1.001505e+00 -2.307265e-01 
-6.598375e+00 -6.653892e+00 1.114030e+01 1.499133e+01 -4.615946e+00 -1.340076e+01 -1.018108e+01 -1.101500e+01 -1.906722e+01 -1.696927e+01 -1.575789e+01 -1.087384e+01 1.535829e+01 -2.693938e+00 -2.638701e+00 -2.273288e+00 -6.631055e-01 1.978820e+00 8.006510e-01 2.866844e+00 3.392822e+00 1.569034e+00 1.518138e+00 2.966554e+00 2.864320e+00 -1.731946e+00 3.660754e-02 1.938595e-01 7.735193e-02 -2.087688e-01 1.509051e-02 6.206891e-01 3.698859e-01 -2.060233e-01 5.162477e-01 6.026908e-01 4.336482e-01 2.043512e-01 -2.989675e-03 
-9.753718e+00 -7.862430e+00 7.894391e+00 1.156913e+01 -2.302953e+00 -7.866642e+00 -3.576874e+00 -5.088641e+00 -1.837337e+01 -1.352493e+01 -1.108475e+01 -9.507544e+00 1.324235e+01 -2.288401e+00 -1.983436e+00 -1.155387e+00 -1.183856e+00 1.551352e+00 2.161361e+00 3.053455e+00 2.414801e+00 2.758130e+00 1.810236e+00 3.483470e+00 3.013935e+00 -1.529852e+00 5.660168e-01 6.881341e-01 4.267311e-01 2.341121e-01 -3.519030e-01 1.279435e-01 -4.231820e-01 -6.767381e-01 4.305682e-01 3.290797e-01 -4.494838e-01 -4.046387e-01 2.672549e-01 
-1.252068e+01 -1.149514e+01 7.314666e+00 1.047270e+01 -1.978275e+00 -7.800920e+00 -2.243035e-02 -2.697065e+00 -1.405267e+01 -5.150660e+00 -1.176831e+01 -7.323157e+00 1.141504e+01 -1.140113e+00 -4.684007e-01 -3.884908e-01 -2.597816e-01 1.206410e+00 1.988859e+00 2.353379e+00 1.223541e+00 2.079224e+00 2.963994e+00 2.578602e+00 1.849285e+00 -1.035271e+00 8.706871e-01 1.051021e+00 4.721004e-01 5.237109e-01 -3.681446e-01 -2.519696e-01 -8.359891e-01 -6.699868e-01 -1.975379e-02 -1.876983e-01 -5.959922e-01 -8.002850e-01 4.261720e-01 
-1.195801e+01 -1.054877e+01 9.453587e+00 1.143508e+01 -8.878542e-01 -4.416942e+00 -2.693655e-01 -5.406670e+00 -1.082462e+01 -7.295419e+00 -5.115267e+00 -3.308727e+00 1.129043e+01 -4.664422e-02 6.501814e-01 -9.431165e-02 8.171514e-01 4.306161e-01 2.653896e-01 2.465664e-01 7.791768e-01 2.482212e+00 1.781218e+00 1.275913e+00 1.027948e+00 -4.633197e-01 6.829545e-01 8.544824e-01 -3.167519e-02 3.051132e-01 -3.604482e-01 -4.563290e-01 -6.708373e-01 -6.944121e-02 -2.033489e-01 -1.964611e-01 -6.452365e-01 -7.993444e-01 3.666295e-01 
-1.119623e+01 -7.652866e+00 8.418041e+00 1.375936e+01 7.083662e-01 -5.181390e+00 -6.786147e-02 -4.738386e+00 -1.244521e+01 -5.264057e+00 -5.849578e+00 -4.726910e+00 1.115802e+01 5.386428e-01 1.299739e+00 -4.433289e-01 9.549413e-01 6.983691e-01 4.889245e-01 9.042816e-02 8.606436e-01 1.608177e+00 5.941780e-01 1.090353e+00 -1.441958e-01 -1.343493e-01 3.374278e-01 4.005419e-01 -3.161304e-01 -9.610413e-02 -3.099124e-01 -1.325437e-01 -1.867246e-01 2.406987e-01 -7.069848e-03 -2.379554e-01 -3.846409e-01 -4.004782e-01 2.171638e-01 
-1.064949e+01 -6.533247e+00 6.870603e+00 1.401131e+01 -1.493606e+00 -7.849693e+00 -2.321492e+00 -1.719173e-01 -6.765702e+00 -4.562462e+00 -7.665102e+00 -5.666063e+00 1.105426e+01 2.869922e-01 1.404927e+00 -1.286412e+00 -2.654833e-01 3.148440e-03 6.297011e-01 8.308117e-01 2.249073e+00 1.976877e+00 2.012773e+00 1.001540e+00 1.397078e-02 -1.471807e-01 1.394668e-01 2.413789e-01 -2.513824e-01 -4.101280e-01 -2.630549e-01 1.012396e-01 2.967380e-01 9.845605e-02 -1.663331e-01 -1.134725e-01 -1.995442e-01 -1.126796e-01 8.926076e-02 
-1.048177e+01 -7.004138e+00 6.389459e+00 1.395912e+01 1.816228e+00 -3.640042e+00 1.455472e+00 -1.011513e+00 -8.040899e+00 -3.546373e+00 -5.041696e+00 -6.865445e+00 1.086138e+01 3.800395e-01 1.156715e+00 -1.373065e+00 -1.990998e-01 -1.293613e-01 1.143909e+00 1.127720e+00 1.692080e+00 2.296501e+00 1.658375e+00 7.927618e-01 3.539321e-01 -1.075376e-01 3.114853e-02 2.792979e-01 5.262739e-02 -2.952800e-01 -2.276854e-01 -2.610770e-01 1.180765e-01 -1.015354e-01 -3.764571e-02 2.222157e-02 -1.625883e-01 5.457290e-02 5.435220e-02 
-1.088046e+01 -3.848163e+00 4.035743e+00 1.000747e+01 -1.425853e+00 -2.039199e+00 3.123134e+00 3.975177e+00 -3.142355e+00 1.909751e+00 -5.115017e-01 -2.169677e+00 1.070286e+01 7.297802e-01 1.928584e+00 -8.864290e-01 -6.565893e-01 -4.709189e-01 4.441011e-01 1.211585e+00 8.557528e-01 1.306360e+00 6.816486e-01 4.268673e-01 2.155142e-01 -3.045388e-02 -4.878290e-02 1.838967e-01 3.493921e-01 4.591075e-04 1.797141e-01 -2.572445e-01 -1.303375e-01 -3.125885e-01 -2.084449e-01 -3.187855e-01 9.968502e-02 -1.955652e-02 9.051146e-02 
-9.180275e+00 -3.211541e+00 2.970353e+00 1.476604e+01 2.781748e-02 -2.366770e+00 2.848384e+00 1.648479e+00 -2.774198e+00 -2.084944e-01 -5.462633e+00 -4.705593e+00 1.079586e+01 4.730867e-01 2.434466e+00 -3.801185e-01 -3.258936e-01 -2.030357e-01 -7.238299e-01 4.904337e-01 1.049568e+00 1.755260e+00 1.370876e+00 5.646341e-01 2.790073e-02 7.904332e-02 -2.377222e-01 2.503567e-02 3.588529e-01 -5.421306e-02 4.911917e-01 4.692503e-02 -1.748042e-01 -2.342225e-01 -2.316848e-01 -6.579597e-03 4.982190e-01 1.706692e-01 8.167745e-02 
-7.651093e+00 1.213086e+00 4.147890e+00 1.032476e+01 -2.954321e+00 -6.265799e+00 3.039998e+00 2.776845e+00 -2.867441e+00 -2.823159e+00 -5.319682e+00 -5.668477e+00 1.093468e+01 -3.211305e-03 1.685591e+00 -3.591537e-02 -1.999143e-01 9.385268e-01 2.774201e-01 4.978103e-01 1.007507e+00 1.205264e+00 5.626519e-01 1.613848e+00 7.912415e-02 2.120487e-01 -3.922410e-01 -4.330711e-01 1.141398e-01 -1.083849e-01 4.832689e-01 5.048071e-01 -2.494331e-01 -1.846791e-01 -2.560576e-02 2.217357e-01 5.759397e-01 4.490977e-01 2.361389e-03 
-9.730762e+00 2.637031e+00 4.432325e+00 1.217141e+01 1.565341e+00 -5.145416e+00 3.949238e+00 4.835551e+00 5.978736e-01 5.674298e+00 1.860243e-01 -4.976680e+00 1.114062e+01 -4.420952e-01 1.403296e+00 -3.996252e-03 -6.985372e-01 1.621902e+00 1.461942e+00 6.105671e-01 4.452048e-01 1.188635e+00 1.684967e+00 2.690440e+00 1.275513e+00 1.795873e-01 -2.576619e-01 -6.204921e-01 -7.407860e-03 -2.574826e-01 -7.941668e-02 4.442699e-01 -4.781603e-01 -4.237756e-01 -2.341768e-01 -3.546420e-01 5.616711e-04 3.697586e-01 -1.313835e-01 
-1.062091e+01 1.655173e+00 3.125007e+00 1.030523e+01 2.498119e+00 7.370260e-01 5.061528e+00 7.418792e+00 1.197606e+00 1.781262e+00 4.733447e+00 -1.638361e+00 1.159074e+01 -7.739422e-01 2.786797e-01 -5.039229e-01 -1.012264e+00 1.032898e+00 1.875248e+00 -9.574348e-02 2.346207e-01 1.461757e+00 1.633288e+00 2.243763e+00 1.837295e+00 -6.894787e-02 -1.306106e-01 -4.436376e-01 -1.193189e-01 -3.468138e-01 -5.924719e-01 -3.303095e-01 -7.778320e-01 -7.071704e-01 -4.877717e-01 -6.767061e-01 -7.544264e-01 -5.150199e-02 -2.354918e-01 
-9.905512e+00 3.584241e+00 3.461446e+00 1.128338e+01 5.411162e+00 1.441286e+00 4.890621e+00 1.553070e+00 1.136319e+00 5.914554e+00 2.962625e+00 -3.428518e-01 1.136579e+01 -4.298950e-01 3.536082e-02 -1.832666e-01 -1.207070e+00 -6.471647e-01 6.986825e-01 -1.603646e+00 -6.830338e-01 4.560913e-01 -9.377268e-01 2.525305e-01 9.976191e-01 -4.374177e-01 2.298874e-02 -5.182869e-02 7.798499e-02 -1.510037e-01 -7.228013e-01 -8.777817e-01 -8.812866e-01 -5.805074e-01 -4.909916e-01 -1.080824e+00 -1.246325e+00 -6.064053e-01 -1.810154e-01 
-1.143329e+01 2.133161e+00 2.113881e+00 5.707368e+00 2.877609e-01 -1.827325e-01 2.090580e+00 5.591187e+00 4.172629e+00 5.223564e+00 4.510406e+00 1.201221e+00 1.047745e+01 -6.621879e-01 1.513124e-01 -5.429584e-01 -1.679764e+00 -8.894051e-01 -9.924793e-01 -2.284138e+00 -1.964285e+00 -8.672847e-01 -1.509547e+00 -9.393838e-01 -3.936858e-02 -6.569387e-01 1.387773e-01 4.251771e-01 4.159690e-01 3.895321e-01 -1.092402e-01 -5.896015e-01 -3.556692e-01 -2.787286e-01 -4.272079e-01 -6.952304e-01 -1.102582e+00 -5.189623e-01 1.047370e-03 
-1.147405e+01 2.574830e+00 4.021725e+00 8.434546e+00 -5.651889e-01 -1.192080e+00 -2.583571e+00 2.334149e+00 1.391096e+00 -7.355064e-01 1.560123e+00 -1.408701e+00 9.510080e+00 -3.830460e-01 1.207760e+00 4.054057e-01 -1.119645e+00 -1.030766e+00 -1.493104e+00 -2.701532e+00 -1.357965e+00 -1.017780e-01 -2.147680e+00 -1.949609e+00 -8.181232e-01 -4.314808e-01 5.671969e-02 3.801937e-01 4.732962e-01 6.862719e-01 4.316012e-01 4.560632e-02 5.976739e-01 3.439403e-01 -2.434577e-02 3.711538e-01 -3.114547e-01 -4.010582e-02 1.747828e-01 
-1.314846e+01 2.915893e+00 1.300668e-01 3.330898e+00 1.039417e+00 -2.908455e+00 -2.622203e+00 -2.792898e+00 -3.266241e+00 -2.441769e+00 7.378055e-01 -1.302518e+00 9.234048e+00 -1.035788e-01 1.818341e+00 1.281664e+00 8.918158e-01 6.785838e-01 2.312979e-02 -1.325179e+00 -8.215134e-01 -3.952811e-01 -1.237853e+00 -2.168062e+00 1.503608e-01 -6.664972e-02 1.074906e-02 1.646164e-02 4.236361e-01 8.299569e-01 4.793642e-01 4.456299e-01 1.019764e+00 6.888749e-01 1.009257e-01 9.441167e-01 4.419463e-01 2.935670e-01 1.886671e-01 
-1.096338e+01 9.232018e+00 6.480804e+00 6.873261e+00 -1.190925e-01 -4.661150e+00 -6.260710e+00 -1.044588e+00 4.346420e+00 -9.916701e-01 -4.898745e+00 -3.181228e+00 9.830094e+00 -4.255029e-01 1.102735e+00 1.270885e+00 9.385151e-01 7.268757e-01 4.188758e-01 9.052803e-01 4.653269e-01 9.828088e-02 7.820808e-01 -6.903588e-01 7.021807e-01 1.413806e-01 -2.105995e-01 -6.802084e-01 -3.062125e-01 1.694334e-01 3.185322e-01 5.482835e-01 1.213092e+00 7.353024e-01 -1.178653e-01 1.030424e+00 1.050789e+00 4.389316e-01 7.412580e-02 
-1.220631e+01 7.896155e+00 7.292961e+00 1.094694e+01 3.457729e+00 1.667508e+00 -2.696994e+00 3.172897e+00 7.182578e-01 -8.374824e-01 -3.099985e+00 2.839009e+00 9.984031e+00 -5.873597e-01 2.861815e-01 1.142580e+00 1.440803e+00 6.285998e-01 2.798457e-01 1.011363e+00 5.684530e-01 -4.627522e-01 1.746096e+00 6.405799e-01 6.684138e-01 -5.129128e-05 -2.069219e-01 -7.827948e-01 -6.955096e-01 -6.104410e-01 -1.221430e-01 3.583887e-01 8.072201e-01 3.787349e-01 2.633400e-02 4.022423e-01 9.280860e-01 8.409442e-02 -2.000859e-02 
-1.407234e+01 5.598054e+00 6.794633e+00 9.319198e+00 1.860502e+00 -1.386132e+00 1.980247e+00 1.678162e+00 -1.095479e-01 2.372723e+00 2.724165e-02 3.120091e-02 9.842006e+00 -1.194119e+00 -1.427162e+00 -1.056071e+00 -5.471720e-01 5.868162e-01 1.120042e+00 2.195661e+00 1.623749e+00 -6.574399e-01 1.512451e+00 1.900023e+00 1.117611e+00 -9.417962e-02 4.884722e-02 -4.139908e-01 -7.215354e-01 -7.795517e-01 -1.218600e-01 4.778147e-01 7.696913e-02 1.917785e-01 3.394846e-01 -5.038347e-01 1.910091e-01 -1.733868e-01 -6.139226e-02 
-1.453054e+01 6.163708e+00 5.685832e+00 9.312063e+00 3.192755e+00 -3.147129e+00 -1.685766e+00 -1.312156e+00 -3.352042e+00 4.606813e+00 1.477705e+00 4.330058e-01 9.228092e+00 -7.537712e-01 -8.307697e-01 -1.032315e+00 -1.417488e+00 1.380012e-01 1.464561e+00 2.065692e+00 4.929949e-01 1.142473e-01 4.081987e-01 1.177232e+00 3.631011e-01 -4.893482e-02 2.605420e-01 -9.501966e-03 -3.959312e-01 -6.461917e-01 -1.192568e-01 3.543914e-01 -3.230506e-01 4.597204e-04 5.842314e-01 -7.842111e-01 -4.706597e-01 -3.370938e-01 -2.143343e-02 
-1.577206e+01 2.962648e+00 2.003996e+00 4.954513e+00 2.947234e+00 3.346179e+00 4.211935e+00 9.316788e+00 3.094424e+00 3.848519e+00 2.312594e+00 3.609638e+00 9.737320e+00 -9.804797e-02 -4.087125e-01 -1.249365e+00 -1.530028e+00 3.630596e-01 2.215499e+00 7.628415e-01 1.462073e+00 1.507228e+00 -1.068180e+00 -3.460168e-03 -1.221400e-02 -1.411002e-01 4.119003e-01 3.356329e-01 1.350660e-01 -4.998302e-02 -8.405715e-02 -3.176169e-01 -8.322324e-01 -5.615002e-01 2.403930e-01 -3.631149e-01 -6.477305e-01 -4.031193e-01 -2.092682e-02 
-1.512553e+01 5.059535e+00 4.526835e+00 6.041929e+00 3.603968e+00 6.623964e+00 6.515633e+00 1.818942e+00 -3.122312e-01 4.657710e-01 1.643472e+00 2.865957e+00 9.791839e+00 1.674296e-01 -2.705817e-01 -7.405429e-01 -1.298704e+00 1.441190e-01 1.504048e+00 1.124702e-01 6.514570e-01 1.376112e+00 -8.847093e-01 -7.610804e-01 -4.521535e-01 -8.369432e-02 2.179617e-01 5.758075e-02 4.010686e-02 2.734561e-01 -2.644738e-02 -7.744687e-01 -7.724136e-01 -3.622358e-01 -7.852552e-02 3.784991e-01 -2.326004e-01 1.998640e-02 -4.127036e-02 
-1.426537e+01 4.106480e+00 1.127174e+00 3.304238e+00 3.470475e+00 4.805893e+00 1.693753e+00 7.423033e+00 5.906600e+00 -8.974443e-01 -7.287056e-02 -1.246209e+00 8.854476e+00 4.046026e-01 -2.921981e-02 -5.265279e-01 -8.565543e-01 1.633837e-01 -4.877794e-01 -9.888404e-01 -1.263083e+00 -8.632660e-02 3.433066e-01 -3.693546e-01 -4.904168e-01 -1.814135e-01 -7.056149e-02 -1.856922e-01 -1.296473e-02 4.158221e-01 -1.029020e-01 -9.452834e-01 -2.718652e-01 -5.127357e-01 -6.607549e-01 6.915104e-01 1.350085e-01 3.233779e-01 -3.090070e-02 
-1.444668e+01 4.238814e+00 2.421831e+00 3.643680e+00 3.652267e+00 3.643311e+00 1.354969e-01 2.892183e+00 2.122595e+00 2.556279e+00 -1.134991e+00 6.003240e-01 9.250771e+00 8.446788e-02 -7.327572e-01 -1.193271e+00 -3.869827e-01 1.054595e-01 -1.056125e+00 -9.206067e-01 4.443835e-02 5.184119e-01 1.595072e+00 1.972884e-01 7.021807e-01 -2.351327e-01 -2.077263e-01 -1.790504e-01 -3.522736e-02 4.165498e-01 -1.859778e-01 -6.496030e-01 7.725811e-02 -1.559086e-01 -5.282875e-01 6.474678e-02 7.635433e-03 8.894231e-02 -9.848558e-02 
-1.408827e+01 3.226898e+00 4.235465e-01 1.870996e+00 3.740145e+00 2.397711e+00 2.457738e+00 2.464753e+00 1.445379e+00 4.519929e+00 1.854872e+00 2.290398e+00 9.100728e+00 -4.095612e-01 -1.106053e+00 -1.087781e+00 9.317764e-02 -1.320948e-01 -1.230858e+00 -7.984863e-02 -7.980375e-01 -1.367616e+00 1.149608e+00 1.923543e-01 1.027419e+00 -2.199075e-01 -2.208854e-01 2.020523e-02 2.097671e-01 3.416826e-01 -2.757313e-01 -1.781217e-01 2.425905e-01 8.381113e-02 -1.980290e-01 -7.181360e-01 -4.520230e-01 -4.143707e-01 -1.127973e-01 
-1.479149e+01 1.835514e+00 -1.088168e+00 4.823842e+00 3.996399e+00 2.547141e+00 1.530881e+00 4.520066e+00 4.510142e+00 5.732220e+00 1.665823e+00 4.608720e+00 8.493000e+00 -4.640557e-01 -6.274060e-01 -6.359947e-01 3.091616e-01 -6.380531e-01 -1.372508e+00 4.423651e-02 -3.606599e-01 -6.246977e-01 -9.640683e-01 -1.003817e+00 -7.663708e-01 -5.568735e-01 -4.843812e-02 3.597247e-01 5.103654e-01 1.340011e-01 -2.440403e-01 2.920482e-02 1.703095e-01 -1.656719e-01 -1.082614e-01 -1.023415e+00 -6.162159e-01 -8.298789e-01 -7.484908e-02 
-1.614030e+01 -2.229665e-01 -2.556923e+00 3.180327e+00 2.637650e+00 -8.005169e-01 5.969163e-01 2.618255e+00 -2.124999e+00 3.262769e+00 -5.115017e-01 1.886985e+00 8.133815e+00 -4.253402e-01 1.905258e-02 2.436124e-01 5.038322e-01 -8.435864e-01 -1.220283e+00 -2.584680e-01 -6.413921e-01 -5.048389e-01 -1.967805e+00 -2.028844e+00 -1.827956e+00 -5.844992e-01 8.332519e-02 4.348984e-01 4.890172e-01 -2.624020e-02 -1.374792e-01 1.087809e-01 1.765611e-02 -6.300160e-02 1.997092e-01 -7.224851e-01 -4.700702e-01 -7.346937e-01 -2.844681e-02 
-1.574067e+01 2.826557e+00 7.319489e-01 4.534716e+00 1.013590e+00 -1.619963e+00 1.287346e+00 1.011998e+00 7.843597e-01 -1.635343e+00 -4.970919e+00 -3.029998e+00 6.949970e+00 -1.499397e-01 5.030811e-01 6.928870e-01 7.770173e-02 -7.589779e-01 -9.154451e-01 2.035034e-02 -8.621769e-01 -4.542907e-01 -1.963289e+00 -1.773240e+00 -2.019449e+00 -4.270760e-01 9.039318e-02 2.745278e-01 3.107051e-01 -8.891761e-02 -1.575166e-02 1.218857e-01 2.307447e-02 -1.224122e-01 3.915794e-02 -1.993928e-01 -1.283078e-01 -2.697659e-01 4.170279e-02 
