-1.558164e+01 2.640066e+00 1.459133e-01 3.761045e+00 -1.477276e+00 1.840555e+00 -1.110126e+00 -2.045417e-01 1.542242e+00 4.215370e+00 2.730129e+00 3.166894e+00 7.511090e+00 -4.489553e-02 -4.447465e-01 -7.537596e-01 -9.684737e-01 1.272737e+00 -7.426069e-02 -6.577784e-01 3.343208e-01 7.189839e-01 -9.211447e-01 -2.578420e-01 -2.934441e-01 -9.866150e-03 6.617656e-02 1.986618e-01 2.372515e-01 1.992334e-01 -2.284707e-01 -4.182161e-02 3.146368e-01 1.919827e-01 -1.992774e-01 1.182419e-01 3.723092e-02 -2.950532e-02 3.403993e-02 
-1.643872e+01 3.666511e-01 -1.552351e+00 6.693421e-01 1.148304e+00 3.035015e+00 -2.299861e+00 -2.121849e+00 4.364899e+00 1.569265e+00 6.457204e-02 -2.191259e-01 7.518115e+00 1.335580e-01 -6.731123e-03 -1.764580e-01 -8.991736e-01 8.095679e-01 -2.514624e-01 -3.121035e-01 8.308336e-01 3.266978e-01 -1.156768e+00 -2.379648e-01 -6.912507e-01 3.881041e-02 3.483770e-02 2.190141e-01 3.344966e-01 4.647415e-01 -3.027890e-01 1.786913e-01 4.936115e-01 1.886082e-01 -2.770475e-01 3.521947e-01 2.224492e-01 2.896287e-01 5.148240e-02 
-1.537762e+01 1.553402e+00 -2.773531e+00 4.645060e-01 3.574063e+00 8.720959e-01 -3.804070e+00 2.425990e+00 3.726076e+00 9.330611e-01 2.774012e+00 3.392848e+00 7.458288e+00 1.966767e-01 3.295680e-01 1.437684e-01 -6.933867e-03 3.618882e-01 -1.947010e-01 7.426534e-01 1.046015e+00 -8.129606e-02 -2.120275e-01 -8.163007e-02 -2.420365e-01 1.359779e-01 -5.076939e-02 6.708383e-02 2.277830e-01 5.553062e-01 -3.523820e-01 2.640674e-01 4.538169e-01 -8.786458e-02 -2.350445e-01 4.685905e-01 2.496978e-01 3.196399e-01 4.223672e-02 
-1.501587e+01 3.150175e+00 7.235196e-01 9.134119e-01 4.516717e-02 1.067545e+00 -1.323790e+00 2.634513e+00 2.084108e+00 7.272109e-02 1.518855e+00 -4.022430e-01 7.731590e+00 8.468397e-03 2.633254e-01 4.699547e-01 8.744528e-01 2.142145e-01 8.795016e-01 1.110227e+00 9.216909e-01 -2.661398e-01 4.853822e-01 7.662601e-01 1.129026e+00 1.745851e-01 -1.230061e-01 -1.922051e-01 -1.535396e-02 3.178238e-01 -1.669906e-01 2.184725e-01 -2.556140e-03 -4.100803e-01 1.986854e-02 4.190061e-01 1.516441e-01 3.433625e-01 -2.406282e-02 
-1.530961e+01 2.896172e+00 -2.726648e-01 3.604566e+00 8.840967e-01 1.850599e+00 2.115126e+00 2.647431e+00 2.276343e+00 3.903776e+00 1.594825e+00 2.048420e+00 8.084208e+00 -2.363553e-01 -2.443656e-01 6.204995e-02 9.212503e-01 -1.915389e-01 6.806945e-01 9.002153e-01 -1.504262e-01 -1.597330e-01 6.006739e-01 4.885892e-01 3.947033e-01 1.334722e-01 -9.003370e-02 -3.053133e-01 -2.068008e-01 -2.663770e-01 -2.335584e-01 -2.065311e-01 -5.578589e-01 -7.157517e-01 -2.001513e-03 -3.451139e-02 -1.310086e-01 7.749531e-02 -9.769157e-02 
-1.643004e+01 1.011752e+00 -4.532895e-01 3.471811e+00 3.564231e+00 6.943169e+00 2.916890e-01 2.375704e+00 3.759235e+00 2.510961e+00 4.485461e+00 6.098181e+00 8.078090e+00 -2.650456e-01 -6.807280e-01 -2.123316e-01 2.258589e-01 2.514823e-01 4.032364e-01 -4.036497e-01 -6.213158e-01 4.653306e-01 5.318245e-01 2.351855e-01 7.073012e-01 -8.021282e-02 1.874478e-02 -1.088114e-01 -1.805209e-01 -4.558801e-01 -3.184800e-01 -8.219256e-01 -6.245378e-01 -7.149081e-01 -8.783368e-02 -1.407451e-01 -3.953407e-01 -2.680386e-01 -1.219712e-01 
-1.585222e+01 1.400748e+00 -1.875120e+00 3.791610e+00 8.568196e-01 1.337910e+00 -1.105956e-01 1.803649e+00 2.089984e+00 2.717605e+00 3.733783e+00 2.116206e+00 7.952316e+00 -1.168125e-01 -7.251017e-01 -5.491768e-01 -1.014574e+00 -8.245096e-01 -9.892660e-01 -1.289735e+00 -1.761282e+00 -4.569625e-01 -4.077984e-01 -4.711254e-01 3.564175e-01 -2.250824e-01 4.572765e-02 6.754176e-02 3.807530e-02 -2.821438e-01 -1.878168e-01 -5.738085e-01 -4.320956e-01 -1.551667e-01 -9.268874e-02 -1.492941e-01 -2.938809e-01 -1.570219e-01 -7.846212e-02 
-1.607023e+01 4.944939e-01 4.627918e-01 1.948998e+00 1.315773e+00 3.340117e+00 -2.229485e+00 -4.999446e-02 4.504248e+00 3.324928e+00 1.625497e+00 3.100520e+00 7.396420e+00 4.270547e-02 -4.029746e-02 -1.269455e-01 -4.370728e-01 -1.061743e+00 -2.395130e+00 -9.175686e-01 -1.847302e+00 -5.565795e-01 2.859672e-01 -7.305045e-01 -1.919577e-01 -2.559867e-01 7.095603e-02 1.913858e-01 1.536294e-01 6.532894e-02 -3.295151e-02 -2.163349e-02 4.766818e-02 5.305084e-01 -1.266296e-01 -1.776510e-01 1.157483e-03 -2.630886e-01 3.049186e-02 
-1.607360e+01 -4.706351e-01 -3.476397e+00 -7.070289e-01 -2.114165e+00 -1.294590e+00 -3.073363e+00 -4.946142e+00 -3.809423e-01 1.457401e+00 6.695011e-01 5.329465e+00 7.299881e+00 -1.615693e-01 -2.268195e-01 2.097851e-01 -1.579804e-01 -4.739591e-01 -7.890375e-01 -1.003346e+00 -3.133158e-01 -1.122047e-01 -2.284688e-02 -4.978316e-01 5.918366e-02 -1.709303e-01 5.437911e-02 1.440666e-01 2.808258e-01 3.837953e-01 3.773441e-01 7.634603e-01 5.407475e-01 1.035133e+00 2.697484e-01 2.317031e-02 3.281407e-01 -1.810247e-01 1.017250e-01 
-1.610592e+01 1.746007e+00 -2.875860e-01 3.535679e+00 -2.590043e-01 -3.716156e+00 -2.814684e+00 -3.486017e+00 2.211285e+00 4.570489e+00 2.365379e+00 3.531716e+00 7.124478e+00 1.121360e-01 2.721665e-02 1.763183e-01 1.241988e-01 -8.858659e-02 1.948585e-01 -3.085784e-01 1.307214e+00 -3.402191e-01 -5.489086e-01 2.543310e-01 -4.596260e-01 4.516760e-02 6.532956e-02 3.889582e-02 5.677071e-02 1.606840e-01 4.050648e-01 8.975900e-01 5.156353e-01 5.789697e-01 1.739834e-01 -6.693316e-02 3.611178e-01 6.077743e-02 1.152439e-01 
-1.664178e+01 -3.591931e-01 -4.509335e-01 2.208578e+00 -7.255696e-01 9.206444e-01 -4.834349e+00 1.955428e+00 2.675082e+00 1.980113e+00 8.747617e-01 2.196232e+00 7.233482e+00 1.203605e-01 -3.839029e-02 7.031905e-01 6.237375e-01 5.755959e-01 1.532874e+00 1.109479e+00 1.836932e+00 7.836387e-01 1.253963e-01 6.772395e-01 -4.148623e-01 1.330081e-01 1.111278e-01 1.770883e-01 -1.643375e-01 1.385426e-01 2.624195e-01 9.812193e-02 4.449567e-01 -1.899425e-01 -1.109509e-01 2.779957e-01 4.001328e-01 1.224499e-01 5.698578e-02 
-1.522520e+01 5.748162e-01 -1.686093e-01 1.112317e+00 1.783809e-01 3.207028e+00 -2.891717e+00 3.035413e+00 1.275716e+00 3.188231e-01 2.794302e+00 2.368993e+00 7.655446e+00 2.282360e-01 6.002013e-02 -8.992580e-02 -2.445805e-02 4.388695e-01 9.319040e-01 6.043194e-01 -2.753993e-02 -1.346008e-01 -1.229420e-01 4.874917e-01 3.489430e-01 1.682743e-01 -8.117094e-03 1.032601e-01 -2.138538e-01 1.146284e-01 3.142909e-02 -5.679489e-01 -2.295977e-02 -4.869434e-01 -2.762903e-01 2.331536e-01 1.205766e-01 1.530215e-01 -3.380057e-02 
-1.591203e+01 -7.743438e-02 -1.979024e-02 3.623271e+00 5.450360e-01 2.908622e+00 2.512972e+00 9.778596e-01 4.005194e+00 4.210082e+00 3.841368e+00 3.836755e+00 7.699410e+00 3.361114e-01 6.422182e-01 -4.786903e-01 6.091008e-01 5.743148e-01 -6.670810e-01 7.649791e-01 -5.956927e-01 -7.696970e-01 1.154182e+00 1.386355e+00 2.671394e-01 5.245284e-02 -6.099384e-02 7.385098e-02 -1.610526e-01 -1.676272e-01 -1.756444e-01 -8.326377e-01 -5.364427e-01 -2.559792e-01 -4.531215e-01 -3.530834e-01 -5.354543e-01 -2.146784e-01 -7.567805e-02 
-1.532890e+01 1.904970e+00 -9.523633e-01 2.706298e+00 1.299914e+00 -5.074410e-02 -3.466772e+00 -3.135402e+00 8.731989e-01 2.841267e+00 3.319487e+00 4.456246e+00 7.732723e+00 -3.647972e-02 2.033128e-01 -3.020729e-01 7.046872e-01 6.910288e-02 -1.544940e+00 -2.510016e-01 8.894054e-02 -9.450148e-01 1.024465e-01 5.027349e-01 -3.549266e-02 -8.355383e-02 -1.071551e-01 -4.867017e-02 1.226153e-01 -2.727893e-01 -1.307587e-01 -1.391458e-01 -3.009149e-01 2.680959e-01 7.438778e-02 -3.949252e-01 -8.714688e-01 -5.197718e-01 -7.096457e-02 
-1.490880e+01 2.186729e+00 -2.452726e+00 4.457670e+00 1.585055e+00 -7.856679e-01 -7.217893e-01 2.062458e+00 -9.723362e-01 6.490084e+00 7.543609e+00 2.488560e+00 7.456928e+00 -5.235500e-02 2.591296e-01 4.056190e-03 -5.788594e-01 -1.177021e-01 -1.391902e+00 -1.144992e+00 4.989100e-01 -1.076858e+00 -1.752764e+00 -2.007766e+00 -1.295933e+00 -1.194696e-01 -1.416400e-01 -1.894067e-01 1.969621e-01 -5.309044e-01 -3.108247e-01 4.337209e-01 -2.898271e-01 8.971730e-02 4.184737e-01 -4.390898e-01 -8.725009e-01 -3.493242e-01 -1.933639e-02 
-1.590913e+01 4.591689e-01 -4.623207e-01 4.218163e+00 3.934341e-03 -2.670689e+00 -2.529693e+00 2.937610e+00 -9.605839e-01 -3.088387e-01 3.456799e+00 2.865622e+00 7.358802e+00 -1.129871e-01 8.144869e-03 2.818761e-01 -7.944267e-01 1.309442e-01 5.985373e-01 5.461517e-02 7.657300e-01 3.908459e-01 -6.441191e-01 -2.172881e+00 -1.468427e+00 -1.005837e-01 -7.297279e-02 -5.665846e-02 3.498355e-02 -3.249932e-01 -1.968035e-01 6.914514e-01 2.456796e-01 -1.866618e-01 6.511603e-01 3.287091e-01 -5.390741e-02 -2.760627e-02 2.237276e-02 
-1.588405e+01 1.940715e+00 -2.447858e-01 -2.728321e-02 6.046650e-01 -2.741001e+00 -3.680436e+00 4.357912e-01 -4.619494e-01 -2.978537e+00 -6.265949e+00 -1.847880e+00 7.289003e+00 -3.337111e-01 -2.073663e-01 2.141403e-01 -1.295758e+00 -1.010732e+00 4.298640e-01 -8.370251e-01 -4.854873e-01 6.546332e-01 -6.680769e-01 -1.638392e+00 -7.630054e-01 -3.566612e-02 -1.701055e-02 -2.928455e-02 -4.776900e-02 2.524180e-01 -8.948662e-02 4.663607e-01 6.160840e-01 -3.132047e-01 3.374965e-01 7.663223e-01 9.913449e-01 5.794985e-01 3.677219e-02 
-1.540704e+01 2.068979e+00 -6.468720e-01 9.763682e-01 2.444918e+00 3.919351e+00 -1.714345e+00 1.506549e+00 2.572669e+00 4.354896e+00 -6.399202e-01 -7.176377e-01 7.313931e+00 -2.606465e-01 1.530904e-01 -2.321595e-01 -5.618331e-01 -4.683690e-01 1.001363e+00 8.234106e-01 -3.521426e-01 1.444982e+00 1.203726e+00 4.860820e-02 -4.400263e-01 -1.357838e-02 -1.044326e-01 -1.576570e-01 3.724671e-01 2.449495e-01 -1.141643e-01 7.390533e-02 4.366029e-01 -2.603379e-01 -1.864494e-01 3.570661e-01 1.041507e+00 4.631272e-01 8.476166e-02 
-1.682844e+01 3.452038e-01 -1.289660e+00 -4.004591e-01 -4.688996e+00 -1.931161e+00 -5.314618e+00 3.509055e-01 5.344800e-01 8.179423e-01 1.399946e+00 4.648567e-01 7.301241e+00 -6.344858e-02 4.018547e-02 2.216491e-02 5.668835e-01 -2.656088e-01 7.384983e-01 1.550973e+00 -5.081035e-01 8.358372e-02 1.154958e+00 1.838409e+00 1.087335e+00 2.089892e-02 -2.507209e-01 -3.529887e-01 9.755994e-01 1.482366e-01 9.457343e-02 2.781213e-01 3.486597e-01 6.722078e-02 -4.143701e-01 1.465343e-01 8.479285e-01 2.209515e-01 1.407019e-01 
-1.673969e+01 2.022299e+00 -1.100790e+00 1.595439e+00 3.087401e-01 1.931374e+00 2.404555e+00 1.219599e+00 5.765944e+00 3.811437e+00 -1.331388e-01 -4.907418e-01 7.284925e+00 -7.703772e-01 -9.037408e-01 2.240369e+00 -5.009963e-01 -8.123975e-01 8.137379e-01 1.043784e+00 -5.247063e-01 -2.558031e-01 2.297558e-01 1.296359e+00 -7.793090e-02 2.949540e-01 -4.382096e-01 -5.291892e-01 1.120573e+00 -4.024815e-02 -2.725957e-01 1.184474e-01 -3.020794e-01 3.552231e-01 -7.462069e-01 -1.553913e-01 5.101078e-01 -2.797985e-02 1.660693e-01 
-1.553485e+01 2.165281e+00 9.290385e-02 2.497356e+00 3.448981e-01 1.945604e+00 2.014951e+00 -1.961305e+00 -1.640960e+00 3.067843e+00 2.672562e+00 3.475228e+00 7.407978e+00 -1.332324e+00 -1.443727e+00 3.855942e+00 -5.851322e-01 -3.657660e-01 1.914284e+00 7.961711e-01 -6.309851e-02 -5.669162e-01 5.515954e-01 1.977183e+00 1.607531e-01 5.135577e-01 -4.097747e-01 -3.007849e-01 1.062387e-01 9.486337e-02 -3.856659e-01 -8.027519e-02 -5.597322e-01 6.376481e-01 -4.214522e-01 1.012729e-01 4.285610e-02 -5.612396e-01 1.080701e-01 
-1.990516e+01 -3.360134e+00 9.863522e+00 -2.977562e+00 -4.134256e+00 6.049626e+00 -1.600491e-01 3.858183e-02 2.381274e+00 4.378895e+00 5.205525e+00 -2.612830e+00 8.735284e+00 -1.817381e+00 -1.750909e+00 3.453768e+00 -1.870546e-01 -1.781361e+00 1.005722e+00 -3.094330e-01 1.201322e+00 -1.960844e+00 7.284483e-01 2.529598e+00 -1.166319e-01 5.704475e-01 2.505192e-01 3.284589e-01 -1.481180e+00 7.382084e-01 9.638027e-02 -6.428876e-01 -3.168632e-01 5.441938e-01 -2.456900e-01 -1.299366e-02 -4.955103e-01 -3.655751e-01 -1.077919e-01 
-2.190776e+01 -4.182281e+00 1.250810e+01 -1.039146e+00 -4.296650e+00 5.580882e+00 -5.163194e-02 6.253998e-01 -6.075943e-01 3.292386e+00 8.616627e+00 2.329921e+00 9.143877e+00 -1.589007e+00 -1.040040e+00 -5.347912e-02 8.843101e-01 -1.709504e+00 2.411015e-01 -5.711460e-01 1.817061e+00 -1.171104e+00 1.411902e+00 1.435865e+00 -1.699471e+00 4.234898e-01 8.648938e-01 7.902537e-01 -2.045280e+00 6.513025e-01 5.195139e-01 -1.000323e+00 -2.095290e-01 -1.564321e-01 1.873459e-01 -4.848674e-01 -1.189214e+00 -1.983963e-01 -2.906595e-01 
-2.263992e+01 -3.559048e+00 9.960508e+00 2.428469e+00 -6.277412e+00 5.142271e+00 1.890366e+00 5.932596e+00 -4.555117e+00 7.341475e+00 9.542894e+00 -5.010980e-01 9.268970e+00 6.103905e-01 5.366876e-01 -3.210815e+00 2.455313e+00 3.412744e-01 -1.564177e+00 1.430635e-01 1.256098e+00 -1.182251e+00 -2.652927e-01 -9.106186e-01 -9.756950e-01 -1.990041e-01 1.163278e+00 8.040933e-01 -1.343115e+00 1.416356e-01 1.057620e+00 -7.489554e-01 -8.847415e-02 -8.528867e-01 7.325829e-01 -7.946646e-01 -1.310543e+00 3.381634e-01 -3.218151e-01 
-2.211275e+01 -2.935814e+00 -2.231893e-01 4.215881e+00 -7.131248e+00 3.604623e+00 -1.865875e+00 4.177217e+00 -4.028361e+00 8.645612e+00 7.682809e+00 -6.077934e+00 9.258320e+00 1.778276e+00 1.363767e+00 -3.038095e+00 1.350194e+00 1.170367e+00 -1.802499e+00 -4.776771e-01 -8.727097e-01 -1.947881e-02 -1.375876e+00 -2.248610e+00 -4.016575e-01 -5.550529e-01 8.507369e-01 2.655701e-01 5.324419e-02 -5.562897e-01 9.727933e-01 -2.811493e-01 -2.002327e-02 -8.791327e-01 6.528529e-01 -7.149167e-01 -5.271971e-01 9.066957e-01 -1.645350e-01 
-1.675078e+01 -1.299931e+00 1.749703e-01 6.671178e+00 -1.010393e+00 -7.831568e-01 1.462404e+00 4.543517e+00 -1.819343e+00 3.753655e-01 1.119187e+00 -3.287398e+00 7.682867e+00 2.315550e+00 1.067773e+00 -1.769338e+00 2.880897e-01 2.066891e+00 -1.717214e+00 -7.985693e-01 -1.718272e+00 1.126370e+00 -1.850999e+00 -2.180808e+00 9.253889e-01 -5.493917e-01 6.926204e-02 -3.093838e-01 7.203370e-01 -8.585366e-01 1.786866e-01 3.218393e-01 -6.123557e-02 -2.470743e-01 5.586914e-01 7.878853e-03 4.980317e-01 5.584533e-01 2.268784e-01 
-1.596074e+01 1.506723e+00 2.210139e+00 3.590424e+00 -1.077952e+00 -4.688471e-01 -2.226315e+00 -3.043597e+00 -2.072858e+00 -1.042283e-01 1.585388e+00 1.714667e+00 7.161644e+00 1.811940e+00 2.213085e-02 -5.080310e-01 -8.135440e-01 2.291662e+00 -1.088006e+00 -2.002613e-01 -1.091421e+00 9.387899e-01 -1.369906e+00 -5.649019e-01 1.883530e+00 -2.239688e-01 -3.733845e-02 -4.494079e-01 5.614985e-01 -6.258823e-01 -5.446680e-01 5.231255e-01 1.263267e-02 7.423037e-01 7.964372e-02 1.160482e-01 1.003576e+00 -4.117982e-02 4.977612e-01 
-1.413805e+01 -4.416181e-01 -1.030347e-01 4.181666e+00 1.030315e+00 -1.407172e+00 -1.922620e+00 9.520249e-01 9.880448e-02 2.461334e+00 1.687311e+00 2.294876e-01 7.570464e+00 9.399462e-01 -3.394702e-01 -8.743315e-01 -7.555947e-01 6.742391e-01 -3.122985e-01 -3.018486e-01 1.302512e-01 1.132045e+00 -2.289297e-01 7.376028e-01 6.739154e-01 7.698869e-01 -1.929437e-01 -1.465650e-01 7.236703e-01 -3.187318e-01 -1.210109e+00 4.836190e-01 5.541447e-02 6.460374e-01 -2.725488e-01 6.523913e-03 6.086259e-01 -2.966489e-01 5.166540e-01 
-1.435895e+01 -3.254159e+00 -2.623927e+00 1.392884e+00 3.306684e+00 -1.523103e+00 -1.174478e+00 5.156021e-01 -2.940590e-01 7.532642e-01 4.574172e+00 1.581448e+00 8.194798e+00 2.279209e+00 -1.796486e-01 -6.783447e-01 -1.257324e+00 -8.566531e-01 1.107114e-01 -6.627990e-01 1.914586e+00 3.759489e-01 -1.606692e+00 1.309895e+00 -4.818832e-01 1.274146e+00 -6.962408e-01 1.861451e-01 7.847806e-01 -1.473717e-01 -1.069983e+00 5.019230e-02 3.418124e-03 7.687554e-02 -3.433703e-01 -1.207436e-01 -5.091346e-01 -3.201535e-01 3.361561e-01 
-1.285170e+01 -6.169814e-01 -1.779310e+00 3.992341e+00 1.682313e-01 -1.817742e+00 -5.724780e-01 3.415092e+00 2.951262e+00 -1.198060e+00 3.313352e+00 1.489914e-01 1.101575e+01 1.117252e+00 4.358614e-01 1.934125e+00 -1.083476e+00 -2.409557e+00 1.014249e-01 -2.902051e-01 8.933752e-03 4.507462e-02 -1.699964e+00 -7.516693e-02 6.247501e-01 1.284819e+00 -1.486065e+00 3.412808e-01 4.563791e-01 -3.398670e-02 1.205349e-01 -3.195571e-01 4.855109e-01 -6.736645e-01 -4.882650e-01 -1.431646e-01 -1.130382e+00 -1.959058e-01 1.772402e-02 
-5.207877e+00 6.963509e-01 -3.429514e-01 -2.601649e+00 -4.930050e+00 2.899324e-01 -6.215558e+00 5.297800e+00 -1.619554e+00 -6.308032e+00 7.322305e+00 -6.545587e-01 1.180959e+01 -1.757897e+00 5.650410e-01 2.011603e+00 -1.386366e+00 -1.516410e+00 -1.043943e+00 -1.890450e-01 -6.464159e-01 -2.346231e-01 -1.238100e+00 -2.704078e+00 3.074183e-01 1.199345e+00 -2.180359e+00 4.494536e-01 -4.608071e-01 4.375834e-01 9.875333e-01 -3.783892e-02 7.617446e-01 -6.077216e-01 -2.035089e-01 4.398142e-01 -7.668610e-01 -3.560798e-01 -1.112105e-01 
-1.312759e+01 -2.372379e-01 8.427162e+00 7.614956e-01 -6.899076e+00 -1.806860e+00 -8.533481e-01 -1.394324e+00 9.873644e-01 -2.507892e+00 -6.235925e-02 4.470839e+00 1.218714e+01 -4.471806e+00 9.944105e-01 6.262302e-02 -8.609390e-01 1.606750e+00 -1.332772e+00 1.888743e+00 -1.957508e+00 -1.003994e+00 -1.129011e+00 -2.907240e+00 -7.003031e-01 8.958705e-01 -1.316968e+00 4.233008e-01 -1.523644e+00 4.565187e-01 1.081537e+00 3.542502e-01 2.746902e-01 4.158230e-01 -2.603443e-01 7.332875e-01 5.003024e-01 -6.859232e-01 -1.325636e-01 
-2.301083e+01 -6.186635e-01 2.330687e+00 -3.923275e+00 -7.417455e-01 -6.748763e+00 -1.979682e+00 -3.115713e-01 -4.854541e-01 -4.782200e+00 -7.258278e+00 9.572489e-01 1.360600e+01 -5.828092e+00 1.788305e+00 -2.046585e+00 8.191919e-01 2.072831e+00 6.385261e-01 2.056453e+00 -1.408829e-01 -1.169676e-01 3.069012e-01 -1.108415e+00 -1.599728e+00 9.125291e-01 1.504527e-01 8.641855e-02 -1.124905e+00 4.868829e-01 3.215697e-01 6.887505e-01 -4.920914e-01 7.147455e-01 -1.793227e-01 1.010469e+00 1.432948e+00 -2.036265e-01 -1.791286e-01 
-2.630894e+01 5.012727e+00 -2.803374e+00 3.481737e-01 6.107662e+00 -4.962094e+00 6.753287e+00 -3.568134e+00 -2.635710e+00 -7.606067e+00 -3.932584e+00 -4.158734e+00 1.459700e+01 -3.432644e+00 1.940880e+00 -3.655052e+00 9.621983e-02 1.203442e+00 1.031308e+00 -3.960152e-02 1.835232e+00 -1.315513e+00 1.194034e+00 1.628540e+00 -1.851285e+00 7.654322e-01 1.118751e+00 -5.631267e-01 6.361727e-04 1.824859e-01 -5.630217e-01 1.513618e-01 -1.152146e+00 6.903743e-01 -1.164741e-01 1.060505e+00 9.953703e-01 5.200676e-01 -2.096498e-01 
-2.775783e+01 7.012794e+00 -4.960660e+00 1.700822e+00 -1.069388e+00 5.060241e+00 2.634752e-01 5.679785e+00 -3.926946e-01 -2.224366e+00 3.715852e+00 -4.338556e+00 1.516740e+01 -1.525123e+00 5.241002e-01 -1.754095e+00 5.694723e-01 2.930592e-01 1.217701e+00 -1.685403e+00 1.030851e+00 -9.755180e-01 2.652818e+00 2.192662e+00 -1.352350e-01 3.689665e-01 1.282039e+00 -9.413242e-01 7.586457e-01 -1.382813e-01 -5.037287e-01 -8.982376e-01 -4.833831e-01 -3.439968e-01 -2.376280e-01 2.815443e-01 -2.748895e-01 9.309164e-01 -2.287368e-01 
-2.791796e+01 5.651100e+00 -6.202259e+00 -1.569713e+00 -7.182745e-01 -2.554340e+00 -2.173057e+00 4.785717e+00 -5.636751e+00 2.183503e+00 2.593289e+00 -2.137384e+00 1.523357e+01 -1.029355e+00 -1.189182e+00 -8.052760e-02 1.763730e-01 -3.185989e-01 -8.654143e-01 -2.000954e+00 9.083564e-01 -1.157119e+00 3.000554e+00 4.190800e-01 1.167810e+00 1.194121e-01 6.405003e-01 -7.518439e-01 7.534767e-01 5.543415e-03 -2.434009e-01 -9.103688e-01 6.726370e-01 -9.056129e-01 2.309524e-01 -4.676403e-01 -1.095857e+00 6.847246e-01 -1.360857e-01 
-2.983229e+01 1.682507e+00 -4.740770e+00 -1.166994e-01 4.136415e+00 -1.863779e+00 -5.943564e+00 6.659973e-01 -3.862569e+00 3.586895e+00 4.420629e-01 -7.289354e-01 1.513250e+01 -6.196575e-01 -1.353326e+00 -4.064256e-02 8.775645e-02 3.151869e-01 -2.904182e+00 6.201290e-01 -1.397460e+00 -1.384424e+00 8.114087e-01 -1.878016e+00 1.545187e+00 9.184884e-02 3.095669e-01 1.203052e-01 9.164949e-02 -9.079238e-02 -2.141587e-01 -5.595257e-01 1.195588e+00 -7.464970e-01 4.993171e-01 -1.053652e+00 -7.349161e-01 3.095299e-02 1.996422e-02 
-3.041880e+01 1.732130e+00 -3.316191e+00 2.139235e+00 1.911746e+00 -5.827178e+00 -1.483197e-01 3.480601e+00 -6.686486e+00 4.491167e+00 -2.006153e-01 -1.240368e-01 1.521159e+01 -6.831587e-01 -8.797103e-01 -7.444760e-01 3.647580e-01 -2.476545e-02 -1.459656e+00 2.170859e+00 -1.478513e+00 4.375720e-02 -2.235024e-01 -1.815458e+00 7.320499e-01 2.235864e-01 4.044909e-01 8.359447e-01 -2.450128e-01 -2.964895e-02 -1.065129e-02 5.063707e-01 7.279748e-01 -7.403573e-01 9.450921e-01 -9.002531e-01 4.391479e-01 -5.095605e-01 9.878557e-02 
-2.960512e+01 2.205232e+00 -6.606701e+00 2.856736e-01 -8.083524e-01 -7.824363e+00 2.351932e+00 -6.548045e-01 -6.789738e+00 6.788235e-01 -4.277044e+00 2.380761e+00 1.563764e+01 -1.504758e-01 9.708886e-01 -9.638436e-01 2.124422e-02 -9.247833e-01 -1.282928e+00 2.206537e+00 -1.508188e+00 9.206501e-01 -1.003485e+00 -3.646666e-01 2.374907e-01 4.167150e-01 6.691167e-01 8.951192e-01 3.754391e-02 7.030793e-02 3.608884e-02 1.095306e+00 -2.387421e-01 -7.033604e-02 1.015290e+00 -2.309776e-01 1.261147e+00 -5.467010e-01 5.767209e-02 
-3.144711e+01 9.911463e-01 -8.991733e+00 5.300891e-02 1.630411e+00 -6.872645e+00 4.533589e+00 -1.946542e+00 -3.954489e+00 2.519910e+00 -4.124160e+00 -3.224281e-02 1.609903e+01 7.582411e-01 1.828483e+00 -8.438447e-01 6.127104e-02 2.481049e-01 8.556220e-01 8.456295e-01 -2.738097e+00 2.415817e+00 -5.932575e-01 1.858164e+00 -7.261315e-01 4.509138e-01 1.329955e+00 5.296928e-01 5.782133e-01 -2.847964e-02 -4.221356e-01 3.677547e-01 -1.180347e+00 2.261024e-01 3.544670e-01 -1.888777e-01 7.254130e-01 -4.342834e-01 2.852359e-02 
-3.007056e+01 6.907660e+00 -6.721751e+00 1.032481e+00 -3.468619e-01 -7.755726e+00 2.748510e+00 -4.161411e+00 -6.252228e-01 -4.447032e-01 5.803189e-01 4.126048e-01 1.677209e+01 2.005121e+00 1.768216e+00 1.967193e-01 5.910788e-01 3.592096e-01 1.414613e+00 8.901174e-02 -1.119267e+00 2.506009e+00 -1.586072e-01 2.591059e+00 -4.591277e-01 2.665091e-01 1.784429e+00 -7.188222e-01 8.600454e-01 -5.042366e-01 -9.796411e-01 -5.163570e-01 -1.602545e+00 9.247599e-01 -7.606830e-01 7.233643e-03 -7.071514e-01 -5.596207e-01 6.678827e-02 
-2.639479e+01 8.523357e+00 -7.478019e+00 2.072173e+00 2.921316e+00 -1.583370e+00 3.881818e+00 -8.456439e+00 2.310341e+00 2.086283e+00 6.661224e+00 -2.770527e+00 1.689899e+01 4.888686e+00 1.370125e+00 1.566335e+00 -6.259306e-02 -2.777460e+00 -9.696506e-01 -2.672221e+00 -5.424856e-01 1.023510e+00 -1.590332e+00 3.337178e-01 -1.091051e+00 4.413085e-01 1.504981e+00 -1.741273e+00 7.530902e-01 -1.059620e+00 -1.439530e+00 -1.411181e+00 -1.334665e+00 1.656787e+00 -1.775079e+00 3.107412e-02 -1.949079e+00 -5.697075e-01 1.608766e-01 
-2.210551e+01 7.280675e+00 -6.380135e+00 2.231845e+00 3.423607e-01 -3.395568e+00 3.122581e+00 -2.996540e+00 2.607926e+00 1.024160e-01 3.285512e+00 1.453878e+00 1.657040e+01 6.706502e+00 -2.394137e+00 2.131373e+00 -2.437916e+00 -4.310215e+00 -2.952131e+00 -4.047229e+00 2.017732e+00 -2.186731e+00 -4.688170e-01 -3.138205e+00 -2.378067e+00 7.554556e-01 4.680156e-01 -2.083447e+00 1.796194e-01 -1.241805e+00 -7.539287e-01 -9.922200e-01 -4.185269e-01 1.477190e+00 -1.815969e+00 1.867954e-01 -1.901600e+00 -6.382912e-01 2.162342e-01 
-1.098608e+01 7.654952e+00 -1.331282e+00 -8.594015e-01 -1.260126e+01 -1.390046e+01 -9.014432e+00 -5.241396e+00 -4.535549e-01 -5.705184e+00 -3.808012e+00 -6.008265e+00 1.840669e+01 5.932629e+00 -4.796674e+00 1.954182e+00 -3.722359e+00 -4.614996e+00 -4.016857e+00 -3.759665e+00 3.977375e+00 -4.113301e+00 -2.828927e-01 -5.022636e+00 -2.615173e+00 1.010857e+00 -1.109998e+00 -1.694921e+00 -7.307070e-01 -6.600185e-01 8.333812e-01 5.059587e-01 1.108910e+00 1.004154e+00 -9.515895e-01 3.674539e-01 -7.168536e-01 -2.676571e-02 7.828710e-02 
-4.242270e+00 -4.628890e+00 8.617367e-01 -9.691534e+00 -1.413639e+01 -1.635760e+01 -1.103949e+01 4.320231e+00 -1.017693e+01 1.107163e+00 -9.875705e+00 -9.858903e+00 1.979563e+01 3.823511e+00 -5.565648e+00 9.007819e-01 -3.788074e+00 -2.491662e+00 -2.022816e+00 -1.459902e+00 4.006789e+00 -4.005476e+00 1.216747e-01 -4.238768e+00 -2.888489e+00 1.062967e+00 -1.961290e+00 -2.812975e-01 -1.300941e+00 4.660240e-01 1.611702e+00 1.519806e+00 1.715399e+00 -3.006441e-01 3.924612e-01 -2.057499e-01 6.667872e-01 7.164481e-01 -9.504995e-02 
-5.663670e+00 -9.504999e+00 -1.328141e+00 -1.057840e+01 -1.291431e+01 -1.518658e+01 -7.835475e+00 7.771938e+00 -1.186381e+01 1.695348e-01 -1.187122e+01 -1.018983e+01 2.034065e+01 7.802370e-01 -5.518731e+00 -1.472034e+00 -2.687536e+00 4.803300e-01 1.095555e+00 1.578746e+00 3.483738e+00 -2.825171e+00 -4.827772e-02 -2.700175e+00 -9.697154e-01 6.789837e-01 -1.697088e+00 6.727698e-01 -1.225532e+00 1.029102e+00 1.626965e+00 1.588839e+00 1.379524e+00 -1.265745e+00 1.062905e+00 -3.319528e-01 1.350015e+00 1.086327e+00 -1.943050e-01 
-5.649683e+00 -1.196765e+01 -1.878261e+00 -1.184938e+01 -1.195930e+01 -1.286671e+01 -4.766509e+00 1.053072e+01 -1.171396e+01 -2.226807e+00 -1.387664e+01 -1.089782e+01 2.091808e+01 -5.236407e-01 -3.439525e+00 -2.660333e+00 -6.252586e-01 1.200531e+00 2.090822e+00 1.860542e+00 7.612851e-01 -8.685033e-01 -1.614910e+00 -9.654943e-01 3.814154e-01 4.461344e-01 -9.507026e-01 1.175066e+00 -5.904190e-01 1.162780e+00 1.067225e+00 9.028087e-01 5.253562e-01 -1.414644e+00 1.103037e+00 -9.074137e-02 1.380309e+00 1.154195e+00 -1.956129e-01 
-6.380881e+00 -1.626931e+01 -7.321347e+00 -1.321800e+01 -1.128847e+01 -1.016808e+01 -4.257076e+00 9.071980e+00 -1.381091e+01 -4.279419e+00 -1.530827e+01 -1.033764e+01 2.124033e+01 -3.792330e-01 -2.495726e+00 -2.392943e+00 -1.581795e-01 1.673715e+00 1.870505e+00 1.477586e+00 -7.287759e-01 -3.671755e-01 -1.074428e+00 9.080150e-02 1.181596e+00 3.477140e-01 -1.888297e-01 1.250980e+00 2.559469e-01 8.211160e-01 3.447734e-01 3.119440e-02 -2.588419e-01 -1.105832e+00 7.928035e-01 2.623493e-01 9.774110e-01 5.373147e-01 -1.191483e-01 
-6.502426e+00 -1.844432e+01 -9.443294e+00 -1.149811e+01 -8.946445e+00 -8.412805e+00 -3.526052e+00 7.476684e+00 -1.354565e+01 -4.742742e+00 -1.298434e+01 -7.878036e+00 2.157640e+01 -3.503514e-01 -1.201769e+00 -1.590887e+00 7.611430e-01 2.247873e+00 2.103710e+00 1.217476e+00 -9.601681e-01 2.806895e-01 1.810650e-01 1.267458e+00 1.806792e+00 2.505465e-01 1.009034e-01 9.296164e-01 5.932372e-01 2.991149e-01 -8.069015e-02 -3.262407e-01 -4.204508e-01 -3.947077e-01 3.839982e-01 5.600811e-01 3.346949e-01 -6.782880e-02 -8.572658e-02 
-7.133784e+00 -1.874585e+01 -9.510047e+00 -1.154510e+01 -6.051900e+00 -8.061246e+00 -1.067646e+00 5.655334e+00 -1.278384e+01 -3.944639e+00 -1.186319e+01 -5.791725e+00 2.174999e+01 -2.507005e-01 -3.826996e-01 -7.270549e-01 7.248002e-01 1.680470e+00 1.245087e+00 6.060285e-01 -1.184762e+00 5.642382e-01 3.655161e-01 1.070515e+00 1.004037e+00 1.810351e-01 1.475487e-01 7.396781e-01 4.665722e-01 7.917202e-02 -4.702071e-01 -4.119373e-01 -4.365003e-01 1.059804e-01 2.079688e-01 3.061913e-01 -1.402463e-01 -4.849974e-01 -7.839737e-02 
-7.024780e+00 -1.673821e+01 -8.738465e+00 -8.879945e+00 -3.338462e+00 -3.401846e+00 -2.735384e-01 7.438393e+00 -1.082414e+01 -1.488908e+00 -9.262282e+00 -4.136609e+00 2.191588e+01 -8.353177e-02 1.519461e-01 -5.271713e-01 4.286814e-01 7.938455e-01 7.723277e-01 1.941243e-01 -9.842224e-01 5.858235e-01 4.656113e-01 2.181131e-01 1.309384e-01 1.008510e-01 2.081089e-01 4.258958e-01 2.689902e-01 -1.521244e-01 -7.021009e-01 -5.134730e-01 -3.669356e-01 3.462245e-01 7.218652e-03 2.526724e-02 -3.987984e-01 -6.207951e-01 -7.188396e-02 
-7.372533e+00 -1.903601e+01 -1.130844e+01 -1.090322e+01 -5.690002e+00 -6.448265e+00 -2.853042e+00 3.167816e+00 -1.235069e+01 -4.078877e+00 -1.181695e+01 -7.188405e+00 2.197571e+01 2.251757e-01 5.256259e-01 -5.919272e-01 4.039882e-01 4.965373e-02 4.765808e-01 -1.932110e-01 -1.867691e-01 5.201554e-01 3.141893e-01 -8.577623e-02 -4.054778e-01 3.059711e-02 2.404157e-01 3.070380e-01 2.466233e-01 -4.341659e-02 -5.004479e-01 -2.012208e-01 -1.569251e-01 6.745799e-01 -1.714575e-02 1.789883e-01 -1.299764e-01 -3.332912e-01 -6.522810e-02 
-6.800983e+00 -1.753933e+01 -1.117965e+01 -9.675567e+00 -5.158416e+00 -5.357597e+00 -1.662356e+00 3.799384e+00 -1.083296e+01 -2.348027e+00 -1.191699e+01 -6.525135e+00 2.196777e+01 4.522114e-01 4.734964e-01 -3.135342e-01 1.610394e-01 -4.471729e-01 -7.937775e-02 -2.174596e-01 2.719626e-01 3.387572e-01 3.330298e-01 -1.485784e-01 -5.923389e-01 -3.362440e-02 1.748945e-01 1.101799e-01 2.121793e-01 1.733738e-03 -3.635559e-01 -2.080418e-01 -1.807715e-01 5.335079e-01 -6.035135e-02 2.019900e-01 1.155707e-01 -2.297462e-01 -5.665578e-02 
-6.120428e+00 -1.571715e+01 -1.124915e+01 -9.127208e+00 -4.893892e+00 -4.700100e+00 -1.339640e+00 6.540636e+00 -1.017861e+01 -1.944095e+00 -1.096477e+01 -6.624931e+00 2.187713e+01 6.836464e-01 9.917404e-01 3.992390e-01 6.415604e-01 -2.012053e-01 6.647748e-01 2.716201e-02 1.560046e+00 6.020379e-01 1.326616e+00 6.039500e-01 -3.007525e-01 -7.789268e-02 1.258293e-01 -4.231006e-02 1.661413e-01 2.379969e-02 -2.630385e-01 -3.608032e-01 -2.399572e-01 5.273865e-02 2.018033e-02 2.518647e-01 1.635654e-01 -2.150208e-01 -6.129157e-02 
-5.390194e+00 -1.603045e+01 -1.033582e+01 -8.962518e+00 -5.971972e+00 -4.672896e+00 -2.117898e+00 7.111307e+00 -1.021638e+01 -8.909410e-01 -1.043109e+01 -7.379995e+00 2.179713e+01 5.618083e-01 4.699364e-01 3.809601e-02 3.184583e-01 -8.984630e-01 -3.619529e-01 -8.199337e-01 8.099167e-01 2.430925e-01 9.692659e-01 4.511518e-01 -1.070205e+00 -1.282398e-01 1.307902e-01 -2.195771e-02 1.918414e-01 1.687183e-01 -9.124591e-02 -4.930102e-01 -4.637389e-01 -5.026441e-01 2.574807e-02 1.156288e-01 1.623784e-01 -1.653030e-01 -1.045935e-01 
-4.659960e+00 -1.483192e+01 -9.734650e+00 -8.051476e+00 -6.289147e+00 -3.467135e+00 -2.489432e+00 9.311874e+00 -9.648911e+00 1.825537e+00 -9.540210e+00 -8.264513e+00 2.167158e+01 7.995551e-01 3.158363e-01 6.296685e-02 4.443138e-01 -1.039964e+00 -1.186083e+00 -1.091795e+00 -1.921291e-01 6.688208e-01 1.255363e+00 4.322501e-01 -1.241785e+00 -2.285162e-01 5.171712e-02 1.325166e-01 4.964269e-01 3.315537e-01 4.033531e-01 -5.261993e-01 -6.691929e-01 -1.039280e+00 -3.732579e-01 -1.969428e-01 1.643395e-01 1.216093e-01 -1.884650e-01 
-4.722179e+00 -1.563220e+01 -1.174626e+01 -8.620820e+00 -8.952788e+00 -7.784185e+00 -5.186863e+00 6.463131e+00 -9.882279e+00 6.137387e-01 -1.037352e+01 -1.105646e+01 2.142933e+01 1.048204e+00 7.017221e-01 8.137912e-01 1.103163e+00 -4.838584e-01 -1.619138e+00 -1.976599e+00 -1.365170e+00 4.342193e-01 9.469364e-01 7.493096e-01 -9.483717e-01 -4.812724e-01 -1.124791e-01 5.721274e-01 9.345855e-01 5.986460e-01 1.047967e+00 -1.952770e-02 -4.905219e-01 -9.609638e-01 -6.404200e-01 -3.474378e-01 3.158582e-01 6.008551e-01 -2.185458e-01 
-2.456235e+00 -1.433695e+01 -1.022862e+01 -7.077022e+00 -8.603261e+00 -9.074905e+00 -5.264214e+00 5.903994e+00 -7.001280e+00 3.580386e+00 -8.832415e+00 -1.099574e+01 2.091830e+01 6.989478e-01 1.538592e+00 2.493547e+00 1.907085e+00 1.608147e+00 -1.337794e+00 -2.740587e+00 -2.548800e+00 -1.359798e+00 3.531108e-01 1.276604e+00 2.464601e-01 -8.436784e-01 -3.631294e-01 5.842879e-01 7.883555e-01 4.367913e-01 1.065275e+00 2.801355e-01 -2.332235e-01 -5.217661e-01 -6.242958e-01 -5.944562e-01 1.691389e-01 6.450936e-01 -1.231237e-01 
-1.250432e+00 -1.276962e+01 -6.019671e+00 -3.934224e+00 -7.234331e+00 -9.964683e+00 -1.061343e+01 1.989567e+00 -9.368955e+00 2.966148e+00 -7.038861e+00 -1.075660e+01 1.976753e+01 4.959114e-02 2.719263e+00 3.495716e+00 2.580472e+00 3.017220e+00 -3.836530e-01 -2.448216e+00 -2.816535e+00 -1.944630e+00 -3.167747e-01 1.608175e+00 1.189984e+00 -9.133755e-01 -3.879343e-01 1.106379e-01 -4.339608e-03 -1.560472e-01 2.732605e-01 3.278820e-01 3.506342e-01 2.900300e-01 -1.572041e-02 -5.201926e-01 -2.752507e-01 2.152543e-01 9.215562e-02 
-2.900935e+00 -8.570569e+00 -1.301284e-01 -8.598577e-01 8.923433e-01 -9.065698e+00 -1.347887e+01 -1.195028e+00 -1.670451e+01 2.414961e+00 -4.824878e+00 -7.181815e+00 1.828409e+01 -5.167550e-01 2.228482e+00 2.663861e+00 1.889660e+00 2.535767e+00 -4.030789e-01 -2.022211e+00 -2.075295e+00 -1.263120e+00 -1.085050e+00 8.484517e-01 9.145095e-01 -6.280909e-01 -1.540424e-01 -6.422973e-01 -9.679503e-01 -8.829035e-01 -9.651864e-01 9.729792e-02 8.437136e-01 1.080033e+00 8.107093e-01 -3.232748e-01 -7.457020e-01 -5.281152e-01 3.080047e-01 
-4.252398e+00 -4.919059e+00 6.826827e-01 1.172536e+00 1.385234e+00 -9.707292e+00 -1.332100e+01 -4.070066e+00 -1.475404e+01 -3.877540e-01 -4.336499e+00 -7.012820e+00 1.817962e+01 -2.834074e-01 9.097317e-01 7.068581e-01 3.317010e-01 4.187216e-01 -4.471424e-01 -5.826828e-01 -1.518642e-01 3.073419e-01 -9.350231e-01 -4.129572e-01 -2.061592e-01 -1.282398e-01 5.637560e-02 -1.135944e+00 -1.324516e+00 -1.309135e+00 -1.489075e+00 -7.784895e-02 9.643127e-01 1.397983e+00 8.214884e-01 -9.745155e-02 -9.504278e-01 -8.860084e-01 3.523813e-01 
-3.540010e+00 -7.119301e+00 -2.608849e-01 -1.819368e-01 -2.342646e-01 -1.121899e+01 -1.402159e+01 -1.442303e+00 -1.062435e+01 -1.680927e-01 -5.941307e+00 -8.294640e+00 1.857167e+01 9.530432e-02 -7.682039e-01 -9.518094e-01 -1.383179e+00 -1.918437e+00 -8.195503e-01 5.452470e-01 1.519127e+00 1.567704e+00 -9.540963e-01 -1.441327e+00 -1.695982e+00 3.037705e-01 2.110427e-02 -7.877149e-01 -9.379024e-01 -1.051887e+00 -1.058809e+00 1.004108e-01 9.243661e-01 1.082657e+00 3.630190e-01 -8.332147e-02 -6.447067e-01 -6.466658e-01 2.441007e-01 
-2.348677e+00 -8.946107e+00 -2.419743e+00 -2.614423e+00 -4.577668e+00 -1.112399e+01 -1.325570e+01 1.354309e+00 -1.087241e+01 -4.174490e-01 -8.545522e+00 -1.123110e+01 1.898230e+01 2.549130e-02 -1.462035e+00 -1.318912e+00 -2.328888e+00 -2.201090e+00 -5.646452e-01 1.089610e+00 2.376193e+00 7.472578e-01 -8.695077e-01 -1.999230e+00 -1.934749e+00 3.825625e-01 -2.080081e-01 -1.460562e-01 -2.559306e-01 -4.699873e-01 -9.229197e-02 2.145813e-01 5.650496e-01 3.747669e-01 -2.004355e-01 -2.839815e-01 -1.783324e-01 -1.284428e-01 7.888276e-02 
-3.376021e+00 -1.039822e+01 -3.338180e+00 -5.881764e+00 -5.717914e+00 -1.245530e+01 -1.078524e+01 3.688663e+00 -1.080652e+01 -2.340705e+00 -9.926666e+00 -1.355279e+01 1.940154e+01 -5.657198e-01 -5.242122e-01 -1.012668e+00 -2.039540e+00 -1.448396e+00 1.578072e-01 1.763441e+00 2.073946e+00 3.320688e-01 -1.534431e+00 -1.582053e+00 -1.454475e+00 3.369949e-01 -2.893803e-01 4.224868e-01 2.377829e-01 1.919913e-01 6.425218e-01 3.585991e-01 1.986449e-01 -1.718516e-01 -4.953472e-01 -3.053702e-01 2.203333e-01 3.470049e-01 -4.715112e-02 
-4.207060e+00 -1.058998e+01 -4.373238e+00 -7.621731e+00 -6.878142e+00 -1.191206e+01 -9.491214e+00 5.245207e+00 -1.092656e+01 -3.648910e+00 -1.233978e+01 -1.405742e+01 1.967757e+01 -9.930137e-01 5.747722e-02 -5.424147e-01 -1.689952e+00 -2.778372e-01 1.370547e-01 1.633653e+00 1.444480e+00 -7.703979e-02 -2.064757e+00 -1.234385e+00 -9.692171e-01 2.495256e-01 -1.662633e-01 5.303542e-01 3.418395e-01 5.641326e-01 7.341476e-01 2.322974e-01 -1.169785e-01 -4.971137e-01 -3.755296e-01 -2.770778e-01 4.297553e-01 3.750237e-01 -9.072495e-02 
-5.439391e+00 -8.918352e+00 -4.347322e+00 -7.876294e+00 -6.325940e+00 -1.003541e+01 -7.086699e+00 6.981672e+00 -8.937057e+00 -6.224235e+00 -1.195474e+01 -1.415392e+01 1.990917e+01 -8.424854e-01 5.844942e-01 -1.513579e-01 -7.425511e-01 3.325398e-01 6.225117e-01 1.266400e+00 1.125761e+00 -4.967890e-01 -1.883330e+00 -7.220902e-01 -4.437635e-01 1.345394e-01 8.759345e-02 2.732022e-01 2.727582e-01 6.661640e-01 5.117160e-01 3.265930e-02 -3.614170e-01 -5.808663e-01 -2.914791e-01 -5.867447e-02 3.846506e-01 2.156279e-01 -9.920663e-02 
-6.282005e+00 -9.399024e+00 -4.626898e+00 -1.006745e+01 -5.663043e+00 -1.164839e+01 -6.936754e+00 6.930464e+00 -1.219245e+01 -8.799561e+00 -1.370393e+01 -1.577702e+01 1.997625e+01 -6.676660e-01 6.352252e-01 -4.041333e-02 -1.565864e-01 5.793226e-01 3.645742e-01 7.531219e-01 3.647809e-01 -7.158856e-01 -2.080496e+00 -2.804020e-01 -5.649326e-01 3.017948e-02 2.583236e-01 1.340939e-01 1.867207e-01 6.823080e-01 2.066927e-01 3.040888e-03 -3.793904e-01 -5.695713e-01 -1.405267e-01 9.478853e-02 2.549617e-01 2.435301e-02 -8.627044e-02 
-6.551623e+00 -8.071393e+00 -3.967618e+00 -8.371733e+00 -4.662988e+00 -9.475012e+00 -5.730217e+00 8.474551e+00 -1.265751e+01 -9.181933e+00 -1.285505e+01 -1.491228e+01 1.992503e+01 -2.904843e-01 5.528350e-01 1.002158e-01 5.246661e-01 6.815762e-01 2.072721e-01 3.964444e-01 -2.905688e-01 -8.057740e-01 -1.819908e+00 -1.356521e-01 -5.784697e-01 -4.935495e-02 3.375178e-01 1.737321e-02 2.158508e-01 5.123059e-01 8.748871e-02 -8.709612e-02 -2.653225e-01 -4.726487e-01 -1.313511e-01 1.906989e-01 2.783841e-02 -1.823011e-01 -5.717375e-02 
-6.989571e+00 -7.837155e+00 -4.765115e+00 -8.156859e+00 -4.813012e+00 -1.036939e+01 -6.403862e+00 6.322424e+00 -1.264575e+01 -1.257245e+01 -1.329105e+01 -1.650290e+01 1.982056e+01 2.262227e-02 7.438072e-01 2.654866e-01 1.088029e+00 5.810696e-01 3.598362e-01 1.716917e-01 -6.951783e-01 -6.250852e-01 -1.622509e+00 -2.528422e-01 -7.800306e-01 -8.986461e-02 4.040070e-01 1.269217e-02 3.158012e-01 4.237781e-01 1.459694e-02 -2.012281e-02 -1.252817e-01 -2.786632e-01 -2.239981e-01 3.335482e-01 -1.069080e-01 -3.421016e-01 -2.772743e-02 
-6.538118e+00 -6.935106e+00 -3.777569e+00 -6.208407e+00 -3.342903e+00 -9.638654e+00 -5.371046e+00 5.832948e+00 -1.273893e+01 -1.343726e+01 -1.283948e+01 -1.668367e+01 1.974034e+01 5.000286e-01 6.171705e-01 7.750523e-01 1.196559e+00 7.690392e-01 1.892677e-01 2.305504e-01 -7.074669e-01 -1.198972e+00 -1.158861e+00 -5.967298e-01 -1.247682e+00 -9.130310e-02 4.752756e-01 6.255542e-02 4.825623e-01 3.907357e-01 -3.254696e-01 -1.634539e-01 -1.959096e-01 -2.823657e-01 -2.085421e-01 4.778492e-01 7.789740e-02 -4.022797e-01 3.592372e-04 
-6.174930e+00 -6.248372e+00 -3.394331e+00 -5.708863e+00 -3.418073e+00 -9.767559e+00 -6.257720e+00 4.775107e+00 -1.527744e+01 -1.478411e+01 -1.497608e+01 -1.879163e+01 1.961910e+01 9.571604e-01 6.666300e-01 1.201180e+00 1.626300e+00 6.086711e-01 2.728462e-01 2.097202e-01 -8.200254e-01 -1.639293e+00 -7.432064e-01 -5.842913e-01 -1.940895e+00 -8.749807e-02 4.516807e-01 1.651313e-01 7.215447e-01 4.310957e-01 -7.521218e-01 -5.630964e-01 -2.804101e-01 -6.135800e-01 7.282881e-02 6.738638e-01 1.531923e-01 -1.621898e-01 2.681431e-02 
-4.458350e+00 -5.780316e+00 -7.780212e-01 -3.612600e+00 -1.515654e+00 -8.829233e+00 -4.650801e+00 5.710694e+00 -1.733703e+01 -1.387048e+01 -1.499637e+01 -2.000661e+01 1.956924e+01 1.618567e+00 9.042645e-01 2.045185e+00 2.209278e+00 -9.596055e-01 -5.666351e-01 -6.020175e-01 -1.639834e+00 -1.341253e+00 1.296606e-01 4.195678e-01 -2.009577e+00 -4.870531e-02 1.853005e-01 1.753583e-01 6.345893e-01 3.080544e-01 -1.049395e+00 -9.158164e-01 -4.901168e-01 -1.018283e+00 4.135295e-01 4.746554e-01 1.313035e-02 1.654120e-01 4.323381e-02 
-3.242901e+00 -5.080966e+00 -2.589216e-01 -1.323362e+00 -2.683495e+00 -9.409722e+00 -5.715318e+00 2.282976e+00 -1.854375e+01 -1.607198e+01 -1.513415e+01 -2.454593e+01 1.946862e+01 1.722043e+00 1.425814e+00 3.238068e+00 2.737094e+00 -2.315223e+00 -2.077682e+00 -8.141653e-01 -3.296837e+00 -1.897296e-01 1.102623e+00 5.073499e-03 -1.209977e+00 2.289424e-02 -1.968762e-01 5.019138e-02 3.871529e-01 -1.810676e-02 -7.405200e-01 -7.493216e-01 -4.073378e-01 -8.136584e-01 4.973573e-01 1.312428e-01 -3.035315e-01 4.909281e-01 4.604377e-02 
8.849084e-02 -2.997212e+00 4.881029e+00 2.645167e+00 -8.508425e+00 -1.265034e+01 -8.652408e+00 -1.120291e+00 -1.781258e+01 -1.214492e+01 -1.066277e+01 -2.385395e+01 1.957196e+01 1.044188e+00 1.114308e+00 2.929647e+00 2.181498e+00 -3.016090e+00 -3.214522e+00 -1.708156e+00 -4.560473e+00 1.439822e-01 2.915496e-01 -8.258662e-01 -7.860932e-01 6.966829e-02 -5.817754e-01 -1.738371e-01 -1.759799e-01 -3.763296e-01 1.901503e-03 4.414230e-03 8.336188e-02 -4.529174e-01 1.094868e-01 -4.908679e-01 -6.945593e-01 4.488999e-01 1.852687e-02 
1.613213e-01 -5.105859e-01 9.966398e+00 4.847269e+00 -1.149781e+01 -1.824513e+01 -8.327474e+00 -8.293126e+00 -1.598845e+01 -1.013421e+01 -1.711740e+01 -2.291765e+01 1.973218e+01 2.601778e-01 8.125927e-01 2.694806e+00 1.549532e+00 -2.065645e+00 -2.149700e+00 -1.273819e+00 -3.428090e+00 1.048651e-01 -1.679112e-01 -1.479253e+00 -9.786277e-02 8.349632e-02 -5.681629e-01 -2.500567e-01 -7.649095e-01 -3.825533e-01 6.647269e-01 8.782717e-01 4.185282e-01 1.582848e-01 -3.501407e-01 -7.529518e-01 -2.878945e-01 4.064047e-01 -3.168986e-02 
-9.398176e-01 -2.493831e+00 8.757391e+00 4.209038e+00 -1.218893e+01 -2.048422e+01 -1.188527e+01 -1.180342e+01 -1.789443e+01 -1.538167e+01 -1.813426e+01 -2.475118e+01 1.978589e+01 -5.595992e-01 3.415197e-01 1.436938e+00 9.213499e-01 -1.075019e+00 -5.084523e-01 4.446712e-02 -3.838713e+00 -9.410625e-01 -1.689420e+00 -2.311168e+00 -3.210996e-01 1.361368e-02 -2.815153e-01 -3.289710e-02 -7.246202e-01 3.172080e-02 9.968528e-01 1.125290e+00 5.905668e-01 6.192759e-01 -2.982940e-01 -2.047498e-01 3.255088e-01 6.930991e-01 -8.787613e-02 
-1.427927e+00 -1.269652e+00 1.127711e+01 5.642435e+00 -1.117175e+01 -1.624125e+01 -1.046792e+01 -9.515663e+00 -1.797837e+01 -1.529340e+01 -1.879487e+01 -2.458642e+01 1.977932e+01 -3.170707e-01 5.618623e-01 1.598141e-01 1.454443e+00 3.777461e-02 9.606164e-01 4.021060e-01 -2.866212e+00 -1.397902e+00 -1.671742e+00 -6.917257e-01 5.895371e-01 -1.075441e-01 -1.220986e-01 8.148311e-02 -4.941400e-01 2.957578e-01 7.717109e-01 6.540508e-01 1.636600e-01 7.374295e-01 1.456806e-02 3.486461e-01 9.060382e-01 7.960526e-01 -1.422366e-01 
-1.914588e+00 -9.100946e-01 1.141022e+01 6.854572e+00 -1.404663e+01 -1.619438e+01 -7.359644e+00 -1.970240e+01 -2.152296e+01 -1.801232e+01 -2.138021e+01 -2.462502e+01 1.961638e+01 -7.473342e-02 1.075148e+00 5.741372e-01 2.387606e+00 9.163635e-01 8.567591e-01 4.066993e-01 -1.745071e+00 -5.961020e-01 1.971876e-02 4.079829e-01 2.335734e+00 -2.741766e-01 -1.021336e-01 -7.436500e-02 -5.023273e-02 3.520731e-01 4.136235e-01 1.815753e-01 -3.183821e-01 1.195796e+00 5.078692e-01 8.567483e-01 1.180795e+00 7.224566e-01 -1.838033e-01 
-9.369237e-01 1.506723e+00 9.439054e+00 1.079664e+01 -1.037976e+01 -1.558710e+01 -8.579813e+00 -1.867501e+01 -2.116367e+01 -1.717760e+01 -1.895294e+01 -2.003344e+01 1.927894e+01 -5.928800e-01 8.532792e-01 6.555118e-01 2.295305e+00 7.972229e-01 4.378239e-01 -6.366277e-01 -7.878659e-01 5.146753e-03 7.206175e-01 1.691342e+00 2.554071e+00 -4.837781e-01 -3.114022e-01 -5.336158e-01 7.923419e-02 -6.106935e-02 7.265360e-02 6.374260e-02 -3.493166e-01 1.086407e+00 8.303522e-01 7.477725e-01 6.877913e-01 3.302870e-01 -2.291900e-01 
-1.559118e+00 1.493686e+00 1.254698e+01 1.356991e+01 -8.002847e+00 -1.652752e+01 -1.079571e+01 -1.594944e+01 -1.928246e+01 -1.434113e+01 -1.601465e+01 -1.534912e+01 1.866503e+01 -9.323816e-01 -1.760886e-01 9.379162e-01 2.261352e+00 6.134460e-01 6.608896e-01 -1.028022e+00 1.101183e+00 8.966326e-01 1.398179e+00 2.401189e+00 2.308992e+00 -7.172772e-01 -4.405690e-01 -9.271793e-01 -3.761705e-01 -4.611609e-01 -4.089210e-02 2.699270e-01 1.453828e-01 9.068564e-01 8.250517e-01 2.094099e-01 6.060168e-03 -1.550917e-01 -2.984031e-01 
-4.570248e+00 1.794790e+00 1.398648e+01 1.376152e+01 -1.020753e+01 -1.388581e+01 -1.193282e+01 -1.533171e+01 -1.907260e+01 -1.352553e+01 -1.302068e+01 -1.645395e+01 1.783606e+01 -1.445173e+00 -1.480599e+00 3.740243e-01 1.212191e+00 5.525364e-01 1.377372e+00 -6.271206e-01 1.142755e+00 2.007418e+00 1.377943e+00 1.750730e+00 2.254262e+00 -1.031888e+00 -3.358440e-01 -1.007825e+00 -8.506089e-01 -5.549318e-01 6.918256e-02 4.586242e-01 8.506498e-01 7.138550e-01 6.189120e-01 5.117239e-02 -4.885433e-01 -7.922310e-02 -3.319543e-01 
-4.759800e+00 -1.934519e+00 1.382627e+01 1.667895e+01 -1.106581e+01 -1.374058e+01 -1.082329e+01 -1.586825e+01 -1.808540e+01 -1.284702e+01 -1.234072e+01 -1.486991e+01 1.675146e+01 -1.851427e+00 -2.393756e+00 -1.166020e+00 6.233392e-01 8.343743e-01 1.736703e+00 1.128920e+00 1.823990e+00 2.527899e+00 7.382175e-01 4.085926e-01 1.710123e+00 -1.492158e+00 -1.671708e-01 -4.956078e-01 -1.122683e+00 -6.565860e-01 3.723000e-02 3.260509e-01 1.112809e+00 4.962012e-01 1.666785e-01 -6.428780e-02 -4.515925e-01 -3.719492e-02 -2.633109e-01 
-6.562716e+00 -4.182281e+00 1.066926e+01 1.530304e+01 -6.085520e+00 -1.009359e+01 -1.170172e+01 -1.300151e+01 -1.172530e+01 -1.103441e+01 -1.203684e+01 -9.001689e+00 1.507630e+01 -1.812600e+00 -3.077034e+00 -2.545377e+00 3.396665e-01 1.032825e+00 2.193163e+00 2.538325e+00 2.419988e+00 2.284075e+00 1.306457e+00 2.449412e-01 2.457401e+00 -1.756143e+00 1.119748e-01 1.738319e-01 -8.129282e-01 -5.222666e-01 -9.685663e-02 -1.852058e-02 8.469538e-01 3.353043e-01 -3.669775e-01 -2.576881e-02 -9.370387e-03 -2.655792e-01 -6.215916e-02 
-9.819830e+00 -7.486849e+00 8.375331e+00 1.591572e+01 -5.892044e+00 -9.739936e+00 -5.267067e+00 -7.994181e+00 -1.031670e+01 -1.189556e+01 -1.446411e+01 -1.052500e+01 1.258418e+01 -1.584799e+00 -1.856059e+00 -3.215629e+00 -5.853314e-01 5.595241e-01 1.883297e+00 2.953221e+00 2.943431e+00 1.591621e+00 1.112547e+00 8.961325e-01 2.021475e+00 -1.671783e+00 3.994695e-01 8.304496e-01 -4.472556e-02 -4.834532e-01 -9.224443e-02 -2.792724e-01 -8.482885e-02 -5.313558e-02 -5.197116e-01 5.575337e-02 3.393911e-01 -2.528773e-01 2.030779e-01 
-1.110280e+01 -1.081413e+01 3.984973e+00 1.584136e+01 -7.630166e+00 -4.920242e+00 -2.019625e+00 -7.168853e+00 -1.153642e+01 -7.468982e+00 -1.073403e+01 -6.339193e+00 1.113880e+01 -1.018644e+00 -8.804732e-01 -2.665720e+00 -7.949246e-01 2.055963e-01 1.211447e+00 2.695353e+00 2.259582e+00 6.407497e-01 1.061996e+00 1.460011e+00 7.706679e-01 -1.252859e+00 4.352853e-01 1.140976e+00 6.561832e-01 -3.041720e-01 -4.888024e-02 -4.008590e-01 -7.872605e-01 -1.226404e-01 -1.436892e-01 -4.015697e-02 1.151578e-01 -3.311120e-01 3.641132e-01 
-1.041357e+01 -7.898553e+00 1.090266e+00 1.348323e+01 -7.496000e+00 -6.910731e+00 -8.983634e-01 -4.067298e+00 -1.022142e+01 -9.067222e+00 -8.511547e+00 -6.093468e+00 1.036150e+01 -2.510830e-01 6.601456e-01 -1.329571e+00 -1.226557e+00 7.866249e-01 8.312686e-01 6.263247e-01 1.638484e+00 7.511086e-01 1.139218e+00 1.498058e+00 1.289062e+00 -7.284138e-01 3.805936e-01 8.567550e-01 8.441035e-01 6.891230e-02 1.388371e-02 -8.650100e-02 -9.609192e-01 -3.801787e-01 8.227169e-02 -4.499604e-02 -2.652905e-01 -3.656062e-01 3.694612e-01 
-1.135892e+01 -8.378385e+00 9.830694e-01 1.254482e+01 -4.255417e+00 -5.450928e+00 -4.092183e-01 -3.667321e+00 -8.568956e+00 -7.138677e+00 -7.713154e+00 -7.363990e+00 9.923446e+00 -3.029168e-01 1.369743e+00 -2.075179e-01 -8.605407e-01 6.748214e-01 7.148082e-01 -2.345510e-01 2.459468e+00 1.985934e+00 1.092388e+00 5.199293e-01 1.168142e+00 -4.072599e-01 2.847620e-01 6.998384e-01 6.046863e-01 2.022510e-01 7.036735e-03 1.632641e-01 -5.740097e-01 -4.516989e-01 1.267690e-01 -1.400353e-01 -3.221101e-01 -2.896442e-01 2.904457e-01 
-1.094701e+01 -5.403937e+00 3.228313e+00 1.143122e+01 -3.646440e+00 -5.318256e+00 -2.940536e+00 -1.553023e+00 -8.045138e+00 -6.364574e+00 -8.484179e+00 -3.567487e+00 9.549978e+00 -3.973128e-02 1.302611e+00 -2.242513e-01 -2.078645e-01 3.941481e-01 1.698989e+00 -3.864514e-01 9.427385e-01 1.330367e+00 8.724272e-01 3.982810e-02 -5.345728e-03 -2.473094e-01 1.972794e-01 4.599859e-01 2.582174e-01 1.555919e-01 1.797327e-01 1.078269e-01 5.116161e-02 -5.607601e-01 -6.404833e-02 2.881589e-02 1.028237e-01 -3.704628e-01 1.929258e-01 
-1.235057e+01 -5.213014e+00 1.878340e+00 1.256444e+01 -6.180673e+00 -2.142515e+00 -2.171472e+00 3.870891e+00 -2.694892e+00 -3.358469e+00 -8.148685e+00 -1.761735e+00 9.508280e+00 2.995791e-01 2.297522e+00 -1.949106e-01 -2.929962e-01 4.370061e-01 1.593899e+00 3.316037e-01 3.489626e-01 9.850008e-01 4.952289e-01 5.787072e-01 -3.042665e-02 -4.123446e-02 1.455522e-01 3.987254e-01 1.544023e-01 -3.148844e-01 3.837631e-01 -2.001679e-01 2.468441e-01 -7.233912e-01 -3.512988e-01 1.365981e-01 6.841273e-01 6.541610e-02 1.542726e-01 
-1.011598e+01 -2.968195e+00 -4.788125e-01 1.243396e+01 -4.562126e+00 -6.999610e-02 -1.949566e+00 -3.122946e+00 -6.506423e+00 -6.595219e+00 -8.094893e+00 -8.921192e+00 9.332424e+00 4.340409e-01 2.496123e+00 -4.476860e-02 -7.323951e-01 1.804269e+00 9.309564e-01 5.991919e-01 -1.102920e-01 9.311894e-01 1.581932e+00 1.982915e+00 3.601288e-02 5.319528e-02 3.982848e-03 2.571239e-01 3.128060e-01 -4.707794e-01 4.352105e-01 -3.341603e-01 2.454264e-01 -1.797253e-01 -7.892530e-02 2.421866e-01 7.791877e-01 5.986447e-01 1.291772e-01 
-1.027659e+01 1.891513e+00 1.862240e+00 1.057812e+01 -1.612710e+00 -1.055704e-01 7.532544e-01 -1.137361e+00 -4.413250e+00 -4.547488e+00 -5.014567e+00 -4.838951e+00 9.825999e+00 1.878783e-01 2.766688e+00 4.747684e-01 -2.172763e+00 1.888471e+00 9.801351e-02 5.068980e-01 -6.309898e-01 4.291523e-01 1.420663e+00 2.968970e+00 1.474429e+00 2.138883e-01 -1.452699e-01 -2.581976e-01 2.083146e-01 -1.787167e-01 2.680302e-01 -8.403628e-03 8.994369e-02 -1.217031e-01 -1.272978e-01 -7.412605e-03 1.231569e-01 2.488146e-01 7.106148e-02 
-9.813560e+00 3.524452e+00 3.012348e+00 8.761966e+00 3.090688e+00 -1.681723e+00 -1.407163e+00 3.998070e-01 -2.529939e+00 2.139571e+00 -1.364418e-01 -1.848822e+00 9.657168e+00 3.601107e-02 2.353720e+00 1.004964e+00 -1.621946e+00 1.844565e+00 7.762129e-01 7.530151e-01 5.342070e-01 1.213826e+00 1.620543e+00 2.740565e+00 2.235493e+00 2.710101e-01 -2.163571e-01 -5.797647e-01 3.715744e-02 2.096440e-01 -2.616596e-01 3.501302e-01 1.942402e-01 2.624249e-01 -5.883693e-02 -4.438321e-01 -5.838102e-01 -1.484295e-01 7.196378e-03 
-1.156197e+01 5.373967e+00 2.506207e+00 3.537048e+00 -5.647616e-01 -8.463535e-01 9.165620e-02 -1.045555e+00 -2.537914e+00 -6.224661e-01 2.716917e+00 2.073840e+00 1.041543e+01 -2.279395e-01 1.077691e+00 3.217612e-01 -7.419537e-01 1.756986e+00 1.629245e+00 7.045181e-01 -5.817046e-01 2.073196e-01 4.388624e-01 8.156482e-01 1.139963e-01 2.051645e-01 -1.118741e-01 -7.742823e-01 -2.368487e-01 5.371631e-01 -5.737200e-01 1.454107e-01 9.490537e-02 6.214787e-01 1.513116e-01 -3.770852e-01 -8.791066e-01 -5.509660e-01 -8.586902e-02 
-9.293136e+00 7.059052e+00 4.224104e+00 7.844994e+00 4.136415e+00 4.181346e+00 2.146193e+00 -4.974893e-01 -1.375273e+00 -4.548727e-01 1.742519e+00 -1.200615e+00 1.039300e+01 -4.398651e-01 4.417101e-01 2.173495e-01 -3.996348e-01 5.616204e-01 1.915990e+00 1.471604e+00 1.177268e+00 7.478658e-01 -1.463570e-01 1.404335e-01 -2.594198e-02 9.356574e-02 -1.588219e-01 -7.477225e-01 -5.015312e-01 1.224364e-01 -9.623811e-01 -6.702629e-01 -2.063899e-01 6.065279e-01 1.811546e-01 -3.559869e-01 -7.694413e-01 -3.666959e-01 -1.605207e-01 
-1.167628e+01 5.512744e+00 2.865493e+00 7.327201e+00 6.649398e+00 5.108789e+00 2.499341e+00 -3.597198e+00 -3.954070e+00 -1.055687e+00 -1.875259e+00 -4.593225e+00 1.048387e+01 -1.334529e-01 -1.488795e-01 -3.158264e-01 -9.803969e-02 -3.386304e-01 2.552208e-01 6.221586e-01 2.154867e+00 1.418735e+00 4.187038e-01 -1.263842e-01 -1.497687e-01 -1.267549e-01 -6.565232e-02 -4.161319e-01 -4.679085e-01 -3.046624e-01 -1.013115e+00 -1.086614e+00 -4.296148e-01 5.777511e-01 3.264056e-01 -2.081372e-01 -2.321587e-01 2.386033e-01 -1.690024e-01 
-1.195603e+01 5.663716e+00 3.919399e+00 4.868711e+00 2.291722e+00 4.920873e+00 4.746936e+00 7.562031e+00 1.917477e+00 1.624180e+00 2.861779e+00 1.355023e+00 1.009069e+01 -8.051880e-01 -7.717640e-01 -1.183784e+00 -1.331702e+00 -1.919485e+00 -1.888067e+00 -2.377557e-01 2.198531e+00 1.513893e+00 -1.493808e-01 -6.356305e-01 5.338941e-01 -3.655902e-01 -1.341126e-03 -1.864556e-01 -5.195503e-01 -2.723744e-01 -4.662606e-01 -8.291128e-01 -5.384172e-01 -3.881462e-01 -7.233311e-02 6.294746e-02 2.763198e-02 2.435533e-01 -1.065747e-01 
-1.089734e+01 5.327708e+00 1.079664e+00 4.534769e+00 -1.335498e+00 5.974558e-02 1.902096e+00 5.699161e+00 2.909709e+00 4.315012e-01 1.525462e+00 4.778269e-02 9.932736e+00 -3.733036e-01 -3.961770e-01 -1.317193e+00 -1.799180e+00 -2.067974e+00 -1.901902e+00 -5.888785e-01 1.796406e+00 1.456231e+00 -6.003130e-01 4.299869e-02 1.027125e+00 -4.102761e-01 -4.955940e-02 -5.828665e-02 -7.689906e-02 1.169171e-02 1.126894e-01 1.699935e-01 -1.628993e-01 -8.713995e-01 -5.420271e-01 1.663422e-01 3.471322e-01 2.325637e-01 1.143074e-02 
-1.370879e+01 3.293158e+00 -8.019736e-01 2.582667e+00 -1.468395e+00 -2.734304e+00 1.256031e+00 5.846788e+00 2.762386e+00 -1.945315e+00 -3.136078e+00 -8.513273e-01 8.840435e+00 -3.264428e-01 -3.668064e-01 -1.879595e+00 -9.109227e-01 -9.048684e-01 -1.150927e+00 -6.150497e-01 -5.841885e-01 3.675377e-01 6.779743e-01 1.937239e-01 6.033233e-01 -2.975636e-01 9.503492e-02 7.146155e-03 3.411148e-01 5.709975e-01 4.843756e-01 8.989176e-01 1.796083e-01 -5.985355e-01 -6.080381e-01 4.207482e-01 5.163006e-01 -1.016693e-01 1.046515e-01 
-1.266601e+01 4.717091e+00 -1.359947e+00 -5.254593e-01 -1.810310e+00 -5.730590e-01 1.300412e+00 6.242613e+00 2.904673e+00 -2.272366e+00 1.338603e+00 1.645468e+00 9.057535e+00 -6.206139e-01 -6.427116e-01 -3.523877e-01 -2.499823e-01 -2.823793e-01 7.365083e-01 -3.816266e-03 -8.107436e-01 -7.182164e-01 8.367620e-01 1.194534e+00 9.782915e-01 -1.036462e-01 -9.124370e-02 -1.452930e-01 5.388418e-01 6.934353e-01 4.843756e-01 6.157803e-01 2.045686e-01 -2.074711e-01 -4.161072e-01 2.917064e-01 1.996388e-01 -3.779656e-01 9.096430e-02 
-1.270411e+01 4.135490e+00 -4.258973e+00 2.844528e+00 -1.995224e+00 -5.173956e-01 1.972789e+00 4.369594e+00 3.757556e+00 6.366016e+00 3.923944e+00 3.572670e+00 9.040539e+00 -2.063262e-01 -6.127053e-01 3.935674e-02 7.487964e-01 -3.902230e-01 1.287445e+00 3.679231e-01 5.093684e-01 -4.390254e-01 1.235902e+00 1.370258e+00 5.004822e-02 4.333112e-03 -1.180451e-01 -8.637290e-02 6.008217e-01 2.965122e-01 3.388298e-01 1.861074e-01 5.293363e-02 2.060899e-01 -6.413741e-02 -3.099512e-01 -2.091935e-01 -3.727043e-01 9.540170e-03 
-1.450365e+01 1.693020e+00 1.045895e+00 3.153836e+00 -2.483991e+00 2.634072e+00 1.524538e+00 2.384470e+00 -1.178841e+00 4.595690e-01 3.967827e+00 2.727225e+00 9.314521e+00 -8.893462e-01 -9.996083e-01 4.174623e-01 8.382096e-01 9.658789e-02 -4.223172e-02 -5.754755e-02 2.122190e-01 -2.210436e-01 5.793523e-01 4.531029e-01 -5.859441e-01 -1.064304e-01 -3.570496e-02 9.023462e-02 1.256104e-01 -5.080963e-02 4.010232e-01 -2.113378e-01 -1.079158e-01 -9.616017e-02 4.211016e-01 -3.379210e-01 -4.503540e-01 -1.429503e-01 -5.962113e-02 
-1.382213e+01 1.741382e+00 -1.807975e+00 4.486867e+00 -3.082819e+00 2.099201e+00 2.983414e+00 1.032266e+01 2.609185e+00 2.867707e+00 2.400296e+00 -1.141773e+00 8.733697e+00 -7.824271e-01 -6.200798e-01 7.395226e-01 2.751708e-02 5.995870e-01 1.688942e-01 -3.234266e-01 -6.519018e-02 -2.017890e-01 -7.431288e-01 -4.816128e-01 -4.780630e-01 -2.484695e-01 -2.067123e-03 3.072416e-01 8.657709e-02 -2.687156e-01 4.148598e-01 -8.576856e-02 -1.013340e-01 -5.887402e-01 3.280537e-01 -2.950469e-01 -2.964097e-01 2.997465e-01 -4.188082e-02 
-1.655400e+01 9.154499e-01 -4.980530e-01 2.844528e+00 -7.836127e-01 -2.092292e+00 5.075722e-01 4.327151e+00 2.373300e+00 2.373063e+00 4.366080e+00 1.073050e+00 8.678856e+00 -5.112082e-01 -1.879131e-01 -7.456776e-02 -1.434433e-01 1.227783e+00 2.391116e-01 -1.978044e-01 -1.004093e+00 1.268752e+00 1.366386e-01 -1.313840e-01 5.275823e-01 -2.753831e-01 2.554802e-01 4.462990e-01 3.585311e-02 -1.227786e-01 1.486360e-01 9.166722e-02 1.830316e-02 -2.744919e-01 1.171925e-01 -4.386692e-02 -2.784577e-02 3.577143e-01 -1.427743e-03 
-1.559032e+01 1.423877e+00 2.103099e-01 3.136500e+00 1.526897e-01 2.690572e+00 8.642076e-01 3.071859e+00 9.722542e-01 1.693740e+00 1.316898e+00 2.009820e+00 8.116161e+00 -4.058193e-01 5.174887e-01 7.183193e-01 -1.040138e-01 1.118425e+00 7.177458e-01 -6.855018e-02 -1.826124e+00 4.564127e-01 -1.803983e-02 1.803098e-01 9.920776e-01 -1.206297e-01 2.327928e-01 2.613470e-01 -7.714060e-02 4.232000e-02 -2.952287e-01 -2.792267e-01 -2.918718e-02 7.823470e-02 -3.398257e-02 3.574854e-01 1.523150e-01 -1.073274e-02 3.521829e-02 
-1.617537e+01 9.125062e-01 -3.358834e-01 3.111865e+00 2.037347e+00 3.533893e+00 1.594914e+00 9.889317e-01 5.983363e+00 1.729537e+00 3.853164e+00 3.789210e+00 8.246468e+00 1.997370e-01 6.630700e-01 6.072601e-01 2.900811e-01 5.803708e-01 1.417928e-01 -9.333280e-02 -2.798489e-01 3.575136e-02 -2.455693e-03 -1.724261e-02 4.675376e-01 -1.775195e-01 1.603141e-01 -3.335306e-03 -1.236134e-01 1.003204e-02 -6.610665e-01 -4.781323e-01 -1.509508e-01 3.951544e-01 -3.095631e-01 3.926494e-01 -2.810380e-02 -4.674701e-01 2.590787e-02 
-1.604033e+01 4.330618e+00 1.702427e+00 3.833581e+00 1.098825e+00 2.875140e+00 2.097056e+00 2.860567e+00 3.086414e+00 3.099165e+00 3.558722e+00 2.460316e+00 8.346633e+00 2.606510e-02 2.611639e-01 1.288133e-02 2.233948e-02 -5.528039e-01 -1.178408e+00 -5.214739e-01 -3.616811e-02 2.448153e-01 1.113865e+00 2.228690e-01 -5.016490e-01 -1.212793e-01 6.387757e-02 -2.983935e-01 -3.896970e-01 -8.626603e-02 -6.276875e-01 -4.053452e-01 -1.614311e-01 3.379289e-01 8.937081e-04 4.380721e-01 -1.025214e-01 -5.253444e-01 7.623699e-03 
-1.533035e+01 2.777581e+00 1.792346e+00 3.946720e+00 1.645635e+00 -1.475810e+00 -5.756481e-01 3.033568e+00 1.495233e+00 1.657943e+00 3.159053e+00 3.185253e+00 7.676068e+00 7.426478e-02 -7.627957e-02 -3.398950e-01 -1.563873e-01 -1.241909e+00 -1.203329e+00 -7.260374e-01 7.678264e-02 -1.732112e-01 1.533862e+00 -2.930844e-01 -1.062814e+00 -1.455016e-01 -4.968040e-02 -3.401158e-01 -3.496975e-01 -1.538595e-01 -3.934639e-01 -1.014704e-01 -9.692926e-02 -3.490403e-02 1.379490e-01 3.103206e-01 -7.713065e-02 -3.041828e-01 1.808660e-02 
-1.588261e+01 1.797313e+00 -7.894084e-01 2.830842e+00 -2.415481e+00 -6.969414e-01 -6.580705e-01 1.868697e+00 4.440450e+00 7.299170e+00 2.777787e+00 -1.965304e-01 7.794816e+00 -2.366472e-02 -6.046951e-01 -7.565103e-01 -3.120139e-01 -1.108910e+00 -6.364735e-01 -5.591820e-01 -3.148846e-01 5.653529e-01 1.404071e+00 -1.943081e-01 -8.694748e-01 -9.849554e-02 -1.973304e-02 -2.259900e-01 -1.955449e-01 -8.245635e-02 -9.790269e-02 1.650952e-01 9.139242e-03 -9.489474e-02 1.379490e-01 4.504290e-02 -7.351814e-02 -5.425525e-02 9.268238e-03 
