-1.530178e+01 2.020317e+00 -6.417694e-02 4.908483e-01 9.014794e-01 3.566797e+00 1.475773e-01 2.848595e+00 2.552871e+00 3.926959e+00 2.704829e+00 1.351796e+00 8.310800e+00 1.885542e-02 4.660521e-01 3.641054e-01 1.114295e+00 1.096178e+00 -3.202127e-01 -2.753966e-01 -4.080754e-01 -7.962472e-01 -3.638684e-01 5.841882e-03 -5.035371e-01 -2.374752e-01 -1.652595e-02 -1.079809e-01 -1.037133e-01 -1.049157e-01 -2.330094e-01 -7.163705e-02 7.348104e-03 -1.641290e-01 -1.980586e-01 -2.432509e-01 -6.380497e-02 2.916379e-02 -1.779890e-02 
-1.582303e+01 2.175860e+00 3.921565e-01 2.381486e+00 3.059428e+00 3.086000e+00 -2.050895e+00 3.409915e+00 4.683375e+00 2.537874e+00 2.039443e+00 -1.349931e+00 7.631017e+00 1.502065e-02 3.866976e-02 1.175052e-01 1.186618e+00 5.532169e-01 -4.185303e-01 -5.281888e-01 -7.038618e-01 -1.607629e+00 -1.364891e+00 -4.146521e-01 -1.022371e+00 -2.601857e-01 -4.705624e-02 -1.962958e-01 -1.986692e-01 -3.455050e-01 -5.168827e-01 -1.456797e-01 2.768107e-01 1.930508e-02 1.563348e-02 -3.527465e-02 -1.607816e-01 1.463637e-01 1.089991e-02 
-1.494704e+01 4.273088e+00 1.527828e+00 5.117098e+00 5.303716e+00 2.206434e+00 -1.299780e-01 5.278676e-01 -2.493151e+00 2.802059e+00 3.066856e+00 1.851567e-01 7.463269e+00 -6.182830e-02 1.398223e-01 -3.128574e-02 5.536171e-01 2.027695e-01 -6.292818e-01 -1.121461e-01 -1.080682e+00 -1.380756e+00 -1.079592e+00 -1.028491e-01 -9.823100e-02 -3.151006e-01 -4.114137e-02 -1.836582e-01 -2.205786e-01 -4.577081e-01 -5.889298e-01 -1.753972e-01 3.035150e-01 2.556572e-01 5.867666e-01 3.779527e-01 -1.801479e-01 1.529290e-01 7.722671e-02 
-1.540428e+01 1.087430e+00 -2.727275e-01 4.111141e+00 1.466000e+00 2.154735e+00 -2.354815e+00 4.897942e-01 -2.961876e+00 -2.335187e+00 4.506257e-01 -3.177022e+00 7.433589e+00 -1.762581e-01 -3.522942e-01 -4.317121e-01 -3.329842e-01 -1.041236e+00 -8.940212e-01 1.027077e+00 2.474445e-02 -4.257221e-01 -1.823214e-01 -7.437257e-01 2.570214e-02 -1.441199e-01 1.348111e-01 4.221954e-02 7.377096e-02 -5.127707e-01 -5.756150e-01 -1.151260e-01 1.567807e-01 1.826127e-01 5.856151e-01 7.536787e-01 -4.446763e-02 7.035632e-02 1.600680e-01 
-1.582058e+01 3.263918e+00 1.118522e-01 2.394119e+00 2.711520e+00 8.863944e-01 -2.610661e-01 -1.094616e+00 -5.282904e-01 9.654373e-01 2.985054e+00 1.773962e+00 6.834052e+00 -9.127940e-02 -2.567707e-01 -4.640634e-01 -4.144945e-01 -1.051266e+00 -9.592774e-01 4.645796e-01 5.058880e-01 1.546738e+00 9.346222e-01 -7.302561e-01 -2.628509e-01 9.052489e-02 1.769321e-01 2.182278e-01 2.125916e-01 -2.157602e-01 -3.631574e-01 1.316635e-02 -1.674397e-01 -1.421276e-01 1.884295e-01 3.440435e-01 -6.760286e-02 -9.501407e-02 1.907378e-01 
-1.626768e+01 9.188626e-01 -1.058922e+00 2.078291e+00 -8.513435e-01 -7.245358e-01 3.149789e+00 4.344982e+00 1.572226e+00 2.544634e+00 -1.638305e+00 -2.015893e+00 7.224730e+00 7.037468e-01 4.480561e-01 7.027243e-01 -8.931909e-01 -1.697820e+00 -8.290127e-01 -3.276744e-02 -5.840120e-01 -1.433684e-01 1.396358e+00 -3.232317e-01 -5.884485e-01 3.372696e-01 2.935910e-02 3.026656e-01 2.414052e-01 1.095808e-01 1.563823e-01 2.001130e-01 -3.872154e-01 -6.317060e-01 -8.205643e-02 -1.990916e-01 2.665533e-01 1.809909e-01 7.152279e-02 
-1.497118e+01 3.073396e+00 -3.997163e-01 4.060969e+00 1.206474e+00 -1.150533e+00 -5.591269e-01 1.130055e+00 2.973046e+00 5.035241e+00 4.596883e-01 -1.709770e+00 8.020595e+00 3.828526e-01 8.307471e-01 4.643064e-01 -2.452310e-01 -1.284798e+00 -5.959727e-01 -4.194978e-01 -1.486898e+00 -5.797418e-01 -1.487377e-01 -6.510383e-01 -2.662848e-01 3.978621e-01 -2.126726e-01 -1.182302e-02 -9.045721e-02 9.064050e-02 5.070926e-01 3.321966e-01 -5.983144e-02 -2.657945e-01 -1.085051e-02 -3.040087e-01 2.924717e-01 3.656820e-01 -9.860948e-02 
-1.231032e+01 3.422438e+00 3.496670e+00 -1.188274e+00 -6.270227e+00 -9.716554e-01 -2.369461e+00 -3.542837e+00 -5.429376e+00 2.611384e+00 9.718416e-02 -4.377407e+00 8.526915e+00 -2.664520e-01 6.172692e-01 3.111096e-01 1.303996e-01 -1.425880e-01 -7.528534e-02 -4.668897e-01 -2.137436e+00 2.272501e-01 -6.360266e-01 5.494968e-01 9.324640e-01 5.980979e-02 -4.112090e-01 -3.894994e-01 -4.927426e-01 2.254201e-01 7.731252e-01 4.704134e-01 2.992349e-01 5.075060e-01 6.241711e-01 9.670789e-02 3.096057e-01 3.806509e-01 -1.976368e-01 
-1.588530e+01 6.166026e+00 1.557304e-01 2.801627e+00 -1.003074e+00 -1.969784e+00 4.013317e-01 -4.585138e+00 7.394807e-02 1.886540e-01 -1.137953e+00 1.623139e+00 8.172513e+00 -6.694105e-01 -4.004824e-01 -7.204823e-01 -4.729181e-01 7.065095e-01 3.247957e-01 3.826334e-01 -4.625823e-02 1.307069e+00 4.308660e-01 2.957734e-01 8.050969e-01 -2.637227e-01 -1.310593e-01 -5.180059e-01 -2.093017e-01 1.427062e-01 3.799443e-01 3.052669e-01 8.955466e-02 8.638517e-01 4.489607e-01 5.899547e-01 3.070544e-01 4.140642e-03 -1.605762e-01 
-1.714297e+01 2.459038e+00 2.192247e-01 3.359650e+00 -4.594999e-01 -6.914487e-01 3.350553e-01 -3.484854e+00 4.157889e+00 1.787847e+00 1.908036e+00 9.799036e-01 7.447660e+00 -8.263296e-01 -8.838995e-01 -1.168617e+00 3.479567e-01 1.172076e+00 1.062550e+00 1.062273e+00 1.233186e+00 2.034202e+00 1.590073e+00 7.514753e-01 7.791865e-01 -3.201267e-01 1.286572e-01 -3.149171e-01 7.076283e-03 6.842365e-02 -1.802765e-01 -5.920367e-02 -2.667203e-01 6.376776e-01 -2.754676e-01 6.611221e-02 -1.160477e-01 -2.805680e-01 -4.234668e-02 
-1.590210e+01 1.552943e+00 -2.363396e+00 -5.779140e-01 1.833321e+00 3.328741e-01 1.842461e-03 8.694798e-01 4.714790e+00 7.601329e+00 1.033256e+00 -3.630396e-01 7.241438e+00 7.351090e-03 -1.008592e+00 1.576611e-01 3.596179e-01 -4.258855e-02 3.614481e-01 -7.363707e-01 1.147006e+00 7.615086e-01 1.687904e+00 7.832157e-01 -1.689905e-01 -2.150439e-01 2.224587e-01 2.419549e-02 3.160627e-01 2.786591e-02 -4.831483e-01 -2.688983e-01 -4.000559e-01 -5.320379e-02 -7.285185e-01 -7.910001e-01 -2.651510e-01 -2.262824e-01 2.589138e-02 
-1.643350e+01 1.309581e+00 -1.086798e+00 2.241077e+00 -1.828142e+00 3.189742e+00 3.141733e+00 -1.040103e-01 2.421143e+00 6.855527e+00 2.768983e+00 5.115952e-01 7.392037e+00 3.848949e-02 -6.531932e-01 -9.258961e-02 5.619222e-02 -6.695315e-01 -3.896789e-01 -1.240992e+00 4.543369e-01 -8.772266e-01 -9.339810e-01 -2.744208e-01 1.654503e-02 -1.763242e-01 1.305093e-01 1.596275e-01 1.933519e-01 -2.486060e-01 -4.023123e-01 -4.074496e-01 -2.537868e-01 -3.791302e-01 -4.399432e-01 -1.007802e+00 -5.713593e-01 -2.564453e-01 3.494002e-02 
-1.620331e+01 1.697695e+00 1.597001e+00 5.159329e+00 -5.310228e-01 -2.103167e+00 -4.684375e+00 -5.406312e-01 4.750132e+00 6.094234e+00 2.347333e+00 1.012616e+00 7.125356e+00 1.041891e-02 -3.947681e-01 3.218095e-01 -1.877498e-01 -7.885429e-01 -2.935901e-01 -4.660338e-01 7.716782e-02 -8.797485e-01 -2.262080e+00 -5.170751e-01 5.504651e-02 -2.062016e-01 -8.714591e-02 4.591906e-02 -2.074606e-01 -3.767125e-01 -2.502712e-01 -6.461191e-02 5.350146e-01 -3.130496e-01 1.377644e-01 -5.829619e-01 -5.279301e-01 -2.792550e-01 3.204326e-02 
-1.679978e+01 -8.795589e-01 -2.224018e+00 7.720256e-01 -2.624601e+00 -1.421434e+00 -3.526552e+00 -5.084959e-01 -2.459130e-01 -2.128458e+00 -1.212723e-01 3.748905e-01 6.624093e+00 -1.753377e-01 -3.927211e-01 -2.838023e-01 -6.213328e-01 -4.665385e-01 -6.473603e-01 -3.418308e-01 -1.274665e-01 6.551239e-01 -1.473917e+00 -1.455218e+00 -6.149833e-01 -1.497045e-01 -3.660066e-02 -2.087944e-02 -2.006484e-01 -9.001125e-02 -6.249592e-02 7.778643e-02 6.399710e-01 -2.267277e-01 2.894996e-01 4.118619e-01 -9.491286e-02 -3.310270e-01 5.160384e-02 
-1.566666e+01 6.732681e-01 -1.854873e-01 -7.822096e-01 -1.711151e+00 1.171082e+00 1.005509e+00 1.457346e+00 1.649692e+00 7.829298e-01 -1.069629e-01 -1.938383e-02 6.594413e+00 -3.213661e-01 -9.092303e-01 -7.840520e-01 -1.185191e+00 -1.395426e+00 1.671655e-01 1.489228e+00 -1.272920e-01 6.841719e-01 -9.570191e-01 -1.266043e+00 -1.249425e+00 -6.807674e-02 6.383263e-02 2.839814e-02 -2.522459e-01 8.332812e-02 1.501196e-01 9.785824e-02 3.611108e-01 -3.996470e-02 -1.912983e-01 7.382879e-01 3.971891e-01 2.477318e-01 6.283251e-02 
-1.757886e+01 -1.420312e-01 -1.614885e+00 2.105362e+00 -3.570748e+00 -1.683718e+00 -1.411932e+00 -1.740466e+00 7.246904e+00 2.141596e+00 -3.279828e+00 -2.047228e+00 6.908802e+00 2.161646e-02 -5.004409e-01 -5.429906e-01 1.047215e-01 -6.785135e-01 -2.309343e-01 9.812899e-01 -5.772083e-01 -2.117385e-01 4.727240e-01 -3.745098e-01 -9.864705e-01 1.262022e-02 2.314206e-01 3.215775e-01 8.095134e-02 1.669210e-01 4.946725e-01 3.400023e-01 1.939528e-01 2.247023e-01 -7.242097e-01 3.928789e-01 7.820514e-01 7.502207e-01 7.134361e-02 
-1.742109e+01 -3.217172e+00 -2.627697e+00 -1.433718e+00 -7.035012e+00 -1.136057e+00 1.704524e+00 -5.612397e-01 4.424559e+00 -8.258395e-01 -2.403618e+00 -4.023765e+00 6.642561e+00 2.311487e-01 -1.989449e-01 -8.099834e-01 -1.341556e-01 6.818935e-02 -1.225802e-02 6.778964e-01 1.022019e-01 -1.402705e+00 4.560132e-01 9.285149e-01 1.479393e+00 2.676778e-02 2.422944e-01 3.733618e-02 8.130279e-01 -2.963962e-01 2.812676e-01 4.946288e-02 -3.356677e-01 5.648243e-01 -7.095006e-01 3.137575e-01 5.732255e-01 6.479146e-01 3.967063e-01 
-1.581499e+01 -1.436612e+00 -3.717426e+00 1.621333e+00 -3.355157e+00 -1.422812e+00 1.030408e+00 -2.385267e+00 -2.692350e+00 1.039510e+00 -8.455652e-01 -2.555136e+00 6.663227e+00 7.054341e-01 8.600864e-01 1.339956e-01 -3.121354e-01 1.275070e+00 1.142417e+00 1.033496e+00 8.812253e-01 -1.922487e+00 -2.159863e-01 1.357744e+00 1.771692e+00 1.595873e-01 2.923617e-01 -5.471285e-01 1.399794e+00 -1.062318e+00 -6.610823e-01 -2.959395e-01 -4.527202e-01 5.670053e-01 -4.532410e-01 -8.147319e-03 -1.860332e-01 -1.523760e-01 8.180501e-01 
-1.539308e+01 3.260868e-01 -3.184176e+00 -1.211014e+00 -1.478191e+00 9.787626e-01 3.173956e+00 2.290768e+00 -3.940629e-01 3.614330e+00 3.318463e+00 7.631260e+00 6.851201e+00 5.480548e-01 -1.402797e+00 2.942519e+00 -2.458848e+00 -9.657875e-01 -2.722921e-01 -2.152742e-01 1.967549e+00 -2.007856e+00 9.562002e-01 7.339380e-01 6.110287e-01 1.841937e+00 3.757673e-01 -9.375609e-01 1.415305e+00 -1.159497e+00 -1.388922e+00 -7.365158e-01 -5.954999e-01 7.111353e-02 -2.951170e-01 4.815119e-02 -8.391539e-01 -1.234712e+00 1.013178e+00 
-1.506599e+01 2.386848e+00 -6.671153e-01 4.330969e-01 2.583427e-02 2.970884e+00 3.020897e+00 1.240084e+00 4.360411e-02 -1.158465e+00 6.478566e-01 9.836914e-01 7.602436e+00 1.324827e+00 -2.634111e+00 4.579722e+00 -4.044530e+00 -3.466823e+00 -1.580759e+00 -8.357545e-01 1.325210e+00 -2.175325e+00 1.819893e-01 -1.207429e+00 -1.314149e+00 3.195264e+00 2.942138e-01 -8.057692e-01 4.948358e-01 -7.070882e-01 -1.404710e+00 -8.481931e-01 -5.470228e-01 -4.030448e-01 -2.734265e-02 2.796625e-01 -8.014650e-01 -1.037828e+00 7.139759e-01 
-1.505514e+01 -1.214267e+01 1.055951e+01 -1.313344e+01 -1.355484e+01 -4.694304e+00 -3.672549e-01 7.463853e+00 -6.982630e+00 5.054111e+00 5.195492e-01 -2.737983e+00 1.538235e+01 1.800187e+00 -3.139618e+00 4.043723e+00 -4.065379e+00 -4.505590e+00 -2.333248e+00 -1.364874e+00 2.359208e-01 -2.751801e+00 4.977901e-01 -1.984670e+00 -3.151294e+00 3.574828e+00 8.181622e-02 4.028782e-01 -9.100791e-01 5.784522e-01 -1.976962e-01 -2.273989e-02 -1.238009e-01 -7.862895e-01 4.800134e-01 8.302034e-02 -3.432252e-01 -3.237114e-01 -1.836905e-01 
-9.360151e+00 -8.372796e+00 1.230948e+01 -1.264002e+01 -1.465118e+01 -6.489970e+00 -1.377878e+00 1.654699e+00 -1.027442e+01 1.229341e+00 -5.483472e+00 -3.941122e+00 1.837410e+01 1.550159e+00 -2.300376e+00 2.057704e+00 -3.044380e+00 -3.978497e+00 -2.067889e+00 -1.126845e+00 -2.681634e-01 -1.687207e+00 1.411447e+00 -1.290315e+00 -1.536313e+00 2.863075e+00 -4.081022e-01 8.872487e-01 -1.389231e+00 1.251871e+00 7.107614e-01 5.840979e-01 9.095035e-02 -4.964836e-01 8.203681e-01 1.777492e-01 3.181872e-01 3.417844e-01 -8.102862e-01 
-9.245055e+00 -9.992230e+00 1.054609e+01 -1.500133e+01 -1.666762e+01 -5.957129e+00 -1.451112e+00 3.262861e+00 -8.993899e+00 4.909344e+00 -3.539305e+00 -5.662844e+00 1.933947e+01 8.445598e-01 4.447299e-01 -3.468685e-01 -6.677999e-02 -1.698568e+00 -1.422751e-01 -6.886579e-01 -1.167298e+00 1.480453e-01 7.564824e-01 -9.407698e-01 -8.964603e-01 1.089604e+00 -6.034124e-01 1.001993e+00 -9.167532e-01 1.297183e+00 1.043473e+00 7.843699e-01 1.197948e-01 -3.091850e-01 7.195580e-01 -2.160616e-01 4.332835e-01 6.089731e-01 -9.438954e-01 
-1.021970e+01 -1.019057e+01 9.628263e+00 -1.385461e+01 -1.831060e+01 -6.737434e+00 -2.071401e+00 1.999455e+00 -7.386740e+00 5.971155e+00 -3.774217e+00 -5.235857e+00 1.993901e+01 -2.379213e-01 9.927424e-03 -1.711391e-01 2.154436e-01 -1.316534e+00 2.441851e-01 -7.192540e-01 -4.556140e-01 4.766330e-01 9.413552e-01 -1.385237e-01 -7.325689e-01 3.864137e-01 -4.529119e-01 6.786847e-01 -9.570441e-02 8.429766e-01 9.454805e-01 6.026643e-01 -3.829119e-02 -2.648761e-01 1.293698e-01 -5.877619e-01 3.174914e-01 3.227262e-01 -6.868604e-01 
-1.040231e+01 -9.010225e+00 1.016564e+01 -1.285984e+01 -2.021822e+01 -5.281600e+00 -3.463938e+00 1.454901e+00 -7.685896e+00 6.465727e+00 -5.038689e+00 -6.573291e+00 2.004783e+01 -3.225932e-01 7.151808e-01 5.744519e-01 7.906095e-01 -6.193821e-01 4.326479e-01 -9.697996e-01 -1.216320e+00 -2.359296e-01 -3.474010e-01 -3.941142e-01 -5.084279e-01 9.368948e-02 -1.678032e-01 2.052943e-01 4.337105e-01 2.364885e-01 6.014013e-01 1.295829e-01 -2.402020e-01 -3.040195e-01 -4.164308e-01 -5.770472e-01 3.287111e-01 3.622306e-01 -2.847486e-01 
-9.970616e+00 -8.814121e+00 1.164356e+01 -1.263316e+01 -1.945803e+01 -5.606957e+00 -3.967785e+00 2.805654e-01 -8.545523e+00 5.158039e+00 -5.426235e+00 -7.149035e+00 1.995198e+01 -1.308543e-01 9.577422e-01 1.118634e+00 7.418447e-01 2.090569e-01 6.578870e-01 -1.177661e+00 -1.568106e+00 -8.482720e-01 -9.754334e-01 2.384591e-02 -1.166493e-01 -7.328900e-02 8.038232e-02 3.178780e-01 2.991244e-01 2.231824e-01 4.245725e-01 -5.970547e-02 -3.475311e-01 -4.901702e-01 -4.699188e-01 -4.142522e-01 3.227389e-01 5.239244e-01 -1.153629e-01 
-1.098304e+01 -7.104635e+00 1.241066e+01 -1.165897e+01 -1.919033e+01 -4.358952e+00 -5.352266e+00 -1.959475e+00 -9.594353e+00 3.578843e+00 -4.683816e+00 -7.248206e+00 1.980116e+01 -4.786971e-02 9.973162e-01 1.176917e+00 8.524490e-01 5.454325e-01 2.989161e-01 -1.660565e+00 -2.131243e+00 -1.271663e+00 -1.170365e+00 6.216463e-01 6.066582e-01 -1.041903e-01 8.372810e-02 2.436213e-01 1.456668e-01 1.861410e-01 2.289031e-01 -2.643822e-01 -3.100799e-01 -3.045934e-01 -1.529652e-01 9.070488e-03 4.094525e-01 5.646667e-01 -4.240641e-02 
-1.058388e+01 -6.354455e+00 1.409920e+01 -1.074577e+01 -1.777878e+01 -3.909518e+00 -7.015767e+00 -4.133847e+00 -1.067388e+01 2.537592e+00 -3.832409e+00 -5.481719e+00 1.969585e+01 2.667837e-02 1.458217e+00 1.023216e+00 1.300520e+00 2.240269e-01 1.238330e-02 -2.111483e+00 -2.449010e+00 -1.355164e+00 -7.185258e-01 9.672569e-01 1.329550e+00 -9.143884e-02 4.130833e-02 1.376671e-01 9.406934e-02 1.383108e-01 2.965501e-02 -3.127218e-01 -1.356643e-01 -1.345132e-01 1.686686e-01 1.178585e-01 2.219933e-01 3.266654e-01 -2.326391e-02 
-1.033515e+01 -5.253746e+00 1.482241e+01 -9.541296e+00 -1.833053e+01 -4.635712e+00 -1.024281e+01 -6.993888e+00 -1.298003e+01 1.924165e+00 -2.727248e+00 -4.373274e+00 1.965496e+01 1.701473e-02 1.683038e+00 1.350380e+00 1.441867e+00 5.175883e-01 -5.665021e-01 -2.053501e+00 -2.298805e+00 -7.472112e-01 -4.304681e-01 1.181438e+00 1.591776e+00 -1.094025e-01 1.866454e-02 7.743896e-02 -9.809787e-02 1.005901e-01 3.618084e-02 -1.414981e-01 3.074230e-01 4.673984e-02 4.877395e-01 -3.412887e-02 -7.300512e-03 -6.905301e-02 -4.784156e-02 
-1.016163e+01 -2.448387e+00 1.555389e+01 -7.189008e+00 -1.876835e+01 -5.406366e+00 -1.207987e+01 -9.447349e+00 -1.362867e+01 2.393107e+00 -1.568189e+00 -1.938415e+00 1.956790e+01 4.324461e-02 1.303247e+00 1.502318e+00 1.138677e+00 3.713315e-01 -4.730137e-01 -1.659496e+00 -2.156887e+00 -2.671258e-01 -7.560844e-01 8.539649e-01 1.024139e+00 -1.870280e-01 2.690950e-02 -1.180732e-01 -3.580184e-01 5.216060e-02 6.838892e-02 1.283005e-01 6.675593e-01 2.645726e-01 4.469920e-01 -1.976051e-01 -1.799739e-01 -4.601570e-01 -8.233389e-02 
-1.110863e+01 -6.425230e-01 1.843540e+01 -6.227808e+00 -1.610770e+01 -6.443097e+00 -1.308756e+01 -1.079703e+01 -1.185337e+01 1.498877e+00 9.098343e-02 -1.061026e+00 1.931814e+01 3.695558e-02 1.461970e+00 4.469348e-01 1.436214e+00 6.526176e-01 -1.659258e-01 -3.493194e-01 -2.043492e+00 6.229003e-01 -1.322303e+00 6.418508e-01 4.141508e-01 -2.955547e-01 1.654608e-01 -3.498406e-01 -6.273747e-01 2.859570e-01 -2.096953e-01 3.456336e-01 8.591420e-01 5.831907e-01 7.573136e-03 -1.088839e-01 -2.444221e-01 -6.119091e-01 -1.049704e-01 
-9.980762e+00 -2.143998e+00 1.980388e+01 -6.709311e+00 -1.703392e+01 -5.370867e+00 -1.389094e+01 -1.301681e+01 -1.257270e+01 -1.030034e+00 -9.717262e-01 -2.017270e+00 1.892900e+01 1.510786e-01 9.783821e-01 -3.151466e-01 1.564133e+00 4.985764e-01 4.536983e-01 3.742890e-01 -1.253915e+00 1.946529e-01 -1.260571e+00 3.371826e-01 -3.824135e-01 -4.100382e-01 3.573057e-01 -4.316739e-01 -7.939042e-01 6.253234e-01 -2.256941e-01 -3.684591e-02 1.392484e+00 1.015948e+00 -2.037417e-01 1.511484e-01 -2.479011e-01 -4.444003e-01 -1.296376e-01 
-1.024034e+01 1.903845e+00 1.493237e+01 -2.599936e+00 -1.593400e+01 -5.482881e+00 -1.108389e+01 -1.542696e+01 -1.039365e+01 -2.975653e+00 1.839944e-01 -2.263476e+00 1.849656e+01 7.904128e-01 9.632500e-02 -8.777072e-01 2.658986e+00 -5.945319e-01 6.983780e-01 1.225310e+00 1.657031e-01 -9.401794e-01 -7.225007e-01 2.177559e-01 -7.644106e-01 -5.227534e-01 3.700914e-01 -2.491545e-01 -6.311030e-01 4.757192e-01 7.544103e-02 -3.951835e-01 1.116043e+00 1.176807e+00 -9.093396e-02 2.470230e-01 -4.064266e-01 -2.241065e-01 -2.206616e-01 
-9.840127e+00 1.170039e+00 1.572940e+01 -1.182138e+00 -1.636211e+01 -3.617938e+00 -1.120986e+01 -1.340174e+01 -1.338556e+01 -1.672471e+00 7.118879e-02 -3.249679e+00 1.792868e+01 1.453062e+00 -1.723348e-01 -1.804944e+00 3.653836e+00 -1.336061e-01 -1.089418e+00 4.515567e+00 1.818217e+00 -5.042731e-01 -3.002702e-01 -1.734649e-01 -6.085317e-01 -7.216570e-01 -5.942369e-02 2.234367e-01 -7.247241e-01 -1.446743e-01 8.174902e-01 -5.369128e-01 3.057481e-01 8.286495e-01 6.032587e-01 1.737854e-01 -4.288951e-01 1.832419e-01 -3.862247e-01 
-7.226847e+00 -1.817655e+00 1.608404e+01 4.303164e+00 -1.941563e+01 -3.827489e+00 -8.301382e+00 -9.776037e+00 -1.614794e+01 -1.792453e+00 6.581117e-01 -4.267216e+00 1.720470e+01 1.236628e+00 7.915142e-01 -1.963680e+00 2.770061e+00 1.346027e+00 -1.370131e+00 3.160139e+00 2.304507e+00 5.177298e-01 -5.673178e-01 -1.134947e+00 -5.934433e-01 -1.243069e+00 -7.522998e-01 4.933536e-01 -7.174976e-01 -9.546703e-01 1.554803e+00 1.114625e-01 -6.787766e-01 3.449637e-01 1.127813e+00 1.702242e-01 -2.518729e-01 5.828245e-01 -5.263442e-01 
-4.222100e+00 -1.144875e+00 1.020333e+01 8.108261e+00 -1.596159e+01 -1.164571e+01 7.295542e+00 -6.751127e+00 -1.221714e+01 -3.122955e+00 -2.076171e+00 -4.058199e+00 1.596650e+01 -3.692241e-01 1.747943e+00 -3.395824e+00 7.853090e-01 3.615777e+00 -1.196651e+00 9.355027e-01 1.819961e+00 2.482064e+00 -4.691624e-01 -1.131012e+00 4.483859e-01 -1.980883e+00 -1.193346e+00 1.949949e-01 -3.320125e-01 -1.321448e+00 1.286665e+00 1.170027e+00 -1.551134e+00 2.882449e-04 8.752676e-01 4.307210e-01 2.852238e-01 8.011674e-01 -4.386351e-01 
-6.866166e+00 7.018909e+00 7.876748e+00 6.605280e+00 -9.404465e+00 -8.320103e+00 -4.535711e+00 -7.229664e+00 -8.389162e+00 -5.086882e+00 -4.416947e+00 -4.826432e+00 1.326253e+01 -2.059748e+00 1.603037e+00 -3.669740e+00 -6.801097e-01 5.304840e+00 1.309334e+00 -3.785247e-01 1.889568e+00 3.205741e+00 2.130583e-01 -5.628853e-01 1.621224e+00 -2.524820e+00 -5.114631e-01 -4.651176e-01 -6.594055e-03 -1.046934e+00 4.312768e-02 1.211732e+00 -4.587682e-01 -1.916403e-01 7.688469e-02 4.987561e-01 6.639400e-01 5.845877e-01 6.635641e-02 
-1.186638e+01 5.491757e+00 2.853983e+00 1.593540e+00 -3.288743e+00 -7.355061e+00 -8.415260e+00 -5.575045e+00 -4.854626e+00 -2.371238e+00 -3.046347e+00 -7.280446e-01 9.995308e+00 -2.865511e+00 3.967975e-01 -2.612091e+00 -1.228302e+00 4.320114e+00 3.420935e+00 -1.470784e+00 2.027038e+00 2.528111e+00 1.463201e+00 9.665900e-01 2.290005e+00 -2.273980e+00 7.396811e-01 -7.044912e-01 5.344200e-01 -3.895791e-01 -1.345925e+00 6.032776e-01 5.053793e-01 -4.519452e-01 -8.741990e-01 1.874110e-01 4.145260e-01 -2.645487e-01 6.760493e-01 
-1.370337e+01 2.879525e+00 1.410131e+00 4.160230e+00 7.722272e-01 5.737898e-01 -2.338703e+00 -9.157759e-01 -3.800441e+00 -1.102980e+00 -1.671216e+00 2.173746e+00 7.566380e+00 -7.256568e-02 -8.585687e-01 -2.388527e+00 -1.457756e+00 1.209351e+00 2.379808e+00 2.069484e+00 1.242781e+00 8.791015e-01 9.602562e-01 1.135895e+00 1.408634e+00 -7.646581e-01 1.265089e+00 -3.315206e-01 8.957403e-01 2.298954e-01 -1.827731e+00 -5.678568e-01 3.605525e-01 -9.150454e-01 -1.231380e+00 -3.151259e-01 -9.731916e-02 -1.127191e+00 9.719964e-01 
-1.513106e+01 2.908922e+00 3.761539e-01 3.188923e+00 5.510170e-01 1.011850e+00 -1.157079e+00 2.271231e-01 -1.870921e+00 2.200742e+00 1.383835e+00 3.891680e+00 7.444802e+00 2.335675e+00 -5.437676e-01 -1.364236e+00 -7.736346e-01 -1.066086e+00 1.284445e+00 2.238297e+00 -1.163014e-01 -7.256354e-01 9.421724e-02 9.226121e-02 -7.680527e-01 5.193264e-01 5.848789e-01 1.382590e-01 7.674600e-01 3.578021e-01 -1.091418e+00 -1.133882e+00 -2.181500e-01 -8.916283e-01 -7.734633e-01 -6.414282e-01 -4.449564e-01 -1.126140e+00 6.566380e-01 
-5.595909e+00 4.017447e+00 -2.826440e+00 -1.481724e+00 -5.277591e+00 -6.045949e-01 2.182739e+00 -3.917283e+00 -5.485423e+00 -2.571490e+00 -9.526470e-01 -9.376222e-02 1.071422e+01 1.664896e+00 4.157317e-01 1.851031e-01 2.420640e-01 -1.140787e+00 -4.617455e-01 -4.303027e-01 -1.613813e+00 -1.324341e+00 -6.780468e-01 -6.122296e-01 -2.485843e+00 9.384480e-01 -1.015302e+00 2.564956e-01 6.570848e-01 4.258112e-01 2.926878e-01 -7.340626e-01 -8.748254e-01 -1.220011e-01 3.758975e-01 -2.508642e-02 -1.046830e-01 -1.785621e-01 -3.944992e-02 
-4.241342e+00 2.204140e+00 -1.848730e+00 5.460731e-01 -5.594847e+00 -3.436891e-01 5.159423e-01 -4.656045e+00 -7.640202e+00 -1.165788e+00 -2.944035e+00 -3.434592e+00 1.101784e+01 -8.097634e-01 4.509560e-01 -6.149709e-02 -2.892843e-01 3.824937e-02 -8.277745e-01 -1.311706e+00 -1.002788e+00 -2.375174e-01 -9.248144e-01 -3.841120e-01 -1.393546e+00 1.576327e-01 -1.733451e+00 -8.202508e-02 1.755851e-01 1.041065e-01 8.996419e-01 -2.167674e-01 -2.147073e-01 6.466694e-01 1.202845e+00 5.086656e-01 3.691542e-01 8.490753e-01 -4.111607e-01 
-1.082387e+01 5.310539e+00 3.448145e+00 6.692268e+00 -1.858795e+00 -1.057131e+00 -5.326634e+00 -6.543645e+00 -7.537389e+00 -2.810045e+00 -2.568414e+00 -6.591885e+00 1.047239e+01 -3.576172e+00 -7.339976e-02 2.455258e-01 4.289959e-01 2.120574e+00 -2.345253e-01 -5.296866e-01 1.075916e+00 2.514568e+00 1.344360e+00 8.505641e-01 8.284059e-01 -7.811326e-01 -1.019066e+00 -6.023845e-01 -3.274097e-01 -2.774959e-01 5.061453e-01 1.230038e-01 6.293172e-01 8.271955e-01 1.049921e+00 5.421412e-01 4.720741e-01 1.189570e+00 -3.302904e-01 
-1.656609e+01 4.517194e+00 -3.068544e+00 -2.344025e+00 -9.673128e-01 -2.901049e+00 -3.961194e+00 -3.473327e+00 -2.032637e+00 -2.304206e+00 2.712816e-01 1.734490e-01 8.353890e+00 -3.710850e+00 -7.092280e-01 -5.166815e-01 -3.466477e-01 1.801265e+00 8.705023e-02 1.214398e+00 1.772074e+00 3.369195e+00 1.626334e+00 1.206644e+00 1.820287e+00 -6.766081e-01 2.982765e-01 -5.835910e-01 -9.312683e-02 1.129373e-01 -2.192209e-01 1.412914e-01 4.278716e-01 2.188480e-01 7.833332e-02 6.143615e-02 1.116708e-02 4.097258e-01 6.880521e-02 
-1.731474e+01 2.493644e+00 -9.892330e-01 2.108610e+00 3.011406e+00 -4.987850e-01 1.772631e+00 8.708770e-01 4.283548e+00 4.719514e+00 1.692441e+00 2.244336e+00 8.140414e+00 -1.979831e+00 -2.016023e+00 -1.224383e+00 -1.116637e+00 5.083069e-01 -3.041153e-01 1.453283e+00 1.134794e+00 2.121906e+00 7.571313e-01 9.527870e-01 1.855147e+00 -2.958339e-01 1.147030e+00 -2.295323e-01 -1.464897e-02 2.131274e-02 -1.134520e+00 -2.993963e-01 -5.309257e-01 -5.513914e-01 -9.124207e-01 -8.161145e-01 -6.078306e-01 -5.733051e-01 3.470732e-01 
-1.955019e+01 6.635201e-02 -2.213693e+00 1.104818e+00 9.770893e-01 -1.879038e-01 3.038473e+00 4.971294e-01 3.295406e+00 3.201154e+00 9.588470e-01 1.248492e+00 8.800631e+00 -1.164355e-01 -1.495676e+00 2.077616e-01 1.048215e+00 -2.518689e-01 -8.667731e-02 -1.637102e-01 6.199034e-02 3.504471e-01 -3.240384e-01 -3.793776e-01 1.417269e-01 2.589926e-01 9.217874e-01 1.237273e-01 1.340677e-01 1.876994e-01 -1.061736e+00 -2.733587e-01 -9.373527e-01 -6.532482e-01 -9.585912e-01 -7.423195e-01 -6.551738e-01 -7.546198e-01 3.680970e-01 
-1.923114e+01 -2.544020e+00 -3.101582e+00 -6.154524e-01 -2.888666e-01 -3.934333e+00 -1.559864e+00 -2.855072e+00 4.077317e-01 -1.776962e+00 1.851514e+00 2.146198e+00 8.770071e+00 3.616846e-01 -8.278647e-01 -1.897695e-01 -1.618361e-01 -2.525510e+00 -1.644653e+00 -2.495218e+00 -8.259794e-01 -5.382713e-01 -1.761082e+00 -1.395538e+00 -1.198957e+00 4.863774e-01 1.705393e-01 1.447998e-01 4.302421e-02 1.664815e-01 -6.359263e-01 1.550072e-01 -2.844456e-01 -2.631925e-01 -5.685745e-01 -1.945394e-01 -3.763914e-01 -4.380976e-01 3.233914e-01 
-1.619036e+01 -4.423263e-01 -9.742628e-01 4.258768e+00 -5.764910e-01 -1.616510e+00 -3.113515e+00 -1.300701e+00 1.657546e+00 -6.760032e-01 -1.705082e+00 9.313511e-01 9.334212e+00 -2.728945e-01 -6.846648e-01 -3.636107e-01 1.144980e-01 -1.990483e+00 -6.095935e-01 -1.497957e+00 -5.138816e-01 -9.367860e-02 -8.261722e-01 -8.949596e-01 -4.258057e-01 7.726794e-01 1.778880e-01 -7.717131e-02 -4.022053e-01 -5.345080e-01 -2.781433e-02 3.297434e-01 5.066354e-01 -2.144529e-02 -3.871981e-01 8.162682e-02 -1.237594e-01 -1.846397e-01 4.055459e-01 
-1.718635e+01 -1.391586e+00 -2.558008e+00 -2.776066e-01 -8.839434e+00 -8.007499e+00 -7.627267e+00 -2.360118e+00 2.410790e+00 -2.147047e+00 -3.953323e+00 -3.591613e+00 1.030530e+01 -1.049207e+00 -1.697555e+00 -7.237552e-01 1.825803e-01 -1.801861e+00 7.323062e-01 6.981155e-01 1.067377e-01 -4.989492e-01 3.556735e-02 -6.714429e-01 -5.161300e-02 1.064380e+00 1.136754e+00 -1.740987e-01 -6.001261e-01 -6.001596e-01 8.097540e-01 4.632767e-01 7.949864e-01 2.360282e-01 -5.216610e-01 2.616396e-01 -1.136994e-01 -4.472890e-01 5.087242e-01 
-2.193678e+01 -3.933117e+00 -4.302813e+00 1.508356e+00 -4.700299e+00 -1.199474e+00 -1.417425e+00 -2.319600e+00 1.825330e+00 -7.444435e-01 -6.137533e-01 1.988144e+00 1.189615e+01 1.478372e+00 -1.446720e+00 -1.536441e+00 -1.796400e+00 -7.529144e-01 3.737068e-01 7.727872e-01 -5.117009e-01 -1.605294e+00 -8.141665e-01 -1.360264e+00 -1.355148e+00 1.997747e+00 1.944761e+00 -2.029253e-01 -5.362851e-01 -8.492202e-01 7.293916e-01 -1.093832e-01 2.680178e-01 2.641134e-01 -5.160894e-01 1.050071e-01 -3.288454e-01 -1.004776e+00 4.346628e-01 
-2.160373e+01 -9.286705e+00 -5.055453e+00 1.672948e+00 -7.236298e+00 -4.812075e-01 1.082770e+00 -1.811722e+00 -2.170791e+00 -1.565164e+00 -2.051130e+00 1.359715e+00 1.281074e+01 5.169883e+00 -1.317252e+00 -2.604034e+00 -2.207015e+00 9.045624e-01 1.800434e-01 3.442278e-01 3.529792e-01 -2.390803e+00 -4.587790e-01 -1.731347e+00 -2.970753e+00 2.417520e+00 1.509929e+00 -1.097863e-01 -1.890033e-01 -5.171661e-01 5.184602e-01 -2.063412e-01 -7.848726e-02 2.152130e-01 -1.201666e-01 1.865440e-01 -6.415287e-02 -8.173840e-01 1.521243e-01 
-6.590145e+00 -3.728455e+00 -7.407326e+00 -5.698661e+00 -5.142720e+00 -3.511094e+00 -3.604912e+00 -4.133148e+00 -4.078177e+00 -5.037875e+00 -9.457186e+00 -8.319805e+00 1.807004e+01 6.341484e+00 -1.889455e+00 -2.104792e+00 -2.936838e+00 3.032181e-01 -8.804004e-01 1.901057e-02 6.836564e-01 -1.728211e+00 -5.390820e-02 -2.009275e+00 -3.990210e+00 2.269343e+00 -4.293719e-01 -3.858591e-01 3.052001e-01 3.991590e-01 1.468040e-01 2.109294e-01 1.558968e-01 7.719740e-02 2.991942e-01 3.992272e-01 5.376819e-01 2.336258e-01 -3.563612e-01 
9.894159e-01 -8.080315e+00 -1.402571e+01 -7.709493e+00 -4.095930e+00 -5.951615e+00 -4.812534e+00 3.120022e-01 -6.591372e+00 -2.294348e+00 -8.188421e+00 -1.329111e+01 1.930605e+01 4.068995e+00 -2.025234e+00 -1.384629e+00 -1.833033e+00 2.623501e-01 3.276437e-01 6.823896e-01 5.852644e-01 -1.038345e+00 5.880769e-01 -6.676421e-01 -2.820910e+00 1.689200e+00 -1.962996e+00 -1.741283e-01 6.528502e-01 9.337220e-01 -4.812859e-02 5.474668e-01 2.374520e-01 -5.353974e-01 4.727331e-01 1.119748e-01 7.938219e-01 1.109324e+00 -5.923724e-01 
-1.525910e+00 -1.398351e+01 -1.034200e+01 -8.484445e+00 -4.754452e+00 -2.866239e+00 1.625065e+00 3.675632e-02 -4.605091e+00 -6.495283e-01 -7.591482e+00 -1.063724e+01 1.999529e+01 -1.181228e-01 -3.022005e+00 -6.200295e-01 1.237454e-02 3.021702e-01 1.354655e+00 1.383104e+00 -2.418209e-01 -7.855060e-01 6.584892e-01 7.962853e-01 -2.620184e-01 5.800120e-01 -1.970644e+00 3.227022e-01 3.942644e-01 1.033898e+00 2.084836e-01 5.397726e-01 -1.539945e-01 -7.524266e-01 2.164735e-01 -2.191274e-01 6.948159e-01 1.223860e+00 -5.599107e-01 
-3.791102e+00 -1.428530e+01 -1.051132e+01 -6.098950e+00 -6.118497e+00 8.343511e-01 1.879552e+00 -9.706155e-01 -7.099008e+00 -8.187984e-01 -6.322479e+00 -1.158626e+01 2.029429e+01 -1.415505e+00 -1.621563e+00 -8.226740e-02 9.869646e-01 6.644439e-01 1.799932e+00 8.495983e-01 -1.861188e+00 -4.984821e-01 -2.550862e-01 8.350273e-01 7.117569e-01 3.002253e-01 -9.267586e-01 5.769331e-01 1.785309e-01 5.126408e-01 3.195805e-01 -7.964802e-03 -5.169222e-01 -5.464937e-01 1.494649e-01 -3.676465e-01 2.286034e-01 7.213334e-01 -3.558237e-01 
-4.790235e+00 -1.573617e+01 -1.226439e+01 -6.442210e+00 -2.620003e+00 -1.306906e-01 -3.514050e-02 -4.701105e+00 -7.751939e+00 -2.483334e+00 -6.408812e+00 -1.048229e+01 2.047610e+01 -7.695749e-01 -4.777541e-01 -7.846814e-01 8.226483e-01 1.144681e+00 1.082485e+00 -8.344707e-01 -1.855170e+00 -9.158015e-01 -7.280980e-01 7.134668e-01 3.627461e-01 1.642412e-01 1.435937e-01 6.431101e-01 1.360469e-01 -3.366996e-02 1.831171e-01 -2.967201e-01 -5.807521e-01 3.744187e-02 1.584910e-01 -1.994322e-01 -1.298186e-01 3.621680e-02 -1.136905e-01 
-4.455791e+00 -1.531196e+01 -1.347543e+01 -3.795751e+00 -1.840914e+00 1.680141e+00 2.654834e-01 -6.625381e+00 -7.510615e+00 -2.652604e+00 -4.604400e+00 -9.810128e+00 2.056668e+01 -2.393018e-01 -4.127640e-01 -4.096830e-01 3.251056e-01 1.439141e+00 4.239801e-01 -7.934977e-01 -1.340444e+00 -2.259356e-01 -5.569344e-01 5.168228e-01 4.732558e-01 1.179823e-01 3.427277e-01 2.550454e-01 2.267223e-01 -2.833298e-01 2.649735e-02 -3.630686e-01 -2.564386e-01 5.477207e-01 1.908810e-01 1.590140e-01 -1.704357e-01 -2.257197e-01 -4.688593e-02 
-5.041068e+00 -1.585896e+01 -1.278318e+01 -5.522880e+00 -1.169621e+00 2.123371e+00 -1.740385e+00 -6.411611e+00 -8.978549e+00 -3.373058e+00 -4.882956e+00 -9.711645e+00 2.068013e+01 1.179943e-02 -4.108877e-01 2.240002e-01 1.748062e-01 8.303113e-01 5.590740e-01 -6.991419e-01 -3.150043e-01 -1.293581e-01 -1.877565e-01 3.063091e-01 3.839722e-02 1.027179e-01 1.644452e-01 7.527844e-02 3.505378e-01 -1.288108e-01 -1.463317e-01 -1.166314e-01 1.333330e-01 5.761120e-01 2.651699e-01 3.661851e-01 -9.160782e-02 -2.140522e-01 -1.878439e-02 
-4.862301e+00 -1.628764e+01 -1.230001e+01 -4.932733e+00 3.517745e-01 1.826965e+00 -1.235073e+00 -6.817494e+00 -7.615212e+00 -3.158442e+00 -4.501372e+00 -9.605243e+00 2.078236e+01 -9.265992e-02 -3.797572e-01 5.471358e-01 -1.057683e-01 9.538137e-01 2.460425e-01 -5.002673e-01 1.072611e-01 6.267607e-02 2.698424e-01 1.864156e-01 -2.546303e-01 9.657484e-02 3.545320e-02 8.776801e-02 1.830876e-01 -6.098694e-03 -2.835845e-01 3.134250e-02 9.406741e-02 3.531137e-01 4.568335e-02 3.119305e-01 -6.067389e-02 -2.371996e-01 -1.532023e-02 
-4.528208e+00 -1.730239e+01 -1.173217e+01 -4.999507e+00 4.355585e-01 2.591416e+00 -2.780668e+00 -6.180027e+00 -8.345966e+00 -3.169145e+00 -4.928507e+00 -1.039276e+01 2.088217e+01 -2.071949e-02 -1.179205e-01 4.896084e-01 3.940124e-01 6.554618e-01 5.882969e-01 -3.144441e-01 3.016026e-01 2.657317e-01 6.895582e-01 4.206680e-01 -3.435999e-01 8.103113e-02 -2.160437e-02 1.487361e-01 -2.293402e-02 9.299804e-02 -2.651648e-01 5.676679e-02 6.499039e-02 1.066218e-01 3.565434e-02 1.167127e-01 5.639384e-02 -1.273903e-01 -2.383132e-02 
-5.175755e+00 -1.648895e+01 -1.126500e+01 -4.586585e+00 2.125543e+00 2.676547e+00 -1.715485e+00 -6.204827e+00 -7.513114e+00 -1.405470e+00 -3.649726e+00 -1.074261e+01 2.094857e+01 -4.572224e-02 -1.203939e-01 3.729170e-01 1.849361e-01 1.086083e-01 5.660083e-01 -5.154583e-01 1.167688e-01 -1.951130e-01 5.641464e-01 1.562755e-01 -5.218513e-01 5.236370e-02 -3.116376e-02 1.577629e-01 -1.465194e-01 1.059446e-01 -3.090563e-01 4.795749e-02 -8.376749e-03 2.430987e-03 1.723069e-02 -1.692081e-01 1.110428e-01 -8.285889e-02 -3.616494e-02 
-4.987893e+00 -1.634792e+01 -1.085254e+01 -3.725728e+00 1.220778e+00 4.639717e+00 -3.072138e+00 -5.210030e+00 -7.700890e+00 -8.018995e-01 -3.205658e+00 -1.086107e+01 2.100221e+01 -1.198101e-01 2.031066e-01 1.965582e-01 4.944868e-01 -7.297762e-02 6.828998e-01 -3.666500e-01 2.134162e-01 1.778405e-01 2.486701e-01 6.033755e-01 -4.649316e-01 5.732587e-03 -5.643638e-02 1.102611e-01 -1.690271e-01 -4.561751e-02 -1.421215e-01 -1.712713e-01 3.419201e-02 -6.682551e-02 4.854347e-02 -3.429345e-01 7.381774e-02 -6.743982e-02 -4.383985e-02 
-4.861252e+00 -1.736714e+01 -1.087525e+01 -4.644697e+00 5.019727e-01 3.632627e+00 -3.666428e+00 -6.718643e+00 -8.913220e+00 -1.521790e+00 -4.581743e+00 -1.198019e+01 2.098396e+01 -1.989600e-01 2.484803e-01 -3.896445e-02 3.737526e-01 -2.271685e-01 4.385915e-01 -5.159932e-01 1.636097e-01 1.928782e-01 -3.557564e-01 6.502526e-01 -6.083236e-01 -4.657617e-02 -6.127582e-02 6.746505e-02 -1.357028e-01 -9.872217e-02 4.533804e-02 -2.922597e-01 1.016507e-01 -5.924938e-02 1.051145e-01 -2.928914e-01 4.734849e-02 -7.789436e-03 -3.939020e-02 
-5.284554e+00 -1.584780e+01 -1.094443e+01 -2.498149e+00 8.825769e-01 5.527900e+00 -3.638233e+00 -4.855843e+00 -6.756657e+00 -1.867653e+00 -1.445843e+00 -1.209864e+01 2.089295e+01 -2.261102e-01 2.489067e-01 -1.494877e-01 7.150485e-02 1.127999e-01 -2.045594e-01 -1.431701e-01 -5.602765e-02 3.144874e-01 -5.652087e-01 5.427620e-01 -6.374598e-01 -8.873963e-02 -3.450954e-02 -7.980537e-02 -5.533779e-02 -2.243912e-01 4.512753e-02 -3.374213e-01 4.210096e-02 -1.115935e-01 -6.496998e-02 -1.631385e-01 -1.931071e-01 3.614176e-02 -2.209924e-02 
-6.021660e+00 -1.549652e+01 -1.141418e+01 -3.331213e+00 1.158962e+00 4.426029e+00 -4.012457e+00 -5.563868e+00 -7.020828e+00 -2.651477e+00 -1.278185e+00 -1.316508e+01 2.077005e+01 -2.989710e-01 1.941513e-01 -1.327455e-01 -9.705187e-02 2.422903e-01 -4.517156e-01 -1.187788e-01 -4.477538e-02 2.621824e-01 -4.934173e-01 4.232686e-01 -4.744008e-01 -9.739570e-02 3.557270e-02 -1.468110e-01 5.089501e-02 -9.380730e-02 -6.849547e-02 -1.161296e-01 1.451268e-02 -4.394408e-02 -1.133321e-01 -3.966737e-03 -2.421897e-01 1.335332e-01 -1.224662e-03 
-5.538186e+00 -1.603869e+01 -1.133055e+01 -4.024952e+00 1.456804e+00 3.220761e+00 -3.615165e+00 -6.067554e+00 -7.074733e+00 -3.062964e+00 -2.143425e+00 -1.345605e+01 2.066518e+01 -2.423697e-01 -1.685821e-01 -3.329983e-02 -3.921145e-01 -8.195961e-02 -5.590726e-01 -3.546683e-01 -2.402508e-01 -1.815697e-01 -4.981223e-01 -2.486817e-01 -3.511961e-01 -7.933895e-02 8.480353e-02 -1.487940e-01 1.448843e-01 5.196081e-02 -1.623831e-01 1.358832e-01 -6.541423e-02 9.380364e-02 -1.483593e-01 5.583108e-02 -1.735958e-01 1.993362e-01 1.394599e-02 
-6.229113e+00 -1.630103e+01 -1.134604e+01 -4.366768e+00 1.426662e+00 2.527654e+00 -4.272070e+00 -6.336862e+00 -7.443144e+00 -3.391365e+00 -2.116715e+00 -1.367367e+01 2.061065e+01 -1.289654e-02 -2.768136e-01 1.574094e-01 1.366424e-01 -4.723768e-01 3.541489e-02 -3.377656e-01 3.599672e-02 -1.257154e-01 -4.090523e-01 -1.649963e-01 -8.366287e-02 -5.737299e-02 9.776845e-02 -3.381296e-02 1.448843e-01 1.526559e-01 -1.164392e-01 1.971579e-01 5.926803e-02 1.660447e-01 -5.772681e-02 3.189337e-02 -3.666891e-02 1.736753e-01 1.872415e-02 
-6.392137e+00 -1.628875e+01 -1.114575e+01 -3.940852e+00 3.384917e-01 3.681913e+00 -5.281961e+00 -5.670753e+00 -7.453497e+00 -3.988457e+00 -2.269825e+00 -1.360033e+01 2.057592e+01 5.474894e-02 -2.596706e-01 4.299410e-01 2.145013e-01 -3.416889e-01 2.313072e-01 -3.607661e-01 3.725181e-01 -2.334077e-01 -3.281755e-01 -3.109971e-02 1.637872e-01 -3.894393e-02 2.679001e-02 1.062360e-01 7.980064e-02 1.817456e-01 -2.376200e-02 2.387132e-02 2.607136e-01 1.398343e-01 8.854804e-02 -5.097507e-02 1.237991e-01 1.023574e-01 1.400572e-02 
-5.658880e+00 -1.675613e+01 -1.071936e+01 -2.690533e+00 -6.434160e-01 4.372262e+00 -4.868192e+00 -5.582380e+00 -7.459923e+00 -4.233772e+00 -2.040159e+00 -1.351149e+01 2.052777e+01 4.140392e-02 7.048249e-02 3.600772e-01 3.627982e-01 -2.099530e-01 1.389332e-01 1.805494e-01 4.789349e-01 -4.635659e-04 -4.189490e-01 1.311366e-01 1.364199e-01 -2.395868e-02 -3.217945e-02 1.552176e-01 -6.455971e-03 -9.455197e-03 8.023014e-02 -2.837292e-01 3.357556e-01 2.531242e-02 1.221638e-01 -1.221998e-01 6.111946e-02 5.820115e-02 3.971585e-03 
-5.549730e+00 -1.710963e+01 -9.493864e+00 -3.790698e+00 7.834665e-01 3.455128e+00 -5.121213e+00 -4.582344e+00 -8.233516e+00 -4.282497e+00 -2.337079e+00 -1.271812e+01 2.051172e+01 -1.354560e-01 1.889487e-01 2.641562e-01 4.034356e-01 -3.319584e-01 -4.914637e-01 6.895572e-01 2.374036e-01 1.985757e-01 -7.480536e-01 2.222903e-01 5.057201e-02 -2.609943e-02 -4.598081e-02 1.327837e-01 -6.288639e-02 -1.085120e-01 1.291943e-02 -3.973022e-01 3.632509e-01 -5.006620e-02 9.627409e-02 -1.718713e-01 -3.852437e-02 8.603800e-02 -1.093029e-02 
-6.443213e+00 -1.553820e+01 -1.037091e+01 -2.627729e+00 1.545756e-01 3.335877e+00 -3.449657e+00 -4.486287e+00 -7.055456e+00 -5.339237e+00 -1.427480e+00 -1.343263e+01 2.052293e+01 -7.854794e-02 2.749198e-01 2.081393e-01 -5.176093e-03 -7.612132e-02 -1.022057e+00 8.157928e-01 2.300766e-01 2.691875e-01 -8.101104e-01 1.384367e-02 2.639951e-01 -4.397004e-02 2.592819e-03 2.801339e-02 -3.531557e-02 -1.889881e-01 -6.170651e-02 -3.397630e-01 1.759483e-01 2.454715e-02 -1.543395e-01 -5.379309e-02 -2.085306e-01 2.119791e-01 -2.672808e-02 
-6.677604e+00 -1.595311e+01 -9.998722e+00 -1.954925e+00 -1.719836e+00 1.742869e+00 -2.543025e+00 -5.031889e+00 -6.663126e+00 -7.176141e+00 -1.464684e+00 -1.338718e+01 2.044796e+01 -1.152084e-01 3.020416e-01 1.913971e-01 -1.440499e-01 -3.440841e-01 -1.174858e+00 1.137801e+00 2.465624e-01 1.130197e-01 -9.919008e-01 -1.651297e-01 5.302796e-01 -8.352737e-02 1.388484e-02 6.586686e-02 -3.049894e-03 -1.613769e-01 -1.296487e-01 -1.166314e-01 3.326155e-02 2.094735e-01 -3.139493e-01 1.613056e-01 -2.784581e-01 2.045885e-01 -3.664275e-02 
-5.487460e+00 -1.595980e+01 -9.426757e+00 -3.634047e+00 2.276311e-01 1.184970e-01 -2.078358e+00 -4.206850e+00 -6.899095e+00 -6.837319e+00 -2.406956e+00 -1.185726e+01 2.033958e+01 4.431835e-02 1.540655e-01 2.199720e-01 -3.083662e-01 -5.123467e-01 -1.218073e+00 8.362259e-01 5.971273e-01 -7.294649e-01 -5.660198e-01 -7.177866e-01 9.563974e-01 -1.288554e-01 -8.099205e-02 1.595091e-01 5.526768e-02 -3.554801e-02 -2.650069e-01 2.565548e-02 -4.750279e-02 3.503971e-01 -2.691530e-01 2.904702e-01 -2.085016e-01 -7.376760e-03 -3.831511e-02 
-6.603788e+00 -1.538824e+01 -9.009139e+00 -4.007987e+00 -9.734433e-01 -8.103556e-01 -1.178945e-01 -3.489045e+00 -7.746227e+00 -8.493124e+00 -2.672872e+00 -1.085452e+01 2.018568e+01 -1.276331e-01 5.786333e-01 2.431341e-01 -2.518272e-01 -7.621958e-01 -9.766130e-01 8.457471e-01 1.101299e+00 -8.718093e-01 -6.356150e-02 -8.041393e-01 7.273656e-01 -1.669235e-01 -1.219779e-01 2.353936e-01 1.100871e-01 2.279120e-02 -2.634281e-01 3.130449e-03 -1.369670e-01 3.767987e-01 1.043326e-02 3.629645e-01 -1.270644e-01 -2.729898e-01 -2.849002e-02 
-6.258500e+00 -1.505036e+01 -9.765909e+00 -3.142799e+00 -2.780419e+00 -1.477958e+00 -4.811331e-01 -2.271746e+00 -1.016089e+01 -7.510738e+00 -4.412177e+00 -9.916875e+00 2.001002e+01 -4.772114e-01 9.341171e-01 4.585159e-01 -1.290906e-01 -1.192134e+00 -9.929580e-01 7.243255e-01 1.554791e+00 -5.840383e-01 1.780955e-01 -7.091180e-01 1.285115e-01 -1.939156e-01 -1.131355e-01 2.657296e-01 1.456668e-01 8.166442e-03 -2.064850e-01 -4.448435e-02 -4.701414e-03 2.294469e-01 3.646799e-01 2.460940e-01 1.192086e-02 -4.500277e-01 -1.179633e-02 
-6.929836e+00 -1.351465e+01 -8.613719e+00 -3.460071e+00 -4.026962e+00 -2.342359e+00 8.868704e-01 -4.931268e-01 -9.391227e+00 -7.156989e+00 -4.482770e+00 -1.072092e+01 1.977851e+01 -4.643266e-01 1.088916e+00 6.226642e-01 -1.197852e-01 -1.321325e+00 -1.271690e+00 5.088691e-01 1.651788e+00 9.256466e-02 4.508215e-01 -8.047394e-01 -4.206029e-01 -1.935433e-01 3.061377e-02 1.127176e-01 1.625131e-01 -1.300495e-01 -1.014930e-01 -8.780600e-02 -2.933531e-03 3.552870e-02 3.427275e-01 1.397524e-01 -9.184960e-03 -3.578885e-01 5.225851e-03 
-7.710321e+00 -1.222602e+01 -7.331959e+00 -4.553378e+00 -4.206791e+00 -4.080468e+00 1.040661e+00 2.068965e+00 -8.996756e+00 -6.614818e+00 -5.047513e+00 -1.128117e+01 1.957383e+01 -3.529646e-01 1.227511e+00 7.584895e-01 -3.334553e-01 -1.265187e+00 -1.292864e+00 9.811829e-01 1.469047e+00 6.117855e-01 4.072600e-01 -6.579065e-01 -7.196657e-01 -1.744627e-01 1.563197e-01 -2.579240e-02 1.077397e-01 -1.980986e-01 -1.186817e-02 -2.089997e-02 -7.043874e-02 -1.174478e-01 1.237610e-01 6.019747e-02 -5.532030e-03 -1.775492e-01 1.794769e-02 
-8.199743e+00 -1.135565e+01 -7.113084e+00 -3.901509e+00 -6.866933e+00 -5.867863e+00 1.665344e+00 2.599546e+00 -7.865818e+00 -6.686920e+00 -6.379001e+00 -1.227529e+01 1.943598e+01 -3.651877e-02 9.955251e-01 9.057698e-01 -8.000194e-01 -1.233151e+00 -1.265746e+00 7.026086e-01 1.321721e+00 2.438756e-01 5.206660e-01 -8.756886e-01 -6.379801e-01 -1.504491e-01 1.603824e-01 -8.486631e-02 4.155131e-02 -1.888283e-01 4.449600e-02 4.661937e-02 -2.588113e-01 -1.510812e-01 -1.351359e-01 -5.809754e-02 1.185226e-01 -2.887341e-02 2.123268e-02 
-7.388822e+00 -9.992230e+00 -6.723858e+00 -4.589472e+00 -7.686382e+00 -6.179779e+00 4.035915e+00 3.527279e+00 -7.865104e+00 -5.709604e+00 -6.753668e+00 -1.273809e+01 1.930891e+01 9.048907e-02 8.518134e-01 8.556693e-01 -7.794062e-01 -1.295576e+00 -1.100315e+00 2.753331e-01 1.132613e+00 -4.099996e-02 4.441697e-01 -7.013162e-01 -6.505711e-01 -1.255978e-01 1.284780e-01 -1.066787e-01 1.273774e-02 -1.668766e-02 9.365018e-02 2.526520e-02 -4.774240e-01 -2.212560e-01 -8.662520e-02 -1.352990e-01 2.929066e-01 3.152730e-02 1.418490e-02 
-7.273376e+00 -9.653980e+00 -4.388505e+00 -7.441671e+00 -8.452699e+00 -7.621482e+00 2.902625e+00 5.386236e+00 -8.737939e+00 -5.006330e+00 -8.008362e+00 -1.318229e+01 1.915853e+01 1.156452e-01 8.524957e-01 7.819033e-01 -8.408923e-01 -1.083751e+00 -1.134986e+00 -4.323353e-01 1.064576e+00 -2.568516e-01 1.419159e-01 -1.904020e-01 -5.995827e-01 -1.119156e-01 1.638477e-01 -1.243772e-01 2.778892e-02 2.918309e-01 1.406993e-01 -1.030651e-02 -5.864279e-01 -3.500502e-01 5.444944e-02 -1.207134e-01 4.238322e-01 1.005942e-01 -4.808280e-03 
-7.720817e+00 -8.817471e+00 -4.415864e+00 -6.680435e+00 -9.891843e+00 -8.705086e+00 1.798629e+00 6.338069e+00 -8.765428e+00 -5.234465e+00 -7.739345e+00 -1.408069e+01 1.908444e+01 2.135088e-01 7.655864e-01 8.841184e-01 -3.964727e-01 -8.717760e-01 -1.231942e+00 -8.385360e-01 4.914083e-01 4.289981e-01 -7.978553e-02 4.640110e-01 -5.813726e-01 -1.228985e-01 3.225932e-01 -1.576432e-01 1.594752e-01 5.948751e-01 2.862672e-01 -7.988879e-02 -5.914524e-01 -5.747703e-01 4.345468e-02 2.458509e-02 2.920658e-01 1.765640e-01 -3.697125e-02 
-7.455291e+00 -7.680666e+00 -4.358048e+00 -7.060151e+00 -1.118232e+01 -1.027983e+01 6.221310e-01 6.516910e+00 -8.699741e+00 -6.214879e+00 -6.838332e+00 -1.460203e+01 1.898881e+01 7.213867e-01 4.167551e-01 1.030518e+00 4.676308e-01 -7.415372e-01 -1.251506e+00 -1.672547e+00 -1.078404e-01 2.811430e-01 1.790689e-01 6.607884e-01 -1.696148e-01 -1.759519e-01 4.236837e-01 -3.695015e-02 2.026035e-01 9.504645e-01 5.969279e-01 -1.098850e-01 -4.589078e-01 -8.730323e-01 -1.575358e-02 -6.803803e-02 2.252694e-01 2.751185e-01 -6.841750e-02 
-6.230513e+00 -7.151149e+00 -2.318485e+00 -6.762731e+00 -1.068013e+01 -1.101016e+01 9.835388e-01 5.419070e+00 -5.738884e+00 -5.504283e+00 -5.018895e+00 -1.493501e+01 1.877950e+01 1.400756e+00 2.814870e-01 1.528627e+00 1.540811e+00 -3.525326e-02 -1.441455e+00 -2.061845e+00 -1.155087e+00 -9.265118e-02 5.484902e-01 3.335152e-01 1.737749e-02 -2.785217e-01 2.323765e-01 2.660256e-01 2.979277e-01 9.730011e-01 6.487135e-01 2.190139e-01 -2.838408e-01 -1.003013e+00 -1.050489e-01 -3.822011e-01 -3.316094e-02 5.251624e-01 -9.189020e-02 
-4.412062e+00 -8.403681e+00 -2.846005e-01 -5.062312e+00 -1.176625e+01 -1.272655e+01 -5.052740e+00 5.306596e+00 -8.845750e+00 -3.976064e+00 -6.064672e+00 -1.360343e+01 1.843126e+01 1.640353e+00 9.098098e-01 1.472484e+00 2.942859e+00 1.482853e+00 -1.579644e+00 -2.115228e+00 -2.477272e+00 -7.481143e-02 -5.123994e-01 1.001198e+00 4.766897e-01 -3.761586e-01 -2.846070e-01 5.633485e-01 4.066920e-01 7.065986e-01 5.107239e-01 8.599180e-01 1.590838e-02 -8.791927e-01 8.475931e-02 -5.622448e-01 -1.275283e-01 6.036834e-01 -1.119286e-01 
-2.239226e+00 -7.048446e+00 1.190224e+00 2.450558e-02 -9.775873e+00 -1.468938e+01 -5.673029e+00 1.167779e+00 -9.155972e+00 -3.611613e+00 -6.458417e+00 -1.449321e+01 1.797067e+01 9.158867e-01 1.849181e+00 2.152744e+00 3.230854e+00 1.259800e+00 2.724239e-02 -2.036384e+00 -3.338986e+00 8.173005e-02 -1.645080e+00 1.280025e-01 1.721328e+00 -4.822653e-01 -8.510603e-01 3.435971e-01 8.481770e-02 -1.656524e-01 4.388872e-01 1.655542e+00 3.328712e-01 -2.084378e-01 2.433661e-01 -2.654854e-01 -3.620116e-01 3.940066e-01 -1.552605e-01 
-1.248839e+00 -3.182938e+00 1.250621e+00 4.260572e+00 -4.220074e+00 -1.633822e+01 -6.625432e+00 -3.744032e+00 -7.364964e+00 -9.723359e+00 -1.112435e+00 -1.243954e+01 1.751250e+01 -4.594181e-01 2.449700e+00 2.751810e+00 3.155586e+00 1.164591e+00 2.313685e+00 -1.605792e+00 -3.411821e+00 6.176698e-01 -1.535325e+00 1.259354e-01 1.996874e+00 -6.337001e-01 -1.194601e+00 -3.444245e-01 -5.115221e-01 -8.999273e-01 6.862370e-01 1.958459e+00 6.371796e-01 7.684614e-01 3.147949e-01 4.051729e-01 -6.137449e-01 3.711718e-02 -2.905122e-01 
-3.232413e+00 -5.156325e-01 7.678006e+00 4.730164e+00 -8.154346e+00 -9.068010e+00 -8.412332e+00 -6.750429e+00 -6.070526e+00 -1.085614e+01 -6.854787e+00 -6.910404e+00 1.682766e+01 -1.804812e+00 1.229558e+00 1.312868e+00 6.062690e-01 2.318178e+00 4.889632e+00 -6.521779e-01 -1.729999e+00 7.779473e-01 -2.675788e-01 -1.038925e+00 1.227365e+00 -9.259589e-01 -9.681030e-01 -8.847021e-01 -1.383478e+00 -1.169047e+00 8.269106e-01 8.601968e-01 9.655406e-01 1.453603e+00 3.520879e-01 9.587440e-01 7.591281e-04 -1.146724e-01 -4.300942e-01 
-6.212321e+00 5.783793e-01 1.023069e+01 8.362728e+00 -6.754029e+00 -3.968799e+00 -1.171187e+01 -7.793429e+00 -7.300349e+00 -8.030377e+00 -5.237113e+00 -7.410736e+00 1.583414e+01 -2.972271e+00 -5.024025e-01 -6.649689e-01 -2.442887e-01 4.384934e+00 5.781549e+00 3.786752e-01 5.605792e-01 1.151088e+00 8.247044e-01 -1.484091e+00 9.092590e-01 -1.606904e+00 -4.492674e-01 -8.845838e-01 -1.601099e+00 -9.629017e-01 9.707097e-02 -5.899358e-01 1.100598e+00 1.504532e+00 4.097733e-01 1.000209e+00 4.760170e-01 1.830918e-01 -4.190745e-01 
-8.781871e+00 -2.781800e+00 3.264889e+00 1.004836e+00 3.081907e+00 3.573691e+00 -6.391084e+00 -5.457332e+00 -5.298362e+00 -5.795788e+00 -9.590740e+00 -1.087105e+01 1.418020e+01 -2.668097e+00 -1.098316e+00 -3.056072e+00 -9.145108e-01 3.784189e+00 2.594274e+00 1.798933e+00 1.942951e+00 1.575412e+00 1.968661e+00 9.367834e-01 1.691776e+00 -2.146186e+00 1.300911e-01 -1.633257e-01 -6.687079e-01 -5.528744e-02 -1.212409e+00 -1.695391e+00 9.146907e-01 7.748131e-01 2.621984e-01 6.644000e-01 9.438530e-01 4.974381e-01 -1.092409e-01 
-1.333604e+01 -4.561988e+00 1.319845e-01 4.901613e+00 1.208613e+01 6.248580e+00 -5.742967e+00 -1.587474e+00 -1.995510e+00 -8.130080e+00 -7.165062e+00 -5.913183e+00 1.080151e+01 -2.274189e+00 -8.093570e-01 -3.069164e+00 -8.984914e-01 9.168378e-01 5.117726e-01 2.671671e+00 2.274413e+00 2.267800e+00 2.347574e+00 1.518113e+00 2.680119e+00 -2.118915e+00 5.517795e-01 4.549378e-01 5.989513e-01 3.404202e-01 -1.894094e+00 -1.633726e+00 7.995457e-01 1.710189e-01 -2.879128e-02 4.783176e-01 8.702725e-01 1.713118e-01 3.870305e-01 
-1.301070e+01 -3.436718e+00 -2.552846e+00 1.888072e+00 1.346965e+00 -1.205678e+00 -2.401684e+00 -1.389399e-01 -8.456525e-01 -9.630017e-01 -1.206877e+00 7.994671e-01 8.613096e+00 -1.503398e+00 5.663517e-01 -8.286138e-01 6.569185e-01 -2.009794e+00 -9.524670e-01 2.774799e+00 1.287092e+00 1.530673e+00 2.293061e+00 2.179261e+00 2.829130e+00 -1.216077e+00 5.165293e-01 4.664211e-01 1.392061e+00 6.758307e-01 -1.064210e+00 -6.186497e-01 4.085180e-01 -2.765082e-01 -2.703417e-01 4.502350e-02 2.464332e-01 -3.789724e-01 7.008360e-01 
-1.546830e+01 -3.140517e+00 -2.205950e+00 3.428591e+00 -1.302449e+00 9.794520e-01 -3.482141e-01 9.190799e-01 1.812122e+00 1.291303e+00 -1.838397e+00 1.548544e-01 8.023233e+00 -7.956514e-01 9.400021e-01 1.215940e+00 6.719955e-01 -2.188536e+00 -6.136797e-01 3.888454e+00 1.743550e+00 1.029478e+00 3.054049e+00 2.246010e+00 1.197084e+00 -1.368600e-01 4.527203e-01 1.211229e-01 9.371656e-01 3.383024e-01 5.917910e-02 -1.557714e-01 -3.845636e-01 -4.626972e-01 -5.506337e-01 -3.781753e-01 -1.868739e-01 -6.398585e-01 6.354947e-01 
-1.523286e+01 -6.607565e-01 2.909785e-01 5.025779e+00 -2.730294e-01 1.446119e+00 4.785827e+00 -2.751657e-01 4.509272e-01 9.586778e-01 -1.357841e+00 2.405962e-01 9.488769e+00 -8.247957e-01 3.590999e-01 1.761758e+00 1.679331e+00 1.594410e-02 6.352334e-02 3.233205e+00 8.258362e-01 8.429550e-01 1.840491e+00 1.804978e+00 5.383962e-01 3.669608e-01 3.986501e-01 -2.460469e-01 -2.997632e-02 -4.004478e-01 5.937703e-01 1.237843e-01 -1.315680e+00 -4.544706e-01 -3.399875e-01 -5.407535e-01 -6.507381e-01 -7.675253e-01 2.819110e-01 
-1.620331e+01 -1.250183e+00 4.789270e+00 6.692629e+00 1.952867e+00 1.854538e+00 1.010552e+01 7.198388e+00 2.503607e+00 6.179292e+00 4.140537e+00 3.518194e-01 9.679380e+00 -3.497434e-01 -1.000099e-01 3.214318e-01 2.817591e-01 1.999252e-01 -7.750247e-01 5.197809e-01 1.915223e-01 -1.415937e-01 6.829875e-01 7.709463e-01 6.263252e-01 2.669971e-01 4.243409e-01 -1.850789e-01 -7.863096e-01 -7.038116e-01 3.952063e-01 1.153096e-01 -1.656369e+00 -5.213930e-01 -1.971671e-01 -1.029200e+00 -9.560767e-01 -4.717494e-01 -5.226369e-03 
-1.676724e+01 -2.586813e+00 2.757967e+00 8.652929e+00 -2.009956e-01 -1.325619e+00 8.537218e+00 8.506178e-01 3.023381e+00 5.795125e+00 4.828341e+00 3.393069e+00 9.619801e+00 2.668889e-01 -1.439336e-01 -5.312837e-01 -1.150208e+00 -2.351026e-01 -2.529753e-01 -2.119186e+00 -2.092853e-01 4.162954e-01 7.748155e-01 -3.369014e-01 -7.230996e-01 -8.508054e-03 4.063573e-01 1.090180e-01 -6.657621e-01 -7.299045e-01 1.087543e-01 3.239449e-01 -9.504257e-01 -1.943569e-01 -2.031474e-01 -8.579823e-01 -8.013780e-01 -3.769841e-01 -1.263228e-01 
-1.644994e+01 -2.677608e+00 -1.832211e+00 3.023609e+00 -3.389327e-01 -1.509666e+00 3.749676e-01 1.313785e+00 -1.823692e-01 2.288053e+00 -1.076900e+00 1.710258e+00 9.292660e+00 7.802889e-01 2.660498e-01 -1.569170e+00 -1.432195e+00 -8.689971e-02 1.211023e-01 -1.717264e+00 -3.458826e-01 2.570453e-01 -1.559174e+00 -1.463420e+00 -5.308003e-01 2.472011e-02 1.526154e-01 2.880451e-01 -4.912400e-02 -5.400877e-02 2.332186e-01 4.452678e-01 1.802750e-01 -5.588222e-02 -6.463568e-02 -4.586593e-01 -1.619412e-01 1.089352e-02 -7.453951e-02 
-1.377544e+01 -6.667103e-01 9.455383e-01 1.109150e+00 -3.026603e-01 1.863844e+00 -9.450679e-01 1.620468e+00 3.875154e+00 6.778637e+00 -4.336937e-01 -4.054067e+00 9.639587e+00 6.420835e-01 7.210656e-01 -6.217918e-01 -1.113222e+00 7.030664e-01 1.235286e+00 -4.005625e-01 1.227003e-01 -3.720161e-01 -1.328387e+00 -1.084735e+00 -7.679486e-01 -1.435614e-01 -8.774337e-02 3.617099e-01 3.328630e-01 4.523835e-01 3.397368e-01 2.512403e-01 7.456718e-01 -1.506603e-01 -2.196395e-01 -1.133122e-01 3.421052e-01 4.354242e-01 9.197694e-03 
-1.379818e+01 -8.799310e-01 -2.149683e+00 3.303343e+00 1.569197e+00 8.657149e-01 6.260386e+00 5.083745e+00 3.362877e+00 -2.108180e+00 -5.457838e-01 1.421009e+00 9.793044e+00 2.257800e-01 9.077629e-01 1.211557e-01 -6.825146e-03 8.969277e-01 7.071696e-01 5.618238e-01 -2.539455e-01 -7.060835e-02 -5.586379e-01 3.351155e-01 7.031201e-01 -3.810624e-02 -1.371534e-01 2.013876e-01 4.209607e-01 5.350574e-01 5.434057e-01 -1.128958e-01 3.707876e-01 -4.561542e-01 -3.812179e-01 4.287700e-01 6.176695e-01 3.539144e-02 6.211579e-02 
-1.488232e+01 1.195642e-01 -1.921981e-01 2.947450e+00 2.360036e+00 3.663302e+00 3.591753e+00 -4.208224e-01 -6.093266e-01 1.351576e+00 -8.608285e-01 -3.020906e-01 8.652011e+00 1.052146e-01 1.343674e+00 2.879476e-01 3.990774e-01 9.716280e-01 7.101414e-01 4.697146e-01 -1.008633e+00 -5.180966e-01 -2.919148e-01 4.742800e-01 8.370427e-01 6.893124e-02 -3.680528e-03 3.452455e-02 1.077857e-01 4.465097e-01 3.991008e-01 -5.345711e-01 -1.989824e-01 -6.668699e-01 -5.106291e-01 1.362221e-01 4.051907e-01 -2.296589e-01 1.086132e-01 
-1.476793e+01 1.467729e+00 -6.578234e-01 2.070350e+00 2.814207e+00 1.126621e+00 9.161639e-01 1.064737e+00 1.706810e+00 2.208065e+00 8.124144e-01 3.350026e+00 9.596056e+00 3.629117e-01 9.616655e-01 8.074804e-02 4.869483e-01 2.495872e+00 -1.807849e-01 -2.985042e-01 -2.061025e+00 -1.576153e+00 6.647414e-02 8.454297e-01 -1.156397e+00 2.292082e-01 5.851522e-02 -9.809578e-02 5.733894e-02 2.425622e-01 -1.099660e-01 -4.431886e-01 -3.323646e-01 -1.919846e-01 -4.571783e-01 -6.844061e-02 -1.646374e-01 -6.034304e-01 -2.986374e-02 
-1.276406e+01 4.878143e+00 1.639330e+00 3.720958e+00 3.933030e+00 5.284227e+00 4.075827e+00 -1.412825e+00 2.112705e+00 3.160596e+00 1.258628e+00 -8.334140e-01 1.008281e+01 5.551108e-01 8.666537e-01 -6.275590e-02 8.725910e-01 1.899019e+00 -9.935771e-01 -9.653065e-01 -2.308052e+00 -2.172336e+00 -9.597772e-01 6.859940e-01 -9.864705e-01 2.658802e-01 -3.558498e-02 -4.350479e-01 1.783054e-03 -5.339485e-03 -8.252804e-01 -4.574061e-01 -3.618138e-01 4.780433e-01 6.718998e-02 7.676496e-02 -2.960560e-01 -2.751282e-01 -1.529909e-01 
-1.304253e+01 1.549222e+00 -2.661767e+00 5.350992e+00 1.326166e+01 -8.489573e-01 4.525482e+00 -4.724857e+00 -5.878824e+00 -2.680205e+00 2.621835e+00 -4.095044e+00 1.022351e+01 2.934255e-01 6.558197e-01 5.832636e-01 9.691784e-01 -1.166900e-01 -6.567711e-01 -3.824830e-01 -5.641243e-01 -1.529358e+00 -5.669933e-01 -5.939589e-01 -1.402287e+00 -2.858748e-01 5.385502e-02 -4.656207e-01 4.817935e-02 -1.689690e-01 -1.560593e+00 -2.467078e-01 -3.760499e-01 8.770525e-01 7.411018e-01 4.463594e-01 -1.321670e-01 2.355766e-01 -1.595011e-01 
-1.296942e+01 4.412258e+00 4.959156e-01 5.669707e+00 6.631488e+00 -3.171504e-01 -3.039183e+00 -9.065917e+00 -7.678399e+00 -1.002996e+00 1.664538e+00 -1.512117e+00 9.667728e+00 -3.789929e-02 -6.786093e-01 4.575322e-02 1.312241e-01 -1.848717e+00 -1.338680e+00 -1.297264e+00 6.331520e-01 -2.055740e-01 4.086390e-01 -2.863568e-01 -4.156080e-01 -4.385195e-01 5.021051e-02 -3.749381e-01 -8.665319e-03 -3.400307e-01 -9.437978e-01 -6.082057e-02 -9.793397e-02 8.941945e-01 9.879639e-01 4.592418e-01 9.051684e-02 4.285213e-01 -2.194992e-02 
-1.319786e+01 4.979730e+00 2.829721e+00 5.941861e+00 8.815551e-01 6.430660e-01 2.560990e+00 2.070711e+00 -1.044495e+00 1.455222e+00 -2.360213e+00 -3.321991e+00 8.374117e+00 9.286181e-01 -5.937469e-01 2.674291e-01 1.272791e-02 -3.433440e+00 -1.241848e+00 -2.012741e+00 8.536616e-01 1.146044e+00 1.614004e+00 6.707239e-01 -2.639955e-01 -2.161608e-01 -6.414364e-02 -1.727669e-01 -1.640101e-01 -3.757935e-01 9.207135e-02 1.984403e-01 2.246816e-02 2.445991e-01 5.277812e-01 1.730778e-02 4.823661e-01 8.489252e-01 1.268001e-01 
-1.287636e+01 -2.298498e-01 -8.777307e-01 4.081904e+00 8.800225e-01 -2.155210e+00 -1.428410e+00 -1.645108e+00 -1.332584e+00 3.135811e+00 2.317761e+00 -3.298231e+00 8.815141e+00 4.886924e-01 -3.832541e-01 5.179549e-02 -3.492391e-01 -1.161595e+00 -1.005093e+00 -6.398753e-01 1.454131e+00 1.429705e+00 2.459931e-01 5.062872e-01 5.869913e-01 1.212400e-01 -3.362874e-01 2.850263e-01 -2.859548e-02 -2.094468e-01 6.397142e-01 6.603150e-01 7.135708e-01 1.327174e-01 2.116819e-01 -3.786708e-01 1.055634e-01 7.330759e-01 6.381801e-02 
-8.446378e+00 9.017454e-01 -6.376911e-01 6.208601e+00 -1.029640e+00 -6.138764e+00 -6.343482e+00 -4.167030e+00 -3.321720e+00 3.320290e+00 5.648983e+00 -4.521687e+00 9.569234e+00 -2.905345e-01 -3.557058e-01 -2.399959e-01 -6.695087e-01 7.590981e-05 1.686514e-01 -5.989022e-01 2.483070e-01 2.918842e-01 -3.990746e-01 1.421625e+00 2.341098e+00 6.818663e-02 -6.683565e-01 2.489782e-01 -1.151283e-01 -1.491496e-01 8.326996e-01 7.710445e-01 1.004387e+00 1.663125e-01 -9.683992e-02 -4.557174e-01 -1.982966e-01 4.582339e-01 -1.141086e-01 
-1.290190e+01 4.535428e+00 2.488503e+00 3.789899e+00 1.779168e+00 -1.951862e+00 -1.786156e+00 1.323565e+00 6.083589e-01 -7.058578e-01 1.911491e-01 2.022923e+00 9.676083e+00 -1.109796e+00 6.275891e-01 1.565282e-01 -5.749238e-01 -3.668384e-01 1.257575e+00 1.563686e+00 1.599452e+00 1.279889e+00 -4.782478e-01 -1.339227e-01 1.947238e+00 -2.614888e-01 -4.073256e-01 6.171436e-03 -1.876685e-01 6.878328e-02 2.645846e-01 4.064066e-01 5.362242e-01 3.583481e-02 -1.150036e-01 4.663379e-02 -2.663785e-02 -3.189469e-01 -1.852733e-01 
-1.463744e+01 8.183921e-01 -5.282022e-02 2.740627e+00 4.324932e-01 1.384769e+00 -2.544751e-01 1.827950e+00 -5.554215e-01 1.380585e+00 5.811395e+00 5.722903e+00 8.284417e+00 -1.613993e+00 1.457925e-01 -3.605895e-01 -6.202727e-01 3.327090e-01 1.482071e+00 1.907517e+00 1.612536e+00 7.367571e-01 -3.025415e-01 -5.595490e-04 1.347031e+00 -5.953527e-01 1.567723e-02 -1.966600e-02 -7.720112e-02 3.168848e-01 6.412609e-02 -2.488265e-01 9.813835e-03 -6.747598e-02 -7.563044e-02 1.561960e-01 -2.285347e-01 -9.591194e-01 -6.776050e-02 
-1.533011e+01 2.949482e+00 -3.873271e-01 2.940953e+00 -1.685607e+00 3.707864e-01 3.345688e+00 3.354726e+00 3.683809e+00 1.714619e+00 1.566996e+00 1.315984e+00 8.149868e+00 -8.861522e-01 -6.031287e-01 -8.260962e-01 -2.991188e-02 -5.013885e-03 3.701159e-01 7.879782e-01 9.512685e-01 6.321471e-01 4.308660e-01 1.084150e+00 -5.107171e-01 -4.734231e-01 3.258793e-01 -1.211808e-01 9.839598e-02 3.547253e-01 4.049630e-02 -7.011113e-01 -7.797319e-01 -6.230968e-01 -4.528324e-01 3.938745e-02 -1.604627e-01 -7.420895e-01 6.650572e-02 
-1.530178e+01 2.423315e+00 -1.002655e+00 3.531461e+00 2.366678e+00 1.102252e-01 6.283559e-01 2.880381e+00 -1.175152e+00 5.976059e-01 4.958079e+00 2.566987e+00 7.355542e+00 -3.239737e-01 1.613151e-01 -1.346337e-01 6.424304e-01 1.395962e-01 -6.316345e-01 -1.621055e-01 2.351357e-01 2.376177e-01 -7.256584e-02 -3.300332e-01 -1.225492e+00 -1.645966e-01 4.520631e-01 1.194655e-01 3.845525e-01 1.683995e-01 -1.609622e-01 -6.378852e-01 -7.315339e-01 -7.655509e-01 -4.665758e-01 -1.701681e-01 -6.102369e-01 -4.214030e-01 1.374614e-01 
-1.700058e+01 7.171774e-01 -1.166811e+00 3.245230e+00 7.875535e-01 5.358775e-01 1.711847e+00 5.553549e+00 4.079351e+00 1.839952e+00 6.038437e+00 1.047395e+00 7.773261e+00 -1.253322e-01 1.393600e-02 5.354289e-01 5.673985e-01 -6.773812e-02 -1.191203e+00 -1.300152e+00 -8.273751e-01 -7.346954e-01 -3.962353e-01 -7.715319e-01 -4.770023e-01 -1.443060e-01 3.531833e-01 2.759403e-01 4.307647e-01 -1.649731e-01 -2.934053e-02 -2.051703e-01 -3.167793e-01 -6.561179e-01 -6.114392e-01 -3.630943e-01 -8.115540e-01 5.246121e-02 7.430009e-02 
-1.542212e+01 2.741099e+00 -3.362219e-01 5.800731e+00 -1.054614e-01 -1.855703e+00 -2.482503e-01 1.904097e+00 4.348628e-01 9.550163e-01 1.925445e+00 -2.704109e-01 7.649704e+00 2.658151e-01 4.345805e-01 8.814749e-01 -7.702766e-02 -4.406404e-01 -9.268351e-01 -7.062025e-01 -1.325964e+00 -9.126259e-01 -7.397793e-01 -2.123901e+00 -7.767935e-01 -7.263747e-02 1.991577e-01 7.495288e-02 1.402355e-01 -4.127949e-01 6.980987e-02 2.436019e-01 1.330539e-01 -2.389719e-01 -3.586712e-01 -1.977909e-01 -2.613531e-01 1.913078e-01 1.525998e-02 
-1.589650e+01 2.860175e+00 1.956286e+00 4.643537e+00 -7.885054e-01 -4.601935e+00 -2.716955e+00 -2.943770e-01 -7.946033e-01 -4.453340e-01 -7.742568e-01 3.494090e-01 7.281452e+00 5.848687e-01 6.398707e-01 8.197933e-01 -4.949447e-01 1.385483e-01 -5.080563e-01 -5.240167e-01 -1.548741e+00 -1.849820e+00 -1.051118e+00 -2.076690e+00 -4.727359e-01 -1.480291e-01 9.346672e-02 2.070314e-02 -6.794948e-02 -3.728765e-01 1.732757e-01 4.043994e-01 3.651583e-01 1.183687e-01 -6.121839e-02 -6.698515e-02 7.144043e-02 9.174043e-02 1.015333e-02 
-1.452479e+01 3.524769e+00 1.842719e+00 2.447178e+00 9.515454e-01 -1.954619e+00 -6.880180e-01 -8.253080e-01 -3.301729e+00 -1.958625e+00 -2.255039e+00 -9.677083e-01 7.238580e+00 3.167410e-01 2.231495e-01 4.242763e-01 -8.903639e-01 3.854033e-01 2.449281e-01 1.149710e-01 -5.990151e-01 -9.979951e-01 -7.341009e-01 -9.841129e-01 -2.711755e-01 -8.650581e-02 -1.664544e-02 -8.397842e-02 -1.309619e-01 -2.022143e-01 1.899061e-01 3.096159e-01 2.281009e-01 2.403519e-01 6.811859e-02 3.285336e-02 3.372056e-01 1.212655e-01 3.374315e-03 
