-1.842196e+01 4.391556e-01 5.953045e+00 -6.904669e+00 6.679800e-01 4.071871e+00 -3.163975e+00 1.670847e+00 -1.712585e+00 8.772564e+00 -9.324488e-01 9.995792e-01 8.293108e+00 4.190646e-01 2.237676e-01 -1.357451e+00 1.989153e+00 -7.107285e-01 -8.744472e-01 7.918115e-01 1.438185e-01 1.349016e+00 -1.128521e+00 5.540397e-01 7.792355e-01 -9.890331e-02 8.812571e-02 5.778407e-02 -6.620274e-02 2.600823e-01 1.591609e-01 2.014091e-01 3.329764e-01 2.024205e-01 1.925700e-01 -5.471504e-02 2.013689e-01 -1.713844e-01 -5.829686e-04 
-1.826431e+01 -1.159314e-01 2.815573e+00 -6.116053e+00 3.773154e-01 4.567286e+00 -3.346619e+00 2.521702e+00 -6.449246e-02 9.121060e+00 -2.121445e+00 2.935611e-01 8.337328e+00 8.483376e-01 6.574275e-01 -1.584451e+00 2.663160e+00 -4.651592e-01 -1.315662e-01 1.787645e+00 8.019266e-01 1.965485e+00 -1.162755e+00 1.217742e+00 3.446030e-01 -1.027245e-01 -2.480564e-02 1.459105e-02 1.562768e-01 1.077479e-01 4.079512e-01 1.119375e-01 8.439821e-02 1.414206e-01 -5.692539e-02 -5.188536e-02 1.617512e-01 -2.513696e-01 -1.771708e-04 
-1.640551e+01 1.835570e+00 7.348722e-01 2.646910e+00 -2.740947e+00 -5.482016e-01 8.863940e-01 1.964262e+00 4.208145e+00 2.955818e+00 2.432059e+00 5.248986e+00 7.776623e+00 6.449427e-01 2.957202e-01 -1.574809e+00 2.952505e+00 -3.795425e-02 -2.388634e-01 1.958843e+00 8.268636e-01 2.003459e+00 -1.384848e+00 1.229043e+00 1.397967e-01 -9.997324e-02 -1.716699e-01 -9.070121e-02 3.719052e-01 -4.115823e-01 6.241071e-01 2.188799e-01 -1.187376e-01 4.037702e-02 -6.658548e-01 1.440347e-01 -2.362813e-01 -3.150877e-01 4.411466e-03 
-1.518820e+01 3.028175e+00 6.400541e-01 1.635534e+00 4.638970e-02 5.724397e+00 3.748872e+00 5.533568e+00 5.154466e+00 5.867183e+00 3.473796e+00 5.978098e-01 8.037807e+00 1.821016e-01 2.605866e-01 -4.673731e-01 2.046212e+00 9.926074e-01 -6.327105e-01 6.304939e-01 5.093875e-01 7.371202e-01 -1.259715e+00 1.025380e+00 -1.579792e-01 -9.920900e-02 -2.598565e-01 -2.649049e-01 4.259300e-01 -7.746710e-01 3.933165e-01 -7.558224e-02 -6.322008e-01 -4.497577e-01 -1.131779e+00 1.292148e-01 -4.508891e-01 6.079125e-02 -9.947535e-03 
-1.673521e+01 3.461369e-01 -8.325396e-01 3.982092e+00 6.439217e-01 2.299105e+00 3.082365e+00 4.299131e+00 5.695533e+00 3.475197e+00 2.414900e+00 1.546421e+00 7.943048e+00 -1.062067e-01 -3.137226e-02 -5.636724e-02 2.396319e-01 1.680897e+00 4.706551e-01 7.766879e-01 4.919944e-01 -1.366054e+00 -3.599633e-01 -5.311155e-01 -5.448965e-01 -7.849826e-02 -1.192149e-01 -1.293528e-01 3.470632e-01 -8.041869e-01 -1.155339e-01 1.155990e-02 -7.410188e-01 -6.085086e-01 -9.028019e-01 1.724275e-01 -3.494999e-01 2.205687e-01 -2.802115e-02 
-1.718884e+01 1.932370e+00 1.262463e+00 3.447009e+00 3.648275e+00 -2.006282e-02 -1.291878e+00 3.901103e+00 2.877531e+00 2.562825e+00 3.013922e+00 1.355006e+00 7.757889e+00 -7.535765e-02 -5.034069e-01 -2.140537e-01 1.464042e-01 6.420426e-01 -8.642688e-01 -7.824466e-01 -1.279480e+00 -2.008579e+00 -1.029222e+00 -1.567236e-01 9.911513e-01 -1.630990e-01 5.147042e-02 -3.664822e-02 2.364678e-02 -4.902444e-01 -6.280162e-01 1.274494e-01 -3.718329e-01 -4.626606e-01 -7.766957e-02 3.412976e-01 -1.366769e-01 2.670553e-01 -1.828200e-02 
-1.593607e+01 2.226929e+00 1.415971e-01 2.939484e+00 3.862837e+00 4.676871e+00 7.290600e+00 5.240153e+00 -1.483756e+00 2.808119e+00 6.331218e-03 2.146053e+00 7.523936e+00 1.776050e-01 3.098662e-02 3.382035e-02 -1.185244e-01 -4.402812e-01 -6.540669e-02 -1.039748e+00 -1.321391e+00 -1.137650e+00 -6.379793e-01 7.244809e-02 6.680822e-01 -2.081124e-01 6.751318e-02 4.114859e-02 -2.624638e-02 -4.854072e-02 -6.778490e-01 -6.398800e-02 -3.469435e-01 -1.811535e-01 5.178637e-01 2.049449e-01 5.301233e-02 1.396191e-01 1.084180e-02 
-1.596416e+01 -4.293967e-01 -9.172931e-01 2.888502e+00 1.647500e+00 2.143273e-01 -2.267040e+00 -1.334046e+00 -1.299033e+00 1.054420e+00 3.894359e+00 5.253419e+00 7.431792e+00 2.975505e-01 4.628464e-02 -3.942020e-01 -2.258537e-01 -1.086840e+00 2.724593e-01 -3.204733e-01 -8.972517e-01 2.347146e-01 5.858228e-01 4.007829e-02 5.708745e-01 -1.258043e-01 8.005571e-02 1.571033e-01 -1.009292e-01 3.100444e-03 -1.910576e-01 2.663686e-01 3.435014e-01 6.091753e-01 5.356687e-01 2.713227e-01 -1.529510e-01 -2.543915e-01 7.595675e-02 
-1.645958e+01 1.681295e+00 4.265810e-01 3.668850e+00 -5.570341e-01 1.855438e+00 -1.629203e+00 3.098775e-01 2.095408e+00 1.039837e+00 2.336902e+00 2.937502e+00 7.065613e+00 4.500613e-02 -1.004726e-01 -9.754724e-02 1.830946e-01 -8.440796e-01 -4.175507e-01 -1.188967e+00 -6.050270e-01 1.016637e-01 -1.428663e-01 -3.645039e-01 3.631969e-01 -4.296137e-02 7.937511e-02 8.295944e-02 -1.747753e-01 -7.137204e-02 1.922309e-02 1.435437e-01 5.452820e-01 7.603624e-01 1.649865e-01 -5.794995e-03 -9.212445e-02 -1.534456e-01 1.199390e-01 
-1.543960e+01 2.436410e+00 -8.505497e-01 1.952910e+00 4.239592e-01 2.753046e+00 1.565290e+00 1.879575e+00 2.261789e+00 6.376466e+00 2.049246e+00 3.813980e+00 7.358164e+00 3.913526e-01 3.478371e-01 -6.529667e-01 1.100207e-02 -1.113843e-01 6.436877e-01 1.009691e+00 1.408170e+00 4.996794e-02 7.975918e-02 -7.029741e-01 -1.285844e-01 1.341117e-01 -2.485425e-02 4.480148e-02 1.469676e-01 -1.413253e-01 -3.797216e-03 1.376672e-01 3.781478e-01 5.722461e-01 1.003800e-01 -8.080574e-02 4.468280e-02 -2.588280e-01 8.816190e-02 
-1.597364e+01 2.916870e-01 -3.796375e-01 4.322433e+00 2.545685e-01 1.319690e+00 -5.708611e-01 6.082745e-01 -2.755416e+00 -5.669103e-01 -8.934500e-01 4.681592e+00 7.345965e+00 5.275069e-01 2.949423e-01 -7.107094e-01 -5.938028e-01 -8.319080e-01 4.666969e-01 1.021487e+00 1.327700e+00 -2.202916e-01 -4.139718e-01 -1.658905e-02 2.506765e-01 2.616623e-01 -6.228737e-02 8.419352e-02 4.186604e-01 -1.255552e-01 1.251913e-01 1.818620e-03 3.510450e-01 3.729621e-01 4.712317e-01 3.903135e-01 7.471111e-02 -4.335223e-01 5.650967e-02 
-1.425037e+01 2.004970e+00 -3.779316e+00 2.616597e+00 6.846736e-01 3.700500e+00 2.252327e+00 5.557480e+00 1.376606e+00 2.256208e+00 1.994648e+00 3.738623e+00 7.962000e+00 -6.803752e-02 7.260242e-02 6.473228e-01 -5.440552e-01 -1.111852e+00 5.185784e-01 4.650425e-01 9.975463e-01 8.976128e-01 3.172688e-01 8.964202e-02 -6.668506e-01 1.627704e-01 -8.678905e-02 -1.146425e-01 4.946507e-01 4.889290e-03 2.937042e-01 -1.985130e-01 -2.507284e-01 -3.015516e-01 3.849766e-01 3.659974e-01 4.365088e-03 -3.166951e-01 1.040223e-03 
-1.441645e+01 3.371512e+00 -1.663125e+00 3.683286e-01 -4.847284e+00 3.715339e+00 3.134751e+00 5.109636e+00 1.436870e+00 1.030115e+00 2.281368e+00 4.228645e+00 8.071788e+00 -3.666555e-02 4.581644e-01 1.345568e+00 -1.672273e-01 2.821151e-01 -3.458779e-01 8.383919e-01 1.465169e+00 2.034089e+00 1.690019e+00 -3.871869e-01 -1.535432e+00 2.252084e-01 -2.096510e-02 -1.416937e-01 1.001078e-01 1.905056e-01 6.621894e-01 -1.596538e-01 -5.171041e-01 -5.055073e-01 4.883038e-02 5.084675e-02 -5.866634e-02 -2.038543e-01 -5.186957e-02 
-1.655789e+01 1.259308e+00 3.027457e+00 1.209764e+00 -2.584322e+00 4.148352e+00 2.037827e+00 4.616957e+00 4.654012e+00 7.164321e+00 9.101683e-01 7.066140e-01 7.809081e+00 2.394077e-01 -3.069959e-01 7.920768e-01 -1.778036e-01 8.001378e-01 5.744081e-02 -1.524005e-01 -1.682092e-01 8.475801e-01 8.577788e-01 -4.958397e-01 -8.188831e-01 1.574208e-01 9.376498e-02 -5.076617e-02 -4.978779e-01 1.327918e-01 4.439505e-01 -4.588191e-02 -5.262287e-01 -5.762067e-01 -6.577719e-01 -6.097658e-01 2.157531e-01 2.611400e-01 -8.199226e-02 
-1.500316e+01 2.955575e+00 2.944822e+00 4.189695e+00 3.299183e+00 -6.334343e-01 3.728696e+00 8.404457e+00 5.776759e+00 5.429319e+00 -2.287425e+00 -1.479544e+00 8.548627e+00 2.690020e-01 -2.237643e-01 -2.824602e-01 1.755215e-01 1.522935e+00 -1.008897e-01 -1.255208e+00 -6.169716e-01 4.885918e-02 -4.300255e-01 -1.715411e-02 -6.926906e-01 4.956103e-03 -1.032693e-01 -7.100519e-02 -5.320814e-01 6.905237e-02 -1.792536e-01 2.337036e-01 -3.879139e-01 -7.072830e-01 -9.981008e-01 -7.769093e-01 3.395761e-01 5.253354e-01 -1.331852e-01 
-1.275990e+01 6.777523e-01 -2.122913e+00 -1.832894e-01 6.124985e-01 6.162356e+00 1.193278e+00 3.069178e+00 3.444363e+00 4.345316e+00 1.799654e+00 2.498256e+00 8.510724e+00 2.479828e-01 1.595937e-01 -1.028124e+00 -5.141086e-02 4.874249e-01 1.665758e-01 -1.119197e+00 -8.425578e-01 -1.398762e+00 -1.671370e+00 9.834037e-01 2.174536e-01 -1.371150e-01 -3.020538e-01 3.892723e-02 -1.897683e-02 2.175266e-01 -4.479663e-01 2.506006e-02 1.606927e-01 -1.948574e-01 -4.630479e-01 -2.631049e-01 1.146088e-01 4.360272e-01 -9.407255e-02 
-1.497016e+01 2.543419e+00 -4.998817e-01 1.942805e+00 1.169278e+00 2.203979e+00 -2.719047e+00 2.798678e+00 2.285808e+00 2.893733e-01 1.750671e+00 -1.307751e-01 7.745909e+00 -5.574402e-01 -1.302908e-01 -4.048657e-01 1.148060e-01 -4.576690e-01 7.680902e-01 -6.176001e-01 -1.734110e+00 -1.833256e+00 -9.300290e-01 5.710722e-01 5.731987e-01 -2.934773e-01 -2.180480e-01 -1.761987e-01 4.466403e-01 -2.105725e-01 -7.770339e-01 3.225928e-01 4.757632e-01 -1.565044e-01 3.105349e-01 4.163083e-01 -1.660753e-01 3.028686e-01 9.561978e-03 
-1.533461e+01 2.263607e+00 -3.907614e-01 2.076002e+00 9.183837e-01 3.562377e+00 -3.344155e-01 3.207168e+00 -5.942052e-01 1.377489e+00 3.808250e+00 1.120070e+00 7.525025e+00 -8.575653e-01 -1.592015e-01 7.583840e-01 9.401453e-01 -4.493764e-01 -2.517278e-01 3.322580e-01 -5.839667e-01 -5.265858e-01 -2.078253e-01 -2.169428e-01 7.282390e-01 -1.637104e-01 -3.175750e-02 -6.067468e-01 4.327811e-01 -4.653418e-01 -5.121135e-01 1.882795e-01 1.068032e-01 -9.029886e-02 1.016233e+00 7.453676e-01 -2.791539e-01 -8.400509e-02 1.295533e-01 
-1.650312e+01 1.511517e+00 5.472463e-02 3.634403e+00 8.579922e-01 4.506786e+00 1.404238e+00 -3.347397e-01 -1.370215e+00 2.262939e+00 -4.363836e-01 2.075934e+00 7.574038e+00 -2.682952e-01 -9.454938e-01 1.057421e+00 -1.373050e+00 -1.893768e+00 1.721325e+00 3.979949e-01 -1.528746e+00 1.165516e+00 9.197609e-01 -2.473752e-01 5.663627e-01 6.601840e-02 2.400945e-01 -8.361388e-01 8.444562e-04 -6.478983e-01 -1.518002e-01 -2.207486e-01 -5.319203e-01 -5.830841e-02 9.742922e-01 5.003357e-01 1.444452e-02 -4.462531e-01 1.824319e-01 
-1.628157e+01 3.983181e-01 1.391713e+00 3.671606e+00 -1.478618e+00 3.752628e+00 7.925945e-01 1.716179e+00 2.639532e+00 2.319401e+00 1.808390e+00 5.036214e+00 7.778148e+00 -5.527958e-02 -2.466480e+00 4.046672e-01 -1.634192e+00 -1.355013e+00 6.313888e-01 -1.092882e+00 -1.396622e+00 2.183078e+00 1.130479e+00 -3.108356e-03 -1.991319e-01 3.309020e-01 1.497202e-01 -7.428418e-01 -1.929753e-01 -1.797855e-01 3.752634e-01 -6.694301e-01 -9.291576e-01 4.057979e-01 2.402195e-01 1.909668e-02 3.275018e-01 -4.955044e-01 1.209379e-01 
-1.583846e+01 -1.251440e+00 3.895652e+00 -5.720138e+00 -7.101408e+00 1.071546e+01 -1.292586e+00 -4.099324e+00 6.495997e+00 4.417483e+00 1.513558e+00 7.428820e-01 7.949366e+00 2.420221e-01 -3.157224e+00 -2.236964e-01 -1.837492e+00 -7.636944e-01 -7.770457e-01 -2.564603e+00 -1.619274e+00 1.683444e+00 9.024314e-01 5.363614e-01 -1.194316e+00 3.714063e-01 -1.472168e-01 -1.944138e-01 -2.650787e-02 9.596152e-01 9.539759e-01 -1.397750e+00 -9.413990e-01 1.258061e+00 -6.613328e-01 -6.663116e-01 3.250519e-01 -1.598753e-01 1.299565e-02 
-1.594344e+01 -8.687261e+00 -2.874680e-01 -1.417885e+00 -1.877300e+00 3.614886e+00 -4.450621e+00 -1.893976e+00 6.387697e+00 5.952437e+00 2.817679e+00 7.908364e-01 8.991919e+00 -3.642935e-01 -2.767514e+00 4.340490e-01 2.734498e-01 8.619314e-01 -2.349748e+00 -2.832289e+00 1.490420e+00 4.157192e-01 -1.036357e-01 1.028689e+00 -8.690593e-01 2.884105e-01 -1.424040e-01 1.074326e+00 1.066974e-01 1.002453e+00 7.118086e-01 -6.695359e-01 1.377908e-01 1.238573e+00 -1.040946e+00 -8.753250e-01 4.832260e-02 2.959245e-01 -1.284717e-01 
-1.546207e+01 -9.731641e+00 -2.239028e-01 -3.008437e+00 -2.761078e+00 6.903370e-01 -8.797256e+00 -6.625985e+00 5.172371e+00 4.958924e+00 1.740688e+00 -1.773315e+00 8.824186e+00 -8.499315e-01 -1.767179e+00 9.100580e-01 2.471221e+00 1.767435e+00 -3.776702e+00 -3.439246e+00 3.318056e+00 -1.257534e+00 -1.794696e+00 8.619161e-01 1.019253e-01 1.523004e-01 3.333724e-02 1.835362e+00 -3.576478e-02 5.944552e-01 3.309320e-01 3.611873e-01 1.353850e+00 7.750452e-01 -7.326092e-01 -5.083766e-01 -2.709293e-01 6.357973e-01 -1.565342e-01 
-1.829099e+01 -9.198863e+00 5.621976e+00 3.682629e+00 6.606152e-01 -2.983804e+00 -9.616673e+00 1.043146e+01 5.379365e+00 1.530424e+00 6.838304e+00 1.948996e+00 8.782798e+00 -2.212373e-01 2.210177e+00 3.713148e-01 1.223615e+00 9.384378e-01 -1.216413e+00 3.341715e-02 2.327698e+00 -1.551355e+00 -1.897610e+00 7.567699e-02 6.322616e-01 -2.019221e-01 3.517618e-01 1.742263e+00 -4.797825e-01 -2.950719e-01 -1.906837e-01 1.154520e+00 1.799963e+00 -7.496849e-01 -9.711371e-02 3.290196e-01 -4.967015e-01 3.440185e-01 -1.213234e-01 
-1.891422e+01 -9.831088e+00 5.491138e+00 4.085434e+00 4.666751e-01 -4.869198e+00 -1.590584e+01 6.327633e+00 7.128271e-01 -2.345288e+00 3.812930e+00 6.735697e-01 8.815474e+00 3.371837e-01 3.530862e+00 -3.710595e-01 6.596788e-01 8.528363e-01 4.621731e-01 2.771783e+00 1.837339e+00 -9.961445e-01 -7.422752e-01 -3.418208e-01 1.234102e+00 -1.661559e-01 4.161274e-01 9.447467e-01 -5.203142e-01 -6.884297e-01 -4.266018e-01 1.254580e+00 1.624336e+00 -1.216194e+00 4.212648e-01 8.977872e-01 -2.477606e-01 1.610499e-02 -7.272134e-02 
-1.532338e+01 2.412966e+00 -1.288620e+00 1.153270e+00 1.200702e+00 3.124971e-01 -7.294354e-01 3.267445e+00 8.608672e-01 1.162470e-01 2.160315e+00 2.729162e+00 7.986397e+00 8.009660e-01 3.294780e+00 -1.324212e+00 -2.961009e-01 3.658440e-01 1.303445e+00 3.061953e+00 -1.517640e+00 -2.004726e-01 1.015339e+00 -8.530376e-01 2.848565e-01 -1.590485e-01 1.179264e-01 -5.347748e-01 -1.283861e-01 -4.071572e-01 -3.923117e-01 3.426577e-01 1.331833e-01 -7.693062e-01 4.654663e-01 6.542900e-01 1.553465e-01 -2.417251e-01 -7.668823e-03 
-1.525947e+01 2.116517e+00 1.375821e+00 1.554698e+00 1.232616e+00 1.352793e+00 6.180920e-01 6.142817e+00 2.451315e+00 1.954452e+00 2.370285e+00 4.007813e+00 8.391351e+00 7.196079e-01 2.414366e+00 -8.436652e-01 -2.110992e-01 -7.928371e-02 1.236155e+00 3.168120e+00 -8.402527e-01 1.734558e-01 1.237645e+00 8.738179e-02 3.560875e-01 -2.327207e-01 -1.349660e-01 -9.937563e-01 1.377630e-01 -1.120918e-01 -3.176426e-01 -2.263604e-01 -7.962633e-01 -2.908287e-01 2.227537e-01 1.950650e-01 3.875934e-01 -4.054247e-01 1.630447e-02 
-1.611303e+01 1.301280e+00 1.058525e+00 3.468137e+00 2.107065e+00 4.228431e-01 -2.568968e+00 2.935672e+00 3.507684e+00 4.457119e+00 3.294401e+00 1.706403e+00 8.199439e+00 1.771867e-01 9.451229e-02 -3.424576e-02 -3.769243e-01 -5.570470e-01 1.100292e-01 5.010365e-01 -1.801538e-01 1.911959e-01 3.838226e-01 6.377491e-01 -1.371978e-01 -2.069660e-01 -2.465361e-01 -8.280925e-01 3.686627e-01 2.762290e-01 -4.620586e-02 -3.592442e-01 -7.793241e-01 4.143850e-01 7.969230e-02 -2.248536e-02 4.513948e-01 -5.661466e-02 8.360448e-02 
-1.492135e+01 2.796385e+00 9.922026e-02 1.872532e+00 -3.827335e-01 1.256146e+00 8.545375e-01 2.292549e+00 2.564794e-01 1.672514e+00 3.682830e+00 2.964905e+00 7.545283e+00 -2.568536e-02 1.623162e-01 -3.271569e-01 1.397451e-01 -2.740271e-01 -7.289912e-02 7.092349e-02 -2.854553e-01 -7.823211e-02 5.488248e-01 8.506956e-01 -5.818108e-01 -6.076803e-02 -2.454180e-01 -4.592981e-01 3.365511e-01 4.134523e-01 2.770933e-01 -3.112261e-01 -6.817087e-01 1.608640e-01 8.568381e-02 1.201022e-01 8.353060e-02 -9.307093e-02 1.539012e-01 
-1.460675e+01 2.545688e+00 -8.208860e-01 -8.906097e-01 -7.765056e-01 9.106485e-01 1.657674e+00 4.291659e+00 2.914214e+00 2.176189e+00 4.693056e+00 2.564344e+00 7.374720e+00 -5.893965e-02 2.804221e-01 2.608208e-01 9.097222e-01 2.323592e-01 1.617693e-01 7.139757e-01 2.768860e-01 3.238310e-01 1.247320e+00 1.022393e+00 4.709322e-01 1.729348e-01 -9.500489e-02 4.983656e-02 1.171572e-01 3.489126e-01 3.906993e-01 -6.069704e-03 -1.743436e-01 -9.497063e-02 -9.445710e-02 2.744186e-02 -3.231464e-01 8.991769e-02 1.334240e-01 
-1.614112e+01 2.305957e+00 6.803121e-01 4.432664e+00 1.304300e+00 7.447490e-01 -1.140383e+00 4.037598e+00 2.356989e+00 5.839139e+00 5.924483e+00 6.699429e-01 8.500050e+00 -3.893910e-01 2.476370e-02 6.914524e-01 1.212777e+00 9.115535e-01 -3.460192e-01 -3.469899e-01 -2.643950e-01 5.357422e-01 1.406369e+00 3.126788e-01 -4.133720e-01 3.468744e-01 1.000362e-01 9.288149e-02 -9.936024e-02 -9.293234e-02 7.450388e-02 1.696440e-01 1.858349e-02 4.593864e-02 -1.830297e-01 -4.567228e-01 -6.485929e-01 1.483635e-01 2.104918e-02 
-1.579808e+01 2.948769e+00 2.072390e+00 6.736967e+00 2.424734e+00 1.487492e+00 1.998538e+00 3.447280e+00 4.076700e+00 8.610282e+00 7.285387e+00 5.208688e+00 8.586748e+00 -1.160366e-01 4.124000e-01 4.221516e-02 8.312491e-01 8.037491e-01 2.161954e-01 -1.616763e-01 -6.655884e-01 -5.879833e-01 9.219814e-02 -7.089476e-01 2.282544e-01 2.563891e-01 1.752428e-01 3.443516e-02 -3.281156e-01 -5.565730e-01 -2.993225e-01 1.130493e-01 5.303096e-03 1.908078e-01 -3.572921e-01 -9.460672e-01 -7.013000e-01 -8.567680e-02 -9.201235e-02 
-1.627279e+01 2.718869e+00 2.109999e+00 4.122638e+00 2.573994e+00 -7.624249e-01 -1.050831e+00 1.391878e+00 2.353932e+00 5.487651e+00 3.949582e+00 -4.237404e-01 8.673663e+00 5.031414e-01 5.607130e-01 -7.146800e-01 -2.856552e-01 -1.873556e-01 7.481576e-01 6.016583e-01 4.154020e-01 -5.373962e-01 -1.157226e+00 -1.526588e+00 2.815752e-01 2.816247e-03 1.381500e-01 -1.018573e-01 -2.489874e-01 -5.610451e-01 -5.697443e-01 2.052738e-01 2.527520e-01 2.758784e-01 -1.902082e-01 -7.172461e-01 -2.230340e-02 6.149852e-02 -1.518207e-01 
-1.512114e+01 4.401524e+00 -1.324640e+00 3.420829e+00 2.606890e+00 2.745055e+00 8.042752e-01 2.286073e+00 -2.431640e-02 2.812606e+00 2.135668e+00 4.252421e+00 8.569539e+00 3.710654e-01 1.847447e-01 -6.765629e-01 -1.123921e+00 -7.148748e-01 1.798642e-01 2.661178e-01 8.909875e-01 -9.260156e-01 -2.201142e+00 -1.564447e+00 -3.049531e-01 -1.151815e-01 -8.683766e-02 -2.743826e-01 1.524067e-01 -3.201158e-01 -3.320102e-01 -1.400124e-01 -1.033793e-01 -9.354685e-02 3.130785e-01 9.151754e-02 5.920168e-01 -2.061689e-01 -1.145497e-01 
-1.396422e+01 4.383374e+00 -1.194861e+00 4.662773e+00 2.761719e-01 3.856506e+00 2.464704e+00 6.695274e+00 1.720286e+00 2.951705e+00 8.661776e-01 2.555882e+00 8.522487e+00 5.776406e-02 -3.707809e-01 -1.942011e-01 -6.149552e-01 -1.177792e+00 6.985379e-01 7.028852e-01 3.367140e-01 -2.462088e-01 -1.033155e+00 6.290311e-01 1.608515e-01 -2.265304e-01 -2.723018e-01 -3.211298e-01 3.089373e-01 1.275080e-02 1.403601e-01 -3.609384e-01 -5.489951e-01 -5.311353e-01 4.115992e-01 6.110293e-01 7.884957e-01 5.069666e-02 -3.838460e-02 
-1.509656e+01 3.040275e+00 3.418274e-01 8.469180e-01 -7.451121e-04 7.772655e-02 1.571661e+00 5.251112e+00 -2.365509e-01 -1.127421e+00 1.005013e+00 2.194007e+00 8.086383e+00 -3.275883e-01 -4.936836e-01 5.439758e-01 -6.045096e-01 -3.610999e-01 -4.591124e-01 -7.292117e-01 -1.094024e+00 8.317804e-01 4.877995e-01 1.173344e+00 -7.423199e-01 -2.017692e-01 -3.304446e-01 -3.209324e-01 1.808050e-01 6.612074e-01 1.614042e-01 -4.510982e-01 -4.160557e-01 -1.014666e-01 6.144061e-01 7.871895e-01 2.188679e-01 2.168395e-01 5.498012e-02 
-1.599611e+01 1.545548e+00 3.058071e-01 2.335047e+00 -2.010849e+00 4.063880e+00 2.079949e+00 1.593134e+00 1.229002e+00 2.291731e+00 7.660087e+00 1.409811e+00 7.782722e+00 -5.090228e-01 -7.056519e-01 2.197543e-01 -4.816423e-01 3.374885e-01 -7.368976e-01 -1.645798e+00 -1.247838e+00 6.417671e-01 5.535027e-01 1.046932e+00 7.538056e-01 -1.457509e-01 -4.002064e-01 -2.803556e-01 -1.427160e-01 1.043644e+00 -8.888156e-02 -6.238472e-01 -4.953498e-02 7.538220e-01 4.919193e-01 3.090679e-01 -7.324831e-01 1.668809e-01 1.267127e-01 
-1.574261e+01 3.351850e+00 6.448215e-01 1.562046e+00 1.945039e+00 3.463620e-01 -2.649317e+00 -6.331367e-01 4.380640e+00 5.581505e+00 4.605386e+00 1.113622e+00 7.930632e+00 -9.976934e-01 -1.252491e+00 2.043401e-02 2.115415e+00 -6.656539e-01 -1.357921e+00 -6.398821e-01 1.175983e+00 1.701878e+00 9.414494e-01 -6.790802e-01 4.826901e-01 1.193619e-01 -1.621900e-01 -1.626731e-01 -3.415042e-01 7.242878e-01 -4.117000e-01 -1.082473e-01 5.451013e-01 1.008900e+00 7.279641e-02 -9.409089e-02 -7.938697e-01 -4.144062e-02 1.130404e-01 
-1.618641e+01 6.993054e-01 -2.472101e-01 1.896875e+00 9.905589e-01 3.777369e-02 -3.653857e+00 3.397963e+00 2.620754e+00 2.364646e+00 4.300571e+00 6.864930e+00 7.871599e+00 -1.608192e+00 -1.393285e+00 -6.460466e-01 3.243287e+00 -1.470040e+00 -1.971451e+00 4.105978e-01 2.970823e+00 1.778382e+00 2.852678e-01 -2.107307e+00 3.826112e-01 2.465305e-01 3.297395e-01 2.678256e-01 -2.091879e-01 -1.454208e-01 -3.082338e-02 3.666404e-01 4.984393e-01 3.846192e-01 -2.936465e-01 -2.326497e-01 -3.651790e-01 -5.917567e-01 5.347923e-03 
-1.999003e+01 -2.799104e+00 7.205700e-01 1.164320e+01 -4.829608e+00 -4.698352e+00 1.238939e+00 1.022822e+01 7.576821e+00 3.543625e+00 -7.109354e-01 1.880087e+00 8.638810e+00 -5.890213e-01 -9.633847e-01 -7.306755e-01 1.154412e+00 -1.516051e+00 -3.829159e-01 9.680510e-01 1.841006e+00 6.274918e-01 1.514161e-01 -1.218873e+00 -7.639217e-01 1.673559e-01 8.001814e-01 6.229957e-01 -6.039756e-02 -1.453585e+00 6.833938e-01 8.830873e-01 -1.990254e-02 -8.188714e-01 -8.189774e-01 -4.366272e-01 4.138419e-01 -2.577350e-01 -1.417382e-01 
-2.191343e+01 -2.345354e+00 -2.962503e+00 1.351071e+01 -5.973609e+00 -3.271084e+00 2.188968e+00 1.101630e+01 8.522269e+00 4.736814e+00 -2.183021e-01 2.939920e+00 8.661247e+00 9.353426e-01 4.888901e-01 -4.505834e-01 -7.282909e-01 6.086045e-01 6.087702e-01 4.239045e-02 3.426864e-01 -2.890346e-01 -2.147358e-01 -5.090782e-01 -1.581643e+00 -1.429232e-01 7.833608e-01 5.741752e-01 2.313780e-01 -1.625550e+00 8.770635e-01 7.326268e-01 -3.807769e-01 -1.439593e+00 -7.734758e-01 -3.292908e-01 7.568575e-01 1.167937e-01 -1.769177e-01 
-1.582407e+01 5.724970e-02 -1.650941e+00 1.527140e+00 -2.152744e+00 8.571713e-02 -7.304972e-01 4.762419e+00 4.567110e+00 5.152242e+00 7.707084e-01 -7.437053e-01 8.372399e+00 1.731458e+00 9.215129e-01 -3.791140e-01 -3.166574e+00 1.711927e+00 1.767552e+00 -5.552912e-01 -1.604396e+00 -1.359262e+00 -9.917986e-01 5.910107e-01 1.763009e-01 -3.946619e-01 8.248644e-02 2.111070e-01 2.507286e-01 -4.731092e-01 2.965885e-01 -7.192926e-02 -3.471242e-01 -9.037640e-01 -7.399553e-02 -5.764066e-02 5.655583e-01 5.422455e-01 -9.906699e-02 
-1.359239e+01 1.715704e+00 -1.314576e+00 3.313353e+00 2.695759e+00 6.891955e-01 -2.457116e+00 7.844526e+00 2.680581e+00 4.864307e-01 1.014373e+00 2.685764e-01 7.290200e+00 1.148358e+00 5.353027e-01 3.350129e-01 -2.723938e+00 1.301442e+00 6.164040e-01 -7.316315e-01 -2.504435e+00 -1.095655e+00 -7.896921e-01 7.719910e-01 4.964988e-01 -3.570616e-01 -4.643774e-01 -2.414078e-01 3.353127e-02 3.788522e-01 -5.767946e-01 -5.741878e-01 -4.980601e-02 -4.211042e-01 3.251745e-01 4.578424e-01 1.872297e-01 3.291017e-01 3.540818e-02 
-1.549332e+01 -2.221844e-01 -1.998961e+00 9.093827e-01 -6.046599e-01 2.159080e+00 7.855152e-01 3.792006e+00 3.701577e+00 7.100367e-01 1.628059e+00 4.096871e+00 7.351193e+00 -2.829355e-01 6.897238e-02 1.302473e-01 -2.133189e-01 -3.792902e-01 -7.465106e-01 -3.804633e-01 -1.254124e+00 6.608931e-01 1.505655e-01 9.683893e-01 9.084358e-01 -2.209515e-01 -3.872263e-01 -8.522313e-01 2.410533e-01 5.649393e-01 -9.616237e-01 -6.894420e-01 3.819422e-01 6.090418e-01 1.255895e-01 7.349601e-01 -3.198566e-01 -3.527013e-01 4.378348e-01 
-1.633704e+01 4.709181e-01 -1.112756e+00 1.997659e-01 -2.408381e-01 -1.225498e+00 -2.227396e+00 -1.020704e+00 3.477115e+00 3.009289e+00 3.213284e+00 3.001979e+00 7.386483e+00 -3.792474e-01 -2.918275e-01 -5.377080e-01 -3.105943e-01 -1.229554e+00 -1.005211e+00 -2.941584e-01 -1.938007e+00 3.268801e-01 1.503222e+00 2.383332e-01 -3.020820e-01 -5.266715e-02 -5.602933e-03 -1.399623e+00 3.928247e-01 -2.439015e-01 -1.062999e+00 -2.826904e-01 7.863166e-01 1.336591e+00 -5.785822e-01 4.369315e-01 -7.697911e-01 -6.172183e-01 7.769257e-01 
-1.586655e+01 1.024493e+00 -1.100573e+00 2.017212e+00 -2.581376e+00 -2.688914e+00 -2.748072e+00 2.924214e+00 7.472888e+00 4.643707e+00 4.513037e+00 2.431764e+00 7.219622e+00 5.591927e-01 -2.926198e+00 1.262640e+00 -1.548407e+00 -1.830637e+00 -8.687926e-01 1.135821e+00 1.157542e+00 -1.442419e+00 1.536712e+00 -7.413981e-01 -1.187890e+00 1.642328e+00 4.951258e-01 -1.324886e+00 6.039554e-01 -1.004867e+00 -7.378834e-01 -2.057575e-02 7.345501e-01 1.001114e+00 -1.169481e+00 -1.620514e-01 -8.971488e-01 -5.156294e-01 9.817600e-01 
-1.530196e+01 -3.666280e-01 -4.452048e+00 1.206549e+00 -2.464030e+00 -1.912687e+00 -2.161559e+00 -1.411759e+00 2.429481e+00 6.035074e+00 7.635327e-01 -4.088302e-01 7.092625e+00 6.992162e-01 -4.965243e+00 1.732977e+00 -3.275992e+00 -3.288002e+00 -7.357667e-01 2.441788e+00 2.972604e+00 -2.936885e+00 7.018134e-01 -2.222014e+00 -1.541448e+00 2.595939e+00 5.506921e-01 -5.313194e-01 4.786473e-01 -7.521691e-01 -5.406351e-01 -3.915831e-02 2.652645e-01 5.445270e-01 -6.971123e-01 -6.297175e-01 -5.672575e-01 -1.526097e-01 8.090462e-01 
-1.321494e+01 -1.443438e+01 5.983768e+00 -7.335951e+00 -8.646055e+00 -1.840772e+00 6.431538e+00 9.775389e+00 -2.986865e+00 6.880514e+00 -8.544512e-01 -1.372228e-01 1.570992e+01 1.653551e+00 -4.218881e+00 2.014657e+00 -3.755188e+00 -3.039356e+00 -9.840063e-01 1.924160e+00 1.296058e+00 -3.554602e+00 -2.590695e-01 -2.287238e+00 -1.050076e+00 3.363536e+00 2.121898e-01 9.369966e-01 -3.825588e-01 3.478185e-02 -1.470466e-01 -1.383182e-01 -7.026231e-01 -7.835440e-01 1.526643e-01 -6.230509e-01 -1.503612e-01 -6.375160e-02 4.489761e-02 
-1.416681e+01 -1.662599e+01 4.010069e+00 -1.150363e+01 -1.364824e+01 -5.328466e+00 5.391956e+00 1.041702e+01 -5.977798e+00 5.400527e+00 -5.212961e+00 -3.421094e+00 1.612097e+01 1.827143e+00 -2.302221e+00 1.479431e+00 -2.968106e+00 -3.328262e+00 -1.143185e+00 6.379548e-01 7.152755e-01 -2.102407e+00 -7.474847e-01 -1.825100e+00 -1.133886e+00 3.132049e+00 -4.643906e-02 1.578327e+00 -6.733930e-01 6.839446e-01 2.533786e-01 -8.722944e-02 -1.160300e+00 -1.160444e+00 7.142269e-01 -3.165812e-01 2.691251e-01 -8.992039e-02 -4.548581e-01 
-8.166272e+00 -1.193989e+01 4.741598e+00 -1.040361e+01 -1.218608e+01 -5.901504e+00 3.096523e+00 3.490122e+00 -6.096580e+00 3.665898e+00 -3.934736e+00 -1.312711e+00 1.952310e+01 1.056125e+00 4.273091e-01 -5.234142e-01 -1.528430e+00 -2.545810e+00 -1.356648e+00 -1.475507e+00 -1.631323e+00 -1.096348e+00 -8.539069e-01 -1.691746e+00 -1.710570e+00 1.598766e+00 -3.847470e-01 1.121221e+00 -6.283637e-01 8.199911e-01 2.146554e-01 1.068021e-01 -9.824598e-01 -5.120924e-01 6.937088e-01 6.499520e-02 2.852242e-01 -1.300416e-01 -7.955722e-01 
-8.690485e+00 -1.312493e+01 3.566172e+00 -1.210026e+01 -1.733506e+01 -5.598623e+00 2.695840e+00 5.306906e+00 -6.528036e+00 3.905209e+00 -6.821586e+00 -5.490387e+00 2.084601e+01 7.657248e-01 6.032363e-01 -3.650470e-01 -9.697167e-01 -2.267873e+00 -9.855613e-01 -1.659813e+00 -1.365922e+00 -5.949129e-01 -5.835456e-01 -1.174152e+00 -1.660804e+00 1.204039e+00 -2.912614e-01 4.746091e-01 -2.032782e-01 6.870986e-01 3.500533e-01 2.861159e-01 -6.117834e-01 -1.946349e-01 2.327584e-01 1.905087e-01 3.699894e-01 2.021156e-01 -7.566780e-01 
-1.067252e+01 -1.404831e+01 3.588420e+00 -1.467968e+01 -1.953174e+01 -8.489307e+00 4.025301e-01 4.173595e+00 -8.193596e+00 3.358533e+00 -8.508519e+00 -7.655591e+00 2.134114e+01 2.604270e-01 -6.546869e-02 -2.048648e-01 -6.545182e-01 -2.496456e+00 -5.289475e-01 -1.839178e+00 -2.237413e-01 -8.398097e-01 -1.603143e-02 -1.186584e+00 -1.436994e+00 3.496257e-01 2.376019e-02 5.788280e-02 2.561677e-01 6.722230e-01 3.762248e-01 5.876193e-01 -1.888436e-01 2.314744e-01 1.011364e-03 2.271987e-01 5.693381e-01 6.046134e-01 -4.775203e-01 
-9.085137e+00 -1.255548e+01 2.761013e+00 -1.421395e+01 -2.131452e+01 -8.961893e+00 -1.560181e+00 3.245526e+00 -7.904066e+00 2.636114e+00 -8.797111e+00 -8.553829e+00 2.123223e+01 7.687574e-01 3.171115e-01 3.039294e-01 3.045715e-02 -1.602723e+00 -1.264770e-01 -2.239245e+00 -9.616899e-01 -1.066966e+00 -2.139916e-01 -2.276789e-01 -2.601089e-01 -2.675961e-02 9.507757e-02 1.861291e-01 2.537619e-01 7.291365e-01 4.258974e-01 6.397669e-01 -3.322811e-02 -2.151272e-02 3.876917e-02 1.049466e-01 6.602280e-01 7.409225e-01 -3.209136e-01 
-6.666665e+00 -1.255245e+01 4.119189e+00 -1.261927e+01 -2.267897e+01 -6.864178e+00 -3.971713e+00 3.402446e+00 -9.607619e+00 4.220426e+00 -8.880100e+00 -6.966094e+00 2.107844e+01 1.173351e+00 8.596726e-01 4.229316e-01 1.332642e+00 -9.972259e-01 1.151900e+00 -2.129952e+00 -6.760662e-01 -8.553323e-01 9.719498e-02 6.816623e-01 6.121638e-01 -1.734161e-01 -3.123597e-03 3.597403e-01 1.520406e-01 5.507697e-01 3.578513e-01 3.743169e-01 6.971751e-02 -3.335420e-01 1.267200e-01 -4.469123e-02 5.494592e-01 5.567766e-01 -9.188749e-02 
-6.849595e+00 -1.228738e+01 4.819995e+00 -1.297798e+01 -2.377535e+01 -7.043775e+00 -6.313161e+00 8.842544e-01 -1.115614e+01 2.403908e+00 -7.774093e+00 -7.135345e+00 2.084383e+01 7.845479e-01 1.071382e+00 5.898070e-01 1.682441e+00 -8.879503e-01 1.372998e+00 -1.680683e+00 -1.247314e+00 -3.933963e-01 -1.154368e-01 1.192718e+00 1.019179e+00 -1.389492e-01 -2.361326e-01 2.966045e-01 6.077900e-02 2.334850e-01 8.347700e-02 -5.107021e-02 2.300760e-01 -3.124968e-01 1.418683e-01 1.353058e-01 1.423453e-02 3.464618e-01 2.822868e-02 
-5.923708e+00 -9.884026e+00 4.673266e+00 -8.634389e+00 -2.328731e+01 -3.689257e+00 -7.870941e+00 1.974225e+00 -1.084434e+01 3.960549e+00 -5.611686e+00 -5.304212e+00 2.066804e+01 2.370026e-01 1.356210e+00 4.122679e-01 1.273232e+00 -1.064637e+00 5.929372e-01 -1.770013e+00 -1.748570e+00 -5.429400e-01 -2.888380e-01 8.503727e-01 7.074576e-01 -5.373707e-02 -3.689959e-01 1.709251e-01 1.664751e-01 -3.455362e-01 -6.351116e-02 -6.496298e-01 1.408173e-01 -3.002167e-01 -2.321562e-04 1.225482e-01 -3.779533e-01 5.815508e-02 7.364682e-02 
-5.533972e+00 -8.532608e+00 5.433400e+00 -7.794332e+00 -2.545011e+01 -3.684311e+00 -8.013941e+00 -2.277060e+00 -9.252584e+00 2.188902e+00 -4.467616e+00 -4.288706e+00 2.074254e+01 5.619547e-02 1.551843e+00 6.131763e-01 1.227663e+00 -1.151710e+00 -1.023033e-01 -1.268819e+00 -1.987986e+00 -5.138351e-01 6.554596e-01 -2.407560e-01 1.424690e+00 5.455489e-02 -3.344310e-01 1.234375e-01 2.712821e-01 -6.072726e-01 2.330289e-01 -7.402661e-01 1.109590e-01 1.346577e-01 -7.625648e-02 8.240498e-02 -2.417760e-01 -2.360027e-01 4.726996e-02 
-6.139643e+00 -7.648931e+00 5.873589e+00 -8.844748e+00 -2.716464e+01 -5.578837e+00 -1.197122e+01 -3.760078e+00 -1.327412e+01 2.883651e+00 -6.281218e+00 -4.852473e+00 2.086038e+01 -3.075102e-01 1.473927e+00 1.243469e+00 -1.676190e-01 -1.182874e+00 -1.358628e+00 -1.631683e+00 -1.806931e+00 -7.962910e-01 3.244983e-01 -4.913999e-01 7.000747e-01 9.803981e-02 -3.442997e-01 8.223161e-03 3.351913e-01 -5.838293e-01 7.003786e-01 -3.837563e-01 3.147723e-01 4.379218e-01 9.501021e-02 -1.597013e-01 2.050437e-01 -4.793017e-01 -2.184053e-02 
-6.460561e+00 -5.645626e+00 7.285795e+00 -6.734729e+00 -2.759523e+01 -6.610382e+00 -1.060705e+01 -6.189100e+00 -1.250990e+01 6.220166e+00 -8.643299e+00 -2.379674e-01 2.102028e+01 -6.153737e-01 1.629759e+00 1.530707e+00 -6.334963e-01 3.361510e-01 -1.352407e+00 -1.195016e+00 -5.448846e-01 -6.478561e-01 -1.007774e-02 6.547816e-01 -1.570222e-01 2.146356e-02 -4.716210e-01 -1.728914e-01 2.098832e-01 -4.728267e-01 9.538690e-01 1.004491e-01 3.589500e-01 4.941165e-01 1.073324e-01 -5.472249e-01 5.277604e-01 -7.930056e-01 -1.009711e-01 
-6.997766e+00 -3.958056e+00 9.964539e+00 -1.000218e+01 -2.812943e+01 -9.018969e+00 -1.473317e+01 -5.104110e+00 -1.319726e+01 3.567556e+00 -5.980771e+00 -3.828908e+00 2.101940e+01 -1.148802e+00 1.358414e+00 1.629517e+00 -7.153643e-01 1.693202e+00 -7.007078e-01 -2.329585e-01 -2.805308e-01 -8.962973e-04 -7.545015e-01 1.427944e+00 -8.981806e-01 -1.463622e-01 -3.921364e-01 -3.242891e-01 1.475597e-02 1.595189e-02 9.005645e-01 6.031312e-01 5.729721e-01 1.966364e-01 1.510817e-01 -3.831508e-01 3.362863e-01 -4.849598e-01 -1.509155e-01 
-8.181722e+00 -2.229648e+00 1.104144e+01 -1.038340e+01 -2.328682e+01 -8.726361e+00 -1.260799e+01 -4.329473e+00 -1.253086e+01 1.796657e+00 -1.344277e+00 -5.585894e+00 2.077020e+01 -1.881337e+00 7.451967e-01 1.469448e+00 -8.625178e-01 2.179659e+00 7.101200e-02 -1.735735e-01 -2.806356e-01 -3.748247e-01 -1.541026e+00 1.438357e+00 -1.741332e+00 -3.280971e-01 -6.915523e-03 -3.056791e-01 -7.577344e-02 3.874669e-01 3.193417e-01 6.704732e-01 4.227771e-01 -2.001520e-01 1.651561e-01 -5.794995e-03 -1.284174e-01 4.724463e-03 -1.589690e-01 
-1.102293e+01 -2.565045e+00 1.214377e+01 -1.059743e+01 -2.085250e+01 -8.024713e+00 -1.213581e+01 -6.092457e+00 -1.326801e+01 1.322523e+00 -2.790977e+00 -6.669502e+00 2.025372e+01 -1.635276e+00 2.948126e-01 1.347950e+00 2.667059e-02 2.398211e+00 9.455053e-01 7.224449e-01 -9.559271e-01 -1.776045e-01 -8.258395e-01 7.982258e-01 -9.324973e-01 -4.817082e-01 3.976538e-01 -1.643021e-01 -6.510446e-02 6.637965e-01 -2.293001e-01 5.884134e-01 2.179700e-01 -1.389297e-01 9.693201e-02 3.768845e-01 -3.248613e-01 4.132662e-01 -1.359946e-01 
-1.385432e+01 -2.616470e+00 1.354379e+01 -1.074946e+01 -2.033549e+01 -6.753070e+00 -1.277365e+01 -7.098239e+00 -1.434883e+01 -3.627484e-01 -3.046186e+00 -7.524622e+00 1.976272e+01 -4.068547e-01 6.330544e-01 1.292590e+00 9.328333e-01 1.580449e+00 1.176922e+00 4.412482e-01 -1.208022e+00 2.661756e-01 -3.379838e-03 3.275318e-01 -1.162797e-01 -6.057433e-01 5.995497e-01 6.750868e-02 5.800716e-02 7.142138e-01 -6.077198e-01 3.368341e-01 1.152503e-01 1.603936e-02 3.125152e-02 6.192306e-01 -2.959179e-01 5.369089e-01 -9.769352e-02 
-1.233786e+01 -2.290526e+00 1.545286e+01 -9.685265e+00 -1.761395e+01 -5.277859e+00 -1.103782e+01 -8.499559e+00 -1.317630e+01 5.182142e-01 -1.138987e+00 -7.521801e+00 1.911466e+01 1.023123e-01 5.929944e-01 1.392420e+00 1.705814e+00 8.462824e-01 1.688386e+00 5.496334e-01 -5.115654e-01 1.634770e-01 3.610710e-01 3.590944e-01 3.558141e-01 -6.874400e-01 5.907990e-01 3.017876e-01 -4.376819e-01 5.120271e-01 -4.601976e-01 -1.022649e-01 1.165151e-01 3.649978e-01 1.624429e-01 2.620183e-01 -2.591000e-01 2.824222e-01 -1.908710e-01 
-9.558439e+00 7.983740e-01 1.584962e+01 -6.174843e+00 -1.700365e+01 -4.215113e+00 -1.095075e+01 -9.166096e+00 -1.124567e+01 2.181798e+00 -5.327888e-01 -5.741443e+00 1.831086e+01 2.476690e-01 9.336994e-01 1.737288e+00 1.869027e+00 -8.289503e-02 1.383741e+00 4.891393e-01 -4.227140e-01 -3.890999e-01 9.616494e-01 1.783563e-01 2.989386e-01 -7.136532e-01 5.554077e-01 1.057654e-01 -1.142776e+00 3.265520e-01 3.868003e-01 -4.259509e-01 3.614796e-01 6.278623e-01 3.701674e-01 -7.869546e-02 -1.305173e-01 -2.792744e-01 -2.715623e-01 
-1.265948e+01 -1.307780e+00 1.795309e+01 -4.355560e+00 -1.828709e+01 -8.514627e-01 -1.029911e+01 -7.616822e+00 -1.400253e+01 1.855737e+00 -2.252481e+00 -5.782144e+00 1.754234e+01 9.913937e-01 1.653355e+00 -1.062838e+00 2.118810e+00 9.288076e-01 3.307023e-01 1.281007e+00 4.764873e-01 9.623365e-01 1.723324e-03 -4.227856e-01 2.718681e-01 -1.382129e+00 5.583732e-01 -2.222548e-01 -1.761681e+00 4.248915e-01 1.273750e+00 -6.609064e-01 2.659421e-01 4.625009e-02 4.370914e-01 -3.612328e-01 -7.900019e-02 -4.914537e-01 -2.432813e-01 
-1.245513e+01 1.560673e+00 2.098039e+01 -4.069417e+00 -2.041356e+01 -2.047385e+00 -1.069732e+01 -9.653295e+00 -1.588120e+01 3.776953e+00 -1.597613e+00 -6.899603e+00 1.698076e+01 1.925756e+00 6.317580e-01 -3.193534e+00 2.359060e+00 3.473178e+00 -2.740637e-01 1.882823e+00 1.437298e+00 1.717400e+00 -2.171811e-01 6.590955e-02 -1.470763e+00 -1.616290e+00 1.296424e-01 -6.493474e-01 -1.678473e+00 4.345419e-01 1.496956e+00 -4.244156e-01 -2.735583e-02 -4.449969e-01 2.558765e-01 -3.871796e-01 1.202085e-01 -1.928595e-01 -1.433302e-01 
-5.932135e+00 5.595263e+00 7.573428e+00 -1.437896e-01 -1.126449e+01 -4.708626e+00 -4.759275e+00 -5.873267e+00 -6.046796e+00 -2.707633e-01 -2.720468e+00 -5.583073e+00 1.286915e+01 2.055113e+00 -3.674101e-01 -4.950547e+00 3.585122e+00 5.437064e+00 -7.872241e-01 1.182503e+00 -1.210432e+00 1.295657e+00 -8.557143e-01 2.022050e-02 -1.216601e+00 -1.452515e+00 -7.932541e-01 -6.379445e-01 -3.014955e-01 -1.819980e-01 3.606287e-01 -9.421775e-02 -5.226602e-01 -6.167398e-01 -2.756154e-01 8.077431e-02 2.841392e-01 5.927185e-01 5.981848e-02 
-3.293514e+00 5.057055e-01 5.071608e+00 3.514526e+00 -3.148958e+00 -3.657295e+00 -4.306560e+00 -2.851437e+00 -6.636337e+00 2.158988e+00 3.066649e-02 -1.319413e+01 1.256614e+01 3.640590e-01 -1.302664e+00 -4.711295e+00 3.308573e+00 5.147757e+00 -1.793481e-01 4.017254e-01 -1.804102e+00 7.235379e-01 -5.454845e-01 5.579144e-01 7.881961e-02 -1.395044e+00 -1.435499e+00 4.588748e-02 7.370039e-01 -9.274760e-01 -9.844838e-01 2.673745e-01 -1.861333e-01 1.885387e-01 8.619252e-02 3.418251e-01 2.094185e-01 1.367302e+00 5.810165e-02 
-6.964761e+00 -2.617604e+00 1.154402e+00 9.778444e+00 2.658612e-01 -3.983006e+00 -7.582463e+00 -1.706988e+01 -1.214701e+01 -1.614269e+00 -2.965380e+00 -8.717439e+00 1.248706e+01 -2.194011e+00 -5.690069e-01 -1.811452e+00 7.342348e-01 1.894767e+00 -1.878301e-01 -5.917893e-01 -9.864174e-01 8.115174e-02 5.697691e-01 7.518103e-01 2.460753e+00 -1.193592e+00 -7.022965e-01 4.084127e-01 1.579748e+00 -1.190578e+00 -1.966879e+00 2.818362e-02 2.883019e-01 1.122446e+00 2.275582e-01 8.203304e-01 2.012639e-01 5.155624e-01 3.934780e-01 
-1.011847e+01 -8.464682e-01 6.331679e-01 7.512264e+00 -4.401790e-01 -3.306471e+00 -7.277349e+00 -1.307564e+01 -9.213718e+00 1.721124e+00 1.314508e+00 -4.937904e+00 1.019654e+01 -3.127223e+00 9.619619e-01 -1.078153e+00 -8.529862e-01 3.219733e-01 7.631425e-01 1.839267e+00 2.268079e+00 2.755613e+00 7.792113e-01 7.472091e-01 3.527032e+00 -1.455190e+00 6.828748e-01 2.782413e-01 1.665676e+00 -4.631293e-01 -2.003306e+00 -5.333697e-01 3.088097e-01 5.075978e-01 -2.506885e-01 8.220570e-01 -2.111347e-02 -1.054436e+00 9.243864e-01 
-1.348986e+01 3.426340e+00 7.354019e-01 1.528058e+00 -3.145521e+00 -5.823501e+00 -6.232812e+00 -5.692934e+00 -4.352415e+00 2.796901e+00 3.966316e-01 2.592553e+00 8.086165e+00 2.890800e-01 5.423035e-01 1.131613e+00 -2.869609e-01 -1.984452e+00 -1.117598e+00 1.905205e+00 2.365627e+00 1.417343e+00 2.583605e+00 9.318219e-01 -3.629223e-01 5.448875e-01 1.750399e+00 -2.539462e-01 1.156807e+00 5.329754e-01 -1.324821e+00 -7.661546e-01 -1.220351e-01 -7.389621e-01 -9.929572e-01 4.744848e-01 -6.703087e-02 -2.309574e+00 1.250086e+00 
-1.566712e+01 2.293857e+00 -1.094855e-01 3.374899e+00 1.661907e-01 1.078831e+00 4.215038e+00 2.800671e+00 3.244793e+00 3.849868e+00 2.085749e+00 -1.214384e+00 7.490607e+00 2.536986e+00 -4.671066e-01 2.145571e+00 1.503559e+00 -2.929278e+00 -2.381132e+00 6.973398e-01 -9.422013e-01 -1.198077e+00 2.557770e+00 3.624040e-01 -3.781603e+00 2.357727e+00 1.570720e+00 -5.478068e-01 7.280607e-01 6.035878e-01 -8.010691e-01 -8.771735e-01 -1.041137e+00 -1.579212e+00 -1.804524e+00 -2.640161e-01 -3.324558e-01 -1.815324e+00 1.066665e+00 
-2.745074e+00 -1.476046e+00 7.184091e+00 1.041182e+01 -9.959938e+00 -1.176392e+01 -3.802520e+00 -1.317976e+01 -1.128934e+01 1.023946e+01 1.308268e+00 -1.239421e+01 1.656426e+01 3.725879e+00 -1.124143e+00 2.360660e+00 2.220786e+00 -3.103825e+00 -2.446443e+00 -6.310097e-01 -3.076102e+00 -2.906810e+00 2.052876e+00 6.090926e-01 -5.432769e+00 3.150391e+00 9.410529e-02 -3.074068e-01 -1.871701e-01 -1.921306e-02 8.839085e-02 1.048433e-01 -7.768849e-01 -5.988536e-01 -9.950485e-01 -1.330617e+00 -5.439488e-01 1.396191e-01 7.355318e-02 
-2.806168e+00 -7.307621e-01 8.135980e+00 1.058819e+01 -1.167938e+01 -1.224221e+01 -5.005985e+00 -1.404307e+01 -1.173608e+01 1.078876e+01 2.670420e+00 -1.635227e+01 1.774601e+01 3.007879e+00 -9.438084e-01 1.947499e+00 9.111585e-01 -3.123621e+00 -2.958331e+00 -2.098294e+00 -2.907200e+00 -4.104823e+00 -2.755485e-01 -7.536680e-01 -3.014741e+00 2.575381e+00 -7.652036e-01 -7.223927e-02 -6.483942e-01 -4.188318e-01 5.310110e-01 6.468611e-01 -2.218639e-01 5.724686e-01 -4.251185e-02 -1.610133e+00 -6.208395e-01 1.556849e+00 -5.919865e-01 
-1.290760e+00 -6.819839e-01 8.415667e+00 9.025654e+00 -1.274138e+01 -1.139559e+01 -4.777327e+00 -1.265171e+01 -1.139633e+01 9.591829e+00 3.149950e+00 -1.700187e+01 1.871036e+01 5.242652e-01 -7.563428e-01 2.947404e-01 -8.679560e-02 -1.445296e+00 -3.048816e-01 -5.815054e-01 3.538975e-01 -2.104486e+00 -2.652878e+00 -1.229851e+00 -4.819315e-02 8.038864e-01 -1.055092e+00 3.996386e-02 -7.720287e-01 -2.266250e-01 6.505992e-01 8.076982e-01 1.176444e-01 9.339740e-01 6.924652e-01 -1.319298e+00 -5.753421e-01 1.904051e+00 -7.598932e-01 
-1.354663e+00 -2.822170e+00 9.012650e+00 8.623767e+00 -1.406116e+01 -1.389702e+01 -5.788946e+00 -1.199962e+01 -1.722579e+01 2.796153e+00 -2.603471e+00 -1.398396e+01 1.929416e+01 3.117724e-01 -1.012131e+00 -6.351419e-02 5.633174e-01 -1.103292e+00 -2.176584e-01 -4.367228e-01 2.051134e-01 -1.811913e+00 -3.140017e+00 -1.822356e+00 1.310256e+00 5.711007e-01 -6.451259e-01 -1.609454e-01 -8.611984e-01 -9.241451e-02 5.329338e-01 1.053189e+00 1.688236e-01 8.570902e-01 1.576382e+00 -5.383042e-01 -3.142219e-01 9.813924e-01 -5.139173e-01 
-8.497614e-01 -4.211778e+00 8.220203e+00 1.095976e+01 -1.599516e+01 -1.246100e+01 -6.318470e+00 -1.243252e+01 -1.906646e+01 9.717828e-01 -2.204123e+00 -1.381874e+01 1.980977e+01 -2.015775e-01 -8.900061e-01 -4.939189e-01 1.261611e+00 -8.610661e-01 2.217087e-01 -8.735910e-01 3.767877e-02 -5.910323e-01 -3.111206e+00 -1.733238e+00 1.924948e+00 3.529883e-01 -1.336048e-01 -5.328497e-01 -1.019926e+00 -5.960688e-01 2.174328e-01 9.869061e-01 -1.881660e-01 6.983392e-01 1.899698e+00 -1.702047e-01 -2.888483e-01 9.519003e-02 -1.565966e-01 
-1.468073e+00 -4.026496e+00 7.916680e+00 1.243733e+01 -1.556898e+01 -1.279775e+01 -6.419349e+00 -1.312695e+01 -1.696071e+01 -6.009374e-01 -3.764076e+00 -1.139281e+01 2.005178e+01 1.450827e-01 -1.681484e+00 -1.964147e+00 -2.252008e-01 -7.509879e-01 2.044206e+00 -1.108207e+00 1.536417e+00 3.020467e+00 -2.737824e+00 -2.073000e+00 9.057014e-01 2.312458e-01 -1.276252e-01 -7.463467e-01 -1.338112e+00 -1.288917e+00 3.097277e-01 1.188985e+00 -3.860350e-02 1.031280e+00 1.797672e+00 -1.423610e-02 -1.861291e-01 -2.248150e-01 -8.629996e-02 
-2.241928e+00 -4.529780e+00 6.493349e+00 1.342666e+01 -1.629270e+01 -1.083663e+01 -8.829820e+00 -1.189949e+01 -1.448421e+01 -4.265757e+00 -4.935914e+00 -8.672708e+00 2.009666e+01 -6.050824e-02 -3.085790e+00 -3.854456e+00 -2.673015e+00 -5.341754e-01 3.498585e+00 -1.186446e+00 3.179959e+00 4.977839e+00 -3.704874e+00 -2.548860e+00 6.300741e-01 1.907414e-01 -1.878099e-01 -6.461388e-01 -1.116835e+00 -1.383255e+00 6.652339e-01 8.006040e-01 2.600246e-01 8.557999e-01 6.774300e-01 4.440297e-01 -1.138402e-02 -1.820577e-01 -1.772012e-02 
6.699692e-02 -1.107096e+01 5.472463e-02 6.264808e+00 -1.766746e+01 -4.487934e+00 -1.007399e+01 -4.584033e+00 -4.414862e+00 -8.274585e+00 -1.160284e+01 -1.202831e+01 2.030687e+01 -3.968157e-01 -3.645983e+00 -5.073747e+00 -3.914093e+00 2.818476e-01 4.088931e+00 -4.732209e-01 3.790393e+00 4.392000e+00 -2.914415e+00 -2.345197e+00 8.336501e-01 2.206994e-01 -3.489181e-01 4.060559e-02 -1.874316e-01 -5.022956e-01 1.108709e+00 -2.224427e-01 3.940933e-01 -1.532819e-02 -1.061012e+00 1.039799e+00 5.095965e-01 1.494565e-01 9.468332e-03 
-1.919605e+00 -1.611892e+01 -7.121256e+00 6.815705e-01 -1.761689e+01 8.771642e-01 -1.042335e+01 -8.045033e-01 -4.505321e-01 -1.371591e+01 -1.102940e+01 -1.035071e+01 2.063601e+01 -8.696958e-01 -3.138556e+00 -4.523205e+00 -3.810158e+00 1.948803e+00 3.202422e+00 1.090348e-01 3.189598e+00 2.110316e+00 -8.028753e-01 -1.654049e+00 1.050761e+00 2.697632e-01 -1.567452e-01 7.727644e-01 8.711506e-01 5.106620e-01 1.272628e+00 -1.083276e+00 3.821229e-01 -7.973368e-01 -1.799380e+00 1.532933e+00 8.648614e-01 1.343468e-01 -7.200595e-03 
-3.613379e+00 -1.646188e+01 -1.064436e+01 -7.606280e-01 -1.349800e+01 1.789992e+00 -7.988810e+00 2.774972e-01 -2.017835e+00 -1.044783e+01 -1.244335e+01 -6.385403e+00 2.088565e+01 -1.194919e+00 -1.452143e+00 -2.566872e+00 -2.168097e+00 3.550888e+00 1.079945e+00 2.144962e-01 1.454901e+00 -8.507587e-01 1.010236e+00 2.756627e-02 1.442874e+00 2.390410e-01 1.826322e-01 1.024814e+00 1.385563e+00 1.048963e+00 8.134505e-01 -1.177353e+00 2.044186e-01 -1.055886e+00 -1.321868e+00 1.183586e+00 9.492416e-01 -7.860415e-02 -4.525195e-02 
-4.750637e+00 -1.752744e+01 -1.077308e+01 -2.111426e+00 -8.633289e+00 2.036558e+00 -9.327134e+00 1.618042e+00 -5.130608e+00 -7.193573e+00 -1.278591e+01 -6.240733e+00 2.115598e+01 -4.451286e-01 -3.189232e-01 -7.522298e-01 -9.928277e-01 4.194638e+00 -4.131683e-01 3.801492e-01 3.610224e-01 -1.397653e+00 1.997485e+00 5.890734e-01 9.974405e-01 1.456516e-01 4.360593e-01 8.041595e-01 1.148230e+00 9.546723e-01 -6.895912e-02 -6.906597e-01 1.061708e-01 -9.995574e-01 -3.208909e-01 4.028313e-01 6.223251e-01 -2.324663e-01 -7.106694e-02 
-4.492217e+00 -1.762764e+01 -1.095371e+01 -3.179296e+00 -4.404413e+00 3.322833e-01 -9.549775e+00 1.479554e+00 -6.328465e+00 -6.484990e+00 -1.058669e+01 -6.869380e+00 2.124203e+01 3.041386e-01 6.832416e-02 -3.129623e-02 -7.791677e-02 3.226271e+00 1.008303e-02 4.133201e-01 -7.474758e-02 -4.635252e-01 1.603478e+00 1.279414e+00 4.673775e-01 5.646548e-02 4.068420e-01 3.174359e-01 5.756094e-01 4.663645e-01 -8.903195e-01 3.347780e-02 -1.393992e-02 -7.518205e-01 4.655793e-01 -2.682367e-01 7.443112e-02 -3.510296e-01 -6.307584e-02 
-3.706073e+00 -1.713078e+01 -1.072805e+01 -3.073198e+00 -1.190408e+00 -4.599248e-01 -7.742099e+00 3.995461e-01 -5.283014e+00 -5.709847e+00 -9.012384e+00 -5.121259e+00 2.118583e+01 5.609704e-01 1.218672e-01 -5.001441e-02 -8.196447e-02 1.766365e+00 2.840513e-01 5.405594e-01 -1.043416e+00 3.123276e-01 9.145515e-01 8.316450e-01 3.760486e-01 5.720337e-03 9.206348e-02 1.296205e-02 1.672073e-01 5.525943e-02 -1.205714e+00 3.807758e-01 -2.004978e-01 -5.238385e-01 4.866626e-01 -6.158088e-01 -1.896989e-01 -3.322549e-01 -4.231772e-02 
-2.614811e+00 -1.631857e+01 -1.082340e+01 -6.687683e-01 -1.088283e+00 3.088269e+00 -6.714906e+00 5.126281e-01 -4.258961e+00 -3.172406e+00 -7.933208e+00 -4.607865e+00 2.115294e+01 3.361380e-01 -8.543391e-02 -4.003138e-02 -2.915309e-01 3.134131e-01 8.988543e-01 6.457161e-02 -1.602091e+00 6.222253e-01 2.104214e-01 2.784524e-01 -1.845117e-03 -6.354562e-03 -1.261181e-01 -4.114030e-02 5.476463e-02 -1.618029e-01 -9.171320e-01 2.240152e-01 -2.657253e-01 -2.470921e-01 2.158578e-01 -6.344177e-01 -2.008983e-01 -2.666079e-01 -3.079930e-02 
-2.884466e+00 -1.757281e+01 -1.108772e+01 -3.776385e+00 -1.459469e+00 2.079175e+00 -8.041903e+00 -3.115461e+00 -4.603951e+00 -4.277348e+00 -9.954285e+00 -5.490790e+00 2.122918e+01 -7.969368e-04 -1.772220e-01 8.827323e-02 -6.097324e-01 -3.774177e-01 1.046300e+00 -4.480150e-01 -1.494379e+00 4.927779e-01 -3.850538e-01 1.410624e-01 -4.292314e-01 -3.455480e-02 -1.123116e-01 3.300362e-02 3.745369e-02 -3.681907e-02 -4.329577e-01 2.818362e-02 -1.744791e-01 1.765700e-01 -1.894149e-02 -4.715427e-01 8.661043e-02 -2.435254e-01 -3.058079e-02 
-3.222238e+00 -1.783372e+01 -1.097437e+01 -4.285747e+00 -2.703141e+00 3.556669e+00 -9.076884e+00 -4.773333e+00 -3.557190e+00 -6.149207e+00 -8.723481e+00 -6.693681e+00 2.118866e+01 -4.565885e-02 1.205856e-02 1.734693e-01 -6.230507e-01 -2.874023e-01 7.490058e-01 -4.210952e-01 -1.084699e+00 5.254862e-01 -9.188659e-01 6.203130e-01 -4.628645e-01 -7.742833e-02 4.325458e-02 9.460921e-02 2.594793e-02 8.675253e-02 -2.809940e-02 -2.289546e-01 4.139504e-02 4.308029e-01 -2.177352e-01 -1.917392e-01 1.949293e-01 -1.229046e-01 -2.827087e-02 
-3.406222e+00 -1.725897e+01 -1.021105e+01 -4.313305e+00 -2.270581e+00 4.537226e+00 -8.801149e+00 -4.429604e+00 -3.170277e+00 -6.146963e+00 -7.911993e+00 -6.225017e+00 2.099522e+01 1.902583e-01 2.381581e-01 3.053048e-02 -1.003750e-01 -9.800904e-02 5.000594e-01 -8.908339e-02 -4.192563e-01 2.658984e-01 -8.785722e-01 1.093832e+00 -6.109322e-01 -1.116660e-01 1.846740e-01 1.369631e-01 -6.923608e-02 2.421938e-01 4.769136e-02 -2.735845e-01 1.469606e-01 4.770311e-01 -2.518190e-01 2.384480e-02 1.241633e-01 -2.105854e-02 -1.956182e-02 
-2.582157e+00 -1.641499e+01 -1.039486e+01 -3.515503e+00 -2.119848e+00 5.604158e+00 -8.440817e+00 -4.253754e+00 -2.347978e+00 -6.831990e+00 -5.852854e+00 -6.555459e+00 2.088260e+01 4.569201e-01 1.800775e-01 1.185626e-01 -1.123875e-01 3.320199e-02 2.718838e-02 9.209643e-02 1.431337e-02 -3.532039e-01 -5.015761e-01 7.767536e-01 -5.254822e-01 -1.090676e-01 1.793750e-01 1.236843e-01 -1.534896e-01 3.090872e-01 -8.519617e-02 -2.593431e-01 1.354871e-01 4.027279e-01 -2.800243e-01 1.920435e-01 -1.300623e-01 5.487595e-02 -9.135939e-03 
-2.253515e+00 -1.709146e+01 -1.122492e+01 -4.663291e+00 -2.241613e+00 3.555528e+00 -8.805751e+00 -5.471751e+00 -3.879035e+00 -8.328430e+00 -5.920244e+00 -8.614276e+00 2.082401e+01 6.713997e-01 4.235494e-01 -2.303896e-01 3.459167e-01 -2.993063e-01 3.906316e-02 3.019080e-02 3.413242e-01 -3.270095e-01 -4.745718e-01 6.836804e-01 -5.031969e-01 -1.164807e-01 6.503385e-02 1.555237e-01 -2.099201e-01 3.068277e-01 -1.824583e-01 -2.260427e-01 8.674712e-02 2.587486e-01 -1.651117e-01 2.095492e-01 -2.810437e-01 1.538287e-01 -9.263360e-04 
-1.514069e+00 -1.701735e+01 -9.874159e+00 -4.672477e+00 -2.551426e+00 4.184119e+00 -8.614258e+00 -4.180524e+00 -4.968593e+00 -7.566375e+00 -5.835383e+00 -8.126672e+00 2.072903e+01 6.106427e-01 5.377659e-01 -4.635160e-01 6.993724e-01 -6.128218e-01 -3.171805e-01 1.967512e-01 5.486791e-01 -5.781430e-01 -1.607273e-01 1.751274e-01 -2.423354e-01 -1.206840e-01 -6.481532e-02 1.448119e-01 -1.872747e-01 2.649310e-01 -1.464056e-01 -1.912600e-01 8.453373e-02 1.268269e-01 3.950594e-03 1.657130e-01 -2.760390e-01 1.834052e-01 5.129416e-03 
-5.832660e-01 -1.484011e+01 -1.162379e+01 -2.004869e+00 -3.551568e+00 5.443205e+00 -8.563288e+00 -2.759278e+00 -3.495179e+00 -8.152686e+00 -4.502559e+00 -7.955406e+00 2.048963e+01 4.385152e-01 8.368552e-01 -7.279528e-01 1.028020e+00 -6.873218e-01 -4.579815e-01 2.923319e-01 6.071450e-01 -4.473097e-01 -1.359836e-03 -1.053484e-02 1.661207e-02 -1.104432e-01 -1.705517e-01 -2.322136e-02 1.376229e-02 -1.681224e-02 6.654558e-02 -2.759139e-01 9.171598e-02 -2.983290e-02 6.392220e-02 8.259682e-02 -2.129726e-01 6.124133e-02 1.290201e-02 
-3.638198e-01 -1.485183e+01 -1.251370e+01 -1.348071e+00 -4.528633e+00 3.074191e+00 -7.577862e+00 -2.866382e+00 -5.430618e+00 -7.723423e+00 -5.686251e+00 -8.096449e+00 2.044650e+01 2.494468e-01 6.974877e-01 -5.691319e-01 8.712038e-01 -5.050174e-01 -6.806338e-01 3.836780e-01 5.154646e-01 -2.733734e-01 9.028445e-02 -2.563354e-01 1.314568e-01 -8.652271e-02 -2.061375e-01 -1.179498e-01 1.354618e-01 -1.239547e-01 1.767333e-01 -1.362535e-01 1.483426e-02 -1.330121e-01 3.074826e-01 -1.152416e-01 -4.139430e-03 -8.323352e-02 1.820859e-02 
-6.362842e-01 -1.399008e+01 -1.354505e+01 -1.185480e+00 -4.689677e+00 1.820813e+00 -7.862446e+00 -3.093044e+00 -5.884782e+00 -8.256637e+00 -6.047849e+00 -8.546576e+00 2.041295e+01 -6.923635e-04 2.275273e-01 -1.087781e-01 1.760438e-01 -2.056644e-02 -1.158735e+00 3.953735e-01 2.087806e-01 -1.598644e-01 -1.868811e-01 -1.654417e-01 -3.838404e-01 -6.909818e-02 -1.764341e-01 -1.940683e-01 1.507331e-01 -1.125155e-01 1.571313e-01 -3.280530e-02 -7.690885e-02 -8.736233e-02 3.191265e-01 -1.503010e-01 3.572331e-02 -1.502308e-01 2.092432e-02 
-2.405788e-01 -1.395492e+01 -1.175940e+01 -7.266399e-01 -4.507521e+00 2.592093e+00 -7.046567e+00 -1.436168e+00 -5.140651e+00 -7.062701e+00 -6.344240e+00 -7.173628e+00 2.033475e+01 -2.005318e-01 2.526783e-01 -9.573215e-02 5.056050e-01 -6.243092e-02 -6.481194e-01 2.193357e-01 8.273314e-02 8.154262e-01 -6.440393e-01 2.318754e-01 -4.583528e-01 -5.029802e-02 -1.272849e-01 -1.462845e-01 7.087269e-02 1.576359e-02 1.623206e-02 1.201435e-01 -1.964324e-01 2.306925e-02 2.335497e-01 -9.562564e-02 -4.296400e-04 -9.332812e-02 1.902019e-02 
-6.482220e-01 -1.415116e+01 -1.254496e+01 -1.435338e+00 -3.664986e+00 -1.098616e-01 -6.852243e+00 -2.430493e+00 -4.439317e+00 -9.417294e+00 -5.000496e+00 -1.033580e+01 2.020013e+01 -2.188321e-01 8.893760e-02 -2.109907e-01 6.483191e-01 -1.230207e-01 -6.382238e-01 -1.003777e-02 3.866929e-01 6.039308e-01 -3.856917e-01 -7.608167e-02 -4.396222e-01 -2.400837e-02 -6.204430e-02 -6.044141e-02 1.163204e-01 1.175866e-01 -5.384369e-02 2.833100e-01 -1.552812e-01 2.273365e-01 8.319677e-02 1.847534e-01 -1.720599e-01 2.268055e-01 1.483735e-02 
-1.360632e+00 -1.350759e+01 -1.349208e+01 1.304839e+00 -5.353492e+00 7.984000e-01 -6.986394e+00 -2.783687e+00 -2.076353e+00 -1.036294e+01 -5.050414e+00 -9.493978e+00 2.030164e+01 -2.779160e-01 3.526488e-02 -1.637982e-01 7.138657e-01 -3.726026e-01 -3.402232e-01 -3.957885e-01 5.418686e-01 5.124583e-01 -2.884127e-01 -3.031546e-01 -3.072773e-01 -1.392048e-02 -4.274436e-02 -9.390983e-02 2.795453e-01 -1.291800e-01 3.925237e-02 1.273965e-01 -2.292903e-02 2.221308e-01 -1.555592e-01 2.734330e-01 -2.749191e-01 3.381032e-01 4.942125e-03 
-1.170328e+00 -1.376888e+01 -1.373363e+01 1.040742e+00 -4.881653e+00 -4.736229e-01 -7.942795e+00 -4.861799e-01 -4.397394e+00 -8.534836e+00 -7.074922e+00 -9.584648e+00 2.030948e+01 -2.722690e-01 3.409808e-02 5.067663e-01 6.598094e-01 -1.346572e-01 1.039504e-01 -7.345575e-02 1.115945e+00 4.075421e-01 5.591375e-01 -7.581884e-01 6.745081e-01 -1.315624e-02 -8.912254e-02 -6.710547e-02 3.150040e-01 -2.264367e-01 -2.334579e-02 6.434285e-02 1.003437e-01 3.592772e-02 -1.066662e-01 5.118248e-02 -2.014583e-01 3.678083e-01 -7.702599e-04 
-1.369059e+00 -1.396966e+01 -1.198399e+01 1.605221e+00 -5.761994e+00 1.072362e+00 -8.480107e+00 3.009107e-01 -2.599078e+00 -8.946151e+00 -6.822834e+00 -9.085358e+00 2.021059e+01 -3.875087e-01 -1.894086e-01 9.432970e-01 -1.460748e-01 1.396688e-01 -3.822090e-01 1.362571e-01 8.287496e-01 1.358966e-01 2.508214e-01 -8.016980e-01 6.750550e-01 -3.096290e-02 -9.315754e-02 -4.592855e-02 1.872378e-01 -2.530811e-01 -8.161762e-02 -1.353006e-01 1.972815e-01 -8.215665e-02 -1.583288e-01 -1.791255e-01 -1.336671e-01 2.861514e-01 -2.362236e-03 
-2.004926e+00 -1.374959e+01 -1.076513e+01 1.713615e+00 -4.133879e+00 2.729248e-01 -6.472443e+00 1.607082e+00 -2.140110e+00 -7.330056e+00 -7.905129e+00 -7.167181e+00 2.017987e+01 -6.096222e-01 -1.341801e-01 8.105680e-01 -5.389171e-02 -4.959222e-01 -2.955514e-01 2.256876e-01 4.228412e-01 2.588301e-01 -3.995128e-01 -8.340678e-01 9.081624e-01 -1.934654e-02 -5.975942e-02 2.584592e-02 2.413423e-03 -1.492810e-01 -2.018467e-01 -2.176250e-01 1.901896e-01 -1.050705e-01 -1.947866e-01 -3.399381e-01 6.902966e-04 1.081780e-01 -4.890669e-03 
-2.880604e+00 -1.446425e+01 -1.025979e+01 2.378877e-01 -5.028949e+00 -1.485381e+00 -7.039842e+00 3.133646e-01 -2.525277e+00 -9.711571e+00 -8.643923e+00 -7.327566e+00 2.021146e+01 -5.750085e-01 -1.101960e-01 6.205502e-01 -1.945167e-01 -6.001153e-01 -8.170524e-01 4.411474e-01 4.775351e-01 -2.047690e-01 -7.046394e-01 -9.335181e-01 1.006737e+00 -2.263275e-02 -2.334720e-02 1.388389e-01 -5.244813e-02 2.676770e-03 -2.392880e-01 -1.238122e-01 2.496804e-01 2.253534e-02 -2.107263e-01 -1.794612e-01 6.998637e-02 8.490254e-02 -7.887330e-03 
-3.462751e+00 -1.419238e+01 -1.054265e+01 1.454571e+00 -7.727909e+00 -6.726261e-01 -7.534678e+00 1.622027e+00 -3.140145e+00 -1.014981e+01 -1.033491e+01 -5.923186e+00 2.021255e+01 -4.773371e-01 1.238119e-01 6.802214e-01 -6.237882e-02 -7.739933e-01 -7.668673e-01 7.252679e-01 7.663022e-01 -3.958910e-01 -6.626446e-01 -6.887670e-01 1.049531e+00 -4.166218e-02 -2.723636e-02 1.867214e-01 2.244390e-02 -7.796253e-02 -1.695328e-01 -6.928217e-02 2.793128e-01 -1.216919e-02 -2.186396e-01 -4.795257e-02 2.179580e-01 -1.005294e-01 -1.316270e-02 
-3.515067e+00 -1.429976e+01 -8.992191e+00 7.619478e-01 -6.965896e+00 -2.540137e+00 -5.743285e+00 2.681113e+00 -3.123114e+00 -1.105956e+01 -1.027563e+01 -4.673954e+00 2.008097e+01 -5.703027e-01 3.758403e-01 7.463591e-01 -1.284477e-01 -9.176433e-01 -7.657364e-01 1.134914e+00 7.696550e-01 -5.902008e-01 -5.149719e-01 -5.244155e-01 1.028886e+00 -5.916314e-02 -5.621057e-02 1.642117e-01 1.185693e-01 -1.634505e-01 -2.510386e-01 9.917853e-02 1.751475e-01 -1.520996e-01 -2.206179e-01 6.811266e-02 3.081129e-01 -2.934840e-01 -1.534777e-02 
-4.074391e+00 -1.321303e+01 -7.997396e+00 1.139951e+00 -7.035616e+00 -3.034030e+00 -3.494574e+00 4.254796e+00 -3.820955e+00 -9.968830e+00 -1.053303e+01 -3.246604e+00 2.003675e+01 -7.480772e-01 5.564347e-01 8.599160e-01 -4.769417e-01 -1.184747e+00 -6.676280e-01 1.275361e+00 2.159055e-01 -6.414808e-01 -7.341952e-01 5.113729e-02 3.942324e-01 -6.695832e-02 -4.833503e-02 8.764897e-02 2.297045e-01 -2.715816e-01 -2.455372e-01 1.820853e-01 8.037796e-02 -2.711183e-01 -2.792895e-01 2.218751e-01 3.482206e-01 -4.255495e-01 -1.756405e-02 
-5.425828e+00 -1.307502e+01 -7.800874e+00 -2.466726e-01 -9.963375e+00 -4.132924e+00 -3.385201e+00 2.845505e+00 -5.135848e+00 -1.237689e+01 -1.116699e+01 -3.521032e+00 2.000343e+01 -7.207835e-01 4.944648e-01 1.123559e+00 -8.045443e-01 -1.649804e+00 -3.707584e-01 1.041753e+00 -7.689923e-03 -1.184910e+00 -3.284938e-01 2.371224e-01 -1.330962e-01 -8.675199e-02 4.855355e-02 6.977940e-02 3.347207e-01 -2.686629e-01 -1.685179e-01 3.337635e-01 1.429220e-02 -3.282473e-01 -2.432274e-01 5.171220e-01 3.347814e-01 -5.120287e-01 -1.846929e-02 
-6.247786e+00 -1.202270e+01 -6.838391e+00 -4.257992e-01 -1.215269e+01 -3.214389e+00 -2.336770e+00 2.619341e+00 -5.341532e+00 -1.316251e+01 -9.633557e+00 -4.528478e+00 1.991651e+01 -6.439222e-01 5.026324e-01 1.640067e+00 -1.082399e+00 -1.635492e+00 -5.395600e-02 1.173630e+00 -2.005855e-01 -1.495085e+00 3.534163e-01 6.716527e-01 -4.970445e-01 -1.157165e-01 1.801528e-01 1.228451e-01 2.903712e-01 -1.501283e-01 -7.013416e-02 4.322881e-01 -2.997577e-02 -4.203033e-01 -7.320420e-02 7.299242e-01 2.803945e-01 -5.577437e-01 -1.113371e-02 
-6.032202e+00 -1.242238e+01 -3.953591e+00 -2.477947e+00 -1.265644e+01 -4.304151e+00 -1.113482e+00 3.460731e+00 -8.287486e+00 -1.110518e+01 -9.539961e+00 -4.698535e+00 1.970739e+01 -3.795611e-01 7.515493e-01 2.029972e+00 -1.169098e+00 -1.535044e+00 5.964713e-01 1.257313e+00 -6.633881e-01 -1.379636e+00 1.526825e+00 8.392330e-01 -1.085487e+00 -1.271800e-01 2.512272e-01 2.537570e-01 7.782844e-02 3.275762e-02 -7.109557e-02 5.326657e-01 -1.738467e-01 -5.618355e-01 1.955658e-01 6.423957e-01 2.288424e-01 -5.734964e-01 3.287719e-03 
-6.990743e+00 -1.102634e+01 -1.720863e+00 -3.156331e+00 -1.386624e+01 -3.218574e+00 1.237523e+00 2.944140e+00 -9.720723e+00 -8.837713e+00 -7.988431e+00 -5.143020e+00 1.960631e+01 -1.794695e-02 1.041952e+00 1.858559e+00 -1.045187e+00 -1.592825e+00 1.010110e+00 1.017757e+00 -1.557665e+00 -9.102158e-01 1.987917e+00 1.152195e+00 -1.918384e+00 -1.024952e-01 2.726175e-01 3.175346e-01 -1.859672e-01 1.604247e-01 -7.851975e-02 5.321363e-01 -5.837319e-01 -4.526497e-01 3.068044e-01 3.733354e-01 2.921368e-02 -5.111285e-01 1.624203e-02 
-6.952120e+00 -9.815207e+00 -2.101303e-01 -4.726674e+00 -1.678172e+01 -1.149016e+00 1.113991e+00 -6.341330e-01 -9.844745e+00 -6.905279e+00 -7.793125e+00 -8.641275e+00 1.952288e+01 2.223623e-01 1.493633e+00 1.403424e+00 -6.592188e-01 -2.026718e+00 1.760483e+00 2.504901e-01 -2.138237e+00 -4.995598e-01 2.066378e+00 1.141055e+00 -2.289989e+00 -7.689337e-02 2.079117e-01 2.714291e-01 -3.257622e-01 1.991674e-01 1.626327e-01 3.108927e-01 -9.899132e-01 -5.096707e-02 3.104219e-01 -1.025800e-01 -1.313922e-01 -2.561918e-01 2.220414e-02 
-5.877712e+00 -8.116671e+00 5.823157e-01 -4.526879e+00 -1.805436e+01 2.588462e-01 1.638206e+00 -3.121937e+00 -9.113715e+00 -5.322837e+00 -4.745911e+00 -1.214920e+01 1.949631e+01 4.182279e-01 1.719214e+00 1.023275e+00 -5.350458e-01 -1.782085e+00 2.024697e+00 -1.241597e+00 -1.726462e+00 -4.010191e-01 1.950281e+00 6.667286e-01 -2.450498e+00 -5.962168e-02 1.504980e-01 6.696568e-02 -2.470524e-01 2.656371e-01 5.221982e-01 -4.630545e-02 -1.146297e+00 4.112260e-01 3.108175e-01 -5.036764e-01 -3.259112e-01 1.815406e-01 1.312051e-02 
-5.476740e+00 -6.408682e+00 1.911888e+00 -5.088602e+00 -2.069587e+01 2.759895e+00 -6.151203e-02 -4.197462e+00 -1.108889e+01 -2.530754e+00 -5.456002e+00 -1.264567e+01 1.937759e+01 4.419661e-01 1.770164e+00 8.187360e-01 -4.284999e-01 -6.272670e-01 1.643573e+00 -2.562586e+00 -8.338612e-01 -8.225136e-02 1.032562e+00 4.248834e-01 -2.100358e+00 -3.753531e-02 2.375179e-01 -2.485162e-01 -9.015564e-02 7.174619e-01 9.061192e-01 -7.785960e-01 -7.720967e-01 6.496194e-01 2.025747e-01 -7.166705e-01 -2.895133e-01 6.073138e-01 8.032432e-03 
-5.637550e+00 -4.133128e+00 2.335126e+00 -5.650784e+00 -2.082009e+01 4.950453e+00 -4.382661e+00 -3.906537e+00 -1.110374e+01 -1.273251e+00 -5.823215e+00 -1.539358e+01 1.938064e+01 6.246555e-01 1.238493e+00 9.157302e-01 1.675567e-01 3.184957e-01 8.372185e-01 -3.307168e+00 -1.537499e-01 4.351225e-01 -1.347985e-02 -1.193490e-01 -1.105448e+00 -5.648832e-02 3.597346e-01 -4.523379e-01 2.908587e-02 1.331460e+00 1.039861e+00 -1.588976e+00 1.634482e-01 2.548332e-01 -1.143534e-01 -6.669831e-01 -9.600922e-02 9.084799e-01 7.345697e-03 
-4.862291e+00 -2.955647e+00 3.007858e+00 -6.307122e+00 -1.853504e+01 4.723292e+00 -8.688235e+00 -4.411171e+00 -9.260882e+00 -3.767317e+00 -5.129972e+00 -1.752090e+01 1.939305e+01 1.306787e+00 4.913533e-01 1.006372e+00 2.576722e+00 1.453518e+00 -1.538587e+00 -2.577206e+00 3.235120e-01 9.514979e-02 -5.349593e-01 8.657456e-02 7.403442e-02 -3.829955e-02 3.216209e-01 -4.488331e-01 5.533991e-02 1.459456e+00 8.759418e-01 -1.880420e+00 1.058745e+00 -2.599061e-01 -5.279936e-01 -1.985016e-01 5.336231e-02 7.749355e-01 1.234013e-02 
-3.061779e+00 -3.651019e+00 4.612879e+00 -3.079628e+00 -1.754226e+01 3.463065e+00 -1.058440e+01 -3.783492e+00 -7.851663e+00 -4.772422e+00 -5.505921e+00 -1.523843e+01 1.920615e+01 1.784582e+00 9.697554e-02 1.075005e+00 4.619766e+00 2.376944e+00 -4.329162e+00 -4.169614e-01 -1.031157e+00 -1.061561e+00 -6.008751e-01 3.559462e-01 1.004687e+00 -2.247990e-02 7.081897e-02 -1.372016e-01 -1.003016e-01 8.003138e-01 5.642864e-01 -1.420727e+00 1.401732e+00 -6.415224e-01 -5.846868e-01 1.274882e-01 1.942643e-01 2.125959e-01 2.716736e-02 
-2.303965e-01 -4.192871e+00 5.804726e+00 6.510074e+00 -1.506719e+01 -4.189619e+00 -9.847102e+00 -2.641214e+00 -1.223915e+01 -3.456213e+00 -5.182074e+00 -1.235311e+01 1.927325e+01 1.470130e+00 9.684589e-02 1.015901e+00 4.642747e+00 2.723363e+00 -5.175382e+00 1.286149e+00 -1.694609e+00 -1.973791e+00 3.337478e-01 4.540243e-01 7.192155e-01 7.172382e-03 -2.951505e-01 1.815876e-01 -1.898897e-01 -5.782274e-01 -5.678132e-02 8.171632e-03 8.801376e-01 -7.152918e-01 -3.420287e-02 2.264578e-02 6.687155e-02 -3.365628e-01 2.691764e-02 
9.697107e-01 -3.029382e+00 6.311129e+00 1.103922e+01 -1.066942e+01 -1.223879e+01 -5.888409e+00 -9.947208e+00 -1.492265e+01 -4.433274e+00 -4.017725e+00 -1.295355e+01 1.932814e+01 8.969641e-01 7.496046e-01 4.094318e-01 3.136088e+00 2.504945e+00 -4.448051e+00 1.769900e+00 -2.352298e+00 -1.453784e+00 1.896898e-01 6.681816e-01 -3.649731e-01 5.654190e-02 -4.589326e-01 3.244948e-01 -1.353419e-01 -1.504567e+00 -7.695563e-01 1.366446e+00 -4.926395e-02 -1.763928e-01 4.967804e-01 -1.252175e-01 -3.100571e-01 -4.324293e-01 2.054974e-02 
4.725334e-01 -2.782088e+00 7.238122e+00 9.846880e+00 -8.354899e+00 -1.330268e+01 -4.605302e+00 -9.802742e+00 -1.559473e+01 -2.267886e+00 -3.604025e+00 -1.506717e+01 1.936779e+01 2.749626e-01 1.072937e+00 3.898061e-01 4.275235e-01 1.105494e+00 -1.438500e+00 7.300067e-01 -2.592239e+00 1.203740e-01 -8.170153e-01 2.646488e-01 -9.240206e-01 5.669475e-02 -3.569881e-01 2.737492e-01 1.257342e-01 -1.459328e+00 -1.175910e+00 1.589066e+00 -4.273034e-01 1.105425e-01 4.577790e-01 -2.601313e-01 -4.573987e-01 -2.100268e-01 6.783823e-03 
1.071885e+00 -6.082497e-01 5.943510e+00 1.093220e+01 -8.373557e+00 -1.422045e+01 -4.355760e+00 -1.196425e+01 -1.344312e+01 -4.417943e+00 -2.953837e+00 -1.570670e+01 1.944141e+01 8.746286e-02 1.231363e+00 7.111915e-01 -7.954044e-01 -6.619089e-01 6.346403e-01 -3.851012e-01 -1.464308e+00 3.752496e-01 -6.516941e-01 -1.099726e+00 -3.359885e-01 5.547198e-02 -2.280140e-01 3.038735e-02 4.841909e-01 -7.152153e-01 -1.043023e+00 9.964356e-01 -3.810027e-01 3.202379e-01 -9.937465e-02 1.367926e-01 -3.378805e-01 9.952501e-04 -1.459860e-02 
1.092952e+00 -3.879396e-02 7.937868e+00 8.701388e+00 -1.068758e+01 -1.039068e+01 -6.963387e+00 -1.459353e+01 -1.237758e+01 -7.548800e+00 -4.390554e+00 -1.559668e+01 1.949979e+01 9.007719e-02 1.224751e+00 1.493725e+00 -6.882056e-01 -1.572896e+00 2.286357e-01 2.270991e-01 -1.586060e+00 -5.994866e-01 -5.463350e-01 -9.490169e-01 -3.454221e-01 4.163934e-02 -1.256806e-01 -1.929329e-01 3.599287e-01 2.610708e-01 -3.864898e-01 1.798618e-01 5.621126e-02 2.075816e-01 -6.081441e-01 3.567410e-01 1.061043e-01 -7.744681e-02 -3.516943e-02 
1.096463e+00 1.756164e+00 9.517464e+00 7.634896e+00 -1.281258e+01 -1.052158e+01 -6.635265e+00 -1.487300e+01 -1.465539e+01 -5.051369e+00 -9.122829e+00 -1.436881e+01 1.953966e+01 -1.506504e-01 8.258355e-01 2.278414e+00 1.178091e-01 -1.371064e+00 -2.993683e-01 1.161932e-01 -1.254229e+00 -1.590716e+00 7.383860e-01 -4.143905e-01 -6.492137e-01 -8.876534e-03 -1.201386e-01 -6.056114e-01 5.711808e-02 7.493787e-01 3.950790e-01 -4.196422e-02 1.261818e-01 1.215322e-01 -4.558128e-01 -5.011081e-02 3.775139e-01 -1.917665e-01 -6.610372e-02 
9.103724e-01 2.159245e+00 1.291979e+01 8.054696e+00 -1.399978e+01 -1.400889e+01 -2.330045e+00 -1.627880e+01 -1.798608e+01 -4.682681e+00 -5.264440e+00 -1.746328e+01 1.952681e+01 -2.345181e-01 3.110182e-01 1.405806e+00 1.276366e+00 -4.723818e-01 -7.219228e-02 7.603545e-01 -1.659299e+00 -1.937479e+00 2.716593e-01 4.524905e-01 -1.154530e+00 -8.698126e-02 -1.035124e-01 -7.895397e-01 -5.168101e-01 6.808848e-01 9.362433e-01 3.633580e-01 -8.634967e-02 4.797452e-01 9.777987e-02 -4.716386e-01 -1.460214e-01 1.482992e-01 -1.065586e-01 
4.096841e-01 2.421663e+00 1.484476e+01 1.184483e+01 -1.357312e+01 -1.390806e+01 -6.091228e+00 -1.739318e+01 -1.859177e+01 -2.159075e+00 -4.588668e+00 -1.801939e+01 1.938369e+01 -3.511172e-01 -1.339742e+00 1.040745e+00 1.969175e+00 7.632222e-01 5.752664e-01 -2.092671e-02 -8.200306e-01 -1.234943e+00 -1.311172e+00 8.713961e-02 -8.901141e-01 -2.106343e-01 -9.524796e-02 -5.897658e-01 -8.110437e-01 1.921061e-01 9.401423e-01 4.687650e-01 -6.267986e-02 7.195179e-01 5.648348e-01 -8.021846e-01 -5.157405e-01 4.057434e-01 -1.531630e-01 
2.639718e-01 1.183683e+00 1.230321e+01 1.297792e+01 -1.266921e+01 -9.058540e+00 -3.433693e+00 -2.163002e+01 -2.009619e+01 -7.636299e+00 -4.395234e+00 -1.954386e+01 1.914298e+01 -3.273791e-01 -1.640128e+00 -4.714570e-01 1.790554e+00 2.041359e+00 1.608090e+00 -1.359663e-01 5.956194e-01 -2.883416e-01 -1.879749e+00 -1.929959e+00 5.165966e-01 -3.902293e-01 -2.214024e-01 -1.675601e-01 -5.579171e-01 -3.605531e-01 5.947843e-01 1.870089e-01 -1.291722e-01 9.698354e-01 6.503552e-01 -3.450220e-01 -5.454188e-01 3.979635e-01 -1.989245e-01 
-3.357307e-01 -4.454912e+00 1.502962e+01 1.501859e+01 -9.661909e+00 -1.012014e+01 -6.187859e+00 -1.629724e+01 -1.977478e+01 -1.013074e+01 -9.121581e+00 -1.777921e+01 1.867812e+01 -5.805508e-01 -1.147350e+00 -8.379930e-01 8.211951e-01 2.072925e+00 1.204347e+00 2.508934e-01 1.215798e+00 4.089281e-01 -2.196783e+00 -1.801852e+00 5.440773e-01 -6.230915e-01 -4.076444e-01 2.572124e-01 -4.331318e-01 -7.512747e-01 3.604768e-02 1.611290e-02 8.096519e-02 7.361583e-01 4.442134e-01 2.912264e-01 2.478113e-01 3.318022e-01 -2.517406e-01 
-3.539886e-01 -2.602857e+00 1.046988e+01 1.542001e+01 -5.748246e+00 -7.862238e+00 -2.961864e+00 -1.384829e+01 -1.883589e+01 -1.009559e+01 -1.264770e+01 -1.500027e+01 1.792834e+01 -1.226709e+00 -6.228093e-01 -4.442306e-01 4.756195e-02 1.846884e+00 5.484067e-01 -2.143083e-02 2.171894e+00 4.923621e-01 -1.010510e+00 -1.330189e+00 1.181949e-01 -8.753651e-01 -5.965601e-01 2.969627e-02 -2.283816e-01 -7.962783e-01 -4.593430e-01 -2.293251e-01 -1.422719e-01 5.513789e-01 4.641662e-01 7.932325e-01 1.217046e+00 3.523771e-01 -3.112681e-01 
-2.183994e+00 -1.421596e+00 1.157168e+01 1.473015e+01 -6.668848e+00 -8.484361e+00 -5.072884e+00 -1.520527e+01 -1.717731e+01 -1.191360e+01 -9.471635e+00 -1.757087e+01 1.687555e+01 -1.939584e+00 -5.625247e-01 -1.138505e+00 -9.157909e-01 1.040624e+00 1.185828e+00 3.265111e-01 2.072564e+00 5.957537e-01 -2.895822e-01 1.026267e+00 9.680457e-01 -1.226836e+00 -4.472165e-01 -2.433824e-01 -3.047903e-01 -3.475133e-01 -4.716810e-01 -9.697072e-02 6.601346e-02 5.397217e-01 6.549336e-01 1.306174e+00 1.264609e+00 6.064137e-01 -2.752145e-01 
-4.945856e+00 -3.447587e+00 1.181058e+01 1.336006e+01 -4.931734e+00 -7.134716e+00 -4.098431e+00 -1.131615e+01 -1.893327e+01 -1.179769e+01 -1.087123e+01 -1.905706e+01 1.566744e+01 -2.630709e+00 -1.784162e+00 -1.463067e+00 -1.322258e+00 2.607147e-01 4.707965e-01 -8.851857e-01 2.924197e+00 1.939013e+00 1.132818e+00 2.741221e+00 2.066590e+00 -1.644796e+00 -2.120817e-02 -1.220470e-01 -2.818834e-01 1.240829e-01 -2.767294e-01 6.010751e-02 2.646773e-01 1.232230e-01 5.686219e-01 9.798481e-01 5.361600e-01 5.667425e-01 -9.941036e-02 
-7.737562e+00 -6.845416e+00 8.666220e+00 1.147004e+01 -4.866923e+00 -4.554903e+00 -3.986933e+00 -7.200362e+00 -1.674717e+01 -1.072752e+01 -4.878507e+00 -1.091045e+01 1.367448e+01 -2.114535e+00 -1.783644e+00 -1.852518e+00 -2.314683e-01 5.074878e-01 7.583360e-01 1.012716e+00 3.538403e+00 2.960317e+00 3.262431e+00 2.485492e+00 2.602122e+00 -1.614456e+00 4.368371e-01 3.777086e-01 2.039734e-01 5.244078e-01 1.575052e-01 8.901371e-02 2.890247e-01 -2.447785e-01 1.017930e-01 3.104587e-01 -6.866708e-01 2.240608e-02 1.888310e-01 
-1.073081e+01 -8.812042e+00 4.607052e+00 1.043846e+01 -5.345636e+00 -7.472602e+00 -7.930407e+00 -3.230037e+00 -9.355645e+00 -5.024446e+00 -1.238200e+00 -7.997316e+00 1.130488e+01 -1.245323e+00 -6.225500e-01 -1.496760e+00 3.258087e-01 7.297841e-01 1.062557e+00 9.587752e-01 2.055067e+00 2.153142e+00 2.112731e+00 6.210395e-01 2.134813e+00 -1.178613e+00 7.585675e-01 9.185347e-01 5.247226e-01 4.667411e-01 3.756373e-01 4.059761e-01 4.381806e-01 -5.036387e-01 -4.919315e-01 -4.677538e-01 -1.028951e+00 -1.985819e-01 4.433911e-01 
-9.864259e+00 -7.657249e+00 5.911198e+00 1.503328e+01 -3.924227e+00 -4.524082e+00 1.906862e+00 -1.556723e+00 -7.164302e+00 1.011793e+00 -1.860621e+00 -1.009039e+01 1.098466e+01 -4.479520e-01 7.451967e-01 -1.017447e-01 8.823023e-01 1.593690e+00 1.334829e+00 8.496842e-01 1.283170e+00 9.976782e-01 7.728324e-01 -1.346899e+00 1.045839e+00 -5.157930e-01 6.482127e-01 8.721824e-01 3.889023e-01 -1.011704e-01 1.488525e-01 2.611274e-01 -1.680647e-01 -5.245059e-01 -5.194585e-01 -9.486570e-01 -4.615285e-01 -6.105114e-02 4.574067e-01 
-1.010934e+01 -6.154204e+00 5.704611e+00 1.320711e+01 -1.754062e+00 -1.837347e+00 -2.251465e+00 -3.862699e+00 -1.295926e+01 -7.103832e+00 -9.275081e+00 -8.792393e+00 1.111950e+01 3.287133e-01 1.544194e+00 2.852112e-01 4.545517e-01 1.595697e+00 2.212291e+00 1.387376e+00 1.533484e+00 4.607625e-01 3.893388e-02 -4.873638e-01 1.851803e+00 2.283918e-02 3.570122e-01 5.024995e-01 -4.685215e-02 -3.834786e-01 -3.355888e-01 -1.951777e-01 -5.486521e-02 -2.596836e-01 9.715810e-02 -1.504449e-01 3.922131e-01 -8.631977e-02 2.688668e-01 
-1.028840e+01 -4.448483e+00 7.608918e+00 1.449728e+01 1.305773e+00 -6.981199e-01 -2.578171e+00 -4.682462e-01 -9.957413e+00 -5.823894e+00 -7.594387e+00 -5.283659e+00 1.118834e+01 3.394843e-01 1.494022e+00 -7.990819e-01 -8.018023e-01 8.185956e-01 1.488918e+00 -4.179717e-02 1.176611e+00 1.209174e+00 -4.438465e-01 7.319525e-01 2.438331e+00 7.190301e-02 -1.240896e-02 5.590826e-02 -4.716238e-01 -4.897737e-01 -8.523974e-01 -7.033128e-01 -4.408755e-03 -2.455794e-01 3.609540e-01 1.809165e-01 5.045218e-01 -7.789689e-02 1.571138e-02 
-8.875523e+00 -2.695876e+00 5.184436e+00 1.297930e+01 1.791242e-02 1.676221e+00 1.248850e+00 3.893631e+00 -5.655517e+00 -1.411602e+00 -8.076525e-01 -1.141848e+00 1.131708e+01 1.459193e-01 1.515672e+00 -1.382295e+00 -7.494434e-01 -5.606583e-01 9.658929e-03 1.130276e+00 8.099944e-01 2.533307e+00 1.968780e+00 1.542651e+00 1.007148e+00 -1.280971e-01 -2.579605e-01 -1.705713e-01 -3.772243e-01 -2.935185e-01 -6.720806e-01 -9.487509e-01 -3.093609e-01 -4.691121e-01 2.548611e-02 -9.008370e-03 -1.279274e-01 -5.562006e-01 -1.549422e-01 
-8.783881e+00 -1.916183e+00 2.175683e+00 1.113797e+01 -7.175871e-01 1.164064e+00 -5.230906e-02 4.483656e-01 -4.770770e+00 -4.053369e+00 -2.434372e+00 -1.724152e+00 1.124519e+01 -4.185669e-01 1.039100e+00 -1.626085e+00 -9.646244e-01 -1.590016e+00 -1.080277e+00 9.562546e-01 4.169737e-01 1.766186e+00 7.125513e-01 1.606780e-01 1.078789e+00 -3.617234e-01 -2.894627e-01 -1.582304e-01 8.750374e-02 -1.651923e-01 -2.110868e-01 -4.962575e-01 -3.222347e-01 -4.307592e-01 -5.392983e-01 -2.478533e-01 -4.616335e-01 -8.500369e-01 -1.611228e-01 
-1.013181e+01 1.582090e-01 1.509838e+00 1.113889e+01 -3.545676e+00 -2.720876e+00 2.137290e+00 -2.709754e-01 -2.886425e+00 1.854615e+00 -4.141897e+00 -5.536327e+00 1.045053e+01 -5.822240e-01 9.186607e-01 -1.187286e+00 -9.317205e-01 -5.605246e-01 -1.246948e+00 -6.585345e-01 -4.322487e-01 3.096943e-01 -5.841835e-01 -8.412521e-01 -2.493081e-01 -5.351281e-01 -1.641346e-01 -2.815771e-02 3.603471e-01 -1.697586e-01 2.339903e-01 6.391931e-02 -7.397088e-01 -4.061990e-01 -5.876260e-01 -5.870324e-01 -3.357106e-01 -5.762612e-01 -5.464773e-02 
-1.175325e+01 -6.804715e-01 1.315964e+00 1.059462e+01 -4.862504e+00 -3.901578e+00 1.758906e+00 3.699349e+00 -2.510866e+00 -3.894077e+00 -5.124044e+00 2.307647e+00 9.812935e+00 -7.437897e-01 1.001503e+00 -4.590917e-01 -1.536656e+00 -2.369777e-01 -3.639728e-01 -7.585514e-01 -3.559707e-01 -3.756562e-01 -4.066360e-01 -3.842002e-01 -1.183515e+00 -5.303134e-01 5.200518e-02 2.295689e-01 5.740927e-01 -5.447215e-02 4.149481e-01 4.561119e-01 -3.823578e-01 -3.068017e-01 -1.202319e-01 2.399084e-01 2.955486e-01 -1.834079e-01 1.060170e-01 
-1.030175e+01 1.279727e+00 -3.224289e-01 8.592535e+00 -7.121862e-01 -2.025696e+00 -2.949475e+00 1.071270e-01 -5.236725e+00 -4.412334e+00 -3.669231e+00 -4.404361e+00 9.357662e+00 -5.122645e-01 1.393677e+00 -1.639117e-01 -1.312204e+00 -6.711225e-02 -2.907550e-02 -1.710829e+00 -8.345947e-01 6.658826e-01 -4.068486e-01 1.366226e-01 -7.431403e-01 -3.170157e-01 -3.778569e-02 1.257082e-01 5.159886e-01 2.452537e-01 2.773069e-01 6.744438e-01 5.874269e-01 6.502613e-02 5.374209e-01 8.386994e-01 5.674482e-01 8.365318e-01 2.250406e-01 
-1.241791e+01 2.530563e+00 7.963186e-01 4.727534e+00 -3.319330e+00 -1.003284e+00 -1.301789e+00 -1.520855e+00 -5.474288e+00 -2.952913e+00 -4.591476e+00 -8.207671e+00 9.140046e+00 -1.936300e-01 1.949462e+00 7.326324e-01 -1.046754e+00 2.379768e-01 5.912408e-01 -4.293627e-01 -9.157973e-01 9.870064e-01 1.823552e+00 1.149531e+00 4.085879e-01 5.921672e-02 1.146074e-02 -2.050763e-01 2.231671e-01 4.970573e-01 5.291417e-01 5.298598e-01 9.149647e-01 4.634163e-01 5.822442e-01 6.775510e-01 4.283661e-01 1.191964e+00 2.313773e-01 
-1.236068e+01 5.521151e+00 9.494047e-01 7.511805e+00 -4.652853e+00 -4.314805e+00 -4.886347e+00 -1.833699e+00 1.924660e+00 -6.502952e-01 -3.725078e+00 -3.994129e+00 9.201911e+00 -1.046320e+00 1.073197e+00 7.968414e-01 4.952051e-02 5.885417e-01 1.647673e+00 2.114112e+00 1.727371e-01 2.315436e+00 2.494087e+00 1.228962e+00 3.137106e+00 2.952886e-01 1.359977e-02 -6.586278e-01 -9.172460e-02 3.354963e-01 5.181389e-01 2.819864e-01 7.827029e-01 6.484181e-01 -3.685949e-02 2.245394e-02 8.265565e-02 5.790876e-01 1.021463e-01 
-1.169181e+01 6.946302e+00 4.343256e+00 5.901043e+00 -1.702017e+00 1.998681e-01 5.802183e-01 9.068773e-02 -1.156670e+00 3.342455e+00 6.515280e-01 4.145228e+00 1.018717e+01 -4.192990e-01 1.362577e-01 1.764188e-01 2.677046e-01 2.080816e+00 1.447074e+00 1.903895e+00 1.457415e+00 1.710609e+00 1.530758e+00 1.211445e+00 2.836323e+00 3.204319e-01 6.842364e-03 -9.086043e-01 -3.557295e-01 1.613192e-01 9.869924e-02 -4.674572e-01 -2.272393e-01 4.994556e-01 -3.585356e-01 -8.928307e-01 -4.706280e-01 -5.000695e-01 -1.402086e-01 
-1.589604e+01 4.438202e+00 1.888581e+00 8.253572e+00 1.422137e+00 5.610627e+00 6.679664e+00 1.649134e-01 4.181943e+00 4.910314e+00 -1.459202e-01 5.104720e+00 1.031069e+01 -3.314575e-01 -9.928139e-01 -3.444003e-01 -2.919226e-01 1.601983e+00 9.531391e-01 1.036107e+00 1.221037e+00 1.199582e-01 -1.482884e-01 5.190060e-01 9.385142e-01 6.319074e-02 1.736871e-01 -5.130550e-01 -1.795345e-01 -1.712650e-01 -3.633627e-01 -9.828453e-01 -1.140695e+00 -7.993200e-02 -9.041020e-01 -1.100501e+00 -5.888513e-01 -1.266101e+00 -2.885434e-01 
-1.274690e+01 3.753418e+00 1.208963e+00 5.695736e+00 4.046957e+00 1.269083e+00 2.434617e+00 4.766902e+00 1.949988e+00 1.920425e+00 -3.240669e-01 1.424721e+00 1.018761e+01 -5.169703e-01 -1.560526e+00 -4.753141e-01 -6.942966e-02 2.247353e-01 -1.398634e+00 -1.026641e+00 1.057270e+00 2.920928e-01 -1.319464e+00 -8.485171e-01 -9.923806e-01 -5.258045e-01 -2.995877e-02 -9.695774e-03 9.942789e-02 -1.567188e-01 -7.149699e-01 -5.911821e-01 -9.090564e-01 -7.430999e-01 -6.395712e-01 -4.140856e-01 -2.736592e-01 -7.355886e-01 -2.474017e-01 
-1.349056e+01 2.153195e+00 7.947294e-01 6.155035e+00 4.828777e-01 -8.398739e-02 -6.328042e-01 1.933376e+00 9.709147e-01 -6.805829e-01 -6.426095e-01 2.058606e+00 9.517552e+00 -1.291083e-01 -6.436820e-01 2.251996e-01 -6.383275e-01 -3.002426e-01 -1.843939e+00 -2.124004e+00 -2.686422e-02 -1.495917e+00 -1.583446e+00 -6.852959e-01 -1.278945e+00 -7.242761e-01 -7.450282e-03 4.324527e-01 2.080004e-01 -7.325503e-02 -3.975460e-01 1.827206e-01 -1.436722e-01 -7.087958e-01 -2.097437e-03 4.449889e-01 2.951286e-01 -1.919394e-02 -4.593868e-02 
-1.547927e+01 2.860151e-01 2.513638e+00 6.603311e+00 -1.087624e-01 -3.946097e+00 -8.968586e-01 4.492915e+00 1.909375e+00 -4.588466e-01 -3.342889e+00 7.066140e-01 7.954812e+00 -6.703793e-01 -8.673035e-02 3.887851e-01 -3.425842e-01 -5.427355e-01 -1.103612e-01 -1.061224e+00 -1.634153e+00 -6.793171e-01 1.779951e-01 4.453062e-01 2.672196e-01 -5.229004e-01 1.148150e-01 5.004262e-01 -4.669525e-02 -2.102900e-01 1.596500e-02 8.371868e-01 7.248835e-01 -3.292707e-01 3.295269e-01 9.032067e-01 6.546633e-01 3.782887e-01 1.888310e-01 
-1.517521e+01 2.953684e+00 2.362141e+00 4.608117e+00 1.999048e+00 -1.001381e+00 -2.274827e+00 1.679023e-01 -3.277268e+00 -1.816935e+00 -2.062791e+00 -9.310902e-01 7.805813e+00 -2.920333e-01 4.326245e-01 2.635435e-01 -5.215970e-01 -1.841119e-03 1.222725e+00 3.351819e-01 -9.773018e-01 5.950607e-01 1.327908e+00 1.347786e+00 2.126684e-01 -1.679901e-01 1.359623e-01 1.782803e-01 -3.075099e-01 -1.509286e-01 1.467695e-01 6.103313e-01 9.298713e-01 3.327849e-01 7.808683e-01 7.557751e-01 3.354463e-01 2.309848e-01 2.157697e-01 
-1.525667e+01 2.919275e+00 2.369027e+00 4.755552e+00 5.746924e-01 1.175859e+00 -2.050770e+00 -2.521158e+00 6.778914e-01 3.378351e+00 2.612702e+00 4.255241e+00 8.429036e+00 1.384946e-01 4.033249e-01 -7.279528e-01 -1.179152e+00 1.551841e-01 1.253967e+00 1.368119e+00 -1.138296e-01 8.941480e-01 1.741051e+00 1.408247e+00 1.533319e-01 1.402255e-01 1.995500e-01 3.681723e-03 -3.370065e-01 -2.055355e-01 1.179273e-01 3.777465e-03 4.884564e-01 6.846799e-01 5.076894e-01 -2.440380e-02 -2.512604e-01 -8.914883e-02 9.540384e-02 
-1.506215e+01 2.999816e+00 2.184688e+00 4.470787e+00 1.318215e-01 3.468392e+00 1.620154e+00 5.539752e-01 4.562306e+00 4.040569e+00 3.118751e+00 1.347350e+00 8.440363e+00 1.462330e-01 2.594531e-03 -7.541583e-01 -9.745478e-01 8.456288e-02 5.255054e-01 1.310649e+00 8.770521e-01 1.621770e+00 1.413917e+00 5.105302e-01 -6.706050e-02 2.299203e-02 4.772711e-02 -9.869809e-02 -2.162483e-01 -4.849364e-02 -1.668622e-01 -3.671326e-01 -2.570524e-01 3.161000e-01 -1.306888e-01 -5.572487e-01 -6.764513e-01 -2.138846e-01 -4.041359e-02 
-1.484305e+01 2.279866e+00 -1.037537e+00 7.766454e-01 1.600857e+00 8.914165e-02 3.996290e+00 3.730234e+00 2.460049e+00 5.317516e+00 1.107658e+00 3.338589e-01 8.338634e+00 1.082729e-01 1.464996e-01 -7.876241e-01 -1.143768e+00 3.776479e-03 2.570503e-01 8.932399e-01 8.620689e-01 1.345828e+00 1.299281e-02 -3.924339e-01 -3.848604e-02 -1.413947e-01 -5.227280e-02 -2.894752e-02 1.156929e-01 1.982259e-01 -3.572204e-01 -3.104849e-01 -7.167617e-01 -1.190413e-01 -5.875695e-01 -7.910098e-01 -6.005057e-01 -2.806246e-01 -9.744380e-02 
-1.465029e+01 3.286434e+00 2.946832e-01 1.725098e+00 1.908215e+00 2.169734e+00 1.254867e+00 1.427247e+00 3.940450e+00 4.283245e+00 1.242126e+00 6.945246e-01 7.965921e+00 -3.823415e-02 6.754629e-02 -7.879645e-01 -7.816944e-01 -7.603506e-01 -1.144609e-01 -7.126767e-01 1.153190e-01 -2.843224e-01 -5.943898e-01 -1.134033e+00 -7.607771e-01 -2.292052e-01 -4.152900e-02 2.732682e-02 1.826877e-01 1.943187e-01 -3.361229e-01 -2.423488e-01 -6.204563e-01 -2.799724e-01 -9.567255e-01 -6.202692e-01 -2.656096e-01 -2.840967e-01 -4.188070e-02 
-1.492100e+01 3.508771e+00 -6.243635e-01 4.092062e-01 -2.943557e-01 3.110719e+00 2.598147e+00 1.352523e+00 7.718311e+00 3.321889e+00 1.588436e+00 4.389433e+00 7.959168e+00 -3.060030e-02 2.262308e-01 -1.326013e-01 -2.844801e-01 -1.208421e+00 2.153372e-02 -1.203990e+00 -3.283094e-01 -1.090666e+00 -1.209852e+00 -7.719920e-01 -9.029658e-01 -2.209515e-01 1.300318e-03 6.211890e-04 2.493688e-01 2.230343e-01 -8.503594e-02 -2.136014e-01 -3.071926e-01 -1.786174e-01 -8.307908e-01 -2.023385e-01 7.730096e-02 -2.031470e-01 1.695999e-02 
-1.521488e+01 2.723028e+00 -1.961881e+00 7.454130e-01 -2.722290e+00 1.385136e+00 -1.244448e+00 2.319449e+00 5.115101e-01 2.066629e+00 -2.791914e+00 -4.484553e+00 7.483854e+00 7.987213e-03 9.956842e-02 -1.682225e-01 -4.328087e-01 -9.900033e-01 -5.683888e-01 -7.431254e-01 7.225538e-02 -1.943578e+00 -1.075894e+00 -6.278213e-01 -1.055272e+00 -1.466679e-01 3.815006e-02 3.977904e-03 2.156884e-01 1.238005e-01 1.809528e-01 -1.544655e-01 7.468636e-02 6.918300e-03 -4.276641e-01 1.243012e-02 2.262875e-01 -2.961001e-02 3.859213e-02 
-1.471384e+01 3.692540e+00 -5.724519e-01 -1.561907e-01 -2.125740e+00 5.887426e-01 -7.743883e-01 1.642950e+00 -1.279382e+00 3.764974e-01 -7.352707e-01 -1.591572e+00 7.474705e+00 9.154122e-02 1.336649e-01 1.494193e-01 -2.032649e-01 -3.066627e-01 -5.839391e-01 -6.274809e-01 -9.575920e-03 -1.978642e+00 -7.581162e-01 -2.590800e-01 -9.069307e-01 -9.783338e-02 3.275386e-02 -1.507639e-02 8.813133e-02 3.920688e-02 2.486784e-01 -1.226475e-01 1.268593e-01 5.554913e-02 -1.810513e-01 1.221645e-01 1.394574e-01 1.404750e-02 2.950850e-02 
