-1.471944e+01 1.127849e+00 -3.162406e-01 2.545228e+00 1.131541e+00 3.529153e+00 3.437236e+00 1.224096e+00 -5.488479e-01 2.907494e+00 4.474618e+00 5.661640e+00 7.555480e+00 -3.123225e-01 1.288667e-01 -1.075723e-02 3.254702e-01 -5.362039e-01 -1.086114e+00 -1.079463e+00 -1.618068e-01 6.551440e-01 4.382096e-01 3.060018e-01 -1.465502e+00 -4.640447e-03 6.357071e-02 3.283466e-02 -6.036681e-02 -2.426421e-01 -6.965321e-02 1.471735e-01 2.355894e-01 3.555657e-01 4.988975e-02 -2.245688e-01 -2.183451e-01 3.042286e-01 -1.987972e-05 
-1.677551e+01 2.725263e-01 -1.638316e+00 4.555133e+00 2.080881e+00 -1.777703e+00 -1.491313e+00 -1.915814e+00 -3.040002e+00 1.464236e+00 5.906639e+00 4.737408e-01 7.536434e+00 -2.909035e-01 3.496366e-01 -3.922455e-02 -2.756102e-01 -7.129107e-01 -7.171576e-01 -5.697919e-01 9.438392e-01 4.864993e-01 -9.045635e-01 -5.787984e-01 -6.583512e-01 2.513704e-02 8.926953e-02 -3.404481e-02 -7.964549e-02 -1.922483e-01 -3.058920e-02 1.175472e-01 3.569340e-01 3.308098e-01 2.120319e-01 3.252602e-02 -4.463349e-01 3.819065e-01 -5.780558e-03 
-1.525326e+01 2.199741e+00 2.912089e-01 3.167382e+00 -2.024689e+00 7.519309e-01 5.045232e-01 1.984998e+00 3.972530e+00 5.820117e+00 5.288447e+00 9.280694e-01 7.541628e+00 -5.199304e-03 1.825479e-01 -2.983275e-01 -5.872316e-01 -7.961940e-01 -5.346655e-01 -1.563918e-01 1.063283e+00 9.890411e-01 -1.322908e-02 -3.434859e-01 -3.478684e-01 -1.960881e-02 3.735481e-02 -1.584682e-01 -6.712972e-02 8.264692e-04 1.628147e-01 2.615573e-02 1.498498e-01 -1.083701e-01 1.573080e-01 1.163570e-01 -2.981415e-01 3.363448e-01 -2.153127e-02 
-1.590716e+01 2.340469e+00 -8.158019e-01 8.559069e-01 -8.555701e-01 1.331718e+00 2.054933e+00 5.562749e+00 -3.769337e-01 -3.071667e+00 1.173756e+00 4.736645e+00 7.687933e+00 -1.957346e-02 -6.808524e-02 -2.651996e-01 -1.794151e-01 -5.591441e-01 -7.740353e-01 2.436599e-01 8.795674e-01 1.548404e+00 8.265963e-01 -1.600999e+00 -1.147459e-01 -2.605794e-02 5.759845e-02 -2.133083e-01 -2.442922e-03 2.937780e-01 3.842805e-01 1.044554e-01 -2.599763e-01 -6.623528e-01 9.446460e-03 4.151529e-01 6.952388e-02 -6.179579e-02 -2.140974e-02 
-1.517949e+01 1.006924e+00 -2.219416e+00 1.458712e+00 -1.381825e+00 -6.991447e-01 8.820822e-01 2.801330e+00 3.064553e+00 5.109274e+00 5.123816e+00 1.790597e+00 7.381472e+00 -2.612301e-01 -4.547348e-01 -2.333313e-01 2.815430e-01 2.008783e-01 -9.269372e-01 -7.369857e-01 -6.715744e-01 9.106553e-01 1.543757e-01 -6.735696e-01 -5.553549e-02 -8.664795e-02 7.422253e-02 -4.945107e-02 1.906953e-01 2.808254e-01 5.023997e-01 3.682269e-01 -2.478185e-01 -5.396602e-01 -4.380866e-01 -1.557434e-01 9.452648e-02 -1.490286e-02 1.035906e-02 
-1.691018e+01 5.287017e-01 -1.709173e+00 4.512434e+00 -1.036335e+00 -4.922521e+00 -4.619966e-01 2.074022e+00 5.155998e+00 5.952822e+00 -2.015706e+00 -5.315002e-01 7.486006e+00 1.250932e-01 -3.982729e-01 -8.381495e-02 7.588646e-01 7.098872e-01 1.239578e-03 -1.579292e+00 -1.500593e+00 5.728812e-01 1.087478e+00 -6.608274e-02 -1.113438e+00 -4.843086e-02 1.585064e-01 1.167528e-01 2.897675e-01 -1.108048e-02 3.293931e-01 6.863256e-01 2.372893e-02 -2.394721e-01 -8.042904e-01 -4.265577e-01 3.341277e-01 7.525536e-02 3.648872e-02 
-1.605784e+01 8.320674e-01 -4.287576e-01 2.746719e+00 -9.296966e-01 -7.557416e-01 -1.922307e+00 3.719311e-01 5.759299e+00 2.079900e+00 3.515091e+00 3.284523e+00 7.209412e+00 2.936694e-01 1.003334e-01 5.645093e-01 3.478708e-01 1.081254e+00 9.187662e-01 -4.839703e-01 -4.448514e-01 -7.136404e-01 -9.223782e-01 -6.382098e-01 7.701851e-02 4.329015e-02 9.875792e-02 2.666833e-01 2.339076e-01 -2.502652e-01 7.968009e-02 5.342996e-01 5.448127e-01 3.322744e-01 -5.354310e-01 -2.650981e-01 -4.900541e-02 1.067725e-01 5.853486e-02 
-1.484239e+01 4.364280e-01 -2.130043e+00 4.006371e+00 2.467987e+00 1.366168e+00 -4.439238e+00 -7.254697e-01 1.140040e+00 3.880302e+00 1.647346e+00 -1.577105e+00 7.532105e+00 4.955481e-01 2.381635e-01 7.846901e-01 -2.680640e-01 6.475494e-01 1.734684e+00 2.357721e-01 -4.311541e-01 -1.660934e+00 -7.677842e-01 5.193250e-02 1.952906e-01 9.137999e-02 -1.128824e-01 1.987835e-01 1.369872e-01 -4.009405e-01 -3.960726e-01 -1.324288e-01 6.826907e-01 5.264943e-01 -1.221432e-02 -1.754364e-01 -9.265402e-02 3.149784e-01 9.605558e-03 
-1.474517e+01 1.554667e+00 8.135584e-01 3.450937e+00 2.272483e+00 7.504166e-01 4.510877e-01 1.976600e+00 1.504512e+00 1.533489e+00 1.011814e-01 2.698533e+00 7.575174e+00 4.731619e-02 5.603715e-01 5.020323e-01 -4.563236e-01 6.304273e-01 8.777774e-01 1.079494e+00 4.551443e-01 -6.496717e-01 -2.434855e-01 -9.777168e-01 -1.760391e-01 1.361258e-01 -2.019234e-01 3.089613e-02 -9.172212e-02 -2.202449e-01 -6.341034e-01 -6.213244e-01 1.201567e-01 2.164794e-01 4.472746e-01 3.420402e-01 2.179715e-01 1.393213e-01 -4.360172e-02 
-1.508885e+01 1.357901e+00 1.593344e+00 2.820110e+00 6.000845e-01 2.998013e+00 -4.697974e-01 -8.844808e-01 -1.020811e+00 2.387007e+00 -4.918207e-02 7.377847e-01 7.760004e+00 -3.161651e-01 3.655958e-01 6.324026e-01 -8.437254e-01 -1.045213e+00 -6.404188e-01 1.052325e+00 6.819631e-01 4.797148e-01 -1.291913e-01 -3.596400e-01 5.880432e-01 -4.683848e-02 -1.481731e-01 -6.990772e-02 -2.156503e-01 7.847465e-02 -3.831543e-01 -6.762297e-01 -2.219664e-01 5.381846e-02 5.664642e-01 4.312160e-01 4.680400e-01 2.490820e-01 -6.513742e-02 
-1.569815e+01 3.172618e+00 2.196395e-01 1.058399e+00 3.156367e+00 2.817433e+00 1.490545e+00 2.726864e+00 3.591686e+00 1.609087e+00 -5.252416e-01 1.246412e+00 7.776019e+00 -3.101877e-01 1.911320e-01 1.819640e-01 -4.655380e-01 -1.243031e+00 -1.000279e+00 -2.915626e-01 8.091234e-02 4.524554e-01 4.685012e-01 6.573551e-01 5.771829e-01 -1.055973e-01 -1.114718e-02 -2.681995e-01 -2.820936e-01 1.196936e-01 -8.022275e-02 -1.112205e-01 -3.752086e-01 -1.746061e-01 2.565712e-01 3.192032e-01 4.923645e-01 1.487398e-01 -4.625115e-02 
-1.594662e+01 1.455231e+00 1.329143e+00 9.840071e-01 -3.199876e+00 -2.869512e+00 3.024823e-01 2.309179e+00 2.495421e+00 3.196653e+00 1.623695e-01 2.089238e+00 7.197508e+00 -6.653854e-02 7.313013e-02 -1.335698e-01 1.289494e-01 -3.317358e-01 -7.074861e-01 -1.885496e-01 2.487814e-02 6.203731e-01 1.032299e+00 1.574553e+00 1.064107e+00 -1.134795e-01 5.152277e-02 -1.510711e-01 -2.401548e-01 1.256977e-01 4.317507e-01 5.227657e-01 -1.559333e-01 -1.557085e-01 -3.262047e-02 -1.149284e-01 4.909803e-02 -1.225669e-01 2.788416e-02 
-1.586685e+01 2.461815e+00 1.855053e+00 2.041167e+00 -2.042462e+00 -1.317357e+00 -1.393023e+00 7.845762e-01 2.008865e+00 3.471309e+00 3.282137e+00 4.908910e+00 7.328447e+00 -1.331436e-01 -6.345184e-01 -5.253103e-01 -3.442416e-01 -1.274341e-01 3.552282e-01 -1.760775e-01 -8.929756e-02 5.628256e-01 7.718846e-01 5.169933e-01 3.295555e-01 -6.180684e-02 7.259373e-02 -5.332814e-02 -9.861678e-02 1.289021e-01 4.583291e-01 5.864659e-01 9.898064e-02 -6.792923e-02 -3.245059e-01 -6.731629e-01 -4.583701e-01 -1.332168e-01 4.890943e-02 
-1.533703e+01 2.079237e+00 1.074785e-01 2.973563e+00 1.541188e+00 1.528008e+00 2.906410e-02 2.112402e-01 2.872351e+00 6.617435e+00 5.920084e+00 4.227057e+00 7.416317e+00 -1.469485e-01 2.319695e-02 -2.146890e-01 -2.758485e-01 5.557882e-01 1.295610e+00 2.148729e-01 -1.152015e-02 2.615185e-01 -8.555232e-01 -4.382587e-02 9.911084e-02 7.067907e-02 7.874697e-02 8.660351e-02 7.071947e-02 1.409103e-01 2.021260e-01 2.661558e-01 6.694591e-03 -1.029843e-01 -6.464286e-01 -9.009327e-01 -6.322017e-01 -2.089644e-01 3.420390e-02 
-1.666886e+01 -3.118739e-01 -1.796409e+00 -1.657726e+00 1.488229e-01 2.394944e+00 7.471283e-01 3.328754e+00 6.217381e+00 3.758112e+00 -8.191090e-01 1.825434e+00 7.357448e+00 9.300041e-02 -5.043332e-02 -2.704900e-01 3.813921e-01 6.048272e-01 9.305102e-01 1.565928e-03 -2.403505e-01 -9.905957e-01 -1.953361e+00 -8.253291e-01 3.936753e-01 4.687301e-02 1.663401e-01 2.564805e-01 2.132676e-01 1.873912e-01 -3.701788e-03 -2.425660e-01 -1.059659e-01 -9.393959e-03 -4.826997e-01 -4.177830e-01 -9.858684e-02 -1.720557e-01 3.966413e-03 
-1.628058e+01 2.958576e+00 2.081511e+00 1.454041e+00 -1.516640e+00 1.752503e+00 3.071628e-01 9.794208e-01 1.698494e+00 -1.224311e+00 1.993895e+00 4.126389e+00 7.536434e+00 2.141846e-01 2.141037e-01 9.253126e-02 4.707559e-01 3.129201e-01 3.357701e-01 -2.438988e-01 -4.144875e-01 -1.835031e+00 -2.109690e+00 -9.152540e-01 -1.283852e-02 3.162209e-03 1.200099e-01 -4.265269e-04 3.817846e-02 -1.312294e-01 -2.302978e-01 -5.672233e-01 -1.758400e-01 1.003538e-01 -1.476047e-02 4.588548e-01 6.206548e-02 -3.594278e-01 -3.035459e-02 
-1.493045e+01 1.769973e+00 -4.843040e-01 4.707920e+00 2.510468e+00 3.222886e+00 -1.524076e+00 -8.010560e-01 -2.357328e+00 -2.374421e+00 1.118330e+00 6.927801e+00 7.502671e+00 5.180344e-01 5.525128e-01 3.872814e-01 2.193458e-01 -2.453518e-02 -3.776762e-01 -4.765544e-01 6.520361e-02 -8.024454e-01 -6.899868e-01 4.596460e-01 -4.748435e-01 -8.223299e-03 -2.350536e-02 -3.292251e-02 4.542443e-02 -2.603507e-01 -3.795075e-01 -4.724143e-01 -3.529005e-02 4.984997e-02 3.751335e-01 9.040190e-01 2.226330e-01 -4.756450e-01 -2.345150e-02 
-1.513546e+01 2.108731e+00 -8.550951e-02 2.144915e+00 1.924392e+00 2.792825e+00 -5.479457e-02 2.039616e-01 -2.015635e+00 -8.646293e-01 3.750186e-01 1.611845e+00 7.359396e+00 2.405846e-01 -2.802710e-01 -3.527429e-01 -8.510334e-01 -2.808682e-01 -8.863514e-01 -4.253176e-01 3.373287e-01 9.360075e-02 8.069801e-01 -3.761532e-01 -1.263845e+00 -5.344686e-02 -4.306791e-01 -7.847809e-02 5.872130e-04 2.459815e-01 -3.340770e-01 -1.362483e-01 -7.981314e-02 -2.483067e-01 4.159828e-01 6.725622e-01 9.253475e-02 -1.986173e-02 4.132575e-02 
-1.465110e+01 2.875151e+00 1.223747e+00 -9.064716e-01 -1.694371e+00 -1.354651e-02 -1.454649e+00 4.043185e+00 4.062581e+00 1.284832e-01 2.288586e+00 7.087135e-01 7.404846e+00 -3.779022e-02 3.202292e-02 1.793188e-01 -2.595645e-01 -9.958412e-01 -8.204930e-01 -8.418831e-02 -3.669782e-01 -7.928431e-02 1.108428e+00 1.818822e-02 -1.358983e+00 -4.206135e-02 -6.817467e-01 -2.185245e-02 -8.794543e-02 6.508855e-01 -2.403110e-01 2.719353e-01 -6.498324e-02 -5.215658e-01 -3.110754e-02 -1.119844e-01 -4.506574e-01 1.664120e-01 9.633172e-02 
-1.521723e+01 1.004396e+00 -5.359336e-01 5.908725e-03 -8.187236e-01 -1.061251e+00 -1.854051e+00 2.437143e-01 -1.043235e+00 1.559051e+00 -4.720108e-01 9.167773e-01 7.317842e+00 -1.661288e+00 8.183518e-02 1.993467e-01 1.940214e+00 -8.716643e-01 -1.240870e-01 -8.391896e-01 -1.439961e+00 -1.167205e-01 3.539401e-01 -2.319323e-01 3.300017e-01 2.267322e-01 -3.466538e-01 1.752150e-01 9.408225e-02 5.427110e-01 5.415251e-02 4.275798e-01 5.372273e-02 -1.137086e-01 1.472328e-02 -6.238304e-01 -1.755864e-01 3.632358e-01 7.742114e-02 
-1.507827e+01 2.482461e+00 6.376616e-01 4.479408e+00 -1.097023e+00 1.047598e+00 -1.045497e+00 -2.655999e+00 -3.239678e+00 1.955716e+00 1.632804e+00 4.804680e-01 7.313297e+00 -1.939734e+00 2.619815e-01 -3.284323e-01 2.078192e+00 -9.305112e-01 6.009306e-01 -5.945339e-01 -1.653945e+00 -8.527238e-01 -1.023395e+00 -1.865748e+00 -4.396594e-01 3.333419e-01 2.764520e-01 8.094095e-02 2.201773e-02 -3.108119e-01 3.791502e-01 2.762323e-01 1.589682e-01 5.591872e-01 3.591924e-01 -4.563972e-01 5.753111e-02 3.178073e-01 1.332448e-02 
-2.322849e+01 2.714198e+00 1.204519e+00 9.152730e+00 -2.733009e+00 1.641770e+00 -4.455229e+00 -3.646459e+00 1.051769e+00 -8.754155e-03 -4.566452e-01 3.376062e+00 8.538927e+00 -5.417398e-01 4.808170e-01 3.716621e-01 6.937284e-01 -4.265470e-02 5.408291e-01 9.844395e-02 4.123284e-01 5.539814e-01 -1.246178e+00 -3.120750e-01 9.271373e-02 1.459190e-01 8.632848e-01 3.354886e-02 1.140197e-01 -9.841114e-01 4.619140e-01 1.251108e-01 5.878328e-01 1.057233e+00 4.734373e-01 1.054386e-01 4.715149e-01 1.001495e-01 -8.963853e-02 
-2.034411e+01 3.330621e+00 -1.288658e+00 4.911078e+00 -5.389861e+00 1.639688e+00 -3.126752e+00 -2.281427e+00 -1.248606e+00 -4.204736e+00 -7.047395e+00 -2.719293e+00 8.461013e+00 7.846680e-01 2.371963e-01 2.033775e-01 -1.190377e+00 4.854711e-01 2.282897e-01 2.418396e-01 1.502745e+00 1.381334e+00 -3.735260e-01 3.458488e-01 3.487467e-01 6.494650e-02 6.038663e-01 -6.485733e-02 9.531187e-02 -7.686393e-01 3.089957e-01 -6.211988e-02 4.058326e-01 6.604782e-01 3.938791e-01 6.459810e-01 7.881580e-01 3.639348e-01 -7.959989e-02 
-1.529300e+01 2.983857e+00 2.285537e+00 3.258786e+00 1.114202e+00 1.346861e+00 -3.211921e-01 2.117694e+00 7.307204e-01 -1.591607e+00 2.307793e+00 2.980116e+00 7.473670e+00 1.292958e+00 2.621024e-01 5.035439e-01 -1.346148e+00 7.298353e-01 6.878014e-01 1.681796e+00 2.267779e+00 1.133455e+00 5.561734e-01 1.019837e+00 4.365210e-01 -8.728490e-02 -3.126154e-02 -1.798941e-01 -2.786244e-01 -1.992981e-01 -9.573709e-02 -2.451039e-01 1.454375e-02 -1.459290e-01 -1.656479e-01 5.201917e-01 1.905958e-01 1.618858e-01 -1.939229e-02 
-1.512288e+01 3.533286e+00 1.114079e+00 1.474724e+00 -5.937430e-01 2.336265e+00 -1.903196e+00 1.975480e+00 3.827667e+00 8.793908e-01 1.979627e+00 2.422236e+00 8.170567e+00 1.622383e-01 4.713586e-02 8.232838e-02 -7.451473e-01 2.279745e-01 2.168336e-01 6.430373e-01 7.207560e-01 8.268175e-01 1.305324e+00 1.409063e+00 1.208116e+00 5.196862e-02 -2.714188e-01 -2.168793e-01 -4.156831e-01 1.136221e-01 -2.043993e-01 -3.726802e-01 -2.035626e-01 -5.127784e-01 -4.873123e-01 2.880489e-01 -8.672120e-02 5.781612e-02 -4.941101e-02 
-1.937426e+01 3.923448e+00 2.520541e+00 4.140142e+00 -1.481528e+00 4.732451e+00 3.341676e+00 5.563869e+00 4.181106e+00 2.300062e-01 1.291688e-01 2.987804e+00 8.248048e+00 -3.868973e-01 -3.237963e-01 -9.608854e-01 -5.253522e-01 -3.925776e-01 -6.789897e-01 -2.951324e-02 7.363269e-02 2.978448e-03 5.152731e-01 1.092798e-01 4.723746e-01 5.547185e-02 -2.934835e-02 -2.037687e-01 -4.147170e-01 1.542339e-01 -9.888941e-02 -4.381896e-01 -4.955846e-01 -6.273923e-01 -5.379034e-01 5.401728e-03 -3.113208e-01 -1.748181e-01 -7.729075e-02 
-1.749203e+01 3.096776e+00 -9.949034e-01 7.448200e-01 -2.951487e+00 1.031319e+00 -1.742889e+00 -4.007287e-01 1.160684e+00 1.411118e+00 1.087324e+00 3.317439e+00 8.333537e+00 2.674116e-01 -5.542385e-01 -1.142900e+00 -1.032621e+00 2.450389e-02 -9.516917e-01 7.976948e-02 3.589341e-02 -4.898712e-01 1.087211e+00 3.676569e-01 6.199543e-01 -2.535293e-01 1.786983e-01 -1.035770e-01 -4.042940e-02 2.083380e-01 8.740637e-02 -1.502950e-02 -8.492344e-02 -1.111575e-01 -3.512590e-01 -3.503867e-01 -4.026863e-01 -4.689888e-01 -1.010384e-01 
-1.604269e+01 1.583740e+00 -1.464555e+00 9.966837e-01 3.304546e-01 -1.395722e+00 -5.485856e-01 3.674212e+00 2.079339e+00 7.189482e-01 3.300247e+00 4.894495e+00 7.669537e+00 1.093641e+00 -4.559439e-01 -9.574845e-01 -4.312223e-01 3.371903e-01 -9.189352e-01 -5.144427e-01 -5.267475e-01 -8.975503e-01 6.922189e-01 -1.591505e-02 -1.434585e-01 -3.209665e-01 9.149297e-02 2.089736e-02 2.954764e-01 2.719205e-01 -1.498828e-01 2.804538e-01 -5.439523e-02 -2.612515e-01 -2.568312e-02 -1.858117e-01 -6.248139e-02 -5.400437e-01 -4.333435e-02 
-1.545169e+01 1.932189e+00 -2.607528e+00 -2.116418e+00 -1.377057e+00 6.417658e-01 4.405566e-01 3.099756e+00 2.428862e+00 6.071023e+00 2.232337e+00 4.568464e+00 7.192097e+00 3.154441e-01 -4.045599e-01 -1.217294e-01 2.494515e-01 3.001201e-01 2.616794e-01 4.610118e-01 4.652017e-01 -4.792097e-01 -5.350591e-01 -5.417335e-01 -8.289903e-01 -2.649944e-01 -3.599944e-01 2.130165e-01 1.998735e-01 2.491522e-01 -2.110130e-01 2.873138e-01 6.801822e-02 -3.399600e-01 2.835826e-01 -1.994739e-01 2.038175e-01 -4.919194e-01 9.963743e-02 
-1.492645e+01 2.225864e+00 -1.460282e+00 3.414908e+00 -5.829058e-01 3.324705e-01 -3.223622e-01 1.180424e+00 -9.407267e-01 1.361263e+00 -5.230466e-01 1.644760e+00 7.213740e+00 4.653344e-02 -2.940540e-01 5.869699e-03 1.932119e-01 -1.279769e+00 1.165493e-01 -4.921277e-01 -1.447241e+00 -1.307742e-01 3.973092e-01 2.516161e-01 -1.503364e+00 -1.554387e-01 -6.055810e-01 4.032990e-01 1.639661e-02 -5.880949e-02 -9.054504e-02 2.884446e-02 2.217281e-01 -2.313461e-01 4.442488e-01 3.395512e-02 3.811241e-01 -5.637098e-02 1.847837e-01 
-1.647272e+01 7.524339e-01 -1.605557e+00 7.828497e-01 -9.942864e-01 1.475765e+00 4.487475e-01 3.172543e+00 2.747741e-01 -1.585261e+00 2.899589e-01 7.973688e-01 7.236248e+00 -1.008971e+00 4.297957e-01 -6.250718e-01 -9.894802e-02 -2.220213e-01 -3.284097e-02 4.087637e-01 -1.203564e+00 5.445315e-01 2.372440e-01 1.252996e+00 -1.159706e+00 1.620020e-01 -4.507159e-01 5.286916e-01 -7.797673e-02 -2.291835e-01 1.548412e-01 -2.996072e-01 -1.909072e-02 -2.335666e-01 5.579389e-02 3.635601e-02 7.236316e-02 4.057357e-01 1.957703e-01 
-1.529929e+01 7.035583e-01 -1.935987e+00 5.129720e-01 -6.259872e+00 -1.229906e+00 -3.013640e+00 -3.598308e+00 2.502540e+00 6.533679e+00 5.529633e+00 -7.369211e-01 6.870053e+00 -1.272118e+00 1.143368e+00 -6.238123e-01 -5.510889e-01 1.455223e-01 -6.274083e-01 6.203178e-01 -8.491598e-01 8.117946e-01 4.757739e-01 9.923748e-01 -2.598710e-01 3.893937e-01 -8.196112e-02 3.524380e-01 1.478342e-01 -2.899151e-02 5.074681e-01 -1.320519e-01 1.367568e-01 5.281479e-01 -3.373843e-01 -4.970122e-01 -5.716022e-01 6.565745e-01 1.439242e-01 
-2.031008e+01 4.841971e+00 -5.494872e+00 -1.160670e+00 3.508286e-01 1.258653e+00 3.830007e+00 -5.283855e-01 3.430449e+00 4.671094e+00 5.471188e+00 -3.945106e-02 8.173814e+00 -1.278807e+00 1.520104e+00 -1.968025e-01 -5.243195e-01 3.614605e-01 -8.643603e-01 -1.907744e-01 -1.001554e+00 -6.714792e-01 -3.925416e-01 -5.503491e-01 5.780012e-01 4.413848e-01 4.225010e-01 -5.367377e-01 9.408953e-01 5.590878e-02 2.695604e-02 2.530138e-01 -2.153196e-01 7.116907e-01 -6.320373e-01 -3.439843e-01 -8.028551e-01 3.295222e-01 2.270685e-02 
-1.936825e+01 5.898273e+00 -2.634590e+00 1.631180e+00 -5.274193e-01 -2.695935e+00 1.088804e+00 -1.214821e+00 1.540461e+00 6.119865e-01 1.848471e+00 7.637327e-01 8.691941e+00 -2.282834e-01 9.229613e-01 5.308776e-01 2.608900e-01 9.658878e-01 -1.280017e-01 4.914168e-01 1.092402e+00 -1.209761e+00 -1.772879e+00 -1.704744e+00 9.106507e-01 4.244260e-01 4.175370e-01 -1.388724e+00 1.232666e+00 -1.173323e-01 -2.652205e-01 7.489453e-01 -9.951953e-02 8.363203e-01 -4.644707e-01 1.154423e-01 -3.981096e-01 -2.118931e-01 -5.889061e-02 
-2.083246e+01 5.755439e+00 -2.240068e+00 -2.397971e+00 -2.052866e+00 -2.113120e+00 -2.556123e+00 -3.027212e+00 -2.601852e+00 -5.870727e-01 -6.212767e-01 2.937110e+00 8.532218e+00 5.815796e-01 -2.143637e+00 3.501933e+00 -2.254077e-01 -4.973050e-01 9.824945e-01 -6.034330e-01 1.384163e+00 -1.604840e+00 -3.583134e-01 -1.412623e+00 -9.741423e-02 2.580224e-01 4.018178e-01 -1.269861e+00 6.644503e-01 7.091896e-02 -2.223243e-01 5.849079e-01 9.764461e-02 4.524630e-01 1.624003e-01 6.206287e-01 2.598403e-01 -5.924613e-01 -1.427243e-01 
-1.617965e+01 4.861774e+00 -9.087353e-01 2.436143e+00 -2.287456e-01 -1.840943e-01 2.636873e+00 3.112633e+00 -5.303395e-01 2.983529e-01 5.206633e-02 2.328295e+00 8.812924e+00 -1.146422e-01 -3.968434e+00 3.690120e+00 -1.287287e+00 -7.511446e-01 2.193908e+00 3.291444e-01 2.139523e+00 -1.043903e+00 1.035835e+00 -5.671315e-01 -9.816282e-01 1.866042e-01 6.486341e-02 -2.937576e-01 -4.337322e-01 4.184306e-02 -2.102095e-01 -1.133815e-01 -2.326880e-01 -4.241960e-01 5.031794e-01 6.703613e-01 5.720762e-01 -5.125536e-01 -2.125816e-01 
-1.899655e+01 -5.357856e+00 1.115231e+01 -2.689867e+00 -2.284782e+00 4.915113e+00 3.881510e-02 4.228511e+00 -3.558592e+00 3.036392e+00 -6.937146e-01 -1.308736e+00 9.403339e+00 6.734461e-01 -2.383389e+00 1.545876e+00 6.042852e-01 1.084521e-01 8.991929e-01 3.786958e-01 7.371352e-01 5.761836e-02 1.306191e+00 1.799095e-01 -1.438203e+00 -1.533686e-01 1.227762e-01 1.121731e+00 -1.597348e+00 6.940108e-02 -1.166907e-01 -6.439399e-01 -1.141490e-01 -5.506681e-01 8.995680e-01 -4.347345e-02 1.869090e-01 -2.092672e-02 -1.658885e-01 
-2.085962e+01 -8.387299e+00 9.119878e+00 -4.659073e+00 -4.167423e+00 4.759330e+00 1.437110e+00 5.855016e+00 -3.200882e+00 3.979287e+00 -9.508142e-01 -2.021583e+00 9.189508e+00 5.009140e-02 -4.259598e-01 -6.597113e-01 5.523425e-02 -3.879230e-01 -6.533142e-01 -1.163060e+00 -7.051950e-01 4.748686e-01 7.466637e-01 3.594003e-01 -9.817770e-01 -4.327515e-01 4.452783e-01 1.382719e+00 -1.389279e+00 -1.639145e-01 -5.057856e-01 -6.382608e-01 -2.573746e-02 -2.663539e-01 9.691629e-01 -4.643716e-01 -2.768257e-01 3.749508e-01 -1.766651e-02 
-1.512516e+01 4.625511e-01 4.749392e-01 4.171166e+00 4.592007e-01 -8.888282e-02 -6.259537e-02 -7.125921e-01 -9.788112e-01 4.103471e+00 7.800122e-01 -2.079245e+00 7.577122e+00 1.113068e+00 1.693722e+00 -2.309808e+00 -5.496591e-01 -1.262315e+00 -8.136424e-01 -4.280817e-01 5.323049e-02 2.133572e+00 -4.311067e-01 -9.412801e-01 -2.018507e-01 -2.618096e-01 3.040382e-01 5.787875e-01 -5.815501e-01 -6.851895e-01 -7.575383e-01 -8.998718e-03 5.909057e-01 5.318329e-01 6.354688e-01 -5.222501e-01 -5.694410e-01 4.804515e-01 1.898151e-01 
-1.786459e+01 -1.783088e-01 1.131526e+00 -7.183244e-01 -3.540598e+00 -9.484360e-01 -3.127532e+00 2.057225e+00 5.541791e-01 3.498322e+00 1.112293e+00 -2.195289e+00 7.562189e+00 1.891905e+00 9.067602e-01 -1.328315e+00 -1.529880e+00 -2.594681e+00 -1.410122e-01 6.038007e-01 1.149585e+00 2.763809e+00 -4.174288e-01 -1.390546e+00 2.749569e-01 1.525273e-01 1.383403e-01 -9.725128e-02 1.480099e-01 -1.499162e-01 -1.103243e-01 4.159203e-01 9.600164e-01 5.457226e-01 1.730278e-01 -8.891879e-02 -1.834262e-01 4.289658e-01 2.047637e-01 
-1.492845e+01 -9.940253e-01 3.596930e+00 -7.408557e+00 -8.909354e+00 3.701025e+00 1.811798e-01 6.393638e+00 5.231811e+00 1.121414e+00 -6.431673e+00 -2.231328e+00 8.907936e+00 1.272820e+00 -1.558612e-01 -1.027519e+00 -2.029046e+00 -2.575730e+00 5.979946e-01 2.449742e+00 2.468832e+00 2.090441e+00 -7.230139e-01 -1.792336e+00 3.357294e-01 5.030895e-01 -4.505349e-01 -2.765148e-01 4.454462e-01 6.388435e-01 8.913709e-01 2.038377e-01 3.091376e-01 -2.501020e-01 -5.837342e-01 4.033486e-01 7.811234e-01 2.224572e-01 3.310133e-03 
-1.149852e+01 -3.125169e+00 9.171737e-01 -6.518528e+00 -1.245659e+01 2.159471e+00 4.333939e+00 8.049817e+00 7.513322e+00 3.383202e+00 -4.297773e+00 -5.706623e-01 9.286685e+00 6.619895e-01 1.255744e-02 -5.608314e-01 4.538438e-02 -2.828630e-01 7.205579e-01 2.198142e+00 8.156789e-01 1.361586e+00 4.480844e-01 -1.323149e-01 8.942860e-01 2.085791e-01 -8.279766e-01 1.031831e-01 3.578797e-01 9.767244e-01 1.627962e+00 -5.591320e-02 -5.845640e-01 -8.613444e-01 -8.504533e-01 5.025280e-01 1.125354e+00 4.723277e-02 -1.844831e-01 
-1.194428e+01 1.156921e+00 -4.555924e+00 -3.073833e+00 -7.961748e+00 1.346861e+00 8.455105e+00 8.635471e+00 5.993857e+00 5.458152e-01 -5.476535e+00 -1.213113e+00 9.230413e+00 -5.245904e-01 7.580488e-01 -4.663603e-01 1.856887e+00 2.038597e+00 -2.251773e-01 3.203802e-01 -1.030289e+00 -8.400927e-02 1.152932e+00 2.335325e+00 6.006886e-01 -2.732747e-01 -5.596644e-01 1.978142e-01 3.834821e-01 7.902272e-01 1.405137e+00 -1.220257e-01 -1.228863e+00 -9.713283e-01 -7.875004e-01 3.874570e-01 1.016021e+00 4.070969e-02 -2.038069e-01 
-1.604698e+01 -1.190370e+00 2.403751e+00 -2.658842e+00 -5.428874e+00 3.831255e+00 3.725866e+00 5.014608e+00 6.981206e+00 6.026426e+00 -2.695681e-02 1.766811e+00 8.443699e+00 -1.349326e+00 9.657611e-01 1.803265e-01 1.410704e+00 3.237976e+00 -8.950045e-03 -1.254275e+00 -1.407490e+00 -4.011873e-01 1.157269e+00 2.172348e+00 3.786495e-01 -3.817157e-01 5.580320e-03 -7.032477e-01 2.599931e-01 -3.365822e-01 -9.511899e-02 -2.410332e-01 -6.746122e-01 6.099955e-02 -1.048574e+00 -2.495781e-01 -2.363978e-01 -2.590855e-01 2.475191e-01 
-1.527727e+01 1.828961e+00 5.219399e-01 -5.380465e-02 -2.230162e+00 1.739064e+00 2.086917e+00 2.759338e+00 5.077693e+00 5.564678e+00 3.109549e+00 -3.962347e-01 7.962796e+00 -5.198939e-01 3.566490e-01 5.191631e-01 1.239364e+00 2.689736e+00 3.526376e-01 -1.968355e+00 -1.276169e+00 -9.656382e-01 8.596902e-01 2.135552e+00 7.970649e-01 -2.208059e-01 4.242590e-01 -1.645172e+00 3.051378e-01 -1.208691e+00 -1.647604e+00 -6.872861e-02 4.007891e-01 1.140571e+00 -1.028204e+00 -5.721257e-01 -1.396095e+00 -4.184682e-01 6.873481e-01 
-1.657851e+01 1.367171e+00 -7.200200e-01 -9.748584e-01 8.671134e-01 1.918697e+00 1.246770e+00 3.950242e+00 5.965382e+00 6.660038e+00 2.271025e+00 9.143746e-01 8.011926e+00 6.874645e-01 -3.302981e+00 2.464563e-01 -1.328832e+00 -1.083945e+00 -7.735748e-01 -3.045708e-02 1.243550e+00 -3.440427e+00 -6.532231e-01 -1.214286e+00 -4.993905e-01 1.419902e+00 8.663356e-01 -1.581353e+00 2.415049e-01 -1.233786e+00 -2.422704e+00 -1.517776e-01 8.956534e-01 1.072115e+00 -9.466168e-01 -6.498972e-01 -1.651799e+00 -4.050227e-01 9.209108e-01 
-1.427798e+01 1.661267e+00 -3.981359e-01 2.281022e+00 2.338807e+00 4.066539e+00 -1.468441e-01 2.786773e+00 1.673579e+00 4.527511e+00 4.052064e+00 3.198511e+00 8.342411e+00 5.783063e-01 -5.333436e+00 1.026158e+00 -2.816798e+00 -4.038424e+00 -1.865488e-01 1.712471e+00 3.347084e+00 -3.705509e+00 -8.024794e-01 -2.951847e+00 -1.052591e+00 2.262668e+00 7.654276e-01 -6.139220e-01 3.343564e-02 -8.870680e-01 -1.960796e+00 -2.600552e-01 6.281474e-01 3.231091e-01 -3.387496e-01 -3.926880e-01 -1.369185e+00 -3.553342e-01 7.559901e-01 
-1.310941e+01 -1.762141e+01 4.096136e+00 -1.047029e+01 -1.313370e+01 -1.200188e+00 4.690436e+00 1.121884e+01 -8.519188e+00 3.278778e+00 -6.569963e+00 -2.527326e+00 1.535359e+01 2.433285e+00 -4.095867e+00 1.134485e+00 -2.730135e+00 -5.511591e+00 -4.982246e-01 1.383611e+00 1.641441e+00 -3.764389e+00 -1.261124e+00 -3.542910e+00 -7.215784e-01 2.981149e+00 4.345230e-01 1.206516e+00 -2.616732e-01 3.003218e-01 -2.173795e-01 -3.942905e-02 -3.584415e-01 -9.715645e-01 6.198229e-01 1.660038e-01 -1.137579e-01 7.602083e-02 7.674055e-02 
-1.412015e+01 -1.534364e+01 3.244781e+00 -9.390107e+00 -1.542165e+01 2.365604e+00 8.927444e+00 1.586040e+01 -6.207778e+00 3.242883e+00 -7.229313e+00 -3.938604e+00 1.560507e+01 2.434352e+00 -2.316529e+00 2.424255e-01 -2.495327e+00 -4.900515e+00 -1.085251e+00 4.653939e-01 1.404906e-01 -2.497494e+00 -7.997438e-01 -3.546052e+00 -8.684887e-01 2.778519e+00 1.029980e-01 1.697986e+00 -4.931492e-01 8.779609e-01 9.277771e-01 -1.445406e-01 -9.833346e-01 -1.438429e+00 8.651395e-01 4.394190e-01 7.159047e-01 1.220152e-01 -3.549943e-01 
-4.490849e+00 -1.060987e+01 3.130483e+00 -8.789971e+00 -1.781061e+01 2.779558e-01 3.627186e+00 5.620978e+00 -8.915693e+00 9.968675e-01 -9.802778e+00 8.749723e-01 1.928629e+01 1.932039e+00 1.221230e+00 -6.699142e-01 1.210134e-02 -1.739739e+00 -5.213096e-01 -1.199061e+00 -2.010936e+00 -9.452845e-01 1.753263e-01 -1.485945e+00 -2.112232e-01 1.545620e+00 -6.498429e-01 1.075104e+00 -4.158148e-01 8.774886e-01 1.253393e+00 3.665935e-02 -7.517678e-01 -5.491090e-01 9.618565e-01 6.007071e-01 1.112599e+00 -1.548495e-01 -6.720018e-01 
-6.415393e+00 -1.342696e+01 1.296385e+00 -1.103573e+01 -1.982503e+01 -2.098923e+00 2.711371e+00 6.288377e+00 -1.061561e+01 1.669639e+00 -1.206152e+01 -2.845188e+00 2.026866e+01 1.343908e+00 4.978644e-01 -5.372766e-01 2.018702e-01 -1.285255e+00 -8.976924e-01 -1.912871e+00 -2.018886e+00 -7.892398e-01 6.764058e-01 -4.009229e-01 -6.977009e-01 1.205408e+00 -7.097723e-01 4.260513e-01 -7.595664e-02 6.188075e-01 8.222054e-01 1.467212e-01 -3.452483e-01 1.061175e-01 7.220750e-01 3.442696e-01 1.080392e+00 -1.392407e-01 -6.329410e-01 
-7.301753e+00 -1.247347e+01 1.720816e+00 -9.586927e+00 -1.963083e+01 -1.574598e+00 1.802967e+00 5.950199e+00 -1.104202e+01 4.942124e+00 -1.158327e+01 -4.130330e+00 2.074999e+01 -2.707655e-01 -1.276907e-01 -5.547853e-01 3.087890e-01 -1.052195e+00 -4.087057e-01 -1.186184e+00 -2.435534e-02 1.908865e-01 1.004409e+00 4.475304e-01 -1.581245e+00 4.077060e-01 -5.177552e-01 -1.938720e-01 2.525276e-01 9.630194e-03 1.166426e-01 -1.038077e-02 3.501836e-02 6.349665e-01 3.932149e-01 -3.201208e-02 5.986891e-01 -1.073242e-01 -3.967532e-01 
-5.995087e+00 -1.192277e+01 1.263626e+00 -7.982339e+00 -2.093779e+01 -1.196591e+00 2.751795e-01 5.600822e+00 -9.091166e+00 4.652421e+00 -8.343594e+00 -4.924384e+00 2.090063e+01 -1.309798e-02 4.883130e-01 -1.950390e-01 4.504206e-01 -1.133483e+00 -4.078997e-01 -1.267287e+00 -3.221508e-01 5.447738e-01 5.069996e-01 8.890778e-01 -8.797952e-01 1.828621e-01 -2.962903e-01 2.599877e-02 4.574789e-01 -9.807208e-02 6.960505e-02 -9.576668e-03 6.421054e-02 5.411400e-01 7.859859e-02 -1.385085e-01 1.785607e-01 2.076472e-01 -2.762894e-01 
-6.054845e+00 -1.200072e+01 3.731042e-01 -8.772958e+00 -2.251483e+01 -2.216850e+00 -1.085281e+00 5.842698e+00 -8.723492e+00 4.527330e+00 -9.424126e+00 -5.991612e+00 2.100884e+01 2.169888e-02 2.567827e-01 4.215429e-01 -6.407630e-02 -1.232559e+00 -8.181328e-01 -1.346771e+00 3.155855e-01 3.537158e-01 9.999755e-02 8.625132e-01 -6.567891e-01 7.322688e-02 6.071545e-03 1.307817e-01 5.629627e-01 -7.233553e-02 1.463732e-01 -7.046247e-02 -6.812290e-02 3.180278e-02 -2.879372e-01 -1.502557e-01 -5.264986e-02 4.444415e-01 -1.231331e-01 
-7.104466e+00 -1.122166e+01 9.951524e-01 -9.190618e+00 -2.405024e+01 -3.817083e+00 -2.180904e+00 4.731300e+00 -9.050591e+00 4.412029e+00 -8.695631e+00 -6.313558e+00 2.105343e+01 -2.837165e-01 4.357199e-01 1.262084e+00 -1.020460e-01 -8.472279e-01 -7.408758e-01 -1.511538e+00 5.168298e-01 -4.777559e-01 4.360078e-01 2.844629e-01 -1.216637e-01 -8.780631e-03 -2.112680e-02 2.406024e-02 4.208099e-01 -3.445589e-02 2.837772e-01 2.409521e-02 -6.434863e-02 -1.424802e-01 -4.290090e-01 -6.322359e-02 -1.426592e-01 3.285238e-01 -9.031912e-02 
-6.638412e+00 -1.154019e+01 3.962610e+00 -9.303372e+00 -2.423708e+01 -4.355227e+00 -3.702451e+00 7.963033e+00 -9.293335e+00 5.562321e+00 -7.094863e+00 -6.719594e+00 2.103958e+01 -1.051068e-01 5.525128e-01 1.531642e+00 2.233175e-01 -4.633933e-01 -5.945367e-01 -1.404615e+00 -2.849863e-01 -7.376286e-01 2.885529e-01 4.866593e-01 2.618651e-01 -1.121260e-01 -6.391507e-02 8.242036e-02 7.967813e-02 7.021062e-02 3.319891e-01 1.118683e-01 1.073607e-02 -5.351248e-01 -2.713687e-01 -1.887842e-01 -8.407962e-03 1.632503e-01 -6.197755e-02 
-7.121908e+00 -9.974070e+00 5.778906e+00 -8.227531e+00 -2.431294e+01 -3.831848e+00 -5.973656e+00 7.124865e+00 -1.119507e+01 6.314860e+00 -8.085671e+00 -5.168727e+00 2.084111e+01 -5.536655e-02 4.607469e-01 1.354036e+00 1.345098e-01 -9.900807e-02 -3.992068e-01 -1.560145e+00 -7.344093e-01 -1.054564e+00 9.659475e-02 3.637081e-01 3.034463e-01 -1.760600e-01 -1.206645e-01 4.375168e-02 -1.678268e-01 1.155285e-02 2.811193e-01 7.877433e-02 1.323479e-01 -5.954081e-01 2.070121e-02 -3.336948e-01 2.251333e-01 -4.811729e-02 -1.455526e-02 
-6.571507e+00 -9.862414e+00 5.639328e+00 -8.137794e+00 -2.470091e+01 -5.182412e+00 -6.211971e+00 3.221254e+00 -1.133958e+01 5.018629e+00 -7.295989e+00 -5.254739e+00 2.055413e+01 -4.120877e-01 6.563689e-01 7.739834e-01 1.685872e-01 5.326239e-02 -4.296606e-01 -1.268703e+00 -1.734500e+00 -7.147308e-01 -6.741737e-01 7.807551e-01 -5.308079e-02 -1.531298e-01 -2.232788e-01 5.798461e-02 -1.499973e-01 -5.796622e-02 2.028677e-01 1.216683e-01 1.534571e-01 -3.386844e-01 1.558320e-01 -3.098289e-01 2.719602e-01 -1.040627e-01 4.093684e-02 
-7.414692e+00 -9.756658e+00 6.926864e+00 -9.100881e+00 -2.431337e+01 -5.399714e+00 -8.726951e+00 3.430096e+00 -1.330004e+01 5.166925e+00 -6.776576e+00 -5.528634e+00 2.041583e+01 -7.335850e-01 6.026877e-01 8.018209e-01 -1.697167e-02 3.001201e-01 -4.294879e-01 -9.177303e-01 -1.735458e+00 -3.856798e-01 -7.511038e-01 1.263137e+00 -2.047517e-01 -6.109027e-02 -1.567566e-01 7.104422e-02 -4.069289e-02 -8.145910e-03 9.055868e-02 1.359411e-01 1.846199e-01 -1.811258e-01 1.991905e-01 -1.869264e-01 2.189886e-01 9.392270e-03 6.713942e-02 
-8.552378e+00 -8.367075e+00 7.258362e+00 -8.023705e+00 -2.397005e+01 -5.719609e+00 -8.669615e+00 1.137872e+00 -1.181439e+01 2.765543e+00 -3.845586e+00 -6.804886e+00 2.048682e+01 -8.823789e-01 7.715900e-01 1.057775e+00 9.162268e-03 3.513202e-01 2.898759e-02 -9.585849e-01 -1.477797e+00 -2.928767e-01 -8.367743e-01 1.396678e+00 -4.358639e-03 3.508940e-02 2.908155e-02 -2.715791e-02 5.012333e-02 -7.977256e-03 -3.522496e-02 1.399114e-01 2.893944e-02 3.123585e-02 -2.859828e-02 8.440231e-02 -1.107067e-01 2.159674e-01 5.554514e-02 
-9.799571e+00 -7.708519e+00 8.978164e+00 -8.369308e+00 -2.317763e+01 -5.710523e+00 -9.333464e+00 -5.110286e-01 -1.288574e+01 3.686139e+00 -3.495195e+00 -5.417394e+00 2.056928e+01 -6.039329e-01 7.584115e-01 1.008776e+00 1.735121e-01 2.048679e-01 5.120903e-02 -7.921327e-01 -1.768408e+00 -2.693731e-01 -7.566417e-01 1.150776e+00 3.259850e-01 6.558345e-02 1.820852e-01 -1.608785e-02 -6.950113e-02 7.199835e-02 -1.838166e-01 6.754199e-02 -1.415042e-01 3.156656e-02 -1.406292e-01 1.209586e-01 -2.838604e-01 2.612296e-01 2.975578e-02 
-9.790994e+00 -7.028474e+00 9.902156e+00 -8.458045e+00 -2.351228e+01 -4.882203e+00 -1.070133e+01 -2.197443e+00 -1.301102e+01 1.575186e+00 -1.953146e+00 -5.332102e+00 2.065282e+01 -3.314643e-01 4.427323e-01 9.211065e-01 3.338978e-02 -7.523659e-02 2.956328e-02 -1.186791e+00 -1.561896e+00 -9.158444e-01 -2.494237e-01 2.834757e-01 7.613601e-01 6.128403e-02 2.070342e-01 1.460995e-03 -1.635671e-01 1.013778e-01 -1.761521e-01 -1.044359e-01 -1.518918e-01 -3.750412e-02 -1.208503e-01 1.288473e-01 -2.861064e-01 2.080133e-01 9.872931e-03 
-9.815297e+00 -6.634099e+00 1.064847e+01 -8.016366e+00 -2.351835e+01 -5.562500e+00 -1.167136e+01 -3.744442e+00 -1.404856e+01 1.978740e+00 -1.969060e+00 -4.635353e+00 2.066061e+01 -9.856019e-02 6.867157e-01 5.225641e-01 3.309512e-01 -4.057100e-01 -9.207895e-02 -1.511201e+00 -1.535555e+00 -7.772456e-01 -4.399807e-01 4.004140e-01 7.184400e-01 7.466001e-02 1.292656e-01 1.149163e-01 -8.838458e-02 1.668829e-01 -5.500421e-02 -7.769941e-02 -9.988694e-02 1.399180e-02 1.315882e-01 5.413400e-02 -2.442658e-02 8.074673e-02 -2.474852e-03 
-1.020186e+01 -6.690558e+00 1.102911e+01 -8.033380e+00 -2.417595e+01 -5.645598e+00 -1.343435e+01 -5.054604e+00 -1.581219e+01 2.372142e+00 -3.191724e+00 -3.389133e+00 2.074740e+01 -9.991222e-02 8.146317e-01 4.830122e-01 4.373140e-01 -2.243486e-01 -4.216010e-01 -1.358434e+00 -1.781722e+00 -6.431295e-01 -3.508406e-01 3.413615e-01 8.395387e-01 7.991486e-02 4.260316e-02 2.390336e-01 1.059832e-01 1.383130e-01 1.188059e-01 -8.295126e-03 1.259684e-01 1.503379e-01 5.070909e-01 4.118636e-02 2.180139e-01 -1.045951e-01 -2.675720e-02 
-1.008692e+01 -4.443967e+00 1.102733e+01 -6.926847e+00 -2.487430e+01 -5.789077e+00 -1.552301e+01 -6.760054e+00 -1.537155e+01 1.087513e+00 -8.739861e-01 -2.796656e+00 2.089500e+01 -7.344099e-02 1.147117e+00 7.859498e-01 8.058898e-01 4.223325e-03 -1.116522e-01 -1.205735e+00 -1.588524e+00 2.520686e-01 -4.352435e-01 9.997340e-01 6.906944e-01 4.384749e-02 -5.315983e-02 1.410356e-01 2.538889e-01 -8.690721e-02 2.650487e-01 1.361924e-01 3.477488e-01 4.178332e-01 5.773131e-01 1.233310e-01 5.867529e-02 -2.463389e-01 -6.555063e-02 
-1.015469e+01 -4.050856e+00 1.212757e+01 -6.816094e+00 -2.395617e+01 -6.876911e+00 -1.556787e+01 -9.598179e+00 -1.556518e+01 2.664457e-01 -7.938654e-01 -2.053537e+00 2.093504e+01 -1.310088e-01 1.407785e+00 1.319271e+00 4.874371e-01 3.137513e-01 -2.041826e-03 -7.096145e-01 -7.836428e-01 1.104984e+00 -4.578925e-02 1.073953e+00 2.523439e-01 -5.710933e-02 -9.069975e-02 3.909671e-03 1.360211e-01 -3.004903e-01 2.273445e-01 2.328106e-01 4.171554e-01 5.870611e-01 4.612969e-01 4.373015e-02 -1.838923e-01 -4.022271e-01 -9.343037e-02 
-1.020615e+01 -2.218443e+00 1.402861e+01 -4.595357e+00 -2.360678e+01 -5.505147e+00 -1.663346e+01 -9.415652e+00 -1.291172e+01 8.556417e-01 1.830910e+00 -1.849798e+00 2.078614e+01 -3.488272e-01 1.095249e+00 1.373812e+00 -1.286565e-01 6.505416e-01 3.790616e-01 -9.679526e-02 5.457148e-02 1.235345e+00 2.420176e-02 3.274510e-01 -2.196287e-01 -1.846589e-01 -9.142366e-02 -2.224909e-01 -1.754680e-01 -4.452964e-01 1.485984e-01 1.508171e-01 4.327201e-01 3.987939e-01 3.291538e-02 -1.305913e-01 -5.150285e-01 -4.229279e-01 -9.445126e-02 
-1.079744e+01 -7.643943e-01 1.612513e+01 -6.761718e+00 -2.324135e+01 -5.797785e+00 -1.642713e+01 -7.645254e+00 -1.151683e+01 2.259016e+00 8.255602e-01 -2.601086e+00 2.051647e+01 -4.156456e-01 8.602123e-01 8.690844e-01 -5.977964e-01 5.892012e-01 4.970770e-01 1.728722e-01 3.319648e-01 1.171861e+00 -3.619164e-01 -2.419838e-01 -7.164459e-01 -2.730359e-01 2.042048e-02 -3.977753e-01 -3.633803e-01 -2.177488e-01 9.754322e-02 7.367329e-02 3.841555e-01 -3.249626e-02 -2.840995e-01 -2.974814e-01 -3.989571e-01 -2.889053e-01 -7.284264e-02 
-1.150967e+01 -6.106048e-01 1.589796e+01 -7.597372e+00 -2.197903e+01 -4.433403e+00 -1.557762e+01 -7.463286e+00 -1.121892e+01 2.120584e-01 -4.643821e-02 -3.620982e+00 2.018101e+01 -3.883205e-01 3.084085e-01 1.337207e-01 -8.778822e-01 6.094818e-01 3.928780e-01 5.165633e-01 -1.523241e-01 3.832771e-01 -9.300512e-01 -9.174976e-01 -9.396751e-01 -3.204888e-01 1.909014e-01 -3.214582e-01 -3.646978e-01 1.759228e-01 -7.595827e-03 4.449937e-02 2.271390e-01 -2.733460e-01 -4.028464e-01 -1.271901e-01 -7.205866e-02 -9.307992e-02 -5.213336e-02 
-1.158115e+01 -5.537238e-01 1.553869e+01 -8.304257e+00 -2.182428e+01 -4.927442e+00 -1.523126e+01 -8.914543e+00 -1.055226e+01 -1.221591e+00 -1.065233e+00 -4.749957e+00 1.987260e+01 -9.184221e-03 -1.875380e-01 1.223842e-01 -2.267580e-01 8.220953e-01 3.594307e-01 9.044124e-01 -8.425506e-01 1.104410e-01 -1.056155e+00 -2.982542e-01 -8.321888e-01 -3.533714e-01 3.714911e-01 -2.023403e-01 -1.088051e-01 5.551239e-01 -4.480553e-02 1.202108e-01 2.107393e-01 -3.640072e-01 -3.013691e-01 1.103547e-01 1.670764e-01 1.569602e-01 -4.732064e-02 
-1.175585e+01 -7.816694e-01 1.499070e+01 -8.213520e+00 -2.126768e+01 -3.975895e+00 -1.464854e+01 -9.542749e+00 -1.147732e+01 -2.054443e+00 -1.811014e+00 -5.473374e+00 1.950532e+01 4.024007e-01 1.183202e-02 -7.638321e-02 5.654417e-01 4.961101e-01 6.703582e-01 6.730378e-01 -7.249267e-01 -2.481713e-01 -2.647030e-01 -4.696867e-03 -6.271839e-01 -4.052033e-01 2.250027e-01 1.865911e-01 8.464053e-02 6.806360e-01 8.598431e-03 -1.026015e-01 3.306143e-01 -4.252353e-01 -2.501890e-02 2.958803e-01 1.913586e-01 3.421024e-01 -4.413647e-02 
-1.072024e+01 -1.616768e+00 1.719084e+01 -7.587364e+00 -1.948647e+01 -4.229540e+00 -1.236954e+01 -1.081820e+01 -1.083558e+01 -1.888561e+00 2.164235e-01 -5.835684e+00 1.908740e+01 1.046391e+00 -3.401830e-03 4.301083e-01 1.456220e+00 4.216372e-01 9.594095e-01 1.148394e+00 -1.201840e+00 -1.931367e-02 -1.428692e-01 1.370112e-01 -8.789295e-02 -4.672265e-01 6.920686e-02 5.059904e-01 -3.915586e-02 6.004917e-01 -6.371944e-02 -3.295600e-01 2.321491e-01 -5.294083e-01 2.212562e-04 2.827326e-01 -1.547368e-01 4.017087e-01 -6.722780e-02 
-9.928237e+00 -2.030585e-02 1.469018e+01 -5.128440e+00 -2.066730e+01 -1.430550e+00 -1.364302e+01 -1.013568e+01 -1.231838e+01 -7.779722e-01 -7.104521e-01 -6.214331e+00 1.854741e+01 2.089899e-01 1.149293e+00 4.030266e-01 1.683799e+00 8.526824e-01 -4.201042e-01 2.047600e+00 -2.098962e+00 3.231853e-01 9.265817e-02 -1.784440e-01 3.986591e-01 -4.841853e-01 1.183697e-02 6.933141e-01 -4.983750e-01 4.407091e-01 1.647927e-01 -4.272588e-01 2.605731e-01 -7.062214e-02 -2.398702e-03 1.393654e-01 -2.215658e-01 3.028641e-01 -1.085734e-01 
-7.262867e+00 -9.510485e-01 1.783959e+01 -2.565436e+00 -2.001620e+01 -1.403104e+00 -9.991851e+00 -1.462719e+01 -1.022872e+01 -2.573842e+00 -9.307840e-01 -4.819151e+00 1.801521e+01 4.334973e-01 1.773639e+00 -3.130650e-01 2.216487e+00 3.252214e-01 -7.431210e-01 1.377881e+00 -2.802503e+00 -1.741470e-01 1.787958e-01 -9.850760e-01 6.633951e-01 -6.500316e-01 -9.871447e-02 5.753185e-01 -1.181868e+00 1.574046e-01 5.483864e-01 -2.961143e-01 -2.220332e-01 9.478160e-01 -8.350670e-02 -4.104398e-02 -2.118190e-01 1.639492e-01 -2.622644e-01 
-1.243949e+01 4.632143e+00 1.668131e+01 -2.305566e+00 -1.673989e+01 -7.489634e+00 -5.599217e+00 -1.813327e+01 -1.016536e+01 -1.248241e+00 -2.129576e+00 -3.988578e+00 1.762045e+01 7.680167e-01 2.589859e+00 -2.196568e+00 2.388860e+00 1.368341e+00 -6.146857e-01 1.861260e+00 -2.777066e-01 -1.827488e-01 2.713387e-01 -5.515158e-01 5.113523e-01 -8.567223e-01 -4.605000e-02 -1.482654e-01 -1.380188e+00 -6.471238e-02 1.010664e+00 3.381483e-01 -6.946192e-01 1.657657e+00 1.702233e-01 -1.725211e-01 1.311405e-01 1.696070e-01 -4.349875e-01 
-7.296892e+00 4.925397e+00 1.463001e+01 2.083534e+00 -1.982416e+01 -4.915706e+00 -9.502351e+00 -2.083198e+01 -1.278252e+01 -7.592992e-01 -3.999242e+00 -3.631554e+00 1.630111e+01 2.733890e-01 2.152913e+00 -4.179456e+00 1.890647e+00 2.905840e+00 -4.239037e-01 1.313434e-01 2.626781e+00 -1.839603e-01 -4.373786e-01 -7.355836e-01 6.754455e-01 -1.592322e+00 -5.320265e-01 -7.496195e-01 -9.099904e-01 -4.422944e-01 1.336157e+00 4.608245e-01 -5.142890e-01 1.623499e+00 7.001190e-01 2.715022e-03 5.587274e-01 2.050180e-01 -4.504466e-01 
-6.071143e+00 9.990761e+00 5.312103e+00 4.491084e+00 -1.392178e+01 -2.747800e+00 -4.581602e+00 -8.421833e+00 -1.195534e+01 -3.285516e-01 -1.933665e+00 -4.251180e+00 1.512114e+01 5.877283e-02 2.183353e-01 -4.564646e+00 1.523103e+00 4.615558e+00 1.110930e+00 -8.021778e-01 3.474670e+00 1.179251e+00 -4.618654e-01 3.525797e-01 1.240622e+00 -2.187951e+00 -8.139378e-01 -1.150998e+00 1.846789e-01 -7.950842e-01 5.865233e-01 5.164585e-01 -7.022715e-02 6.638798e-01 1.154553e+00 2.931365e-01 4.634632e-01 2.847925e-01 -2.296692e-01 
-9.080191e+00 7.133646e+00 2.627005e+00 3.489300e+00 -6.896233e+00 -5.893564e+00 -9.843636e+00 -6.349089e+00 -1.025328e+01 -5.220691e+00 -4.706883e+00 -1.310418e+00 1.130336e+01 -1.871990e+00 -7.886705e-01 -3.678884e+00 4.378700e-01 5.382396e+00 6.982213e-01 1.380851e-01 3.438751e+00 2.645563e+00 5.589758e-01 1.356562e+00 1.323859e+00 -2.236598e+00 -5.404032e-01 -7.570676e-01 1.042778e+00 -7.141979e-01 -5.604876e-01 5.391745e-01 6.579074e-01 -5.933083e-02 9.502327e-01 6.885681e-01 2.974713e-01 1.133288e-01 2.336157e-01 
-1.125406e+01 4.619082e+00 -1.403438e-01 4.606841e+00 -1.264423e-01 -1.446072e+00 -9.439164e+00 -8.001348e+00 -5.533647e+00 -1.326922e+00 -1.323751e-02 1.053965e+00 9.179337e+00 -2.228996e+00 -1.694359e+00 -1.523430e+00 -8.602478e-01 3.062599e+00 1.406602e+00 1.506782e+00 2.635785e+00 4.175239e+00 1.238869e+00 7.197282e-01 1.611134e+00 -1.682928e+00 -1.680547e-01 -1.518874e-01 1.280578e+00 -5.653442e-01 -1.527569e+00 5.216349e-02 7.193980e-01 -2.839759e-01 7.642144e-02 4.339598e-01 -8.167830e-02 -4.382405e-02 5.513281e-01 
-1.406553e+01 3.667693e+00 -1.037987e+00 4.215201e+00 1.900043e-01 -2.075641e+00 -6.383198e+00 -3.848583e+00 -2.765936e+00 2.534760e+00 1.823227e+00 3.351117e-01 8.088974e+00 -1.284784e+00 -6.761093e-01 -4.861362e-01 -4.885740e-01 8.797785e-01 2.124193e+00 2.266435e+00 2.749578e+00 3.069114e+00 2.155091e+00 5.681482e-01 1.056892e+00 -6.767835e-01 3.771273e-01 1.314449e-01 8.297903e-01 -2.566403e-01 -1.582642e+00 -1.740663e-01 9.032986e-02 -5.832192e-01 -6.186423e-01 -3.015973e-01 -3.583596e-01 -2.141229e-01 5.627279e-01 
-1.472344e+01 3.252251e+00 -4.725538e-01 -1.728978e-01 -2.151701e+00 2.376204e+00 1.221807e+00 3.506242e+00 5.176998e+00 1.987986e+00 -1.600011e+00 2.981798e+00 8.313842e+00 -1.075149e+00 -5.974010e-01 2.419217e-01 -8.404686e-01 -7.712589e-01 6.587293e-01 1.730539e+00 2.399292e+00 1.349592e+00 9.098649e-01 3.382204e-01 1.155005e+00 -2.112516e-01 5.172815e-01 8.446093e-02 1.917492e-01 2.966789e-01 -6.802756e-01 -6.562527e-01 -5.767817e-01 -1.015832e+00 -1.263705e+00 -8.227895e-01 -2.547895e-01 -6.351941e-01 3.885950e-01 
-1.376960e+01 4.437062e+00 3.624221e-01 3.436258e+00 -1.484128e+00 2.816108e+00 -3.842086e+00 1.644580e+00 -2.630361e-01 3.897162e+00 -1.072367e+00 3.009908e+00 8.352150e+00 -5.633010e-01 -6.800991e-01 -4.125747e-01 -8.552434e-01 -6.140014e-01 2.018082e-01 4.779334e-01 6.408713e-01 9.651740e-01 -7.845981e-01 -2.445864e-01 4.812264e-01 -1.588623e-01 5.344744e-01 -1.668855e-01 -1.243949e-01 5.879776e-01 -6.093798e-02 -8.978108e-01 -7.492627e-01 -1.428366e+00 -1.262599e+00 -9.690721e-01 -2.758087e-01 -1.090312e+00 2.011907e-01 
-1.677780e+01 1.247931e+00 3.688313e-01 7.938583e-01 -3.144823e+00 -5.982547e-01 -2.057261e+00 1.248732e+00 -3.702054e-02 2.541105e+00 3.126012e+00 5.491537e+00 7.991581e+00 -3.349165e-03 -1.269988e+00 -6.013911e-01 8.065253e-01 4.080060e-01 -9.134662e-01 -4.828242e-01 -1.389004e+00 -1.091274e+00 -1.405243e+00 -1.478408e-01 -1.276937e+00 1.092117e-03 6.175172e-01 1.602679e-01 -8.678853e-03 7.597683e-01 2.685719e-01 -6.164746e-01 -7.894437e-01 -1.275532e+00 -1.062928e+00 -4.775479e-01 -3.008960e-01 -1.151283e+00 1.551538e-01 
-1.585484e+01 1.269420e+00 -3.521551e+00 -5.445218e-01 -2.383184e+00 4.206783e-01 -2.353692e+00 4.850305e-01 4.666950e+00 -1.664667e+00 -1.762996e+00 1.486189e+00 7.455923e+00 8.516999e-01 -1.174232e+00 -6.865411e-01 1.627798e+00 -1.439490e-02 -1.578785e+00 -3.731369e-01 -2.498002e+00 -2.023423e+00 -1.532748e+00 -5.677597e-01 -3.178737e+00 2.229901e-01 4.280337e-01 4.598736e-01 5.181255e-01 6.506156e-01 1.348765e-01 -3.754945e-01 -4.092105e-01 -5.607311e-01 -8.642173e-01 2.558370e-01 -3.786018e-02 -5.999495e-01 1.487126e-01 
-1.369727e+01 -1.513960e+00 -1.537193e+00 5.850146e+00 3.382574e-01 -9.932970e-01 -1.936349e+00 -2.858682e+00 -2.744224e+00 -2.257126e+00 -1.994304e+00 -2.641209e+00 8.767259e+00 1.304913e+00 4.510747e-01 3.355111e-01 1.716844e+00 2.718603e-01 -1.533364e+00 -1.791183e+00 -2.408922e+00 -2.470720e+00 -1.103861e+00 -1.004551e+00 -2.771405e+00 3.737087e-01 1.257236e-01 6.323523e-01 6.562821e-01 8.434380e-02 -2.650973e-02 2.024305e-01 1.988486e-01 3.630302e-01 -2.321063e-01 3.921730e-01 -6.760904e-02 3.320515e-01 4.419393e-02 
-1.105105e+01 -5.317046e-02 -2.117581e+00 9.047314e+00 -3.297845e+00 -4.880310e+00 -5.768495e+00 -8.791925e+00 -9.026744e+00 -1.367531e+00 -1.351418e+00 -8.817290e+00 9.078914e+00 9.227880e-01 7.586533e-01 1.709626e+00 1.942676e+00 1.285665e-01 -1.365724e+00 -9.138876e-01 -1.652700e+00 -2.666139e+00 3.439319e-01 -5.594322e-03 -1.771373e+00 3.984702e-01 -2.480985e-01 1.598087e-01 2.610032e-01 -4.885392e-01 1.919273e-01 7.251990e-01 5.243047e-01 9.978474e-01 4.487507e-01 2.846190e-01 1.221141e-01 1.029754e+00 -7.661016e-02 
-1.265508e+01 4.164455e+00 1.344097e+00 4.582155e+00 -1.328506e+00 -5.614554e+00 -9.305770e+00 -6.158164e+00 -5.543969e+00 -3.126779e+00 -2.102686e+00 -3.213745e+00 9.048615e+00 5.898340e-01 9.252585e-01 1.482013e+00 1.070724e+00 2.040368e-01 -7.798675e-03 7.817138e-01 3.422302e-03 -1.930499e+00 -3.826668e-01 -7.670843e-01 -3.203459e-01 1.343742e-01 -2.886117e-01 -3.908374e-01 -3.757204e-01 -5.553261e-01 7.121211e-02 5.783243e-01 6.699317e-01 1.027847e+00 9.449190e-01 2.576376e-01 3.021752e-01 8.572590e-01 -1.370122e-01 
-1.176214e+01 2.223757e+00 3.585536e+00 9.802571e+00 -9.067218e-01 -4.097418e+00 -3.238693e+00 -6.129049e+00 -7.264178e+00 4.897963e-01 -1.736930e+00 -7.084307e+00 9.307462e+00 -3.117242e-02 -6.122722e-01 4.516971e-02 -4.917514e-01 9.790202e-01 1.284384e+00 9.619190e-01 1.284930e+00 -4.984418e-02 -4.702724e-01 -7.604448e-02 7.444747e-01 -4.038935e-02 -1.522838e-01 -2.541196e-01 -7.273479e-01 -7.059676e-01 3.097328e-03 1.305888e-01 -9.454283e-02 6.642105e-01 1.124294e+00 2.904498e-01 3.317546e-01 5.572308e-01 -1.333419e-01 
-1.039286e+01 1.973902e+00 3.021171e+00 1.082604e+01 1.626945e-01 -1.423736e+00 7.077342e-01 -4.172764e+00 -1.327797e+01 -5.099226e+00 -5.636777e+00 -5.109623e+00 9.324776e+00 3.387843e-01 -8.176873e-01 -7.109777e-01 1.574664e-01 2.027069e-01 3.319009e-02 6.205875e-01 1.261558e+00 9.457896e-01 5.914692e-01 5.414041e-01 2.569557e-01 -9.190280e-02 -1.284207e-01 5.885185e-02 -4.926661e-01 -6.238670e-01 -1.354810e-01 -3.048841e-01 -5.491593e-01 -6.911033e-02 9.638861e-01 7.070320e-01 4.683366e-01 3.179737e-01 -7.969711e-02 
-1.233828e+01 -2.019570e+00 -2.730371e+00 3.466615e+00 8.519413e-01 -5.537722e-01 -5.965465e+00 -3.359792e+00 -5.409071e+00 -2.732653e+00 3.560318e-02 -4.146908e+00 8.738906e+00 2.869093e-01 3.596716e-01 -8.307671e-01 -1.130484e+00 1.445249e-01 -7.332768e-01 -1.305984e+00 1.039145e+00 1.517267e+00 1.309061e+00 9.989263e-01 7.261016e-01 -1.551202e-01 -9.768032e-02 5.347623e-01 5.262649e-02 -2.980280e-01 -3.231984e-01 -3.572514e-01 -3.650882e-01 -6.197388e-01 3.088228e-01 4.420200e-01 2.480170e-01 2.924804e-01 -3.494855e-02 
-1.067306e+01 2.197634e+00 9.467273e-01 8.537249e+00 -1.194125e+00 -7.220467e+00 -4.839419e+00 -1.234977e+00 -1.742637e+00 1.441756e+00 -2.818613e-01 -3.397782e+00 8.873092e+00 -2.114187e-01 7.335054e-01 -5.433228e-01 -1.729181e+00 -5.611967e-02 -5.234396e-01 -8.300884e-01 -2.191820e-01 2.105464e+00 2.262846e+00 1.037158e+00 1.278708e+00 -2.067929e-01 -3.010733e-01 3.556519e-01 2.578413e-01 -2.751585e-01 -2.493353e-01 1.293073e-01 -1.222320e-01 -6.312663e-01 -1.329169e-01 -3.146020e-01 -1.357093e-01 3.068245e-01 -1.278088e-02 
-1.018757e+01 3.910386e+00 4.688860e-01 5.294378e+00 4.947467e-01 -4.865356e+00 -6.995172e+00 -2.402365e+00 -5.445376e+00 3.764820e+00 5.799848e-01 -4.309563e+00 8.757519e+00 -2.445789e-01 1.285914e+00 2.245390e-01 -1.038578e+00 -5.074453e-01 -2.235078e-01 -1.382566e-01 -1.073392e+00 9.144110e-01 9.041268e-01 9.160912e-01 1.696007e+00 -1.577477e-01 -3.372946e-01 -8.883395e-02 4.508916e-01 3.922718e-01 -1.329468e-01 4.153926e-01 4.361604e-01 -1.845746e-01 -2.838412e-01 -9.056487e-01 -3.465364e-01 1.282720e-01 1.410229e-02 
-1.252498e+01 2.676699e+00 -1.295067e+00 1.266561e+00 6.082471e-02 -1.884840e+00 -2.927831e+00 -5.747198e+00 -2.732834e+00 2.966233e+00 -7.233483e-01 1.365340e+00 8.281161e+00 -9.008092e-01 4.973807e-01 5.058606e-02 -1.264331e+00 -7.178977e-01 4.248285e-01 -5.743763e-01 -8.384318e-01 5.826946e-01 -7.790601e-01 -9.560899e-02 1.306081e+00 -1.545629e-01 -1.566532e-01 -2.537115e-01 4.256405e-01 5.841660e-01 -5.518964e-02 2.292173e-01 3.562660e-01 3.443216e-01 -4.024774e-01 -8.355085e-01 -2.777580e-01 -2.326937e-01 3.716931e-02 
-1.263506e+01 4.170353e+00 -4.867965e-01 1.909064e+00 -2.312525e+00 -4.339138e+00 -7.612216e+00 -6.470587e+00 -3.420525e-01 1.025693e+00 4.836534e+00 1.951570e+00 8.246100e+00 -1.054940e+00 3.359466e-02 1.126676e+00 5.984865e-01 -1.894394e-01 8.694876e-01 7.469267e-01 4.258340e-01 8.594077e-01 -1.698218e+00 -1.674951e-01 1.353836e+00 -1.107725e-01 3.072488e-03 -3.735946e-01 8.854896e-02 2.431482e-01 1.758567e-01 1.795136e-01 3.633135e-01 6.545727e-01 -2.126226e-01 -1.653470e-01 -2.175399e-01 -4.567081e-01 -4.832598e-03 
-1.395345e+01 4.554195e+00 1.677376e+00 3.908294e+00 -3.379774e+00 -5.359396e+00 -7.402764e+00 -3.392826e+00 -1.381012e+00 -1.083992e+00 -2.888253e+00 1.873382e-03 8.356046e+00 -5.894876e-01 9.114476e-02 1.133856e+00 3.732104e-01 -4.911544e-01 7.613619e-02 5.086081e-01 7.527481e-01 1.206178e-01 -6.134570e-01 1.901405e-01 2.863378e-01 -4.444991e-02 2.331726e-01 -2.327447e-01 -3.039194e-01 -1.036377e-01 2.741348e-01 1.640597e-01 3.248360e-01 5.099589e-01 -7.428149e-02 4.588262e-01 1.024510e-01 -4.371389e-01 -2.940663e-02 
-1.474775e+01 3.139332e+00 4.615993e+00 6.966019e+00 1.268090e+00 1.219281e+00 -1.022875e+00 -1.450538e+00 -1.824145e+00 -2.701108e+00 8.252859e-01 3.141329e+00 8.166455e+00 -3.848337e-01 -3.789283e-01 1.256592e-01 -6.415648e-01 2.585616e-01 8.484175e-01 1.136866e+00 1.403799e+00 8.233353e-02 -5.355927e-03 -3.145878e-01 -7.770221e-02 -2.369685e-01 1.782588e-01 -2.752395e-01 -6.281878e-01 -3.405287e-01 6.979048e-02 -3.671525e-03 -2.102761e-01 4.408621e-02 2.795604e-01 7.953789e-01 -2.150396e-01 -4.259232e-01 -2.384041e-02 
-1.441608e+01 3.647890e+00 1.823007e+00 6.037096e-01 -4.185196e+00 -4.283487e+00 -3.679439e+00 -4.493586e+00 -1.388487e+00 1.762278e+00 2.233160e+00 2.202159e+00 8.098713e+00 -7.002535e-02 -4.600546e-01 -9.684431e-01 -1.162416e+00 4.289515e-01 1.255657e+00 8.547937e-01 1.222478e+00 5.997772e-01 6.686661e-01 4.902492e-01 -1.639144e-01 -2.384813e-01 2.706494e-02 -2.351424e-01 -3.930230e-01 1.201659e-01 1.466205e-01 2.054208e-01 -1.509900e-01 -9.778742e-02 5.548774e-01 3.715082e-01 -2.740288e-01 -2.844823e-02 1.512317e-02 
-1.432801e+01 2.728945e+00 6.902336e-02 3.535139e-01 -6.171514e-01 -6.349764e-01 -3.789430e+00 1.098679e+00 7.367368e-02 -4.242733e-01 7.031841e-01 4.629292e-01 7.189933e+00 -4.233308e-01 -1.067111e+00 -9.630268e-01 -3.362982e-01 -3.004838e-01 2.613340e-01 -4.774982e-01 4.113705e-01 2.017628e+00 1.637531e+00 -1.392610e+00 -5.506418e-01 -1.329862e-01 -3.751820e-02 1.232700e-02 4.985984e-02 5.026726e-01 3.029379e-02 -1.425053e-02 3.959425e-02 -4.013299e-01 1.400384e-01 1.004654e-01 -1.785810e-02 1.658130e-01 8.315751e-02 
-1.451386e+01 2.459287e+00 -8.912880e-01 1.402334e+00 -2.924685e-01 1.845822e+00 -1.745229e+00 1.445256e+00 6.687886e-01 1.120871e+00 -3.759757e-01 5.215522e-01 7.652006e+00 -4.349298e-01 -7.405509e-01 -2.868650e-01 8.213001e-01 5.213777e-01 1.396815e+00 5.608562e-01 7.600278e-01 1.927370e+00 4.225300e-01 -6.409919e-01 3.806579e-01 -2.080309e-02 -2.730589e-02 2.772942e-01 4.265627e-01 4.721125e-01 1.854986e-02 -2.537229e-01 2.741337e-01 -3.508261e-01 -5.543980e-01 -1.140423e-01 3.918880e-01 1.870462e-01 5.277418e-02 
-1.681554e+01 -1.602021e+00 1.157875e+00 4.885058e+00 -2.180311e+00 -5.386292e-01 -4.377611e+00 -2.363173e+00 7.235341e+00 5.807245e+00 -4.833375e+00 1.228633e+00 7.724942e+00 -3.899572e-01 -1.770193e-01 3.421105e-02 8.799227e-01 3.637877e-01 7.065687e-01 1.481905e+00 -3.715759e-01 1.188005e-01 6.200261e-01 1.617809e-01 4.791436e-01 6.996249e-02 1.941848e-01 5.641975e-01 2.240267e-01 -3.086298e-03 2.481745e-01 -2.886261e-01 4.076696e-01 -1.628424e-01 -1.122929e+00 -2.548372e-01 7.825218e-01 -1.873017e-02 1.295988e-02 
-1.534704e+01 2.110838e+00 -1.556546e-01 2.444816e+00 -7.966157e-01 2.652374e+00 -5.809589e-01 1.037650e+00 4.667662e+00 7.590136e-01 1.796612e+00 3.722755e+00 7.727107e+00 -2.233023e-01 4.814215e-01 6.657824e-01 5.899870e-01 1.897406e-01 -2.355396e-01 1.245811e+00 -1.402552e-01 -1.222846e+00 6.072822e-01 1.672466e+00 2.565094e-01 -7.597902e-02 2.476766e-01 3.736598e-01 -9.260042e-02 -3.030201e-01 1.848191e-01 -5.795612e-01 -1.139152e-01 -2.322437e-01 -7.571680e-01 7.665659e-02 1.801710e-01 -3.992984e-01 -4.370772e-03 
-1.586113e+01 2.018143e+00 -1.278814e-01 4.231881e+00 1.453623e+00 2.494698e+00 3.037835e+00 -5.552606e-01 -1.331538e+00 2.856551e+00 4.260543e-01 1.257944e+00 7.502238e+00 4.417517e-01 1.142885e+00 -3.192371e-01 -2.359724e-01 1.106356e+00 -3.656444e-01 1.218305e+00 4.719603e-02 -2.021848e+00 2.710719e-01 1.363382e+00 -5.822554e-01 -4.054859e-02 2.420663e-01 1.105801e-01 -3.105945e-01 -3.561460e-01 1.927927e-01 -3.340580e-01 -4.835604e-01 -3.901593e-02 9.867264e-02 -3.006850e-02 -3.456465e-01 -3.590284e-01 8.754824e-03 
-1.610731e+01 3.056327e+00 3.080634e+00 4.678897e+00 -1.161180e+00 -8.486816e-01 7.759913e-01 -1.599724e-01 -1.162115e+00 5.632662e+00 5.356495e+00 1.789396e+00 7.383420e+00 3.875284e-01 4.678803e-01 -5.730497e-01 -1.358056e-01 1.074106e+00 -9.648749e-01 1.230511e-01 -6.104636e-01 -7.880282e-01 9.802563e-01 -3.408833e-01 -1.085098e+00 1.255724e-02 1.549644e-01 -9.577187e-02 -3.710654e-01 -2.557633e-01 1.170752e-01 -9.601791e-02 -4.833600e-01 -7.610244e-02 5.652096e-01 -6.362374e-02 -6.387702e-01 -1.866661e-01 4.008611e-02 
-1.422680e+01 3.639464e+00 -2.056694e+00 2.587928e+00 3.533935e+00 -6.164262e-01 1.035368e+00 -1.528364e+00 4.092812e-02 4.725844e+00 2.032530e-01 -7.157784e-01 7.693993e+00 5.149745e-01 3.826433e-01 -8.994161e-01 -5.379028e-01 8.855967e-01 -5.989695e-01 -3.745527e-01 -3.314420e-01 3.947866e-01 2.831485e-01 -5.598621e-01 -6.452594e-01 6.940516e-02 2.737519e-02 -1.605598e-01 -1.486799e-01 -1.006019e-01 -6.303953e-02 -1.007923e-02 -3.683281e-01 -4.785055e-02 6.015939e-01 -6.728223e-02 -4.065426e-01 3.135773e-02 2.768971e-02 
