-1.544991e+01 3.107663e+00 3.922261e-01 1.135018e+00 -1.025725e+00 -2.611425e+00 -2.534859e+00 3.830273e+00 6.025693e+00 5.872864e+00 3.806874e+00 2.211771e+00 7.684352e+00 -3.281819e-01 -9.082708e-01 -2.531926e-01 7.526972e-01 6.113887e-01 1.161271e+00 3.157233e-01 -3.789920e-02 -6.584945e-01 -4.259580e-01 3.581625e-01 6.613247e-01 8.233654e-02 4.997240e-02 1.625383e-01 2.367897e-01 -1.211012e-01 -3.353161e-02 -8.511646e-02 -8.475297e-02 -5.196989e-02 -7.183609e-03 1.188106e-02 -2.434191e-01 -2.757797e-01 -3.848439e-02 
-1.537321e+01 3.369120e-01 -2.533624e+00 2.784692e+00 6.569124e-01 -1.003684e+00 -1.669632e+00 1.642319e+00 6.318397e+00 5.382725e+00 1.790498e+00 1.603461e+00 8.044266e+00 -2.949849e-01 -6.900591e-01 3.139438e-01 3.486549e-01 1.769494e-01 1.108604e+00 -1.362689e-01 2.238019e-02 -3.854883e-01 -3.790894e-01 -3.175796e-01 1.087111e-01 -1.146684e-02 9.516098e-02 3.325095e-01 3.225569e-01 -1.542863e-01 -3.142171e-02 -2.014794e-01 -1.079406e-01 -1.072891e-01 -1.661792e-01 -9.057350e-02 -1.414318e-01 -1.810106e-01 -4.212887e-02 
-1.712917e+01 -4.847420e-02 5.889382e-01 4.073153e+00 1.189685e+00 2.390970e+00 -1.388810e+00 4.734745e+00 2.586688e+00 3.988338e+00 6.606135e+00 5.822464e+00 7.916137e+00 -9.492067e-02 -2.047443e-01 6.472680e-01 3.492574e-01 6.608239e-01 7.619672e-01 1.180268e-01 -3.278718e-01 -8.307631e-01 -3.900571e-01 -5.210791e-01 -4.412000e-01 -6.317147e-02 1.627762e-01 3.418821e-01 1.600353e-01 -5.291994e-02 -1.207611e-01 -2.940156e-01 2.753941e-02 -2.422933e-01 -5.685456e-02 -5.051537e-02 -8.335792e-02 -2.819284e-01 -2.309051e-02 
-1.608532e+01 1.235307e+00 1.863105e+00 1.409149e+00 -1.248902e+00 4.306454e-01 -3.789105e+00 3.489945e+00 5.817540e+00 4.919800e+00 8.194826e-01 9.498752e-01 7.510974e+00 3.113180e-02 4.023492e-01 9.093647e-01 1.828445e-01 4.295853e-01 3.535268e-01 -1.250452e-01 -4.294830e-01 -1.403113e+00 -8.966913e-01 9.064227e-02 3.076706e-01 -5.557030e-02 9.482580e-02 1.452809e-01 -2.883770e-01 4.477105e-02 -2.426533e-01 -2.460852e-01 2.765878e-01 -2.805114e-01 -3.896886e-02 7.168337e-03 1.713398e-01 8.354152e-02 6.228570e-03 
-1.556879e+01 1.634547e+00 1.429717e+00 3.568876e+00 3.231419e+00 4.811973e-01 -8.852912e-01 1.266992e+00 2.122015e+00 4.153869e+00 1.687211e+00 3.326769e-01 7.635409e+00 3.226883e-01 2.550750e-01 2.492196e-01 5.708601e-01 -1.187764e-01 6.858586e-02 4.478416e-01 -1.023546e+00 -4.338588e-01 -4.196698e-01 -2.626944e-01 -8.478789e-01 -1.104919e-02 -1.694203e-02 -5.191551e-02 -5.219352e-01 -1.941298e-01 -4.940937e-01 -1.987088e-01 2.082281e-01 2.230045e-02 2.891437e-01 2.067678e-01 9.780075e-02 1.491539e-01 -2.338693e-03 
-1.599784e+01 1.507344e+00 1.593062e+00 3.951415e+00 1.784124e+00 1.718758e+00 -2.546764e+00 1.228768e+00 -4.646727e-01 8.163188e-01 4.703262e+00 5.886629e+00 7.906903e+00 -2.964922e-02 -1.933463e-01 -9.289252e-01 4.616855e-01 -6.464786e-01 2.247606e-01 1.081817e+00 -1.032277e+00 -7.788059e-01 -3.284918e-01 4.099545e-01 7.297258e-01 -6.455084e-03 -1.114937e-01 -1.592540e-01 -3.379960e-01 -4.193410e-01 -2.798479e-01 -9.619865e-02 1.643319e-01 2.821113e-01 5.093181e-01 4.173636e-01 1.675189e-02 -3.007031e-02 -2.406962e-02 
-1.555920e+01 1.091312e+00 1.969803e+00 5.656182e+00 -9.208487e-01 2.089899e+00 2.292438e-01 7.475194e-01 3.558308e+00 3.941484e+00 3.350593e+00 -8.850538e-01 7.662881e+00 -1.492868e-01 -1.665010e-01 -1.043302e+00 -7.609251e-01 -1.271723e+00 -1.672347e-01 5.558291e-01 8.507446e-02 3.026637e-01 3.596212e-01 -1.916962e-01 9.352119e-02 -9.933965e-02 -1.348041e-01 -7.363612e-02 9.772082e-02 -5.041947e-01 1.446649e-01 6.144542e-02 -1.615712e-01 5.288368e-01 2.274449e-01 2.840878e-01 1.118317e-02 1.336831e-01 -2.170343e-02 
-1.623824e+01 5.401005e-01 -3.051205e+00 2.674062e+00 -2.405060e+00 7.502740e-01 1.062606e+00 -1.411882e+00 1.205210e+00 3.383730e+00 2.037650e+00 5.207488e+00 7.465033e+00 -2.903341e-01 -1.829981e-01 -1.342736e-01 -1.247993e+00 -3.931048e-01 -9.662725e-03 6.426520e-01 4.266886e-01 7.750957e-01 8.003761e-01 1.388376e-01 -3.134373e-01 -1.317490e-01 2.117726e-02 5.728263e-02 4.037046e-01 -3.062027e-01 3.302160e-01 1.586916e-01 -3.095929e-01 5.069077e-01 8.349275e-02 1.455967e-01 7.154817e-02 -2.004881e-01 -2.172759e-04 
-1.619510e+01 1.286104e+00 -1.464705e+00 4.032615e-01 -1.032437e+00 1.292539e-01 8.953300e-02 3.012381e+00 2.800573e+00 4.668417e+00 2.061770e+00 1.139590e+00 7.359529e+00 -2.208930e-01 -1.180595e-01 3.404734e-01 -1.095317e+00 4.778400e-01 4.930414e-01 -1.403575e-01 8.911836e-01 -7.353970e-02 4.363219e-01 -7.120782e-02 3.420575e-01 -5.690677e-02 7.785342e-02 1.007982e-01 2.703859e-01 1.613184e-01 3.226807e-01 1.659504e-01 -3.485671e-01 -1.415789e-02 -3.213966e-01 -1.077906e-01 2.166851e-01 3.804125e-02 3.035290e-02 
-1.713156e+01 4.947609e-01 2.638701e+00 3.379499e-01 -1.258853e-01 2.650768e+00 7.366146e-01 2.229949e+00 3.789390e+00 4.454911e+00 6.041742e+00 3.307284e+00 7.399930e+00 1.120395e-01 6.880771e-02 3.977652e-01 -9.021531e-01 1.300228e-01 6.881255e-01 -1.181507e-01 1.099143e+00 -1.732526e-01 3.611566e-01 7.073990e-01 -3.971214e-01 -2.875740e-02 8.763462e-02 4.545531e-02 -2.280007e-01 9.319041e-02 1.362253e-01 -1.367594e-01 -5.946624e-01 -1.908997e-01 -3.048280e-01 -3.371117e-01 -1.300079e-01 -1.934666e-01 3.696193e-02 
-1.621715e+01 5.233080e-01 8.275535e-01 1.347836e+00 3.288589e-01 3.605175e+00 -3.096407e-01 3.382643e+00 1.898457e+00 5.587534e+00 9.925742e-01 1.775676e+00 7.411011e+00 3.890985e-02 2.115826e-01 4.255653e-02 -1.272065e-01 8.029250e-02 3.137576e-01 -8.066410e-01 -3.219275e-01 -8.301482e-01 4.031512e-02 6.074835e-01 3.254698e-01 9.790219e-04 8.812216e-02 -3.659207e-02 -4.826857e-01 -5.510386e-02 -2.020907e-02 -2.641491e-01 -2.724052e-01 -2.773077e-01 8.682032e-02 -3.237903e-01 -1.907866e-01 -3.259212e-01 2.597407e-02 
-1.566706e+01 1.265953e+00 -2.208486e+00 -2.309170e+00 -2.435684e+00 2.453040e+00 6.711361e-01 3.898892e+00 7.899784e-01 4.729860e+00 6.109277e+00 2.903966e+00 7.295810e+00 1.798129e-02 -1.204591e-01 -1.125369e+00 -1.266068e+00 4.866940e-01 -6.037285e-01 -1.997550e+00 7.885148e-02 -3.707312e-01 -6.872084e-01 -8.505340e-01 -1.272450e+00 2.411663e-02 8.845735e-02 2.931362e-02 -2.964207e-01 2.897443e-01 7.998128e-02 -1.307196e-01 1.691445e-01 -2.716224e-01 2.356599e-01 -3.600783e-01 -4.862474e-01 -1.962435e-01 5.551073e-02 
-1.673272e+01 1.958221e+00 1.171703e+00 1.091033e+00 5.235096e-01 1.796826e+00 -3.910958e+00 5.683752e-01 1.493970e-01 4.732666e+00 5.065335e+00 2.968686e+00 7.416320e+00 2.666382e-01 -2.062440e-01 -1.311283e+00 -1.188947e+00 1.984943e-01 -1.816376e-01 -5.626872e-01 1.476399e-02 4.593554e-01 -6.583999e-01 -2.461498e-01 -8.499291e-01 4.658601e-02 2.031504e-01 2.374447e-01 3.567345e-01 3.372048e-01 -3.113157e-01 4.372173e-03 9.317482e-01 -7.489172e-02 2.018296e-01 -1.407169e-01 -5.211554e-01 -3.063644e-01 1.269318e-01 
-1.678378e+01 -8.251240e-01 -3.160231e+00 -5.863544e+00 2.210342e+00 5.362284e-01 -7.450648e+00 4.031523e+00 2.810605e+00 1.446458e+00 -2.477267e-01 -3.651335e+00 7.518131e+00 4.404816e-01 4.242453e-01 -4.074157e-01 1.077570e+00 4.706092e-01 2.823722e-01 6.056139e-01 -4.272539e-01 3.603598e-01 -1.089796e+00 -1.296952e+00 -7.905674e-01 2.260904e-01 2.352364e-01 3.268563e-01 1.070783e+00 4.712236e-01 -8.234801e-01 -1.455698e-01 1.149369e+00 -4.129888e-01 -2.760584e-01 4.716363e-02 -5.624276e-01 -1.413020e-01 1.724879e-01 
-1.432553e+01 5.371618e-01 -5.253062e+00 -2.819223e+00 -1.001394e+00 3.655087e+00 9.376020e-01 3.390012e+00 3.184994e+00 3.937557e+00 2.940281e+00 8.037698e-01 7.532675e+00 8.434165e-01 1.126272e+00 1.467314e+00 3.872154e-01 -1.468431e+00 -1.073660e-01 2.550511e+00 -4.432293e-01 -1.865750e-01 -4.620051e-01 -1.775094e+00 -1.447180e+00 5.346476e-01 9.046843e-02 1.202129e-01 9.310033e-01 2.100041e-01 -6.095960e-01 -5.025823e-01 6.797195e-02 -3.353343e-01 -3.848284e-01 6.881073e-02 -6.051636e-01 -3.235411e-01 1.068871e-01 
-1.466828e+01 4.097157e+00 -1.033258e+00 5.033722e+00 6.799852e-01 2.935523e+00 1.274799e+00 3.514680e-01 1.074084e+00 -3.213549e-01 6.869681e-01 3.352179e-02 8.367935e+00 9.058012e-01 8.474710e-01 2.839218e+00 3.021412e-01 -2.797131e+00 -1.368587e+00 2.192557e+00 -1.757023e+00 -1.428015e+00 -5.496004e-01 -2.898189e+00 -1.680341e+00 6.424839e-01 -1.580535e-01 -3.106288e-01 -4.054045e-02 -2.786106e-01 -5.830792e-02 -3.787389e-01 -5.661154e-01 6.823436e-02 -1.732849e-01 2.360495e-01 1.053424e-01 7.267223e-02 -1.110749e-01 
-1.357338e+01 5.128632e+00 7.444762e+00 -2.422021e+00 -6.053502e+00 6.046497e-02 4.479043e+00 1.921264e-01 8.490894e-02 3.306576e+00 -4.277073e+00 -6.110129e+00 9.664689e+00 4.862678e-01 1.830876e-01 1.720326e+00 2.487589e-01 -1.215647e+00 -1.869141e+00 -1.016443e+00 -9.969823e-01 -5.706693e-01 -5.844045e-01 -2.471265e+00 -2.022625e+00 3.727679e-01 -5.455234e-01 -6.780940e-01 -1.027461e+00 4.121509e-01 6.507407e-01 1.107057e-01 -8.903778e-01 4.339007e-01 2.876185e-01 1.056642e-01 8.723948e-01 7.702504e-01 -1.731944e-01 
-1.263068e+01 1.116081e+00 4.686913e+00 -4.551980e+00 -9.249716e+00 -4.509040e+00 1.741552e+00 -3.154508e+00 -2.779794e+00 -9.860032e-01 -1.112980e+01 -8.595866e+00 9.664689e+00 -1.712578e-01 -6.572148e-01 -7.366108e-01 -2.462622e-01 5.269733e-02 -7.304526e-01 -4.414718e-01 1.907724e-01 -3.140599e-01 1.516737e-01 -4.221707e-01 -1.394525e-01 -2.483559e-01 -8.235413e-01 -1.190611e+00 -1.046230e+00 6.728378e-01 5.998619e-01 1.080840e+00 -1.983579e-01 1.025943e+00 7.425601e-01 3.973188e-01 1.312865e+00 9.585589e-01 -1.419687e-02 
-1.291280e+01 2.942677e+00 4.884482e-01 3.216993e+00 -2.114342e+00 -1.968009e+00 -4.377711e+00 1.585080e-01 2.258157e+00 1.347701e+00 -3.507525e+00 -4.994617e+00 8.748396e+00 -1.345663e+00 -1.511765e+00 -1.882135e+00 2.722057e+00 3.603761e-01 1.270573e-01 -5.843327e-01 7.524202e-01 6.946490e-01 -2.844017e-01 1.348829e+00 1.633664e+00 1.141612e-01 -6.531167e-01 -1.490534e+00 -1.563504e-01 3.222369e-01 -4.101798e-01 1.339775e+00 6.653091e-01 8.753265e-01 5.668573e-01 4.262863e-01 6.125103e-01 4.824920e-01 2.330571e-01 
-1.585498e+01 1.904065e+00 -1.238117e+00 9.830688e-01 -1.026564e+00 2.972269e-01 3.495815e+00 1.322255e+00 -1.583182e+00 1.416438e+00 -1.808673e+00 -1.221152e+00 7.584157e+00 -2.295948e+00 -4.258233e+00 -5.906460e-01 2.429720e+00 -5.859758e-01 3.037518e+00 9.847326e-01 2.498015e+00 1.652118e+00 1.287049e+00 1.756116e+00 1.284389e+00 7.009544e-01 -3.650445e-02 -7.503225e-01 6.255687e-01 -2.198043e-01 -7.111728e-01 8.574233e-01 4.998601e-01 1.735033e-01 3.903227e-01 2.462918e-01 -8.752651e-02 -1.121850e-01 1.843732e-01 
-1.868954e+01 -2.823843e+00 9.963301e-01 8.420596e+00 -8.363300e+00 -1.707571e+00 6.802400e-01 1.715543e+00 2.959644e+00 6.833330e-01 -2.193447e+00 -1.629192e+00 1.127542e+01 -1.716924e+00 -5.469270e+00 8.655959e-01 5.220569e-01 -2.947059e+00 2.945726e+00 1.596982e+00 2.226154e+00 1.280321e+00 9.792957e-01 -4.978446e-01 -3.221039e-01 1.063388e+00 6.550971e-01 6.455988e-01 6.042804e-01 -1.056144e+00 -1.832143e-01 1.350311e-01 3.725468e-01 -5.865720e-01 -1.712052e-01 4.113135e-02 -3.727726e-01 -1.281319e-01 -2.739617e-01 
-2.122210e+01 -1.729136e+01 1.479380e+00 4.994624e+00 -9.055065e+00 1.054838e+01 4.136244e+00 8.557101e+00 5.130383e+00 5.781402e+00 -3.006410e+00 -3.856605e+00 1.190567e+01 -1.681305e-01 -2.430204e+00 1.017341e+00 -2.452982e-01 -1.849598e+00 2.147225e+00 9.670954e-01 3.213622e-01 1.344576e+00 7.513140e-01 6.352338e-02 2.774772e-01 1.988599e-01 9.258628e-01 2.350592e+00 2.616738e-02 -7.766002e-01 7.952391e-01 -1.279942e+00 -4.639220e-01 -1.213177e+00 -5.174114e-01 -3.901140e-01 -1.421023e-02 3.419450e-01 -5.780316e-01 
-1.881394e+01 -1.480608e+01 3.457753e+00 3.821681e+00 -1.283565e+01 7.635246e+00 3.287124e+00 7.671512e+00 5.303068e+00 4.061845e+00 -5.397913e+00 -5.287383e+00 1.190452e+01 8.659488e-01 8.021790e-01 3.352088e-01 -1.221242e+00 7.616060e-02 1.247474e+00 1.287210e+00 -1.091999e+00 -7.645180e-03 1.891833e-01 3.312594e-01 1.496489e+00 -1.004630e+00 4.849772e-01 2.367701e+00 -2.638905e-01 -2.976268e-01 1.528039e+00 -1.470500e+00 -7.084131e-01 -8.651535e-01 -4.340141e-01 -2.281535e-01 4.601499e-01 7.559696e-01 -4.918422e-01 
-1.663325e+01 -4.256237e+00 2.617362e+00 2.056045e+00 -8.038183e+00 6.362171e+00 7.027802e+00 -4.872817e-02 3.968165e+00 3.483890e+00 1.109418e-01 1.995390e+00 8.263816e+00 1.041957e+00 4.359105e+00 -1.946621e-01 -5.814980e-01 1.878700e+00 -2.513080e+00 -1.179907e+00 -1.908882e+00 -2.907969e-01 -2.684619e-01 1.270565e+00 2.084794e+00 -1.155233e+00 -6.280097e-02 9.119738e-01 -2.451865e-01 -2.330369e-02 1.141625e+00 -9.481969e-01 -6.555118e-01 -4.050628e-03 -3.610502e-01 -1.483829e-01 1.966059e-01 1.946145e-01 2.992048e-03 
-1.665386e+01 -5.330533e+00 2.103660e+00 3.783915e+00 -8.490411e+00 6.622930e+00 5.670261e+00 5.582437e-01 3.502418e+00 2.777999e+00 -2.095835e+00 2.927299e+00 8.073124e+00 1.028181e-01 2.974548e+00 1.521850e-01 -7.979192e-01 2.828889e+00 -2.076694e+00 -8.715779e-01 -9.846292e-01 -7.200251e-02 3.483610e-01 1.199423e+00 2.554189e+00 -7.187928e-01 -1.465670e-02 -1.100976e+00 1.864923e-01 -4.786268e-01 -1.540976e-01 -2.371086e-01 -2.964314e-01 8.529462e-01 -5.931830e-01 -1.290785e-02 -2.169437e-01 -7.075364e-01 6.623178e-01 
-1.709225e+01 -2.331909e-01 1.183342e+00 2.106251e+00 -1.834113e+00 -1.511122e+00 -2.955042e+00 2.569356e+00 4.576861e+00 5.080842e+00 1.695156e+00 2.459817e+00 8.045190e+00 -1.005337e-01 1.043337e+00 -1.171377e-01 -5.734244e-01 2.482105e+00 -9.316632e-01 -1.231055e+00 2.473365e-01 -4.285298e-01 -7.016609e-02 6.124469e-01 7.217115e-01 7.089303e-02 3.275028e-01 -2.507088e+00 4.704125e-01 -9.726747e-01 -1.604386e+00 7.744177e-01 6.833925e-01 1.477837e+00 -9.303771e-01 8.676408e-03 -7.303168e-01 -1.429908e+00 9.955435e-01 
-1.807043e+01 -1.944759e+00 4.935616e+00 -1.934290e-01 -1.793421e+00 1.188284e+00 3.920550e+00 1.439688e+00 4.638841e+00 5.005371e+00 -1.929617e-01 7.251298e+00 8.420110e+00 1.363984e+00 -3.044646e+00 1.228856e+00 -3.618383e+00 -9.960665e-01 -7.287328e-01 -1.693786e-01 2.094542e+00 -2.904647e+00 2.539906e-02 -4.244007e-01 -1.359676e+00 1.693783e+00 5.933932e-01 -1.917061e+00 2.653464e-01 -8.243804e-01 -2.155373e+00 4.926532e-01 3.941303e-01 1.104500e+00 -9.776564e-01 -4.963566e-02 -7.243344e-01 -1.604372e+00 1.039386e+00 
-1.642760e+01 -7.331855e-01 6.157097e-01 1.177226e+00 1.023980e+00 4.421363e+00 1.747855e+00 7.475194e-01 1.257159e+00 2.019363e+00 2.222092e+00 3.441723e+00 8.444812e+00 2.048853e+00 -5.166773e+00 1.619059e+00 -4.034716e+00 -4.230899e+00 6.847935e-01 1.885991e+00 3.940726e+00 -3.526290e+00 -6.351236e-02 -1.569220e+00 -3.107910e+00 2.616281e+00 2.424276e-01 -5.855582e-01 -1.582786e-02 -2.716860e-01 -1.654180e+00 -5.103094e-03 2.932588e-02 2.386591e-01 -3.734939e-01 4.301643e-02 -5.185460e-01 -8.629196e-01 7.189705e-01 
-1.016644e+01 -2.030434e+01 8.531917e+00 -1.384356e+01 -1.489962e+01 1.311259e-02 2.472320e+00 1.194196e+01 -9.361159e+00 4.435833e+00 -4.481378e+00 -4.362141e+00 1.634238e+01 1.995129e+00 -3.505815e+00 6.108284e-01 -3.189276e+00 -4.591407e+00 -4.217576e-01 -4.595098e-01 2.691206e+00 -3.411410e+00 9.683529e-02 -1.331481e+00 -3.552890e+00 3.205496e+00 -5.078917e-01 1.368107e+00 -6.949232e-01 1.023279e+00 -2.750331e-02 -1.684545e-01 -5.869332e-01 -9.846358e-01 6.542755e-01 -4.558272e-02 2.305251e-02 1.336831e-01 -2.018036e-02 
-1.079994e+01 -1.688708e+01 7.480845e+00 -1.124220e+01 -1.643585e+01 2.500712e+00 7.199027e+00 1.702155e+01 -6.054713e+00 5.048016e+00 -4.006653e+00 -7.272862e+00 1.716541e+01 7.960265e-01 -1.654090e+00 1.127518e-01 -2.146454e+00 -3.991101e+00 -1.110625e+00 -9.394007e-01 1.142239e+00 -2.042587e+00 1.092653e-01 -1.526780e+00 -2.496214e+00 2.909803e+00 -6.657317e-01 1.772988e+00 -7.268074e-01 1.195437e+00 9.095357e-01 -3.416690e-01 -9.041227e-01 -1.479170e+00 8.662349e-01 3.618087e-03 3.527212e-01 7.701315e-01 -4.848252e-01 
-1.090852e+01 -1.139680e+01 4.557323e+00 -9.929748e+00 -1.602054e+01 3.966832e-02 -1.102736e+00 6.758291e+00 -8.762137e+00 3.975152e+00 -3.735949e+00 -5.155722e+00 2.008720e+01 -5.490143e-01 2.039612e+00 -1.492655e+00 5.539898e-01 -1.253425e+00 -6.731634e-01 -1.691385e+00 -1.429341e+00 -3.752403e-01 -2.888618e-01 -3.303837e-01 -9.970753e-01 1.446203e+00 -3.330792e-01 8.662266e-01 -2.369167e-01 7.666936e-01 8.862062e-01 -3.363972e-02 -1.200084e-01 -7.634943e-01 7.822137e-01 1.011400e-01 2.922925e-01 7.865544e-01 -7.429854e-01 
-1.207652e+01 -1.345765e+01 3.166371e+00 -1.151233e+01 -1.837103e+01 -1.145101e+00 -1.161561e+00 9.050323e+00 -9.255113e+00 2.795955e+00 -5.784389e+00 -8.642531e+00 2.112146e+01 -7.678245e-03 9.254574e-01 -9.631969e-01 7.089838e-02 -1.352295e+00 -8.979132e-01 -2.018795e+00 -1.394882e+00 -7.133212e-01 1.473598e-01 -3.062141e-01 -5.351350e-01 1.071741e+00 2.114995e-01 5.914227e-02 2.138538e-01 2.673723e-01 6.042625e-01 8.854136e-02 2.312699e-01 -1.590437e-01 4.985035e-01 2.182668e-01 3.118308e-01 5.333475e-01 -6.531515e-01 
-1.227307e+01 -1.182081e+01 3.225734e+00 -1.093830e+01 -2.019924e+01 -1.529999e+00 -1.804441e+00 8.780916e+00 -9.637025e+00 4.117677e+00 -5.244400e+00 -8.662530e+00 2.159519e+01 7.315570e-01 -4.643487e-01 -3.579376e-02 -4.644908e-01 -1.479646e+00 -6.963800e-01 -5.197968e-01 1.422888e-01 -1.650542e-01 5.835083e-01 -4.802929e-01 -6.005540e-01 4.096043e-01 4.555421e-01 -5.279093e-01 6.093521e-01 -2.488346e-01 2.425043e-01 -3.280855e-02 5.182352e-01 2.322518e-01 3.595773e-01 2.099096e-01 1.794542e-01 2.303562e-01 -3.722541e-01 
-1.015638e+01 -1.204750e+01 3.330880e+00 -1.038337e+01 -2.110789e+01 -1.203972e+00 -2.543963e+00 9.036047e+00 -9.183818e+00 5.713506e+00 -4.783295e+00 -8.195326e+00 2.177019e+01 1.213235e+00 -1.066615e-01 4.535084e-01 -3.003675e-01 -8.566150e-01 -6.562884e-01 -3.688388e-01 -4.386781e-01 3.448854e-01 7.643290e-01 1.073308e-01 -2.771832e-02 1.622741e-01 4.531033e-02 -1.985529e-02 4.441493e-01 -8.360151e-02 3.339536e-01 -1.087215e-01 4.454274e-01 -3.838826e-02 4.271339e-01 -6.641295e-02 2.695721e-01 9.004723e-02 -2.576160e-01 
-8.210820e+00 -1.442363e+01 4.296205e+00 -1.281679e+01 -2.205051e+01 -3.412896e+00 -3.010716e+00 7.476710e+00 -9.623053e+00 5.434067e+00 -6.638213e+00 -8.382263e+00 2.181105e+01 1.118214e+00 -8.371552e-02 8.457760e-01 -5.043769e-01 -2.887744e-01 -9.579969e-01 7.473564e-02 -7.461123e-01 8.935624e-01 4.523347e-01 3.601766e-01 -9.900827e-02 3.956955e-02 -4.173926e-01 4.419309e-01 1.917256e-01 1.342590e-01 3.024859e-01 -1.053414e-01 2.506022e-02 -3.778389e-01 2.102871e-01 -2.980589e-01 3.301280e-01 4.819650e-02 -1.215188e-01 
-8.041600e+00 -1.268939e+01 4.899145e+00 -1.207481e+01 -2.172833e+01 -3.485205e+00 -2.402852e+00 7.508946e+00 -7.537222e+00 5.959558e+00 -4.550899e+00 -8.921131e+00 2.182513e+01 2.559897e-02 6.360081e-01 8.168721e-01 -3.272394e-01 -2.780020e-01 -1.310760e+00 -8.896922e-02 -1.142712e+00 8.930500e-01 -1.190820e-01 6.213667e-01 -3.358027e-01 -3.126328e-02 -6.460779e-01 4.405175e-01 5.582249e-02 2.383420e-01 1.304382e-01 4.853468e-02 -2.034256e-01 -3.134954e-01 -1.502346e-01 -3.763215e-01 1.195347e-01 5.680466e-02 -8.477481e-02 
-7.739592e+00 -1.191820e+01 6.670329e+00 -1.261463e+01 -2.133316e+01 -5.179652e+00 -1.501209e+00 5.813754e+00 -5.992375e+00 6.256110e+00 -3.559736e+00 -8.794470e+00 2.176557e+01 -7.615875e-01 1.373879e+00 7.412058e-01 2.203205e-01 -2.563095e-01 -8.959785e-01 -5.344677e-01 -1.394975e+00 6.122553e-01 -4.650030e-01 9.133442e-01 -2.056170e-01 -1.011773e-01 -5.146867e-01 3.330303e-01 1.715456e-02 3.393355e-01 6.274035e-02 3.168344e-01 -3.917341e-01 -2.523554e-01 -4.889884e-01 -3.016406e-01 -6.477654e-03 2.183366e-01 -7.250866e-02 
-1.026400e+01 -1.011973e+01 6.228018e+00 -1.212013e+01 -2.285680e+01 -6.874420e+00 -3.743585e+00 4.154022e+00 -6.533716e+00 4.706854e+00 -3.215539e+00 -9.668324e+00 2.163675e+01 -1.077280e+00 1.367280e+00 7.849746e-01 5.289255e-01 -2.205981e-01 -4.446518e-01 -1.081380e+00 -1.681790e+00 -2.656894e-01 -6.586193e-01 4.285133e-01 3.097208e-01 -1.911383e-01 3.869697e-03 -1.427637e-02 1.428495e-01 2.707281e-01 1.610016e-01 4.246640e-01 -2.435300e-01 -2.350287e-01 -5.437894e-01 -1.415966e-01 -8.682644e-02 3.594786e-01 -5.589089e-02 
-1.090756e+01 -8.839311e+00 7.338064e+00 -1.169227e+01 -2.276787e+01 -6.198048e+00 -5.012187e+00 2.179291e+00 -7.063593e+00 3.735553e+00 -2.739111e+00 -9.036961e+00 2.139919e+01 -9.037573e-01 1.215806e+00 9.474559e-01 7.640244e-01 -3.821107e-03 1.929452e-01 -1.387705e+00 -1.738447e+00 -9.720828e-01 -7.860638e-01 4.243412e-01 6.698981e-01 -2.429265e-01 5.049967e-01 -2.962724e-01 1.618766e-01 1.863005e-01 1.341154e-01 3.399961e-01 -9.806035e-02 -1.805217e-01 -4.531823e-01 3.161165e-02 -1.568651e-01 3.757825e-01 -2.183942e-02 
-1.184379e+01 -7.393063e+00 8.490013e+00 -9.891538e+00 -2.211386e+01 -5.199169e+00 -6.053890e+00 9.169926e-01 -8.330067e+00 3.926895e+00 -2.818563e+00 -7.251196e+00 2.105243e+01 1.161290e-01 6.436568e-01 1.427984e+00 7.546252e-01 4.008096e-01 2.681842e-01 -8.799154e-01 -2.146099e+00 -1.033776e+00 -6.665160e-01 4.318222e-01 1.023832e+00 -2.398359e-01 7.791752e-01 -2.605673e-01 -7.856229e-02 2.595953e-01 -4.896406e-02 1.965927e-01 -1.912756e-02 -1.093647e-01 -2.835455e-01 1.360455e-01 -9.977771e-02 2.315066e-01 2.347189e-02 
-1.146843e+01 -7.202888e+00 1.027711e+01 -9.908866e+00 -2.172330e+01 -5.052632e+00 -7.284676e+00 -1.260369e+00 -9.954450e+00 2.715715e+00 -1.636432e+00 -6.653719e+00 2.084304e+01 1.166807e+00 2.541752e-01 1.229063e+00 1.038889e+00 1.034606e-01 4.474681e-01 -1.125393e+00 -2.065479e+00 -1.269582e+00 -3.029736e-01 1.274002e-01 1.316167e+00 -1.860430e-01 6.596982e-01 1.577543e-02 -3.676188e-01 3.465265e-01 -1.675407e-01 5.568269e-02 -5.449236e-02 -1.230790e-02 -1.634409e-01 1.471362e-01 -3.416219e-02 7.759118e-02 5.417805e-02 
-9.403033e+00 -7.719676e+00 1.189853e+01 -9.238421e+00 -2.137469e+01 -6.106543e+00 -7.007355e+00 -4.856608e+00 -1.025683e+01 1.884133e+00 -1.607773e+00 -5.740977e+00 2.071561e+01 1.783357e+00 5.452741e-01 2.513874e-01 1.689478e+00 -5.189800e-01 4.111384e-01 -1.308178e+00 -2.065200e+00 -1.534697e+00 -2.199847e-01 7.805392e-02 1.144046e+00 -1.021796e-01 1.793525e-01 3.787031e-01 -4.412397e-01 2.923543e-01 -1.362538e-01 3.905941e-02 -1.833734e-01 1.220194e-01 -8.042488e-02 5.947954e-02 1.042923e-01 1.237545e-02 6.005274e-02 
-6.294028e+00 -7.405237e+00 1.177941e+01 -6.824113e+00 -2.261978e+01 -3.506961e+00 -1.016258e+01 -5.261410e+00 -1.244799e+01 3.242047e+00 -2.707614e+00 -3.211075e+00 2.063758e+01 1.561001e+00 1.344034e+00 -3.023293e-01 2.029293e+00 -3.814469e-01 3.998525e-01 -1.445988e+00 -1.840336e+00 -1.538899e+00 -2.736533e-01 4.304555e-01 9.976455e-01 -4.086915e-02 -3.425252e-01 5.242758e-01 -1.427181e-01 6.799530e-02 7.503808e-02 -2.848650e-02 -8.668527e-02 6.426365e-02 2.530950e-01 -1.986833e-01 4.100631e-01 -1.173816e-01 3.848500e-02 
-5.514320e+00 -4.565638e+00 8.995955e+00 -2.986722e+00 -2.426047e+01 -3.916495e+00 -1.115596e+01 -7.407917e+00 -1.475666e+01 2.563931e+00 -1.892949e+00 -3.252184e+00 2.064427e+01 8.157523e-01 1.992220e+00 -1.256739e-02 1.721290e+00 -3.805682e-02 4.871298e-01 -1.636469e+00 -1.648631e+00 -1.301350e+00 -3.837689e-01 8.017756e-01 1.244877e+00 -1.221860e-02 -6.445239e-01 2.188483e-01 4.374623e-01 -3.937730e-01 4.007472e-01 -8.334331e-02 1.813310e-02 2.300860e-01 4.806524e-01 -1.882525e-01 3.568580e-01 -1.948154e-01 -5.792797e-03 
-5.607799e+00 -2.059787e+00 1.021658e+01 -2.888533e+00 -2.218811e+01 -4.148138e+00 -1.244032e+01 -9.186464e+00 -1.539903e+01 1.007661e+00 6.583087e-01 -2.909698e+00 2.067428e+01 -6.204439e-02 2.151942e+00 6.475777e-01 1.362918e+00 2.383375e-01 2.668944e-01 -1.394600e+00 -1.952350e+00 -1.207829e-01 -1.214535e+00 1.815892e+00 6.789375e-01 -3.869739e-02 -7.376129e-01 -2.605673e-01 7.153093e-01 -6.861003e-01 5.161288e-01 -1.148167e-01 2.364834e-01 4.493775e-01 5.786425e-01 -9.450077e-02 7.361656e-02 -4.044657e-01 -5.298074e-02 
-5.667241e+00 -4.313416e-01 1.261670e+01 -2.599740e+00 -2.178077e+01 -3.350186e+00 -1.405067e+01 -1.113771e+01 -1.528797e+01 1.082571e+00 7.184651e-01 3.326769e-01 2.063619e+01 -6.276768e-01 1.235603e+00 1.963842e+00 5.378713e-02 1.174802e+00 6.095447e-02 -1.243161e+00 -8.585905e-01 1.593969e-01 -6.907911e-01 1.169643e+00 3.293838e-01 -1.323337e-01 -6.795655e-01 -5.247851e-01 5.010690e-01 -7.139055e-01 5.027460e-01 -5.170368e-02 4.875371e-01 6.672251e-01 4.592312e-01 3.321398e-02 -2.628300e-01 -6.103475e-01 -8.123911e-02 
-6.527725e+00 1.287364e+00 1.320683e+01 -2.032035e-01 -2.266845e+01 -2.455610e+00 -1.568798e+01 -1.315849e+01 -1.278619e+01 -2.089729e+00 5.066470e+00 -1.609192e+00 2.044827e+01 -1.405321e+00 4.192962e-01 2.285914e+00 -5.673993e-01 1.592567e+00 3.902767e-02 -4.603115e-01 1.151318e-02 6.239380e-01 -5.925938e-01 6.146768e-01 -5.669127e-01 -2.456829e-01 -4.776644e-01 -5.029901e-01 1.068306e-01 -5.028098e-01 3.096595e-01 6.853802e-02 5.814543e-01 6.947043e-01 1.528518e-01 2.488681e-01 -5.640504e-01 -4.335431e-01 -7.490205e-02 
-8.192843e+00 -6.106852e-02 1.731994e+01 -4.060143e+00 -1.814617e+01 -4.458168e+00 -1.574786e+01 -9.715147e+00 -1.526576e+01 6.586437e-01 1.751056e+00 -2.255279e+00 2.009551e+01 -1.910333e+00 2.346786e-01 1.673564e+00 -8.829933e-01 1.798571e+00 3.426709e-01 3.340820e-01 7.054227e-01 6.225032e-01 -5.286156e-01 8.834039e-02 -1.183827e+00 -3.149287e-01 -1.596696e-02 -2.654023e-01 -3.698155e-01 9.249794e-02 -2.110048e-01 1.662275e-01 4.938080e-01 2.030580e-01 6.415123e-02 1.227871e-01 -2.654712e-01 -1.619298e-01 -4.253684e-02 
-1.137184e+01 -1.483891e-01 1.929482e+01 -4.995388e+00 -1.604235e+01 -3.399138e+00 -1.389345e+01 -9.839949e+00 -1.228999e+01 -1.743517e+00 3.215241e+00 -4.450193e+00 1.971597e+01 -1.809058e+00 1.376456e-01 1.326923e+00 -6.825989e-01 1.474808e+00 4.687500e-01 7.240234e-01 7.390454e-01 4.120097e-01 -5.130166e-02 -4.637482e-01 -7.322308e-01 -3.219452e-01 7.137538e-01 -6.255266e-02 -6.640729e-01 5.087233e-01 -6.278015e-01 4.443427e-02 2.598169e-01 -2.176568e-01 -2.019853e-01 1.635364e-01 -1.533966e-01 1.722413e-01 -7.914214e-03 
-1.279679e+01 1.459906e+00 1.794034e+01 -4.618624e+00 -1.610108e+01 -1.164938e+00 -1.327753e+01 -9.269819e+00 -1.242363e+01 -1.733698e+00 2.085605e+00 -4.166038e+00 1.942786e+01 -5.056336e-01 4.946110e-02 5.943119e-01 5.737521e-01 1.785726e-01 6.772696e-01 6.337532e-01 -2.071273e-01 5.862254e-01 -3.474293e-01 3.815408e-01 -3.974942e-01 -3.068264e-01 1.103509e+00 -1.367152e-01 -6.747978e-01 6.623976e-01 -8.753837e-01 -7.209489e-02 5.174789e-02 -3.718829e-01 -3.920035e-01 1.422663e-01 -1.465550e-01 1.399111e-01 -9.788104e-04 
-1.327089e+01 1.214316e+00 1.953111e+01 -3.336828e+00 -1.631629e+01 -1.758762e+00 -1.330309e+01 -9.686133e+00 -1.214704e+01 -1.150131e+00 2.580194e+00 -4.314921e+00 1.917229e+01 1.461010e+00 1.992848e-01 -4.948501e-01 1.247718e+00 -7.364949e-01 9.384467e-02 6.889896e-01 -6.203522e-01 -3.678617e-01 1.344910e-01 -2.988769e-01 -9.891508e-02 -2.892852e-01 8.787851e-01 -2.700143e-01 -7.001888e-01 7.953510e-01 -6.891093e-01 -8.705585e-02 5.980524e-02 -1.071989e-01 -5.115188e-01 -2.772915e-01 -7.686637e-02 -1.940617e-01 -4.074179e-02 
-9.771195e+00 -4.951528e-01 2.017362e+01 -2.020377e+00 -1.711629e+01 -1.892181e+00 -1.287451e+01 -1.082778e+01 -1.240643e+01 -1.375421e+00 3.975993e+00 -4.310477e+00 1.883315e+01 1.972196e+00 -4.799460e-01 -7.896702e-01 1.463657e+00 -1.472710e+00 1.696211e-01 6.103439e-01 -4.741585e-01 -9.475901e-01 8.981597e-02 -7.268085e-01 -8.009114e-01 -3.362287e-01 6.944340e-02 -2.148201e-01 -4.550335e-01 6.743293e-01 -2.106431e-01 -2.450878e-01 2.341136e-01 3.402281e-01 -3.930781e-01 -5.693231e-01 1.167026e-01 -4.294572e-01 -9.823765e-02 
-5.579755e+00 1.825561e+00 1.570395e+01 -5.525268e-02 -1.921759e+01 -2.566633e+00 -1.065034e+01 -1.216284e+01 -1.413829e+01 -1.250291e+00 7.755002e-01 -4.872399e+00 1.856720e+01 1.345942e+00 -9.477139e-01 -1.481919e+00 2.849307e+00 -1.145110e+00 2.872090e-01 1.034758e+00 3.365946e-01 -1.378620e+00 -1.656387e+00 -2.939855e-01 -1.500858e+00 -5.110555e-01 -6.929728e-01 1.979459e-01 -3.907808e-01 2.245459e-01 8.343628e-01 -4.504406e-01 4.000824e-02 3.242550e-01 6.304204e-02 -8.380739e-01 2.081888e-01 -2.110400e-01 -2.487767e-01 
-6.781315e+00 -1.244935e+00 1.590571e+01 1.059044e+00 -2.201360e+01 8.702070e-02 -1.155233e+01 -1.040225e+01 -1.616608e+01 -1.234580e+00 -6.458375e-01 -7.892004e+00 1.804938e+01 -1.008544e-01 -4.511510e-01 -1.187202e+00 3.144777e+00 -6.703845e-01 -6.446801e-01 1.631375e+00 1.015550e+00 -8.737022e-01 -2.298655e+00 9.625466e-01 -1.843888e+00 -6.871352e-01 -8.616301e-01 7.809063e-01 -7.040330e-01 -4.975897e-01 1.728299e+00 -6.125730e-01 -1.939099e-01 1.874459e-01 9.563567e-01 -3.468827e-01 -1.771989e-01 5.025248e-01 -4.285533e-01 
-8.035848e+00 -3.149196e+00 1.425519e+01 9.370058e+00 -1.959347e+01 -1.312434e+00 -8.789981e+00 -8.215677e+00 -1.716027e+01 -9.502704e+00 3.421532e+00 -1.002831e+01 1.700888e+01 -9.673449e-01 1.174564e+00 -2.249938e+00 1.529813e+00 3.034156e+00 -1.751124e+00 3.784955e-01 2.559744e-01 -8.952656e-02 -2.861663e+00 -1.026427e-01 -6.326112e-01 -1.357625e+00 -8.933809e-01 5.482280e-01 -5.129547e-01 -1.538792e+00 1.795214e+00 1.629582e-01 -6.363346e-01 1.818960e-01 1.293897e+00 6.185025e-01 -6.268975e-01 9.952923e-01 -4.883609e-01 
-9.047335e+00 -2.638371e-01 1.496211e+01 8.990629e+00 -2.027978e+01 -5.742762e+00 -5.647363e+00 -7.723837e+00 -1.526397e+01 -8.742385e+00 7.465918e+00 -1.095189e+01 1.617662e+01 -1.179196e+00 2.363705e+00 -3.925746e+00 -3.645949e-01 5.079297e+00 -1.874086e+00 -3.116745e-02 5.032220e-01 3.189623e+00 -1.041977e+00 -1.708483e+00 1.277680e+00 -2.055595e+00 -7.824663e-01 -3.604672e-01 -1.765081e-01 -1.866702e+00 9.726520e-01 1.351079e+00 -6.065844e-01 5.384027e-01 1.049286e+00 1.149375e+00 -5.574635e-01 9.760926e-01 -3.311584e-01 
-9.283428e+00 7.207534e+00 4.925916e+00 3.627967e+00 -4.913704e+00 -8.407613e+00 -1.170990e+01 -1.222178e+01 -1.503718e+01 -1.180470e+01 -3.793835e+00 -6.505670e+00 1.271507e+01 -2.581731e+00 3.860020e-01 -2.677510e+00 -3.090103e+00 4.956078e+00 1.716643e+00 -1.315633e+00 1.502244e+00 3.059166e+00 8.078341e-01 -2.092967e+00 1.914816e+00 -2.268512e+00 -4.420132e-01 -1.112655e+00 4.500932e-01 -1.036488e+00 -7.031552e-01 1.653290e+00 2.888379e-01 8.764094e-01 4.794739e-01 1.220883e+00 4.647640e-01 5.561175e-01 7.868314e-02 
-1.205375e+01 5.395211e+00 9.416232e-01 2.107140e+00 -3.956812e+00 -5.736042e+00 -1.024802e+01 -5.883119e+00 -1.279372e+00 -5.293452e+00 -5.580652e+00 -3.264961e+00 9.918176e+00 -3.206059e+00 -1.859254e+00 -1.855915e+00 -3.878666e+00 3.231896e+00 4.376880e+00 -5.544297e-01 3.084554e+00 2.798252e+00 1.613521e+00 -8.296013e-01 1.762824e+00 -1.887451e+00 1.559507e-01 -8.571402e-01 6.501521e-01 2.039317e-01 -1.358914e+00 5.664051e-01 9.579619e-01 3.311586e-01 -4.902016e-01 6.781970e-01 1.073378e+00 6.676156e-02 4.477282e-01 
-1.944145e+01 -4.048431e+00 7.877761e+00 -2.638838e+00 -2.973910e+00 7.267306e+00 -1.306814e+01 -1.625105e+00 -8.856361e+00 -7.188078e+00 -5.201333e-01 -4.297699e+00 8.795492e+00 -2.163961e+00 -2.277380e+00 -1.034528e+00 -1.895449e+00 4.419810e-01 3.389744e+00 2.084329e+00 3.347406e+00 2.503418e+00 1.915059e+00 1.781796e+00 1.905404e+00 -1.048316e+00 9.390264e-01 2.632565e-01 2.262586e-01 1.413457e+00 -9.473014e-01 -1.302273e+00 1.271433e+00 -3.157966e-01 -3.682599e-01 5.303882e-02 7.571699e-01 -1.203171e-01 5.576884e-01 
-1.999872e+01 -3.931723e+00 4.206190e+00 -7.269299e+00 -5.090316e+00 8.304259e+00 -7.740574e+00 2.400804e+00 -4.362976e+00 -2.983315e+00 1.680968e+00 -3.241907e+00 8.698992e+00 -6.083519e-01 -5.903266e-01 -1.496474e+00 5.764319e-02 5.418844e-01 1.212532e-01 3.058541e+00 1.236513e+00 1.016538e+00 1.795438e+00 1.721084e+00 1.616237e+00 -4.271086e-01 1.009262e+00 7.469121e-01 2.308134e-01 1.563243e+00 -1.669379e-01 -1.978009e+00 5.238134e-01 -5.990256e-01 -2.695766e-01 -4.583228e-01 1.566383e-01 -1.794635e-01 4.342654e-01 
-1.613086e+01 4.842656e-01 -1.878693e+00 -1.161107e+00 -2.137415e+00 1.521350e+00 -2.542212e+00 3.731127e-01 -9.780694e-01 -3.384517e+00 1.484041e+00 3.009795e+00 8.083051e+00 8.146297e-01 1.067782e+00 -1.725848e+00 2.008928e+00 1.564824e+00 -2.666998e+00 3.234993e+00 8.472511e-01 2.108666e+00 9.820742e-01 4.175075e-01 1.386618e+00 -2.103501e-01 5.019495e-01 7.692044e-02 5.223573e-01 1.170561e+00 2.102529e-01 -1.331918e+00 -5.465736e-01 -3.194063e-01 -1.327302e-01 -6.725631e-01 -6.041771e-01 -4.831689e-01 2.885403e-01 
-1.675070e+01 1.773840e-01 -1.662581e+00 1.656178e+00 -1.665471e+00 -2.256602e+00 -2.182509e-01 -6.994499e-01 -1.357836e-01 1.782009e+00 2.022611e+00 1.162645e+00 8.139151e+00 3.509138e-01 2.028842e-01 -3.561112e-01 1.985309e+00 1.835611e+00 -2.484812e+00 1.489316e+00 1.339424e+00 1.647814e+00 -2.115762e-01 6.356814e-01 1.124756e+00 -1.350902e-01 3.053187e-02 -8.177158e-01 7.377929e-01 8.593775e-01 -1.326972e-01 -4.241205e-01 -1.117843e+00 4.756862e-02 -2.555458e-02 -6.860415e-01 -7.725118e-01 -4.517511e-01 2.113805e-01 
-1.699230e+01 -7.642515e-01 2.182811e+00 2.943306e+00 3.137450e+00 -7.873986e-01 -6.541906e-01 4.161391e+00 -4.266964e-01 -4.660507e+00 1.396644e+00 4.332285e-01 8.023951e+00 -1.338109e-01 -2.289228e+00 1.007122e+00 2.993547e+00 8.461690e-01 -1.966630e+00 1.361450e-01 1.698964e+00 1.524223e+00 -4.442375e-01 -6.963807e-01 -2.647924e-01 2.483928e-01 -1.516546e-01 -6.722175e-01 5.113094e-01 1.315956e-01 -6.920632e-01 4.735918e-01 -9.161176e-01 -3.781548e-01 -5.586941e-01 -8.827997e-02 -3.975933e-01 -2.381339e-01 1.152640e-01 
-1.781348e+01 -2.293202e+00 3.949420e-01 6.054165e-01 1.450617e+00 -2.965288e+00 -1.237895e+00 7.203619e+00 3.599867e+00 -3.403314e+00 4.903310e+00 3.670326e+00 8.053039e+00 1.854259e-02 -3.000404e+00 8.258530e-01 3.862244e+00 2.377473e-01 -2.349596e+00 -9.812489e-01 1.048616e+00 1.180916e+00 -9.215514e-01 -1.584542e+00 1.832627e-01 4.004996e-01 7.130100e-03 3.892658e-01 -9.481122e-02 -6.677233e-01 -9.112521e-01 8.165854e-01 -2.224205e-01 -8.654242e-01 -9.503078e-01 2.108207e-01 -1.751624e-01 -1.183337e-01 -3.171217e-02 
-1.626868e+01 -9.726790e+00 2.128492e+00 1.433241e+01 5.356752e-01 -7.957445e+00 -1.351344e+00 4.916191e+00 4.774982e+00 -3.013054e+00 -3.438004e+00 4.321175e-01 9.368031e+00 2.224557e-01 -6.915588e-01 2.396194e-01 1.728520e+00 -1.096560e+00 -3.666182e-01 -1.103743e-01 -8.981575e-01 -4.514853e-01 8.956488e-01 -4.604393e-01 6.666365e-01 9.820711e-02 8.967619e-02 1.563890e+00 -4.751912e-01 -1.813755e+00 -4.644345e-01 1.253445e+00 3.686093e-01 -8.139403e-01 -8.847269e-01 1.283481e-01 4.965853e-01 1.287641e-01 -2.148884e-01 
-1.701987e+01 -1.034349e+01 2.493980e+00 1.527298e+01 8.242952e-01 -1.041913e+01 -4.775834e+00 4.165996e+00 3.168155e+00 -3.649366e+00 -3.482838e+00 2.079276e+00 9.469610e+00 2.083430e-01 1.350333e+00 -4.463328e-01 -7.206775e-01 -1.749105e+00 7.980819e-01 5.003522e-01 -1.689220e+00 -2.116065e+00 1.725855e-01 -3.580781e-01 6.752133e-02 -2.186195e-01 1.295007e-02 1.553178e+00 -4.224710e-01 -1.927532e+00 1.687782e-01 1.308690e+00 5.897304e-01 -4.459727e-01 -2.663877e-01 1.352601e-01 5.754384e-01 -1.627629e-01 -2.139365e-01 
-1.627707e+01 -1.970872e-01 2.331412e+00 4.251760e+00 -2.032539e+00 1.106377e+00 5.629390e-01 1.189623e+00 -2.467744e+00 -5.931119e-02 3.287599e+00 4.562235e+00 7.806709e+00 2.196492e-01 3.354881e+00 -7.326881e-01 -3.783591e+00 -4.825308e-01 2.726781e+00 1.238307e+00 -1.001905e+00 -1.250930e+00 -3.495497e-01 1.173383e+00 4.369244e-01 -5.165684e-01 -1.239259e-01 4.328558e-01 -1.093803e-01 -7.714867e-01 7.360412e-01 4.565253e-01 2.438845e-01 1.736387e-01 4.378446e-01 2.451115e-02 1.277128e-01 -3.063644e-01 -2.632703e-02 
-1.676796e+01 -3.062380e-01 -1.938444e+00 2.041828e+00 -6.010293e+00 -3.507281e+00 3.069776e-01 6.208751e-01 -3.358754e+00 -4.017181e+00 -2.499968e-01 1.942615e+00 7.740682e+00 8.461590e-02 2.742388e+00 -8.003027e-01 -3.019369e+00 7.745987e-01 2.647242e+00 1.293062e+00 -1.129430e+00 2.488618e-01 3.773157e-01 4.757735e-01 -5.158448e-01 -3.617887e-01 -7.614729e-02 -4.220585e-01 2.235773e-01 2.778125e-01 7.149422e-01 -2.455233e-02 -3.976310e-02 5.560904e-01 6.866846e-01 4.780320e-01 8.987724e-02 -9.964962e-02 1.148560e-01 
-1.529627e+01 2.029169e+00 6.812804e-01 2.029387e+00 1.539972e+00 2.220438e+00 2.298644e+00 1.679161e+00 1.783811e+00 -4.576900e+00 8.121049e-01 2.685086e+00 7.649722e+00 -3.352382e-01 7.766834e-01 -1.303509e-01 -9.796357e-01 1.321632e+00 9.913387e-01 7.127196e-01 -3.098530e-01 5.552765e-01 9.158293e-01 -2.388126e-01 -5.735291e-01 3.814955e-02 -9.890917e-02 -9.943818e-01 2.332039e-01 9.355488e-01 1.348913e-02 -5.630357e-01 -3.832028e-01 2.659577e-01 -5.813707e-02 3.927632e-01 -6.302410e-02 1.683140e-01 1.660148e-01 
-1.708698e+01 2.255027e+00 -6.825125e-01 1.287412e+00 2.911336e+00 2.260111e+00 8.217016e-01 -1.725960e+00 2.286460e+00 4.961990e-01 1.339261e-01 4.390616e-01 7.739297e+00 1.049832e-01 5.290769e-01 3.703064e-01 -7.336917e-01 9.234945e-01 1.543056e+00 5.644072e-01 7.452684e-01 4.141618e-01 1.930048e+00 7.973876e-01 7.451054e-02 7.841066e-02 -3.434100e-02 -8.160050e-01 1.369702e-01 5.952816e-01 -4.975902e-01 -5.915723e-01 -5.307141e-01 1.383535e-01 -4.251060e-01 -8.884550e-02 9.464817e-03 4.498444e-01 6.456755e-02 
-1.779383e+01 2.405739e+00 1.051813e+00 -2.689594e-01 1.149110e-01 3.179323e+00 3.869077e+00 8.133745e-01 -2.513960e+00 2.263451e+00 1.901447e+00 2.446484e+00 7.998094e+00 -2.850418e-01 -5.105406e-01 -1.520288e-01 -2.487927e-01 -4.896141e-01 4.636982e-01 -3.132817e-01 -6.093923e-01 -1.624264e+00 8.378856e-01 6.974002e-01 9.832943e-01 9.336241e-02 6.356249e-02 -2.910654e-01 -1.095419e-01 1.392660e-01 -5.906069e-01 -4.381394e-01 -5.256828e-01 -2.926491e-01 -1.589694e-01 -4.048491e-01 -1.684481e-01 1.892196e-01 -5.627166e-02 
-1.499402e+01 2.150494e+00 -2.720167e-01 -4.768903e-01 -6.800524e-01 3.728675e+00 2.343814e+00 4.780336e+00 8.612736e-01 2.212950e+00 3.192257e+00 2.434540e+00 7.958616e+00 -1.122409e-01 -6.941084e-01 -1.045438e-01 -4.083370e-01 -8.076226e-01 -4.695978e-02 -8.475271e-01 -2.878404e-01 -7.870042e-01 -2.797704e-02 5.510718e-02 9.550579e-01 -6.651264e-02 -3.138645e-03 -6.426353e-02 -1.961167e-01 1.718652e-01 -2.353591e-01 -5.244142e-01 -2.469207e-01 -3.999486e-01 1.883460e-01 -5.618456e-01 -6.183376e-01 -2.348413e-01 -8.140229e-02 
-1.776794e+01 -4.716434e-01 -2.840444e-01 1.667286e+00 8.876406e-01 3.804823e+00 -2.846834e-02 -4.621280e+00 -5.625151e+00 -1.245802e+00 2.770310e+00 6.603823e+00 8.007097e+00 9.119116e-02 -6.721842e-02 -4.406552e-01 -4.459336e-01 -7.657133e-01 -4.044526e-01 -1.209810e+00 -1.256490e+00 3.609747e-01 -1.293916e-01 -7.098323e-01 -6.760342e-02 -1.707572e-01 1.278869e-01 1.783081e-01 -1.726316e-01 1.256831e-01 1.574449e-01 -2.511830e-01 2.197854e-01 2.069385e-01 6.363204e-01 7.828118e-03 -2.112159e-01 -4.505213e-01 -6.728671e-02 
-1.766104e+01 2.231433e-01 -5.374034e-01 -1.722698e+00 -1.513191e+00 1.712679e+00 -1.466894e+00 -4.480033e-01 -9.279151e-02 2.110826e+00 -2.526142e-02 3.135624e+00 7.402469e+00 -9.884978e-02 -1.397776e-02 -4.659461e-01 2.242971e-01 -1.152347e-01 -6.447875e-01 -2.218892e-01 -9.309443e-01 3.633318e-01 -3.954678e-01 -1.590656e+00 -5.741814e-01 -1.965677e-01 9.153492e-02 1.234115e-01 -6.199032e-02 3.325706e-01 1.748064e-01 -9.763933e-02 3.761927e-01 2.587382e-01 3.390226e-01 9.237433e-02 2.676310e-01 -2.098499e-01 -5.792797e-03 
-1.600431e+01 3.033776e+00 -1.018514e+00 -1.875981e+00 -3.297349e+00 2.164767e+00 -2.746255e-01 -2.855167e+00 -2.321574e-01 1.667259e+00 -3.888175e-02 1.757899e+00 7.422323e+00 3.477063e-01 4.106258e-02 -8.345745e-01 6.318627e-02 -4.868170e-02 -4.932347e-01 4.729345e-01 7.468474e-01 9.822074e-01 1.060749e+00 4.641922e-01 -5.046621e-01 -1.780242e-01 -3.851554e-02 -9.528235e-02 8.751275e-02 2.313640e-01 -7.790769e-03 -1.665705e-01 1.652069e-01 4.673359e-01 7.337138e-02 9.347397e-02 5.368392e-01 6.842765e-02 2.007218e-02 
-1.637007e+01 3.280960e-01 -2.234482e+00 2.416814e+00 8.364609e-01 1.324582e+00 1.357435e+00 -7.574760e-01 -1.898850e-02 -1.221113e+00 -3.356566e+00 1.986502e+00 7.268338e+00 2.172436e-01 -1.311072e-01 -2.175788e-01 9.998462e-01 -2.921684e-01 -4.908700e-01 1.921830e-01 3.989866e-03 5.974982e-01 -1.611248e-01 8.061635e-01 1.242737e-01 -9.173848e-02 -6.063752e-02 1.064282e-02 1.915963e-01 -2.141580e-01 -2.451852e-01 -9.636488e-02 -2.358737e-01 3.697377e-01 4.210606e-02 8.266613e-02 4.767606e-01 4.478497e-02 3.780505e-02 
-1.667472e+01 -3.184125e-01 -3.608362e+00 -8.635345e-02 -5.307084e-01 1.533188e+00 9.239461e-01 -7.316867e-01 -7.509280e-01 5.723886e+00 6.756810e+00 4.654732e+00 7.183842e+00 -2.594624e-01 -4.851950e-01 -1.272541e-01 3.232290e-01 -7.162781e-01 -1.314307e+00 -5.907462e-01 6.127281e-01 6.108205e-01 2.207702e-01 7.758796e-01 -7.477900e-02 -1.228114e-01 -1.060394e-01 4.880267e-02 2.497113e-01 -2.466506e-01 -2.305015e-03 -2.682417e-02 -2.625614e-01 9.580373e-02 -1.472190e-01 -5.208628e-02 -2.681760e-01 -2.685713e-02 5.423244e-02 
-1.623944e+01 1.244123e+00 -3.302155e-01 2.382159e+00 -4.357020e+00 -4.258568e-01 -1.105187e+00 -1.489250e+00 3.154183e+00 -7.231178e-01 6.077999e-01 2.308434e+00 7.063101e+00 -9.844886e-02 3.023167e-01 1.384556e-01 -9.763822e-01 -1.007429e+00 -7.161571e-01 -8.694934e-01 9.848070e-01 7.596213e-01 4.379305e-01 6.373359e-01 -5.652353e-01 -3.510563e-02 -2.513875e-02 1.195846e-03 -4.192952e-02 -2.720588e-01 4.349879e-01 2.730597e-01 1.220400e-01 1.240048e-01 -2.538053e-01 3.148148e-01 -2.543974e-01 1.621257e-01 5.719699e-02 
-1.736670e+01 1.500963e-01 -2.607342e+00 -2.427459e-01 -4.281509e+00 -3.531277e+00 -1.997025e+00 5.743621e-01 1.235304e+00 2.522128e+00 1.858316e+00 1.222920e+00 6.910732e+00 -2.459750e-02 6.835779e-02 2.359032e-01 -1.819143e-01 2.975122e-01 -5.147315e-01 -3.091130e-01 7.355160e-01 1.651358e-01 5.008119e-01 -7.921960e-01 -2.941470e-01 6.479539e-02 9.750725e-02 -8.524029e-02 -1.187485e-01 2.428164e-01 6.537549e-01 5.537714e-01 4.209273e-01 -1.547572e-01 -1.522450e-01 -3.609444e-02 -1.987101e-01 3.273071e-01 4.047043e-02 
-1.651652e+01 1.605160e+00 -2.042814e+00 -2.386922e+00 -2.325354e+00 2.761103e-01 -1.529922e+00 3.512972e+00 2.785884e+00 2.569543e+00 2.279411e+00 8.759891e-01 7.229091e+00 -2.580029e-02 -4.018097e-01 -6.088141e-01 -1.079262e-01 1.375937e+00 4.747691e-01 6.614917e-01 5.626655e-01 -4.486158e-01 1.272864e+00 3.182395e-01 1.044520e+00 1.004624e-01 -1.188498e-03 -2.790149e-01 -1.140967e-01 5.208148e-01 3.569214e-01 2.835878e-01 2.310876e-01 -4.989907e-01 -2.239265e-01 -4.669000e-01 -3.355758e-02 3.541630e-01 -2.950916e-02 
-1.665938e+01 -1.576250e-01 -1.572179e+00 1.388712e+00 -5.918390e-02 -1.391461e+00 -4.094341e-01 4.444940e-01 2.586685e-01 6.581561e+00 1.959901e+00 3.900316e+00 7.424862e+00 1.918246e-01 -5.594320e-01 -3.473368e-01 1.102875e+00 1.361033e+00 8.591330e-01 7.483146e-01 4.996567e-02 4.537190e-01 -3.771883e-01 -5.818788e-02 7.568439e-01 1.167077e-02 -7.837167e-02 -1.288303e-01 3.114220e-02 1.567375e-01 -2.807522e-01 6.039261e-02 -2.255924e-01 -5.483539e-01 -1.792469e-01 -7.978587e-01 1.928510e-01 4.557835e-02 -8.004241e-02 
-1.672218e+01 -6.114404e-01 -3.891597e+00 1.027054e+00 4.115016e-01 8.779335e-01 1.408557e+00 1.389031e+00 1.399391e+00 3.611545e+00 2.148316e+00 6.192172e+00 7.308508e+00 -2.126338e-01 -7.791435e-01 -1.403641e-01 9.853860e-01 2.452732e-01 1.484370e-02 -2.428133e-01 -1.167418e+00 -5.043648e-01 -1.457652e+00 1.025832e-01 6.799626e-01 -1.562231e-01 -1.167652e-01 5.683631e-02 2.870547e-01 -1.084770e-01 -6.073052e-01 -2.581648e-01 -5.526257e-01 -5.076541e-01 -2.681901e-01 -6.650856e-01 2.890763e-02 -2.645534e-01 -7.114878e-02 
-1.630464e+01 -1.538802e+00 -3.419798e+00 3.564877e+00 1.154866e+00 4.636001e-01 2.754639e-01 1.886398e+00 4.197098e+00 1.151976e-01 1.633013e+00 2.349265e+00 6.929432e+00 -3.230500e-01 -3.872622e-01 1.574496e-01 5.511265e-02 -5.409676e-01 1.731584e-02 -9.848565e-01 -1.141318e+00 -7.032782e-01 -2.123172e+00 2.798990e-01 1.161662e-01 -2.070924e-01 -1.227680e-01 1.286929e-01 2.557521e-01 -3.570191e-01 -5.095865e-01 -2.918546e-01 -4.959326e-01 -3.072234e-01 -4.036500e-01 -1.326738e-01 8.949538e-02 -2.067557e-01 -3.048827e-02 
-1.775715e+01 -1.599675e+00 -1.820494e+00 1.451802e+00 -1.705744e+00 -5.771924e-01 -3.086349e+00 -3.044904e+00 -1.705351e+00 -1.485682e+00 2.955604e+00 5.051383e+00 6.695799e+00 -3.522377e-01 -2.036945e-01 5.740791e-01 -1.262425e-01 -7.094900e-01 -3.951015e-01 -1.235144e+00 -1.379928e+00 -1.211168e+00 -1.179585e+00 2.937821e-01 4.208060e-02 -1.459490e-01 -3.083683e-02 1.334535e-01 1.845541e-01 -2.404717e-01 -2.078098e-01 -1.232392e-01 -2.234778e-01 -6.636372e-02 -1.921412e-01 1.499952e-01 3.963141e-02 -1.349946e-01 8.159604e-03 
