-1.589435e+01 1.116874e+00 -1.616735e+00 2.625378e+00 -6.981342e-01 2.806330e+00 1.738206e+00 1.592406e+00 7.926656e-01 5.292017e+00 -1.029427e+00 1.399519e+00 7.327721e+00 1.832990e-01 -3.334071e-02 5.642284e-01 -4.966660e-01 -4.191816e-02 -2.806899e-01 -7.496829e-01 3.444929e-01 5.735577e-01 6.414363e-01 1.403822e+00 -1.326903e-01 1.494440e-01 -4.186932e-03 1.518913e-03 -1.259516e-01 1.530415e-01 -7.862269e-02 -1.113074e-01 8.654892e-02 -9.225682e-02 1.142110e-01 -4.686034e-01 -1.747249e-01 2.082060e-01 -4.354218e-02 
-1.599013e+01 2.307076e-01 9.845364e-01 2.602927e-03 -1.100322e+00 -5.892120e-02 -2.274603e+00 3.902971e+00 4.273122e+00 9.683378e+00 3.991799e+00 1.772590e+00 7.787796e+00 1.933340e-01 3.522879e-02 5.360600e-01 -2.623239e-02 6.747208e-02 -7.207547e-01 -8.254882e-01 5.228802e-01 1.103116e+00 -4.298312e-01 1.086750e+00 3.465726e-01 1.141599e-01 -1.819524e-03 3.490414e-02 -3.656751e-01 2.298203e-01 -3.049362e-02 -2.755632e-02 4.603586e-01 -1.952895e-01 -1.101088e-01 -6.073777e-01 -5.351269e-01 3.320344e-02 -8.057494e-02 
-1.492997e+01 1.393430e+00 -9.662316e-02 1.453042e+00 -7.069330e-01 2.835060e+00 -3.811418e-03 2.159259e+00 1.919974e+00 6.303391e+00 3.478671e+00 5.493917e-01 7.845013e+00 1.572080e-01 -5.993194e-02 -5.143413e-02 3.338854e-02 -4.898381e-01 -6.173446e-01 -2.791536e-01 -2.061179e-01 8.797961e-01 -1.165859e+00 6.886477e-01 6.687022e-01 -5.063945e-02 -4.606853e-02 4.170959e-02 -3.192445e-01 2.193150e-01 9.641147e-02 7.175995e-02 4.478298e-01 -6.362731e-02 -2.303244e-01 -4.597351e-01 -6.434557e-01 1.076078e-01 -7.412359e-02 
-1.540951e+01 1.155108e+00 3.032417e-01 3.079880e+00 -3.561185e-01 -8.118469e-01 -1.518162e+00 3.923649e+00 5.744647e+00 2.637115e+00 2.150359e+00 3.557306e+00 7.640181e+00 1.870768e-01 1.544411e-01 -9.564108e-01 3.875205e-01 2.945483e-02 -2.502004e-01 1.316823e+00 -3.566687e-01 -1.303165e-01 -1.491852e+00 -9.142409e-01 -3.673461e-01 -1.534115e-01 -1.017672e-01 -1.421067e-02 -1.442643e-01 5.495176e-02 2.243807e-01 3.683029e-01 2.213376e-01 -6.866968e-02 -5.347879e-01 -5.310895e-02 -4.786399e-01 -1.338366e-01 -2.701372e-02 
-1.539832e+01 3.551787e-01 -1.533479e+00 1.253010e+00 -3.519409e+00 9.593834e-02 -3.563579e-02 5.517534e-01 4.455987e+00 2.985606e+00 3.334501e+00 3.850585e+00 7.148413e+00 -4.396436e-02 1.157494e-01 -2.857585e-01 3.930742e-01 4.590394e-01 -1.570804e-01 4.183847e-01 4.660411e-01 3.839488e-02 -1.126062e+00 -8.129539e-01 7.623188e-01 -8.739376e-02 -9.965803e-02 -8.573210e-02 1.097704e-01 -1.120528e-01 2.407075e-01 2.722503e-01 -6.104691e-02 7.890398e-02 -5.231519e-01 2.636648e-01 -1.738330e-01 -2.809919e-01 1.724556e-02 
-1.482050e+01 1.521724e+00 -3.079388e+00 2.040476e+00 4.533660e-01 5.950080e-02 4.325283e+00 2.923453e+00 2.353686e+00 3.883439e+00 -5.072678e-01 -1.714926e+00 7.368986e+00 -2.149136e-01 -1.237210e-01 -6.815554e-02 6.867106e-02 7.149048e-01 8.907415e-01 -6.751709e-02 -1.565658e-01 -1.150345e+00 -7.153231e-01 -5.555969e-01 -3.694347e-01 -2.543814e-03 -9.686019e-02 -1.376718e-01 2.440156e-01 -2.325939e-01 -1.243195e-01 8.908256e-02 -2.996155e-01 -2.013403e-01 -3.145304e-01 4.250484e-01 1.698087e-01 -2.611507e-01 9.343900e-03 
-1.544403e+01 1.788934e+00 1.656538e-01 3.938242e+00 1.183662e+00 1.613702e+00 -8.336932e-01 4.989476e+00 3.807570e+00 4.966341e-02 7.427704e-01 6.996862e+00 7.543827e+00 -1.400643e-01 -3.492982e-01 5.327114e-02 -3.676234e-01 3.709886e-01 1.733493e-01 1.077622e-01 8.827960e-02 -1.225791e+00 -2.357576e-01 -3.598047e-01 -7.353011e-01 -3.985819e-02 -2.149053e-02 -2.961924e-02 -8.222463e-02 -2.584670e-01 -2.336208e-01 -4.543124e-02 1.104232e-01 -3.236461e-01 -1.718002e-01 5.264003e-01 1.705148e-01 -5.300508e-01 -2.161259e-02 
-1.646097e+01 -1.800897e-01 -8.869719e-01 2.080988e+00 8.669069e-01 2.882359e+00 -1.456717e+00 9.217134e-01 3.167866e-01 5.281827e-01 6.681762e-01 1.372731e-01 7.429605e+00 -2.492687e-01 -3.011950e-01 9.412079e-02 -3.950654e-01 -5.480552e-01 2.992172e-02 -2.595435e-02 -1.174569e+00 -1.070875e+00 1.883248e-01 -2.917223e-01 -9.243771e-01 -1.305188e-01 4.445254e-02 2.373984e-01 2.556081e-02 -4.890084e-02 -7.977803e-02 -2.002803e-01 -5.126751e-02 -3.421342e-02 4.787822e-01 4.257305e-01 2.736407e-01 -7.853366e-02 -1.463613e-02 
-1.527859e+01 -5.407587e-01 -2.363697e+00 -6.046655e-01 -1.871489e+00 -4.488729e-01 3.394053e+00 1.993833e+00 -6.547639e-01 3.483986e+00 9.478208e-01 -7.519014e-01 6.918695e+00 -1.342794e-01 5.659141e-02 -7.780864e-01 -6.675249e-01 -7.755286e-02 4.605574e-02 9.497534e-01 -6.433418e-01 -8.602015e-01 1.053931e+00 -9.231900e-02 -1.610530e+00 -1.314289e-01 3.653248e-02 2.491474e-01 8.356308e-02 6.263566e-02 5.937975e-02 6.081408e-02 -4.664221e-01 1.667535e-01 8.363994e-01 1.215771e-01 2.649819e-01 3.508362e-01 2.979819e-02 
-1.614967e+01 1.180172e+00 -1.343904e+00 2.336725e+00 -7.591578e-01 1.240217e+00 2.081664e+00 -1.451335e+00 -7.696461e-01 3.107765e+00 -2.068728e+00 -2.462767e+00 7.029088e+00 4.439774e-03 8.603037e-01 4.752345e-01 -2.574235e-02 5.403570e-01 -4.706422e-02 -7.448027e-01 3.829033e-02 1.060866e+00 7.684386e-01 6.789594e-01 -3.245921e-01 -2.991702e-02 6.989142e-02 5.872322e-02 1.248027e-01 7.827897e-03 1.383499e-02 3.272898e-03 -4.600881e-01 5.138933e-01 6.260566e-01 -2.941123e-01 1.835588e-01 5.848836e-01 4.202575e-02 
-1.627127e+01 1.391306e+00 -3.496452e+00 4.722970e-01 1.609124e+00 2.665135e+00 2.145803e+00 2.959415e+00 5.001893e-02 4.029955e+00 1.649608e+00 2.442287e-01 7.086730e+00 -8.422244e-02 3.156318e-01 2.805253e-01 -2.390709e-01 1.237210e-01 5.159749e-01 -1.864882e+00 3.156361e-01 1.890484e+00 8.204082e-02 4.798204e-01 7.189505e-01 5.878337e-02 3.580074e-02 -9.234495e-02 2.232876e-01 1.090392e-01 -2.619875e-01 -2.804162e-01 -2.700685e-01 2.293910e-01 1.292968e-02 -7.269049e-01 -2.366377e-01 6.974475e-01 2.569733e-02 
-1.594255e+01 3.155567e+00 2.055533e+00 1.412951e+00 1.827957e+00 1.089912e+00 -4.556655e+00 6.304204e-01 5.268768e+00 4.097780e+00 3.712155e+00 -1.984013e+00 7.195846e+00 7.515704e-02 -1.371660e-01 1.889503e-01 -5.700079e-01 -5.794427e-01 -1.885862e-01 -9.191059e-01 9.155073e-01 6.842117e-01 -7.963237e-01 3.399563e-01 8.352955e-01 -1.549533e-02 5.670093e-03 -2.284540e-01 -1.753383e-01 1.414556e-01 -1.976836e-01 -1.913428e-01 4.824579e-01 6.147975e-02 -6.094234e-01 -3.784099e-01 -3.176520e-01 3.810330e-01 2.779777e-02 
-1.580323e+01 4.973586e-02 -2.661152e+00 -1.338536e+00 -2.546722e+00 2.206162e+00 -2.611207e+00 2.531017e+00 5.778208e+00 3.398924e+00 4.567702e-01 2.603194e+00 7.129270e+00 9.280188e-03 9.378924e-02 4.815190e-01 1.498535e-01 -8.275390e-01 -1.285318e+00 -3.133961e-01 6.496099e-02 -6.071345e-01 -1.798179e+00 -1.105893e+00 1.296867e+00 -1.017471e-02 3.902902e-02 2.013760e-02 -3.388340e-02 2.618766e-01 8.887135e-02 -1.578022e-01 6.452623e-01 -2.900296e-02 -5.924170e-01 1.197255e-01 2.292687e-01 -2.814754e-02 5.690387e-02 
-1.600786e+01 1.165303e+00 -8.170053e-01 3.916936e-01 -1.578292e+00 5.268823e-01 -1.355154e-01 3.340164e+00 -2.128763e-01 -5.585096e-01 2.276356e-01 5.341123e-01 6.930394e+00 -1.397741e-02 -1.707785e-01 -5.019025e-01 4.871610e-01 2.748663e-02 -1.030886e-01 8.917608e-01 4.711421e-01 -7.373325e-01 -1.835521e-01 -1.164517e-01 1.291584e+00 1.435633e-01 1.278714e-01 1.676104e-01 7.098211e-02 1.143819e-01 8.151365e-02 1.828757e-01 1.864310e-01 -3.430872e-01 -3.560481e-01 3.747622e-01 4.221421e-01 -4.764013e-01 8.135899e-02 
-1.619227e+01 2.855222e+00 3.474106e-01 1.732411e+00 -8.252903e-01 -3.479845e+00 -1.631751e+00 1.929101e+00 -2.447163e-01 -2.632968e+00 -2.137636e+00 5.469349e+00 7.168620e+00 1.555551e-01 4.333502e-01 4.563808e-01 5.417182e-01 2.646024e-01 -3.157528e-01 4.560433e-01 3.927332e-01 -3.611090e-01 3.740877e-01 1.854329e+00 3.500126e-01 2.638374e-01 2.369013e-01 1.145151e-01 8.377937e-02 -4.535905e-02 -6.500182e-02 2.530699e-01 -3.002419e-01 -5.873065e-01 -3.877200e-01 1.329792e-01 2.566946e-01 -8.610850e-01 3.982529e-02 
-1.581784e+01 8.989435e-01 -1.957578e+00 2.313514e+00 1.105041e+00 3.417710e+00 -5.876663e-01 3.286670e+00 4.593674e+00 6.196220e+00 4.426988e+00 3.041203e+00 7.893935e+00 6.413674e-01 5.310506e-01 5.564849e-01 -1.941510e-01 -7.178380e-01 2.410614e-01 -3.716328e-01 -9.639727e-01 -1.219180e+00 -8.675131e-03 9.705778e-01 -1.073525e+00 2.543163e-01 1.825370e-01 4.601115e-02 2.462506e-01 3.745829e-03 -1.101513e-01 -2.372854e-01 -8.323665e-01 -9.536635e-01 -4.664867e-01 -3.847931e-01 -5.751882e-01 -8.839720e-01 -2.828899e-02 
-1.512029e+01 2.349691e+00 1.914515e-01 4.094179e-01 -2.565455e+00 -8.181533e-01 -1.049150e-01 4.521519e+00 1.569734e+00 1.892169e+00 7.628517e+00 3.100198e+00 7.966679e+00 8.661515e-01 3.154824e-01 3.712026e-01 2.638683e-01 -7.798880e-01 -1.920163e-01 -1.182879e+00 -2.154242e+00 -2.304739e+00 -1.220640e+00 -3.658819e-01 -1.826020e+00 1.334821e-01 4.453863e-02 -1.039014e-01 2.021271e-01 3.489207e-01 1.559115e-01 -1.123116e-01 -6.471496e-01 -1.064820e+00 -4.067232e-01 -2.038213e-01 -1.158194e+00 -7.319434e-01 8.433462e-02 
-1.333677e+01 4.073171e+00 2.043416e+00 8.278430e-02 -4.297672e+00 4.014531e-01 -2.757109e+00 -2.775639e+00 -7.215957e+00 -2.864546e+00 1.971958e-01 -3.648616e+00 7.803111e+00 5.434965e-01 1.181396e-01 7.720677e-01 6.447889e-01 -1.000410e-03 -1.351252e+00 -2.450583e+00 -3.023735e+00 -2.098089e+00 -1.310069e+00 -1.882280e+00 -2.040159e+00 6.725436e-02 2.221803e-01 2.128731e-01 4.253042e-01 4.516927e-01 2.362685e-01 -2.015858e-01 -1.630171e-01 -6.043946e-01 3.392954e-02 2.672706e-01 -6.312292e-01 -4.016053e-01 4.572378e-01 
-1.310229e+01 2.845876e+00 2.027869e-01 4.166970e+00 -2.023339e+00 -2.931530e+00 -6.461467e+00 -5.810840e+00 -5.863187e+00 -4.205674e+00 -1.852305e+00 -3.160149e-01 7.881598e+00 4.272086e-01 1.202311e-01 1.359225e+00 1.866936e+00 6.856927e-01 -8.111081e-02 -1.740194e+00 -3.901389e+00 -1.955101e+00 5.722369e-03 -2.510260e+00 -2.826195e+00 7.790278e-01 7.766272e-01 5.352332e-01 5.614960e-01 3.616225e-02 -3.406419e-01 -3.032117e-01 3.139808e-01 -2.504195e-01 -1.474881e-02 6.137190e-01 5.597991e-02 -5.719522e-01 8.005347e-01 
-1.410958e+01 1.241345e+00 1.896838e+00 3.658452e+00 8.285898e-01 -2.282312e+00 -9.662265e+00 -6.665389e+00 -2.180503e+00 2.695197e+00 -2.436793e-01 -5.451581e+00 8.272545e+00 1.971773e+00 1.692997e+00 2.189012e+00 1.262723e+00 -2.692966e-01 -8.223863e-01 -9.081256e-01 -3.112200e+00 -1.224497e+00 7.144773e-01 -1.113468e+00 -2.581342e+00 2.217696e+00 1.202373e+00 5.599511e-01 1.578233e-01 -2.494624e-01 -1.014358e+00 -5.780637e-01 6.810040e-01 3.281096e-01 -5.449780e-01 4.632015e-01 5.288357e-01 -3.824603e-01 7.943334e-01 
-1.259786e+01 4.366293e+00 7.061075e+00 7.955751e+00 -1.700056e+00 1.180111e-01 -5.353489e+00 -1.304057e+01 -1.072352e+01 -8.586615e-01 -4.702271e+00 -1.012962e+01 1.162686e+01 4.035206e+00 2.204356e+00 2.470246e+00 1.354792e-01 -2.348954e+00 -1.972475e+00 -3.843212e-01 -3.362000e+00 -2.815328e+00 8.357440e-01 -4.703397e-01 -4.415220e+00 3.060945e+00 8.225980e-01 -7.372626e-02 -4.571305e-01 -3.832102e-01 -9.110155e-01 -1.049992e+00 5.749272e-01 1.102955e+00 -3.994937e-01 2.713149e-01 8.506630e-01 1.623451e-01 2.564707e-01 
-3.730016e+00 1.177764e+01 9.559546e+00 4.502044e+00 -5.805379e+00 -5.235154e+00 -7.851702e+00 -1.472180e+01 -1.090811e+01 -9.658318e-01 -3.944956e+00 -1.164822e+01 1.701886e+01 4.751351e+00 1.875849e+00 1.005719e+00 2.632149e-01 -3.555458e+00 -3.295846e+00 2.764532e-01 -1.652892e+00 -4.392794e+00 5.908695e-01 -2.580774e-01 -3.157907e+00 2.897896e+00 -5.685340e-01 -1.176466e+00 -6.214402e-01 -1.876557e-02 -1.427745e-01 -2.993957e-01 3.442587e-01 1.370090e+00 4.104811e-01 -2.997159e-01 6.359009e-01 1.070862e+00 -4.881604e-01 
1.884266e+00 8.599163e+00 8.722684e+00 4.423129e+00 -1.045112e+01 -1.131742e+01 -9.288205e+00 -1.859267e+01 -1.557611e+01 1.803735e+00 -2.353056e+00 -1.929384e+01 1.881322e+01 3.150472e+00 -3.398868e-01 -3.346882e-01 4.507350e-01 -2.226305e+00 -4.094289e+00 5.421783e-01 8.838814e-01 -2.368257e+00 1.424169e+00 1.315394e+00 -1.726261e+00 1.721338e+00 -1.618458e+00 -1.765908e+00 -6.298035e-01 -1.394867e-01 6.982833e-01 8.676960e-01 1.934601e-02 1.691962e+00 1.937825e+00 -9.825750e-01 2.231369e-01 1.842187e+00 -8.381587e-01 
2.406106e+00 8.504429e+00 6.094442e+00 6.740370e+00 -1.257303e+01 -1.304400e+01 -6.312626e+00 -1.215410e+01 -2.171822e+01 4.318491e+00 -2.708633e+00 -1.665900e+01 1.916886e+01 -4.284821e-01 -2.917294e+00 4.844369e-01 1.011172e+00 -1.044455e+00 -1.258386e+00 3.500624e-01 1.615503e+00 6.043109e-01 -1.078421e+00 1.173152e+00 1.428569e+00 4.466288e-01 -1.613895e+00 -1.928789e+00 -6.004599e-01 -9.230636e-01 9.781191e-01 1.893094e+00 -4.249728e-01 1.578172e+00 2.557906e+00 -1.362109e+00 -3.159796e-01 1.251999e+00 -7.090816e-01 
8.643972e-02 4.303421e+00 7.120098e+00 9.090106e+00 -9.447776e+00 -1.644916e+01 -3.411957e+00 -9.905124e+00 -1.715993e+01 3.620384e+00 1.256567e+00 -1.625537e+01 1.915843e+01 -1.467164e+00 -4.228630e+00 -4.181831e-01 -9.359007e-01 -1.129804e-01 1.347194e+00 -3.244578e-01 3.463649e+00 4.375455e+00 -3.242494e+00 -7.021201e-02 2.502457e+00 9.574771e-02 -7.699788e-01 -1.313731e+00 -9.504923e-01 -1.504878e+00 7.365312e-01 2.135811e+00 -5.574993e-01 1.286442e+00 1.348934e+00 -1.179870e+00 -9.459956e-01 3.074989e-01 -3.073725e-01 
-4.973660e+00 -6.609817e-01 1.278270e+01 7.224412e+00 -1.152939e+01 -8.961243e+00 -9.039486e+00 -1.098803e+01 -7.094620e+00 -7.266399e+00 1.159115e-01 -6.024558e+00 1.907931e+01 -1.009332e+00 -5.823655e+00 -1.954983e+00 -3.658862e+00 2.784834e-01 3.448936e+00 -1.415012e+00 4.948170e+00 5.024865e+00 -3.886285e+00 -1.145087e+00 9.876375e-01 1.652659e-01 1.826231e-01 -3.000396e-01 -1.418656e+00 -1.239844e+00 8.124188e-01 1.014763e+00 -1.323913e-01 8.689330e-01 -5.636368e-01 1.744458e-01 -8.864241e-01 -5.739537e-01 1.274461e-02 
-1.761456e+00 -7.961024e+00 3.287570e+00 -4.987417e-01 -1.153790e+01 -6.622583e+00 -9.546718e+00 -1.857707e+00 -1.010597e+00 -8.616895e+00 -4.116556e+00 -1.209853e+01 1.933668e+01 -4.088843e-01 -5.455262e+00 -3.867397e+00 -4.738572e+00 7.949793e-01 4.231118e+00 -1.362794e+00 5.649622e+00 2.165969e+00 -3.071129e+00 -2.255457e+00 3.169159e-02 3.250946e-01 2.390535e-01 7.492839e-01 -8.684095e-01 1.145019e-01 8.977317e-01 -1.646811e-01 3.056979e-01 -3.417426e-01 -1.954240e+00 1.087686e+00 -2.790401e-01 -3.050102e-01 6.738106e-02 
-1.716363e+00 -1.448153e+01 -1.764095e+00 -6.759641e+00 -1.013550e+01 -7.126947e-01 -1.032054e+01 8.562758e+00 -4.668326e+00 -8.994615e+00 -5.747259e+00 -1.379921e+01 1.990608e+01 -4.455465e-02 -3.804066e+00 -4.884261e+00 -3.286762e+00 2.563559e+00 2.373674e+00 2.073176e-01 4.867137e+00 -1.109101e+00 -2.920600e-01 -2.166412e+00 -2.059128e-01 3.956628e-01 9.683682e-02 1.565424e+00 -6.214554e-02 1.386306e+00 7.514594e-01 -1.049138e+00 5.556468e-01 -1.523340e+00 -1.790442e+00 1.369279e+00 2.812219e-01 2.862654e-01 5.518098e-03 
-3.586961e+00 -1.606227e+01 -4.943470e+00 -7.610829e+00 -6.169818e+00 5.822393e-01 -9.585397e+00 8.567703e+00 -7.542962e+00 -1.087122e+01 -7.088951e+00 -1.220973e+01 2.037062e+01 -7.543246e-01 -1.491974e+00 -3.295614e+00 -5.497531e-01 3.233160e+00 1.061483e+00 3.928452e-01 1.795348e+00 -2.328882e+00 3.986687e-01 -9.548438e-01 1.574277e+00 3.175337e-01 6.597443e-02 1.504753e+00 6.428578e-01 1.636153e+00 1.776502e-01 -1.109039e+00 3.406393e-01 -1.979676e+00 -6.475675e-01 1.091974e+00 5.870321e-01 3.788140e-01 -6.164598e-02 
-4.283576e+00 -1.563066e+01 -7.522852e+00 -5.653138e+00 -1.395506e+00 -6.955270e-01 -7.983896e+00 8.135260e+00 -9.373762e+00 -7.599152e+00 -9.230105e+00 -6.998618e+00 2.054057e+01 -3.524522e-01 2.163440e-02 -2.551455e+00 1.178274e+00 2.816627e+00 -2.120885e-01 4.853243e-01 -7.414258e-01 -1.680047e+00 1.225296e+00 -3.892220e-01 1.647745e+00 1.966995e-01 1.313149e-01 9.121653e-01 9.437558e-01 9.477840e-01 -5.233986e-01 -4.821618e-01 -3.278758e-02 -1.635673e+00 3.902386e-01 4.353785e-01 4.673689e-01 7.510486e-02 -8.195023e-02 
-4.249678e+00 -1.484645e+01 -1.031096e+01 -3.800104e+00 2.580906e-01 -1.323724e+00 -8.751108e+00 7.332406e+00 -1.030229e+01 -7.321108e+00 -7.149496e+00 -7.627618e+00 2.060694e+01 7.492092e-02 1.556363e-01 -1.819528e+00 1.209636e+00 1.556568e+00 -2.114816e-02 2.012987e-01 -1.444482e+00 -7.864801e-01 1.630182e+00 -2.088431e-01 9.989403e-01 1.164001e-01 1.891657e-01 2.483128e-01 7.357912e-01 6.341606e-02 -7.573551e-01 1.903898e-02 -9.800677e-02 -8.006552e-01 7.503344e-01 5.711136e-02 9.269647e-02 -3.140605e-01 -6.694709e-02 
-3.147223e+00 -1.498111e+01 -1.183772e+01 -2.773360e+00 7.337905e-01 -8.199052e-01 -8.310952e+00 5.473166e+00 -1.168905e+01 -4.643349e+00 -7.663293e+00 -7.851716e+00 2.077135e+01 1.974660e-01 -6.695322e-02 -9.035532e-01 5.724270e-01 7.849312e-01 5.040331e-01 1.390766e-01 -1.691368e+00 7.087254e-02 1.269074e+00 -2.025016e-01 4.572663e-01 8.650662e-02 -1.632528e-02 -5.144804e-02 6.024112e-01 -3.387277e-01 -6.598808e-01 3.353648e-01 -1.798614e-01 -1.319796e-01 6.582794e-01 -4.134445e-01 5.939886e-02 -3.220231e-01 -4.944342e-02 
-3.780396e+00 -1.560857e+01 -1.188384e+01 -3.002089e+00 5.484492e-01 5.387946e-01 -8.415238e+00 2.676663e+00 -1.031735e+01 -4.198554e+00 -8.916677e+00 -6.788526e+00 2.083729e+01 -8.363214e-02 -2.061837e-01 -4.405158e-01 7.014117e-02 4.622507e-01 7.986378e-01 7.595976e-02 -1.733050e+00 5.472594e-01 6.623888e-01 -5.847499e-01 5.991654e-01 3.792093e-02 -1.211799e-01 1.968818e-02 4.011877e-01 -2.366159e-01 -3.941524e-01 3.082512e-01 -1.837244e-01 1.884357e-01 4.208777e-01 -6.263325e-01 2.485560e-01 -2.437897e-01 -3.454030e-02 
-3.530983e+00 -1.558393e+01 -1.125453e+01 -3.189882e+00 2.383697e+00 8.933598e-01 -7.456346e+00 2.005970e+00 -9.011475e+00 -2.815082e+00 -9.359223e+00 -5.131988e+00 2.085792e+01 -3.549314e-01 -5.455394e-02 -2.288607e-01 5.429670e-02 6.436440e-02 1.054876e+00 -3.512174e-01 -1.257059e+00 9.444640e-01 -3.579608e-01 9.563442e-02 2.374761e-01 -1.129484e-02 -1.005189e-01 9.942752e-02 1.625457e-01 -3.143199e-02 -2.946410e-01 1.716788e-01 -2.159164e-01 3.249722e-01 1.540074e-01 -6.175616e-01 4.319158e-01 -2.759011e-01 -2.046235e-02 
-4.475767e+00 -1.557628e+01 -1.280552e+01 -3.240945e+00 1.744511e+00 1.812707e+00 -8.798355e+00 4.007126e-01 -8.904768e+00 -4.923265e+00 -9.225088e+00 -5.991452e+00 2.075306e+01 -2.548175e-01 2.478092e-01 -1.509771e-01 2.855932e-01 -5.393451e-02 1.244673e+00 -4.722455e-01 -7.195645e-01 8.812332e-01 -6.880498e-01 8.848802e-01 -1.100847e-01 -7.514396e-03 2.710590e-02 1.394898e-01 1.093739e-01 1.004548e-01 -1.803839e-01 5.729935e-02 -1.014522e-01 3.819510e-01 3.895573e-02 -3.291957e-01 4.973590e-01 -2.530141e-01 -5.009108e-03 
-4.574351e+00 -1.527041e+01 -1.252136e+01 -2.382160e+00 4.579072e-01 3.817472e+00 -9.875487e+00 3.256418e-01 -7.673334e+00 -6.071037e+00 -7.030747e+00 -7.062706e+00 2.075689e+01 -2.195179e-01 2.031419e-01 -2.357064e-01 3.076448e-01 -4.302742e-01 1.139485e+00 -6.663947e-01 -5.732402e-01 6.738648e-01 -1.143502e+00 1.222210e+00 -5.676021e-01 6.907294e-03 6.761009e-02 7.291194e-02 5.814879e-02 3.328079e-02 -6.697807e-02 -1.560449e-01 5.174679e-02 2.481039e-01 -1.022597e-01 -2.913530e-02 1.367340e-01 -1.225671e-01 -5.009108e-03 
-4.532367e+00 -1.452656e+01 -1.200501e+01 -1.978299e+00 1.241847e+00 5.299850e+00 -9.566792e+00 -8.072989e-02 -6.580447e+00 -6.011082e+00 -5.656609e+00 -6.373861e+00 2.085027e+01 -1.563023e-02 3.623905e-01 1.096077e-01 4.459980e-01 -1.922262e-01 1.042681e+00 -2.736228e-01 -1.653103e-01 8.774968e-01 -5.908960e-01 1.338910e+00 -2.634096e-01 3.756925e-03 3.209898e-02 -3.315036e-02 3.781735e-02 -7.597455e-02 -3.584467e-02 -3.168187e-01 1.026275e-01 1.344822e-01 -1.429512e-01 7.002399e-02 -1.639107e-01 -7.518329e-02 -1.856195e-02 
-4.600474e+00 -1.509284e+01 -1.283289e+01 -2.283410e+00 4.834520e-01 4.847183e+00 -1.040426e+01 -6.188127e-01 -6.804188e+00 -7.988487e+00 -5.032426e+00 -7.779139e+00 2.084389e+01 -1.365225e-01 2.525896e-01 -6.849222e-02 1.407062e-01 -2.013420e-01 3.755962e-01 -1.918800e-01 -2.935627e-01 4.348810e-01 -5.523856e-01 5.523947e-01 -2.985465e-01 -4.202844e-02 2.107977e-02 -6.544416e-02 7.336131e-02 -1.025680e-01 5.089712e-02 -3.428277e-01 1.824984e-01 1.024351e-01 -1.364791e-01 1.751280e-01 -2.755097e-01 -3.215547e-03 -1.883701e-02 
-4.541075e+00 -1.385322e+01 -1.210156e+01 -1.060433e+00 7.704046e-01 6.511397e+00 -9.902171e+00 4.693554e-02 -4.952304e+00 -6.918657e+00 -3.529838e+00 -6.950233e+00 2.072860e+01 -1.358142e-01 5.733835e-02 -4.548624e-02 -1.087796e-02 -3.476100e-01 4.262567e-02 -1.963535e-01 -1.870258e-01 2.858574e-01 -6.335032e-01 4.002881e-01 -6.205532e-01 -7.591242e-02 1.785148e-02 -1.535940e-01 2.509218e-02 -1.455498e-01 1.115947e-02 -3.489032e-01 8.070216e-02 6.949154e-02 -2.173114e-01 4.965614e-02 -2.768847e-01 -9.576415e-02 -2.208521e-03 
-5.252617e+00 -1.434389e+01 -1.281530e+01 -2.137818e+00 -3.132601e-01 5.089633e+00 -1.066718e+01 -1.206343e+00 -6.313250e+00 -8.379322e+00 -5.332141e+00 -8.267230e+00 2.060779e+01 -5.411742e-02 2.835690e-02 2.085896e-01 2.326115e-02 -9.806354e-02 -7.463180e-02 2.073989e-01 -5.017465e-02 2.872944e-01 -2.465265e-01 3.140620e-01 -4.050630e-01 -4.748908e-02 1.221896e-01 -1.157788e-01 1.123299e-01 -3.521391e-02 1.170252e-01 -2.015858e-01 1.142166e-01 1.883797e-01 -6.232554e-02 1.179713e-01 -4.525076e-02 1.975844e-02 1.587027e-02 
-4.885339e+00 -1.461450e+01 -1.224149e+01 -2.105323e+00 -9.754898e-02 5.391644e+00 -1.041699e+01 -7.222037e-01 -5.396773e+00 -8.982998e+00 -3.505419e+00 -9.232377e+00 2.058864e+01 3.241973e-02 -2.932774e-01 9.658972e-02 -2.232265e-01 -1.880826e-01 -4.767118e-01 -6.971318e-02 6.044301e-02 -1.353462e-01 -4.954979e-01 7.352743e-02 -6.889842e-01 -4.574052e-03 1.307553e-01 -7.250641e-02 6.802611e-02 -3.959613e-02 1.446926e-01 -1.986233e-01 3.518097e-02 1.721320e-01 -7.499430e-02 9.492345e-02 -6.884895e-02 9.712159e-02 1.451998e-02 
-4.698746e+00 -1.457032e+01 -1.171968e+01 -1.644491e+00 4.269697e-01 5.033926e+00 -9.109989e+00 -4.848539e-01 -5.145065e+00 -8.188963e+00 -3.474310e+00 -8.663220e+00 2.067649e+01 3.902562e-01 -1.510592e-01 4.221524e-01 7.079455e-02 3.040699e-01 -3.726665e-01 3.159012e-01 5.246291e-01 3.338553e-01 -3.150043e-02 4.894206e-01 -1.656158e-01 1.656679e-03 8.947633e-02 -4.149667e-02 -2.485033e-03 -3.233245e-02 5.594413e-02 -1.412328e-01 -7.858718e-02 1.080938e-01 -7.113859e-02 -2.630914e-02 -2.343637e-02 4.521257e-02 -1.258322e-03 
-4.655519e+00 -1.520669e+01 -1.216644e+01 -2.423095e+00 -5.403245e-01 4.155571e+00 -1.102924e+01 -1.195239e-02 -6.212566e+00 -9.491120e+00 -4.091134e+00 -1.019710e+01 2.067138e+01 2.959271e-01 -2.155952e-01 1.878281e-01 -2.327005e-01 1.747905e-01 -8.014249e-01 -7.467467e-02 3.863206e-01 -1.123532e-01 -2.663084e-01 -3.163489e-02 -2.545639e-01 -2.788678e-02 1.371928e-02 2.752087e-02 -2.634924e-02 1.317060e-02 -6.626702e-03 -4.954850e-02 -4.806571e-02 1.621038e-02 -5.365019e-02 -2.952511e-02 -4.666294e-02 9.829640e-02 -7.609653e-03 
-3.415917e+00 -1.480311e+01 -1.074210e+01 -1.624657e+00 1.428324e+00 3.844450e+00 -8.781709e+00 1.061966e+00 -4.235474e+00 -8.283018e+00 -2.592226e+00 -8.613138e+00 2.057460e+01 2.615720e-01 -2.181348e-01 1.506818e-01 -1.338767e-01 2.426608e-04 -6.184880e-01 -1.830957e-01 3.272954e-01 -8.001924e-02 -4.928057e-01 2.495026e-01 -3.962173e-01 -4.216846e-02 -1.070616e-01 2.572320e-02 -1.021235e-01 1.461133e-02 -1.410415e-01 -1.776528e-02 -7.883079e-02 -7.853034e-02 -1.298693e-01 -9.501410e-02 -1.640221e-01 4.799729e-02 1.242202e-03 
-4.047225e+00 -1.557628e+01 -1.179120e+01 -3.278503e+00 2.754042e-01 1.979479e+00 -1.095458e+01 4.357757e-01 -6.413072e+00 -1.026754e+01 -4.104849e+00 -1.053027e+01 2.049995e+01 1.654721e-01 -1.223765e-01 1.006298e-01 -5.514445e-02 -6.926572e-02 -6.014646e-01 -6.060353e-02 2.399963e-01 -1.967089e-01 -4.125074e-01 -3.982592e-02 -8.207346e-02 -2.074595e-02 -1.092568e-01 7.920378e-02 6.872477e-04 1.343720e-01 -7.138661e-02 1.054512e-01 8.707095e-02 2.411011e-02 6.098837e-02 2.592613e-02 -8.906536e-02 2.045076e-01 5.868172e-03 
-3.695496e+00 -1.547560e+01 -1.115408e+01 -1.886301e+00 2.024066e-02 3.029510e+00 -1.006276e+01 9.275572e-01 -5.445394e+00 -1.026455e+01 -2.219924e+00 -1.047807e+01 2.055142e+01 -7.973620e-02 -6.919406e-02 -4.492512e-02 5.527677e-02 -2.791375e-01 -5.614472e-01 -8.532970e-02 2.050184e-01 -2.733044e-01 -4.334599e-01 -3.266002e-01 -1.192244e-02 4.246982e-03 -1.786434e-01 8.440417e-02 5.638240e-02 8.424661e-02 -1.714639e-02 2.757476e-02 1.288335e-01 6.220810e-02 1.229552e-01 -8.085267e-03 -1.200589e-01 2.257411e-01 -3.158720e-03 
-3.688654e+00 -1.548197e+01 -1.145701e+01 -2.568265e+00 -1.824143e-01 1.555892e+00 -1.069142e+01 1.255711e+00 -6.591204e+00 -1.056282e+01 -4.476147e+00 -9.675055e+00 2.057928e+01 -7.973620e-02 1.058897e-01 2.890544e-01 3.447241e-01 -4.243611e-02 -3.026677e-01 3.118344e-01 5.680600e-01 2.891626e-01 -1.663453e-01 -1.888499e-01 5.756999e-01 -2.172606e-02 -2.271107e-01 3.349169e-02 1.533172e-01 8.064478e-02 1.283167e-02 2.792623e-02 1.855958e-01 9.548781e-02 2.137021e-01 -7.430515e-02 2.937156e-02 1.492047e-01 -1.216061e-02 
-3.994045e+00 -1.519607e+01 -1.113414e+01 -1.703572e+00 2.617804e-01 1.248976e+00 -9.339859e+00 1.677367e+00 -5.512947e+00 -1.030277e+01 -4.039286e+00 -9.099956e+00 2.055631e+01 -5.091163e-01 8.990514e-02 3.383209e-01 8.745573e-02 -9.889225e-02 -6.301756e-01 2.748265e-01 4.743484e-01 2.918931e-01 -6.562114e-01 -2.761329e-01 4.035780e-01 -5.750025e-02 -1.770938e-01 -7.341014e-03 2.323719e-01 7.031955e-02 -5.440958e-03 3.373319e-03 2.052590e-01 1.479846e-01 1.597221e-01 -9.925334e-02 6.170294e-02 9.368420e-02 -7.509632e-03 
-4.296327e+00 -1.518672e+01 -1.035630e+01 -1.646179e+00 -5.752889e-02 1.356537e+00 -9.757003e+00 2.900977e+00 -4.933372e+00 -1.108031e+01 -4.139637e+00 -8.340655e+00 2.038892e+01 -7.553871e-01 -3.453583e-02 6.755549e-01 3.319832e-01 -9.526663e-02 -4.274205e-01 6.873631e-01 5.829256e-01 5.892217e-01 -6.727159e-01 8.180654e-02 4.561605e-01 -5.070946e-02 -1.180377e-01 -3.918539e-02 2.198270e-01 2.739781e-02 -1.297009e-01 -5.828512e-02 1.549003e-01 1.391884e-01 -6.377143e-02 -7.869058e-02 -1.332817e-02 -2.157733e-02 1.126930e-02 
-5.937415e+00 -1.517398e+01 -1.001272e+01 -1.909512e+00 -5.363509e-01 -2.143258e-02 -9.155767e+00 2.476175e+00 -4.815048e+00 -1.328705e+01 -3.769008e+00 -9.127119e+00 2.035914e+01 -6.274113e-01 -3.588033e-02 9.235705e-01 4.133290e-01 -2.799662e-01 -4.823016e-01 7.531641e-01 9.373685e-01 3.753865e-01 -6.766957e-01 -1.534435e-01 5.163602e-01 -1.878572e-02 3.252941e-02 2.481948e-03 2.065250e-01 -1.636436e-02 -2.417386e-01 -4.302114e-02 1.409446e-01 1.702271e-01 -2.190327e-01 4.941250e-02 -7.241656e-02 -7.354011e-04 1.204447e-02 
-6.494085e+00 -1.566507e+01 -8.639973e+00 -8.051189e-01 -2.596162e-01 5.389502e-02 -7.346919e+00 3.770361e+00 -3.994523e+00 -1.243456e+01 -4.202189e+00 -7.381026e+00 2.042422e+01 -6.108831e-01 -2.736516e-02 1.095498e+00 3.189156e-01 -6.003678e-01 -6.680334e-01 8.471072e-01 1.032392e+00 -7.154055e-02 -5.496933e-01 -3.168238e-01 4.114408e-01 1.523827e-02 7.501362e-02 9.005398e-02 1.176651e-01 -2.288120e-01 -3.965239e-01 -1.008636e-01 7.207123e-02 3.867699e-02 -4.522343e-01 4.912014e-02 -1.082412e-01 -9.776568e-02 -1.171051e-02 
-6.032267e+00 -1.513617e+01 -7.374320e+00 -5.774410e-02 -1.037028e+00 -5.108868e-01 -6.779221e+00 5.929884e+00 -4.105532e+00 -1.300901e+01 -4.775193e+00 -6.997769e+00 2.044486e+01 -4.189193e-01 9.886847e-02 1.161037e+00 1.215369e-02 -1.054917e+00 -7.249470e-01 8.997317e-01 1.100599e+00 -4.729127e-01 -4.706827e-01 -4.388967e-01 4.222522e-01 -3.033707e-02 2.878460e-02 1.513030e-01 1.036061e-01 -3.648409e-01 -4.507945e-01 -3.957408e-03 1.368032e-01 -1.220629e-01 -5.058012e-01 1.591455e-01 6.136848e-02 -1.849189e-01 -3.736589e-02 
-7.303278e+00 -1.534221e+01 -6.198178e+00 -9.777198e-01 -2.809265e+00 -1.738902e+00 -6.709697e+00 6.336256e+00 -5.645900e+00 -1.396754e+01 -5.220417e+00 -7.347921e+00 2.042231e+01 -4.846781e-01 3.486467e-01 1.145101e+00 -6.114975e-01 -1.690437e+00 -8.103176e-01 9.744796e-01 6.947092e-01 -1.247778e+00 -5.300285e-01 -3.165596e-01 1.436883e-02 -1.035657e-01 6.244484e-02 2.040132e-01 1.747301e-01 -4.095635e-01 -4.105704e-01 1.579211e-01 2.103401e-01 -2.482905e-01 -4.443164e-01 3.369501e-01 2.416066e-01 -2.938713e-01 -4.776807e-02 
-7.627017e+00 -1.484135e+01 -5.428936e+00 -1.762653e+00 -4.536374e+00 -2.750044e+00 -4.975758e+00 6.696776e+00 -6.353695e+00 -1.487362e+01 -5.454234e+00 -7.032572e+00 2.020854e+01 -5.465410e-01 5.328432e-01 1.416796e+00 -9.458647e-01 -1.988982e+00 -4.308506e-01 1.373433e+00 4.960638e-01 -1.565657e+00 1.093141e-01 1.531478e-01 -2.097213e-01 -1.462007e-01 8.181454e-02 2.365638e-01 2.827679e-01 -3.441904e-01 -2.871313e-01 3.110630e-01 1.866746e-01 -4.059489e-01 -3.056484e-01 6.424679e-01 3.506415e-01 -4.465090e-01 -3.021439e-02 
-8.120246e+00 -1.406946e+01 -3.886936e+00 -3.010529e+00 -6.961989e+00 -2.878276e+00 -3.376461e+00 6.860853e+00 -9.109146e+00 -1.415228e+01 -5.445537e+00 -7.291472e+00 2.002456e+01 -2.347475e-01 7.758990e-01 1.841229e+00 -1.250013e+00 -2.186216e+00 -2.534047e-02 1.661932e+00 9.338055e-02 -1.746870e+00 8.451083e-01 5.952876e-01 -7.418125e-01 -1.655929e-01 1.505124e-01 2.077369e-01 3.396887e-01 -2.169860e-01 -9.291244e-02 4.510497e-01 -8.474716e-02 -4.924538e-01 1.210346e-02 8.518962e-01 3.123269e-01 -5.489782e-01 -1.306080e-02 
-8.356597e+00 -1.310810e+01 -1.445923e+00 -3.770986e+00 -8.905375e+00 -2.095569e+00 -1.578628e+00 8.147397e+00 -1.020160e+01 -1.237011e+01 -3.896788e+00 -8.074540e+00 1.991268e+01 -1.348697e-01 1.068104e+00 2.226831e+00 -1.389510e+00 -2.242672e+00 4.378456e-01 1.489337e+00 -6.284762e-01 -1.751756e+00 2.054264e+00 8.583695e-01 -1.432143e+00 -1.503311e-01 1.744447e-01 1.563750e-01 2.276495e-01 -1.145741e-01 1.943418e-01 3.712653e-01 -4.993101e-01 -5.902759e-01 3.535405e-01 7.274964e-01 1.433118e-01 -6.088063e-01 -5.309171e-03 
-8.112160e+00 -1.232941e+01 1.016588e+00 -6.223269e+00 -1.155579e+01 -2.192970e+00 -9.855013e-02 6.077329e+00 -1.245579e+01 -1.099413e+01 -3.023066e+00 -1.053622e+01 1.974209e+01 6.205250e-02 1.119792e+00 2.438599e+00 -1.474776e+00 -2.028035e+00 1.010540e+00 4.927259e-01 -1.205175e+00 -1.094299e+00 2.756932e+00 8.923666e-01 -2.119279e+00 -1.667131e-01 1.304971e-01 7.400338e-02 -8.541205e-03 5.092973e-02 5.597032e-01 1.377365e-01 -8.394661e-01 -4.643285e-01 7.316067e-01 2.831556e-01 5.290250e-03 -4.917173e-01 1.742307e-03 
-8.305285e+00 -1.037101e+01 3.253564e+00 -7.103577e+00 -1.345291e+01 -9.032910e-01 8.321905e-01 3.946125e+00 -1.343939e+01 -6.181580e+00 -2.373795e+00 -1.257092e+01 1.959809e+01 1.773960e-01 1.142798e+00 2.256346e+00 -1.406498e+00 -1.096353e+00 9.076377e-01 -5.385344e-01 -1.806066e+00 -1.241371e-01 2.790878e+00 7.211476e-01 -2.565125e+00 -1.721037e-01 2.143033e-01 -7.147918e-02 -2.798793e-01 3.135628e-01 8.362858e-01 -2.181050e-01 -9.706701e-01 -6.105009e-02 7.999768e-01 -3.846469e-01 -6.825435e-02 -1.600304e-01 1.031910e-02 
-7.836002e+00 -9.839136e+00 5.956463e+00 -8.717754e+00 -1.482863e+01 1.577965e+00 -2.117929e+00 2.935141e+00 -1.296179e+01 -3.461477e+00 -1.744929e+00 -1.563995e+01 1.934816e+01 2.616901e-01 1.108588e+00 1.783770e+00 -9.867010e-01 3.908863e-02 4.284447e-01 -1.521481e+00 -1.639484e+00 1.097368e+00 1.892497e+00 6.903211e-01 -2.634047e+00 -1.459906e-01 3.928919e-01 -1.903177e-01 -4.673683e-01 9.674740e-01 8.015343e-01 -8.317772e-01 -6.446090e-01 1.544837e-01 3.532650e-01 -8.206067e-01 -6.643339e-02 3.305164e-01 3.049833e-02 
-7.607736e+00 -8.639456e+00 7.365567e+00 -9.556283e+00 -1.275071e+01 5.570133e-01 -3.261648e+00 6.879598e-01 -1.056948e+01 -2.182178e+00 -9.304142e-01 -1.834822e+01 1.924904e+01 8.368729e-01 7.161434e-01 1.154865e+00 -6.559853e-02 9.050947e-01 -3.616140e-01 -2.356803e+00 -7.165040e-01 1.152120e+00 5.633621e-01 6.181872e-01 -1.974923e+00 -1.090263e-01 5.842646e-01 -2.280045e-01 -5.331932e-01 1.730581e+00 3.872838e-01 -1.154681e+00 -1.048628e-01 2.248535e-02 -3.881331e-01 -6.975225e-01 -2.400938e-01 9.313644e-01 4.895220e-02 
-7.152448e+00 -7.651758e+00 7.879176e+00 -9.930603e+00 -1.171189e+01 -7.806647e-01 -5.659248e+00 -4.906977e-01 -8.403934e+00 -3.531550e+00 -2.931858e-01 -2.081754e+01 1.918651e+01 1.696814e+00 3.815123e-01 6.524367e-01 2.692155e+00 9.788502e-01 -2.513917e+00 -1.821123e+00 -9.775267e-01 3.393998e-02 -2.323631e-01 6.116696e-01 -7.618381e-01 -4.580889e-02 6.579125e-01 -2.445046e-01 -4.668276e-01 1.937806e+00 -7.825784e-02 -9.924506e-01 3.785040e-01 -2.847077e-01 -9.688308e-01 -1.592849e-01 -4.954002e-01 1.229200e+00 5.400326e-02 
-4.462395e+00 -7.883708e+00 8.066405e+00 -6.824630e+00 -1.048603e+01 -1.532189e+00 -9.181227e+00 2.076097e+00 -9.957640e+00 -3.329950e+00 -8.523623e-03 -1.985663e+01 1.913355e+01 2.381201e+00 3.664240e-01 1.559564e-01 5.406949e+00 3.702635e-01 -3.394555e+00 -9.130871e-01 -2.024678e+00 -1.533035e+00 3.656598e-01 -4.401297e-01 1.155705e+00 2.251912e-02 3.114961e-01 -1.754919e-02 -4.266694e-01 1.241453e+00 -3.526513e-01 -3.588951e-01 6.575126e-01 -5.453987e-01 -7.576618e-01 1.922798e-01 -5.451608e-01 9.474201e-01 4.597658e-02 
-9.245851e-01 -8.309373e+00 8.868480e+00 3.377395e+00 -1.106703e+01 -9.946808e+00 -8.263950e+00 -2.646625e+00 -1.309775e+01 -4.049415e+00 8.528219e-01 -1.869455e+01 1.917694e+01 2.779059e+00 6.092368e-02 -5.087300e-02 5.966079e+00 -8.480411e-02 -3.017248e+00 -3.508920e-01 -2.408998e+00 -2.404184e+00 1.194979e+00 -1.257472e+00 1.946778e+00 5.822331e-02 -2.288755e-01 2.216046e-01 -3.970014e-01 -2.845202e-01 -2.229795e-01 6.336149e-01 3.888750e-01 -2.252076e-01 -7.175096e-03 1.310788e-01 -3.397265e-01 2.598975e-01 2.172149e-02 
1.184230e+00 -6.478415e+00 7.650905e+00 1.082456e+01 -1.122200e+01 -1.183280e+01 -6.524626e+00 -8.356956e+00 -1.588763e+01 -9.460437e-02 -3.703779e+00 -1.363114e+01 1.936646e+01 1.853124e+00 7.887464e-01 -6.269203e-01 4.504795e+00 -3.262706e-01 -1.904509e+00 1.956052e-01 -2.727880e+00 -1.416920e+00 8.109288e-01 -1.173007e+00 1.408052e+00 6.879455e-02 -6.638759e-01 2.832389e-01 -2.245807e-01 -1.486209e+00 1.465589e-02 9.139399e-01 2.501875e-02 3.040183e-01 6.378992e-01 -4.005806e-01 1.153284e-01 -5.796537e-01 -3.683830e-03 
3.919378e+00 -8.050236e+00 7.832271e+00 1.107523e+01 -1.176809e+01 -1.071655e+01 -8.742050e+00 -7.319000e+00 -1.745983e+01 8.257116e-01 -4.733046e+00 -1.419648e+01 1.936114e+01 8.163306e-01 1.278294e+00 -9.410361e-01 1.720742e+00 2.120827e-01 -9.089285e-02 -4.310894e-01 -1.751850e+00 -6.004404e-02 2.003812e-01 -7.204745e-01 4.116865e-01 3.974114e-02 -8.053178e-01 2.693712e-01 9.138563e-02 -1.708021e+00 2.283449e-02 6.435063e-01 -6.536237e-02 5.267234e-01 6.362467e-01 -6.812477e-01 1.755689e-01 -6.924786e-01 -9.034951e-03 
2.381538e+00 -4.069283e+00 5.449890e+00 1.185003e+01 -1.176695e+01 -1.066995e+01 -7.964312e+00 -9.227239e+00 -1.486100e+01 -1.712652e+00 -3.080935e+00 -1.506570e+01 1.938539e+01 4.328114e-02 1.174020e+00 -5.219906e-01 9.856319e-02 2.950577e-01 -2.879311e-01 -7.479748e-01 -8.329512e-01 4.843160e-01 -1.139874e+00 -1.320411e-01 -9.751168e-01 1.334805e-02 -5.246723e-01 1.564343e-02 4.341722e-01 -1.164686e+00 -1.180563e-01 1.965329e-01 2.213018e-02 4.544493e-01 1.297027e-01 -4.617329e-01 -1.763229e-01 -4.165297e-01 -2.233526e-03 
2.558490e+00 -3.121942e+00 5.263443e+00 1.146770e+01 -9.733877e+00 -1.098247e+01 -9.699474e+00 -1.097095e+01 -1.391096e+01 -2.238011e+00 -3.060864e+00 -1.591922e+01 1.936624e+01 -3.425352e-01 1.214953e+00 3.534711e-01 -3.710537e-01 -2.813129e-01 -6.079437e-01 -2.058698e-01 -7.227708e-01 -1.735721e-01 -1.235974e+00 -9.002368e-01 -3.241006e-01 4.065125e-02 -2.585757e-01 -1.233547e-01 5.678045e-01 -3.844108e-01 -2.289690e-01 -1.868239e-01 2.808144e-01 1.714597e-01 -2.666782e-01 -9.303440e-03 -5.914282e-01 8.141400e-02 2.217407e-03 
2.081122e+00 -3.072664e+00 6.325449e+00 1.112080e+01 -1.076361e+01 -1.313930e+01 -9.785645e+00 -1.069584e+01 -1.524007e+01 -4.261882e+00 -5.200012e+00 -1.764579e+01 1.943069e+01 -1.908296e-01 8.985473e-01 8.966367e-01 -2.728833e-01 -6.697726e-01 -6.632059e-01 1.937344e-01 -9.700938e-01 -7.116091e-01 -7.795851e-01 -1.964807e+00 -3.066550e-01 5.717319e-02 -4.968421e-02 -1.998888e-02 3.411667e-01 1.047770e-01 1.895076e-01 7.038682e-03 2.426365e-01 8.590786e-03 -1.816460e-01 4.026340e-01 -3.019694e-01 4.411222e-01 -2.491328e-02 
2.356970e+00 -2.473248e+00 9.161636e+00 9.584699e+00 -1.367628e+01 -1.252091e+01 -8.860780e+00 -1.019866e+01 -1.813794e+01 -4.079392e+00 -8.174748e+00 -1.452710e+01 1.954172e+01 -3.594176e-01 7.992036e-01 1.188757e+00 -1.577831e-02 -4.503706e-01 -8.372500e-01 5.022422e-01 -8.259557e-01 -7.955337e-01 -2.611600e-02 -2.761187e+00 4.845404e-01 2.895988e-02 -1.258047e-02 -4.310173e-02 4.297231e-02 4.934739e-01 7.872446e-01 1.384394e-01 6.441476e-02 1.448471e-01 1.393419e-01 4.921941e-01 5.063524e-01 2.773455e-01 -9.372770e-02 
1.528184e+00 9.901454e-02 7.983931e+00 1.142760e+01 -1.314467e+01 -1.321708e+01 -7.414974e+00 -1.446422e+01 -1.630542e+01 -4.690189e+00 -1.034835e+01 -1.729522e+01 1.958341e+01 -1.966145e-01 1.282029e+00 7.663443e-01 4.448546e-01 1.327117e+00 -1.380245e-01 1.112596e-01 -7.383652e-01 -1.127843e-01 2.685060e-01 -7.113146e-01 8.262041e-01 -1.053159e-01 -1.519993e-01 -2.640221e-01 -3.355896e-02 5.149047e-01 9.457695e-01 3.020753e-01 -8.982926e-03 4.636936e-01 1.342469e-01 1.377057e-01 1.222846e+00 2.320067e-01 -1.885726e-01 
1.037444e+00 -7.123845e-01 1.037804e+01 1.123559e+01 -1.079512e+01 -1.513040e+01 -8.373622e+00 -1.321678e+01 -1.735571e+01 -2.154823e+00 -1.429281e+01 -1.367188e+01 1.943473e+01 -4.025092e-01 8.077188e-01 6.333585e-01 1.737404e+00 2.656478e+00 -1.782960e-01 1.573772e-01 -1.145923e-01 2.236325e-01 7.010162e-01 1.004839e+00 4.960889e-01 -3.467042e-01 -3.895579e-01 -5.637829e-01 -7.872792e-02 1.080186e-01 5.475417e-01 5.781826e-01 1.132421e-01 7.035989e-01 3.868033e-02 -4.556908e-01 1.277214e+00 -5.904059e-02 -2.723151e-01 
1.757694e+00 2.456745e+00 9.548602e+00 1.252018e+01 -5.568381e+00 -1.252511e+01 -9.473276e+00 -1.287874e+01 -1.619527e+01 -3.881914e+00 -5.697752e+00 -1.394224e+01 1.895786e+01 -9.292878e-01 -4.257854e-01 1.006616e+00 1.424925e+00 2.505756e+00 5.177534e-01 3.212694e-01 9.926045e-01 -5.499393e-01 -4.547635e-01 2.266435e+00 8.475811e-01 -6.977953e-01 -7.068336e-01 -9.272967e-01 -1.209769e-01 -5.042915e-01 -1.535257e-02 6.931645e-01 3.408481e-01 9.136981e-01 -1.532790e-01 -8.742063e-01 1.782074e-01 -2.246447e-01 -3.200501e-01 
2.294946e-01 3.861903e-01 1.154636e+01 1.772522e+01 -4.181870e+00 -1.375838e+01 -7.044587e+00 -1.156433e+01 -1.707474e+01 -9.781976e-01 -5.475977e+00 -1.372324e+01 1.812108e+01 -1.940934e+00 -1.165709e+00 6.749938e-01 3.436861e-02 1.698070e+00 1.725645e+00 9.634992e-01 1.826391e+00 -3.833835e-01 -1.942973e+00 2.135995e+00 1.786279e-01 -1.036355e+00 -7.198328e-01 -7.714776e-01 -3.255890e-01 -1.015210e+00 -4.190834e-01 7.669237e-01 3.162082e-01 6.330616e-01 -1.751051e-01 -8.778608e-01 -5.468332e-01 -1.349679e-01 -3.023464e-01 
-2.714326e+00 -2.579027e+00 1.243287e+01 1.530754e+01 -3.922448e+00 -1.131392e+01 -6.472972e+00 -1.032768e+01 -1.919554e+01 -7.551937e+00 -3.424469e+00 -1.303100e+01 1.675107e+01 -2.961435e+00 -2.367841e+00 1.405816e-01 -1.224858e+00 1.729665e+00 2.375833e+00 1.412312e+00 2.859697e+00 -5.756628e-01 -2.780603e+00 -3.857870e-01 -1.382188e-01 -1.360703e+00 -3.548646e-01 -2.915007e-01 -6.000273e-01 -6.977095e-01 -4.842994e-01 3.895921e-01 1.573016e-01 2.583007e-01 3.152588e-01 -3.017667e-03 -7.038819e-01 4.960721e-02 -1.929735e-01 
-6.431265e+00 -4.023402e+00 1.231131e+01 1.001346e+01 -3.127723e+00 -7.107482e+00 -5.056053e+00 -5.360415e+00 -1.777264e+01 -1.003447e+01 -4.749771e+00 -1.323430e+01 1.535617e+01 -2.985519e+00 -2.078624e+00 -5.616058e-01 -2.013651e+00 9.491202e-01 2.727479e+00 1.192948e+00 2.117290e+00 -6.388936e-01 -2.525311e+00 -4.032260e-01 3.141385e-01 -1.526972e+00 2.651810e-01 2.108186e-01 -4.505336e-01 -2.032636e-02 -4.915659e-01 -1.694511e-01 -9.776315e-02 -1.693492e-01 7.553607e-01 1.179926e+00 2.450327e-02 2.635524e-01 -1.448609e-02 
-9.719040e+00 -7.177663e+00 9.869120e+00 1.025147e+01 2.552576e+00 -3.971752e+00 -3.405837e+00 -1.681942e+00 -1.872483e+01 -1.325670e+01 -7.990102e+00 -1.487810e+01 1.353671e+01 -2.181302e+00 -1.426840e+00 -1.375232e+00 -1.039625e+00 4.587287e-01 1.964860e+00 9.931055e-01 2.138714e+00 1.154132e+00 -1.786359e-01 1.671864e-02 1.027934e+00 -1.417340e+00 7.430100e-01 7.160270e-01 -1.755546e-01 4.585362e-01 -5.387524e-01 -5.873526e-01 -2.860775e-01 -5.648399e-01 1.033247e+00 1.831161e+00 8.811362e-01 2.165602e-01 1.963581e-01 
-1.119593e+01 -7.707408e+00 1.002000e+01 1.018521e+01 -2.673594e+00 -3.792367e+00 -2.613655e+00 -5.300628e+00 -2.050486e+01 -1.075243e+01 -5.209044e+00 -1.122931e+01 1.209353e+01 -1.005318e+00 -5.823449e-01 -8.198339e-01 -1.600119e-01 -1.242716e-01 1.083714e+00 6.843537e-01 1.340198e+00 2.528397e+00 2.655799e+00 2.057255e+00 9.131865e-01 -1.080530e+00 8.525995e-01 9.056166e-01 -2.256413e-02 5.051798e-01 -1.532334e-01 -6.315379e-01 -5.171994e-02 -4.313289e-01 9.547560e-01 1.455184e+00 6.060222e-01 1.020384e-01 3.240848e-01 
-1.123853e+01 -7.870963e+00 6.702252e+00 1.002359e+01 -1.855879e+00 -3.147002e+00 -2.728957e+00 3.359809e-01 -1.205865e+01 -8.086289e+00 -3.111375e+00 -8.894109e+00 1.129589e+01 -2.365184e-01 4.641244e-01 -6.080666e-01 1.408695e-01 -4.273737e-01 2.607525e-01 2.362732e-01 4.240676e-01 3.006939e+00 3.784656e+00 2.789604e+00 6.451138e-01 -6.020941e-01 5.929164e-01 8.881536e-01 -1.082157e-01 1.792747e-01 6.625099e-02 -4.219092e-01 1.275806e-01 -6.087086e-01 2.749803e-01 4.736291e-01 1.109433e-01 2.743868e-01 3.299861e-01 
-1.069803e+01 -6.588443e+00 9.795635e+00 9.327274e+00 -1.544801e+00 -2.101526e+00 -1.972761e+00 3.314856e-01 -8.463740e+00 6.589605e-01 3.097338e+00 -1.166052e+01 1.107405e+01 3.051357e-01 1.504021e+00 -1.058086e+00 -7.784940e-02 6.261289e-01 4.218386e-01 1.312838e+00 8.178607e-01 3.208416e+00 2.768989e+00 1.240530e+00 1.015772e+00 -3.140803e-01 1.926523e-01 7.481282e-01 -3.726686e-01 -1.206372e-01 7.936675e-03 -7.520604e-02 2.028566e-02 -5.400763e-01 -2.345932e-01 -6.562508e-01 -5.441203e-01 7.148955e-01 2.473438e-01 
-1.115021e+01 -5.416800e+00 6.941468e+00 1.138498e+01 -1.489223e-01 -3.513480e+00 -2.545110e+00 -2.377809e+00 -9.710234e+00 -3.914559e-02 1.804818e+00 -1.143727e+01 1.103576e+01 1.281655e-01 1.970711e+00 -1.797195e+00 -1.843503e-01 4.149104e-01 1.864344e-01 1.316823e+00 -6.437790e-01 2.189249e+00 2.132924e+00 9.798258e-01 2.348518e+00 -1.506112e-01 -1.093859e-01 4.761028e-01 -1.697868e-01 -4.589685e-01 -1.290624e-01 3.469634e-01 2.146894e-02 -1.452018e-01 -3.775299e-01 -9.362844e-01 -5.912795e-01 7.476161e-01 1.388210e-01 
-9.714375e+00 -1.413756e+00 4.610291e+00 9.115005e+00 -3.964225e-01 -1.499956e+00 3.858444e+00 1.458313e-01 -5.637295e+00 -9.309827e-01 -1.464281e+00 -4.878605e+00 1.065311e+01 -2.242403e-01 2.404985e+00 -2.088642e+00 -6.007168e-01 -5.056872e-01 7.447730e-01 2.455455e-01 -8.263929e-01 1.764309e+00 2.003812e-01 2.414877e-01 3.636054e+00 -6.954166e-02 -2.902989e-01 9.294308e-02 3.030633e-01 -3.417292e-01 -6.147499e-02 4.580792e-01 -2.666579e-01 1.636160e-01 -4.589818e-01 -7.799197e-01 -4.067305e-01 5.330567e-02 8.168406e-02 
-1.108926e+01 -6.040564e-01 3.091048e-01 9.207847e+00 -3.555509e-01 -2.515652e+00 9.394141e-01 -2.790473e+00 -2.526010e+00 3.373443e+00 4.068400e+00 -5.426589e-01 1.075329e+01 -5.186791e-01 2.394080e+00 -9.417095e-01 -1.892612e+00 -5.069303e-01 1.834010e+00 8.771203e-01 5.202569e-01 1.841480e+00 3.876658e-01 3.326460e-01 3.073125e+00 -3.026706e-02 -2.266372e-01 -2.337828e-01 6.056916e-01 -1.775460e-01 2.971368e-01 4.308651e-01 -5.279880e-02 9.944322e-01 -1.649150e-01 -5.068053e-01 -4.201461e-01 -8.000821e-01 -4.734050e-03 
-1.184962e+01 3.030671e+00 2.668425e+00 7.412206e+00 -3.970132e+00 1.123897e+00 -2.487337e+00 -3.594226e+00 -3.235095e+00 -4.551585e-02 3.172935e+00 1.072710e+00 1.086751e+01 -8.230348e-01 1.757235e+00 2.959182e-02 -9.323071e-01 7.795445e-01 1.888510e+00 1.993466e-01 1.053962e+00 1.087308e+00 -2.579977e-01 -4.694589e-01 9.199436e-01 3.421049e-02 -1.496319e-01 -5.720650e-01 4.370921e-01 8.982943e-02 6.028461e-01 2.519741e-03 8.331232e-02 9.213176e-01 6.828668e-02 1.679164e-01 2.743911e-02 -1.009285e+00 -9.190232e-02 
-1.267623e+01 4.331883e+00 3.203923e+00 2.773080e+00 -8.965318e-01 4.344415e+00 5.013669e+00 2.093628e+00 -1.704624e+00 1.456368e+00 1.149526e+00 9.525973e-01 1.077690e+01 -7.055662e-01 1.125917e+00 1.721167e-01 -9.061719e-01 1.258023e+00 1.768966e+00 1.075906e+00 3.388155e+00 1.703090e+00 -1.718468e-01 -7.653931e-01 -2.938780e-01 -2.262200e-01 -6.225299e-02 -7.011760e-01 9.873956e-02 2.549731e-01 1.602289e-01 -5.120370e-01 -2.401039e-01 -9.393704e-03 -3.643719e-02 5.137801e-01 4.321017e-01 -4.656540e-01 -1.209834e-01 
-1.303574e+01 4.904111e+00 3.310632e+00 7.670896e+00 3.771912e+00 4.512589e+00 2.818276e+00 2.973800e+00 -6.113066e-01 -1.262611e+00 -2.352052e+00 -1.026506e+00 1.081200e+01 -8.788767e-01 1.789409e-01 -4.600428e-01 -6.448199e-01 1.626076e+00 7.898721e-01 5.627563e-01 2.346395e+00 2.174879e+00 1.319758e+00 9.277731e-01 2.731045e-01 -4.311340e-01 1.309275e-01 -5.555650e-01 -1.493112e-01 -6.853078e-02 -3.741772e-01 -7.091632e-01 -2.519366e-01 -6.242840e-01 -5.929605e-02 5.428213e-01 5.687854e-01 2.579830e-01 -7.737427e-02 
-1.402375e+01 4.088889e+00 8.489029e-01 4.547621e+00 2.063252e+00 4.634864e+00 3.666029e+00 1.086658e+01 4.677577e+00 3.122754e+00 3.004011e+00 -9.628416e-01 9.649792e+00 -8.021384e-01 -3.225576e-01 -2.031614e-01 -7.616116e-01 -1.290367e-01 -1.767716e-01 -5.050240e-01 -1.730346e-01 1.115475e+00 2.167571e+00 1.794526e+00 1.068231e+00 -4.025007e-01 2.627706e-01 -2.922711e-01 -6.931922e-02 -1.414323e-02 -4.568448e-01 -5.974951e-01 -3.469116e-01 -1.086222e+00 -5.228076e-01 -1.600158e-01 7.482130e-02 3.039745e-01 7.063174e-02 
-1.557030e+01 4.046832e+00 1.545442e+00 3.300589e+00 2.680300e+00 4.928116e+00 1.000370e+00 3.751031e+00 4.448243e+00 5.719949e+00 6.884582e+00 3.396024e+00 9.275223e+00 -1.201123e-01 -2.964146e-01 -5.293974e-01 -1.347203e+00 -3.978508e-01 -6.845485e-01 -2.698813e-01 -2.867128e-01 1.084578e+00 1.286397e+00 1.094500e+00 1.528820e+00 -2.645145e-01 4.024907e-01 4.569014e-02 3.233796e-02 2.161934e-01 -3.352300e-01 -3.136555e-01 -1.912765e-01 -4.349146e-01 -6.048104e-01 -6.519628e-01 -6.383644e-01 -1.510236e-01 1.273686e-01 
-1.541978e+01 3.147496e+00 3.070635e+00 1.150463e+00 -9.958724e-01 3.252690e+00 3.397480e+00 8.398997e-01 1.342981e+00 8.802408e+00 5.503753e+00 4.082322e+00 9.533018e+00 2.289877e-01 -9.772734e-02 -1.397546e-01 -6.255452e-01 -1.436342e-02 -4.814123e-01 -2.423897e-01 -7.264144e-01 -3.659951e-01 -9.552814e-01 -4.747434e-01 5.980597e-01 4.359159e-02 2.463279e-01 1.127816e-01 -2.880054e-02 3.986859e-01 3.244207e-02 1.743224e-02 -9.184679e-02 1.617111e-01 -3.127402e-01 -6.863153e-01 -5.942525e-01 -4.276251e-01 7.410748e-02 
-1.293871e+01 3.892624e+00 -4.472378e-01 2.633396e+00 3.312390e+00 1.780824e+00 1.602830e+00 6.552927e+00 6.479119e+00 2.329094e+00 1.870380e+00 4.094630e+00 9.547908e+00 6.179917e-01 2.948667e-01 -3.301993e-01 3.680824e-01 -1.073866e-01 -6.259833e-01 -5.249513e-01 4.485521e-01 -1.083294e-01 -3.785621e-01 -1.129322e+00 -2.469468e-01 -1.738555e-02 -1.273352e-01 -8.553950e-02 4.023261e-02 3.086403e-01 -1.235594e-01 9.842171e-02 -1.240040e-01 -1.746717e-01 -3.302286e-01 -1.173798e-01 -9.854180e-02 -3.841138e-01 -5.594478e-02 
-1.419479e+01 3.677242e+00 1.146749e+00 1.753511e+00 1.675540e+00 3.801356e+00 2.152902e+00 5.833686e+00 1.832199e+00 4.141953e-02 3.137478e+00 1.677943e+00 9.731469e+00 6.051774e-02 -5.425516e-02 -4.466881e-01 3.741262e-01 -1.120481e-01 -1.189686e-01 -8.367938e-01 2.678329e-01 1.483303e-01 -4.315870e-01 -6.492747e-02 -1.820786e-01 -1.554417e-01 -2.851767e-01 -2.890610e-01 -1.028445e-01 -2.977576e-03 -1.276639e-01 2.400981e-02 -3.976415e-06 -2.010602e-01 -4.290928e-02 2.948013e-01 8.715925e-02 -1.196084e-01 -1.669680e-01 
-1.309265e+01 5.256709e+00 8.563295e-01 4.840072e+00 8.075864e-01 1.523659e+00 -1.002118e+00 3.496599e+00 3.661708e+00 8.207725e+00 2.421307e+00 3.363343e+00 9.089108e+00 -6.725098e-01 -7.459258e-01 -1.747686e-01 -3.039189e-01 -9.666594e-01 -3.735557e-01 -5.926229e-01 -1.657264e+00 -8.237001e-01 4.376473e-01 3.968531e-01 -1.725359e-03 -4.447156e-01 -3.109169e-01 -3.505027e-01 -1.787780e-02 -3.008485e-01 -1.237300e-02 8.692351e-02 3.603024e-01 -1.055911e-01 -1.437774e-01 -1.801888e-01 -8.847076e-02 -1.122549e-01 -1.264846e-01 
-1.504037e+01 2.194208e+00 1.851975e-01 1.917672e+00 -3.038937e-01 2.786710e+00 5.161499e-01 3.707427e+00 3.493042e+00 3.705071e+00 4.903655e+00 3.537782e+00 8.985097e+00 -5.516175e-01 -1.022743e+00 -7.316256e-01 -3.044089e-01 -2.229922e-01 -4.876373e-01 -2.084725e-01 -6.786112e-01 -2.227197e-01 1.104847e-01 -8.020325e-01 -1.226161e-01 -5.775212e-01 -4.064501e-02 -8.361343e-02 6.968435e-02 -1.242390e-01 -1.231220e-02 4.002695e-02 2.933780e-01 3.413885e-02 -2.335604e-01 -2.064526e-01 -4.284334e-01 -1.565930e-01 -1.063529e-02 
-1.587817e+01 9.044662e-01 -8.404578e-01 1.031457e+00 -5.312420e-01 4.207229e-01 -5.418882e-01 -6.700587e-01 1.530579e+00 2.685454e+00 2.971565e+00 3.156646e+00 7.697610e+00 -6.304808e-01 -9.731463e-01 -2.771172e-01 -7.968941e-01 -1.137055e-01 -7.173817e-03 9.623605e-01 3.936077e-01 -6.419114e-01 -1.550495e+00 -1.203041e+00 -8.378862e-01 -4.388349e-01 2.552379e-01 -1.962244e-01 2.153930e-01 6.356859e-01 -3.754728e-02 -9.057043e-02 4.217620e-02 2.217154e-01 5.871626e-02 2.894720e-02 -3.373109e-01 -2.576698e-01 2.261643e-01 
-1.556003e+01 7.396374e-01 -1.663249e+00 2.135849e+00 1.229926e+00 1.915012e+00 8.804166e-01 4.523767e+00 1.784009e+00 3.355082e+00 -1.147841e+00 1.168206e+00 7.539573e+00 -1.637941e-01 -3.585604e-01 -4.716960e-02 -5.872205e-04 -6.000570e-01 -1.020723e-01 -1.473891e-01 -5.870857e-01 -1.110251e+00 -4.698633e-01 -1.407112e+00 -5.469622e-01 -2.115883e-01 3.987889e-01 -7.550418e-01 4.454915e-01 1.186525e+00 -3.739643e-01 -5.333764e-01 -4.307847e-01 -4.945827e-01 1.805154e-01 3.766138e-01 -5.818332e-02 -3.435177e-01 3.577419e-01 
-1.598515e+01 1.117724e+00 3.947064e-01 7.466016e-01 -5.281198e-01 1.923771e+00 3.627594e+00 5.056904e+00 1.306839e+00 6.301070e-01 -5.684819e-01 3.588240e-01 7.617847e+00 4.097359e-01 -2.059054e+00 5.598516e-01 2.722537e+00 -9.658306e-01 -1.019044e+00 -4.123821e-01 -5.945185e-01 -8.648602e-02 8.724986e-01 -9.871675e-01 -1.077948e+00 5.031254e-01 3.773531e-01 -6.708083e-01 3.486288e-01 1.142162e+00 -3.782091e-02 -6.683923e-01 -7.133780e-01 -5.391798e-01 4.370579e-01 5.584139e-01 4.958796e-02 -3.936428e-01 3.188338e-01 
-1.580571e+01 2.944300e-01 -6.680821e-01 2.056934e+00 -3.305969e+00 1.524710e+00 -2.305693e+00 -2.091460e+00 -1.946866e+00 2.383804e+00 -3.620934e-01 2.202110e+00 7.966892e+00 9.222294e-01 -4.255071e+00 1.077318e+00 3.868402e+00 -1.666716e+00 -2.648452e+00 -1.675125e+00 -2.657341e+00 4.019722e-01 7.820168e-01 -1.200927e+00 -1.720364e+00 7.401732e-01 8.930416e-02 2.317486e-01 1.917451e-01 -3.611436e-02 5.378733e-01 -7.199257e-02 1.070474e-01 1.772864e-01 4.075204e-01 -6.563176e-02 4.734635e-01 4.046983e-02 6.122977e-02 
-1.370685e+01 -9.168352e+00 1.461404e+00 1.468381e+01 -3.092528e+00 -4.479425e+00 -1.010931e+00 -3.351617e-01 2.963810e+00 7.533601e+00 -2.357070e+00 -2.749679e+00 9.999475e+00 7.132652e-01 -2.379195e+00 9.038191e-01 2.979316e+00 2.305216e-01 -2.076012e+00 -1.840563e+00 -1.267115e+00 7.872492e-01 6.156847e-01 -1.058245e+00 -2.219284e+00 6.794761e-01 -2.630092e-01 1.726637e+00 -1.319357e-01 -1.651292e+00 8.488425e-01 9.029438e-01 7.902480e-01 6.167579e-01 -1.160989e-01 -6.189260e-01 9.301165e-01 9.561659e-01 -2.942697e-01 
-1.208784e+01 -1.539233e+01 3.190243e+00 1.450952e+01 -5.821558e+00 -8.125981e+00 -5.176007e+00 -6.066620e+00 2.965531e+00 3.812991e+00 -6.258045e+00 -5.879404e+00 1.004946e+01 1.308808e-01 9.600955e-01 7.395227e-01 -3.094726e-01 1.491099e+00 6.638206e-02 1.101852e+00 6.355383e-01 4.904954e-01 -6.696725e-01 9.956794e-01 2.261733e-01 6.347228e-03 -4.295886e-01 2.278648e+00 -3.501382e-01 -1.996227e+00 7.751743e-01 1.434672e+00 1.310053e+00 1.004741e+00 -3.689234e-01 -5.016890e-01 1.204673e+00 1.526469e+00 -3.968662e-01 
-1.427783e+01 -2.934598e+00 2.984643e+00 9.416740e+00 1.882169e+00 -3.630851e+00 -4.140001e+00 7.090876e-01 2.786969e+00 2.993850e+00 -2.911676e+00 -6.697275e+00 9.973738e+00 -5.095885e-01 3.966398e+00 6.909477e-02 -3.444716e+00 1.699314e+00 2.138142e+00 2.150274e+00 8.427824e-01 -7.110342e-01 -1.496417e+00 2.565187e+00 2.729742e+00 -6.013240e-01 -3.400576e-01 1.569469e+00 -3.315370e-01 -1.435123e+00 2.472139e-01 1.133912e+00 1.121843e+00 5.833101e-01 -4.145723e-01 -2.572747e-01 1.015293e+00 1.452500e+00 -3.176496e-01 
-1.486591e+01 1.978402e+00 2.268169e+00 3.143181e+00 1.662200e+00 1.432215e+00 4.768376e+00 5.634411e-01 5.943109e-01 1.305355e+00 4.893285e+00 5.306369e+00 8.011772e+00 -6.143067e-01 3.965352e+00 -2.561312e-01 -2.900614e+00 1.474732e+00 2.418010e+00 2.879696e+00 1.311486e+00 -6.936458e-01 -6.703748e-01 3.010762e+00 3.437518e+00 -6.037742e-01 -1.595319e-01 6.009764e-01 -2.316463e-01 -4.638310e-01 -2.575064e-02 4.982978e-01 4.285146e-01 1.820487e-01 -2.350752e-01 8.244935e-02 4.475613e-01 7.130245e-01 -1.222587e-01 
