-1.559958e+01 2.075022e+00 9.010676e-01 4.769917e+00 -3.840519e-01 -5.912823e-01 4.438379e-01 5.412321e+00 3.791464e+00 4.378953e+00 -2.937458e+00 -1.733044e+00 8.363278e+00 5.172189e-02 7.873603e-02 -3.672075e-01 -5.276976e-01 8.364677e-02 -6.036024e-03 1.044803e-01 -7.742202e-01 3.370361e-01 -6.200831e-01 1.601688e+00 1.164944e+00 -2.360006e-01 1.349882e-03 -9.928724e-02 -4.346749e-02 4.805315e-02 9.392204e-02 -4.648879e-03 -1.414642e-01 -6.745420e-02 -2.427386e-01 -6.145343e-02 -2.428575e-01 9.001817e-02 -1.652079e-03 
-1.543741e+01 2.919307e+00 1.676282e+00 2.315465e+00 -2.955240e+00 -4.871202e-01 7.816436e-01 2.398336e+00 6.831882e+00 4.554064e+00 7.742567e-01 -1.031481e-01 7.818068e+00 1.909913e-02 -2.431885e-02 -3.200014e-01 -3.380843e-01 5.777872e-01 -2.712748e-01 -3.929659e-01 -1.535737e+00 -4.348912e-01 -9.055378e-01 9.800611e-01 1.401768e+00 -2.609869e-01 7.450603e-03 -1.379705e-01 1.501942e-02 1.251296e-01 9.275807e-02 1.130216e-01 -1.276919e-01 1.360065e-01 -4.019877e-01 2.991487e-02 -3.699007e-01 -4.986534e-02 2.451343e-02 
-1.542212e+01 2.046658e+00 -1.322478e+00 3.359523e+00 1.320453e+00 -6.730397e-01 7.967994e-01 3.048314e+00 3.956766e+00 1.191555e+00 3.215379e+00 3.276955e+00 7.455939e+00 7.467864e-02 -3.662186e-01 -6.081114e-01 -3.819304e-01 3.064241e-01 1.033908e-01 -3.541953e-01 -7.306558e-01 -4.907037e-01 -7.844906e-01 6.982738e-01 1.496748e+00 -2.317536e-01 -2.206612e-02 -2.891410e-02 1.294590e-01 6.222075e-02 -1.622634e-01 2.376609e-01 -3.705375e-02 1.759968e-01 -2.101355e-01 2.331472e-01 -3.724127e-01 -4.297163e-01 5.303793e-02 
-1.559268e+01 1.967769e+00 4.127188e-01 3.784472e+00 1.652775e+00 -1.906869e+00 -1.697506e+00 -1.083971e+00 1.534560e+00 1.445085e+00 -1.113581e+00 2.770686e+00 7.512011e+00 7.742468e-02 -3.885808e-01 -1.716941e-01 2.525839e-02 4.361097e-01 5.044116e-01 -3.047464e-01 -1.160712e-01 -1.258896e+00 -3.881338e-01 2.039104e-01 7.497704e-01 -1.156701e-01 -2.978174e-02 1.292910e-01 2.457326e-01 6.366590e-03 -2.899618e-01 3.256089e-01 1.732386e-01 3.114607e-01 2.225716e-01 5.093225e-01 -1.880516e-01 -5.911823e-01 7.840909e-02 
-1.514844e+01 7.197338e-01 -1.508150e+00 2.125886e+00 -1.156130e+00 6.358648e-01 -8.762498e-02 3.500212e+00 3.986387e+00 2.010770e+00 1.497450e+00 4.313643e+00 7.357601e+00 -8.788595e-02 1.163208e-01 2.059545e-01 -3.983105e-01 -6.568838e-01 7.945297e-01 -1.249396e-01 -6.041788e-01 -3.016222e-01 2.871459e-01 1.277077e-01 -6.576779e-01 -4.354253e-02 -6.773182e-02 2.221112e-01 2.444322e-01 6.216245e-02 3.632444e-02 1.205828e-01 1.733857e-01 5.635690e-02 3.505123e-01 5.474846e-01 -1.393860e-01 -6.355909e-01 8.269379e-02 
-1.518681e+01 1.639805e+00 9.105545e-01 3.058211e+00 4.633900e-01 1.380329e+00 -2.998060e-01 1.592583e+00 5.226800e-01 2.203772e+00 2.652677e+00 3.127226e+00 7.288999e+00 -4.845305e-02 3.808956e-01 5.016136e-01 -2.982093e-01 -3.904659e-01 1.011275e+00 3.586246e-01 -4.159025e-02 5.834684e-01 1.105153e+00 3.250294e-01 -4.769220e-01 3.686657e-02 -7.329424e-02 7.613213e-02 -1.749183e-02 -2.814872e-02 8.397200e-02 -2.583180e-01 1.016698e-01 1.119064e-01 3.928453e-01 3.312785e-01 4.451836e-02 -3.100984e-01 4.504626e-02 
-1.606421e+01 2.792111e+00 -5.413911e-01 1.731159e+00 -1.369394e+00 1.655867e+00 -5.268060e-01 -1.310915e+00 2.954441e+00 2.247931e+00 1.970685e+00 -1.896485e-01 7.349955e+00 -2.009123e-01 3.596111e-01 2.773370e-01 9.061375e-02 9.013212e-01 4.529662e-01 1.811179e-01 -4.861336e-01 3.405519e-01 1.206327e+00 -5.923229e-02 -1.067935e+00 1.054550e-01 -1.843260e-02 -1.847229e-01 -1.266630e-01 3.872469e-02 2.104689e-01 -4.128193e-01 2.656955e-02 2.948422e-01 -1.472049e-01 -8.174217e-02 6.707506e-02 2.915031e-01 -5.334990e-03 
-1.537686e+01 2.836430e+00 2.437492e+00 2.490848e+00 -1.928363e-01 2.639707e+00 3.151821e-01 1.113312e+00 4.968169e+00 6.852203e+00 2.751236e-01 2.637642e+00 7.700190e+00 -2.325465e-01 -1.296638e-01 -2.947739e-01 -3.599246e-01 7.684725e-02 -6.163172e-01 5.051361e-02 3.843719e-01 3.842790e-01 8.088582e-01 5.200205e-01 -5.955431e-01 3.509700e-02 5.280229e-02 -2.291279e-01 -2.071575e-01 1.208027e-02 -2.011380e-03 -2.543806e-01 -3.093273e-02 2.047154e-02 -5.869348e-01 -4.683322e-01 3.469896e-02 3.229988e-01 -3.602591e-02 
-1.605821e+01 1.919904e+00 -8.847261e-01 2.862221e+00 3.678779e+00 2.271013e+00 5.108602e-01 1.309400e+00 3.466592e+00 5.718551e+00 2.389769e+00 -7.811006e-01 7.679163e+00 -8.788595e-02 -5.521215e-01 -2.921581e-02 -1.737859e-01 1.620268e-01 -4.557613e-01 1.619790e-01 6.570002e-01 -9.379733e-01 2.656771e-02 3.656378e-01 8.592909e-01 -6.937820e-02 1.506830e-01 -7.987227e-02 3.915580e-03 1.112535e-01 -2.482092e-01 6.416934e-02 -4.982549e-02 1.601935e-03 -5.684950e-01 -5.208483e-01 3.271986e-02 5.262030e-01 1.910474e-03 
-1.635257e+01 1.427515e+00 -3.914079e-01 6.935120e-01 -1.676461e+00 -2.008672e+00 -5.658743e-01 2.204736e+00 2.188126e+00 4.512570e+00 5.043179e+00 4.448343e-01 7.299830e+00 1.591463e-01 -3.088312e-01 -3.809680e-01 -1.056178e-01 -3.083258e-02 1.937364e-01 2.133993e-01 -5.106483e-01 -1.711878e+00 -6.466274e-01 2.861865e-01 1.745524e-01 -5.592950e-02 3.134736e-01 2.073910e-01 7.717428e-02 1.859978e-01 -5.288801e-02 2.618780e-01 -2.786575e-01 -2.896521e-01 -3.851957e-01 -6.418216e-01 -2.777963e-01 1.125151e-01 8.091251e-02 
-1.601564e+01 7.365752e-01 7.271413e-01 1.760466e+00 1.823792e-01 1.701069e+00 7.237148e-01 1.428347e+00 -3.453965e-01 3.550603e+00 1.415046e+00 5.202796e+00 7.203404e+00 3.565305e-01 4.990761e-02 3.400236e-01 5.198082e-01 -2.858768e-01 3.687350e-01 -1.494998e-01 -3.066014e-02 -1.453690e+00 -6.699752e-01 2.212131e-01 1.178124e+00 1.605239e-01 2.995226e-01 3.471592e-01 -2.169328e-02 1.113701e-01 -5.217461e-02 -3.726349e-02 -4.285342e-01 -1.882197e-01 2.709858e-01 -4.830312e-01 -2.495560e-01 -4.260583e-01 9.749764e-02 
-1.460258e+01 1.884005e+00 -2.734995e-01 2.514202e+00 1.401429e+00 3.893583e+00 1.275722e+00 -1.499538e+00 -1.685493e+00 4.702908e+00 2.193176e+00 5.186012e-01 7.658773e+00 1.112566e+00 6.062692e-01 -9.343136e-02 2.233100e-01 3.629732e-02 2.808140e-01 -1.186941e+00 -7.201942e-01 -1.283835e+00 -2.051943e+00 -7.968227e-01 -1.925034e-01 3.247396e-01 6.706721e-02 2.334570e-01 1.348025e-03 -1.776373e-01 -1.308738e-01 -3.818772e-01 -2.976974e-01 2.810045e-01 6.750132e-01 -2.061659e-01 -2.572441e-01 -4.144258e-01 8.939296e-03 
-1.515054e+01 1.941177e+00 7.565055e-01 4.551031e+00 7.103267e-01 1.163357e+00 -1.157624e+00 3.008499e+00 -1.865128e+00 2.273055e+00 4.921143e+00 5.072826e+00 8.302534e+00 9.330856e-01 7.262979e-01 -2.814912e-01 2.185117e-01 -1.323310e-01 -6.856841e-01 -1.280500e+00 -1.794658e-01 2.028882e-01 -1.685744e+00 -3.406664e-01 -1.087496e+00 2.278382e-01 -1.985385e-01 3.515041e-02 9.250761e-03 -2.233468e-01 -4.549119e-02 -3.852223e-01 1.467240e-01 1.495132e-01 7.089894e-01 2.334233e-01 -1.947247e-01 -4.988168e-01 -1.172906e-01 
-1.122250e+01 3.856220e+00 -8.734322e-01 4.146386e-01 -1.758640e+00 -3.357904e-01 -5.559875e+00 -2.186345e+00 -3.471332e+00 -5.108246e+00 -6.937127e-01 -4.526624e-01 8.374111e+00 2.061583e-01 5.203229e-01 -6.352144e-02 -8.430579e-01 -7.619675e-01 -1.188436e+00 -7.096196e-01 9.686646e-01 8.348446e-01 -1.169590e+00 -7.192076e-01 -7.647926e-01 -4.481662e-02 -5.095407e-01 -2.765161e-01 1.624038e-01 3.615936e-02 7.447252e-02 -2.245884e-01 6.292546e-01 1.838095e-01 4.418480e-01 1.001014e+00 3.675418e-02 5.332801e-02 -1.352238e-01 
-1.304054e+01 3.381559e+00 -3.801140e-01 3.903074e+00 1.101176e+00 3.874481e-01 -2.260628e+00 8.744226e-01 1.561792e+00 2.744917e-02 1.155277e+00 2.507572e-01 7.984796e+00 -1.828984e-01 2.686803e-01 3.713669e-01 -6.375727e-02 -1.141577e-01 -8.227311e-01 3.454821e-01 -1.274697e-01 1.031837e+00 5.589144e-02 -7.911728e-01 -1.029859e+00 -2.410969e-01 -3.267882e-01 -4.286081e-01 1.575354e-01 3.049940e-01 1.574897e-01 1.626055e-01 4.647228e-01 -2.143061e-01 -2.083308e-01 7.693495e-01 -6.273379e-02 5.479123e-02 -2.257005e-02 
-1.462686e+01 3.765365e+00 -2.277455e-02 -1.377661e+00 -2.603676e+00 -1.660417e+00 -1.720745e+00 4.410977e+00 7.749335e-01 -2.203867e-02 4.803489e-01 -8.943854e-01 7.593357e+00 -8.770931e-01 -5.476760e-01 3.921987e-01 5.452886e-01 3.996395e-01 -7.734996e-01 1.146357e+00 1.727961e-01 5.109560e-01 2.082147e+00 -3.877015e-01 4.536631e-02 -1.168734e-01 1.013389e-01 -2.971047e-01 1.359279e-01 6.421595e-01 1.422079e-01 3.043188e-01 -2.773038e-01 -8.124395e-01 -6.290717e-01 2.973259e-01 -7.775468e-02 -2.634218e-01 1.981639e-01 
-1.436277e+01 3.330148e+00 2.187670e+00 5.128010e+00 5.616035e-01 -2.287748e+00 -1.349597e+00 -9.271997e-01 1.170990e+00 9.557413e-03 3.779324e-01 1.444978e-01 7.487161e+00 -1.591727e-01 -8.828401e-01 2.783881e-01 1.049269e+00 7.437469e-02 -8.014686e-02 1.151586e-01 -8.529170e-01 -6.768188e-01 5.350773e-01 -8.200577e-01 -1.218565e+00 1.509682e-01 7.382811e-01 1.980992e-01 7.337296e-02 2.292002e-01 -5.336440e-01 1.318028e-01 -7.349383e-01 -9.283054e-01 -1.025684e+00 -4.058098e-01 -3.146127e-01 -6.114479e-01 5.496772e-01 
-1.494670e+01 1.143871e+00 -1.962491e-01 2.528856e+00 5.090894e-01 -2.865553e+00 -2.836398e-01 -4.215510e-01 -7.213879e-01 5.311228e+00 -2.243694e+00 -1.729631e-01 8.038531e+00 7.009917e-01 -3.893891e-01 6.626303e-01 1.811197e+00 -1.451883e-01 -3.818937e-02 -1.980999e+00 -2.730711e+00 -1.456107e+00 7.757155e-02 -1.093511e+00 -1.987615e+00 7.500018e-01 1.416224e+00 9.234464e-01 1.636042e-01 3.930772e-02 -1.022998e+00 -2.870997e-01 -9.703327e-01 -1.283517e+00 -1.003478e+00 -8.164841e-01 -3.569351e-01 -9.927987e-01 8.004039e-01 
-1.367663e+01 2.783122e-01 1.098485e+00 7.195977e+00 -8.339845e-02 5.890901e-01 -2.403766e+00 -9.739822e-01 -1.073969e+00 3.658539e-02 -1.582892e+00 -6.202965e+00 8.517051e+00 2.719429e+00 1.180009e+00 6.029060e-01 4.491583e-01 -2.510065e+00 -5.313480e-01 -1.765543e+00 -3.317189e+00 -3.113015e+00 -9.708561e-01 -2.011262e+00 -3.070581e+00 2.073779e+00 1.408508e+00 1.071039e+00 1.600029e-01 -1.233573e-01 -1.212650e+00 -6.289956e-01 -4.705573e-01 -8.948036e-01 -4.408682e-01 -2.452942e-01 -8.232184e-02 -6.841331e-01 7.680521e-01 
-1.146500e+01 3.343888e+00 3.835227e+00 6.644184e+00 -3.006953e+00 -3.290062e+00 -1.109881e+01 -9.219639e+00 -5.383298e+00 3.521655e-01 -4.006748e+00 -7.658543e+00 1.082830e+01 4.764668e+00 3.038230e+00 1.048019e+00 1.041824e+00 -3.423056e+00 -1.983414e+00 -2.764953e+00 -5.012606e+00 -3.288473e+00 -1.247416e+00 -1.576787e+00 -3.992666e+00 2.923737e+00 7.270218e-01 4.217870e-01 2.248868e-02 -1.462703e-01 -7.223944e-01 -2.957412e-01 2.419235e-01 2.609431e-01 3.305816e-01 4.473521e-01 3.955808e-01 -1.970283e-01 3.215293e-01 
-2.506411e+00 8.130386e+00 3.186956e+00 5.316216e+00 -1.023065e+01 -4.732216e+00 -4.770090e+00 -1.311403e+01 -1.206324e+01 -2.365098e+00 -8.796779e+00 -1.146588e+01 1.646116e+01 4.851442e+00 2.758567e+00 8.856646e-01 8.172992e-01 -4.349894e+00 -2.252554e+00 -1.845630e+00 -4.186133e+00 -1.965122e+00 -2.888333e-02 -9.901188e-01 -3.636698e+00 2.904343e+00 -5.705928e-01 -6.621746e-01 1.328549e-02 7.312339e-02 3.829238e-01 1.532323e-01 3.020449e-01 1.397357e+00 9.937860e-01 1.039452e+00 8.277356e-01 5.240082e-01 -3.873226e-01 
3.291826e+00 1.240899e+01 3.999666e+00 8.677349e+00 -1.153308e+01 -1.012191e+01 -1.292525e+01 -1.941473e+01 -1.166909e+01 2.752690e-01 -6.520464e+00 -1.750510e+01 1.868512e+01 3.270061e+00 9.301175e-01 6.336760e-01 8.958911e-01 -2.837184e+00 -6.563771e-01 -7.313869e-01 -9.917294e-01 -3.772109e-01 1.843249e+00 3.737595e-01 -2.689718e+00 1.942336e+00 -1.523517e+00 -1.439067e+00 -6.134034e-02 -7.479102e-02 9.601013e-01 4.182608e-01 7.621513e-01 2.353152e+00 6.586528e-01 8.576813e-01 6.109477e-01 1.195881e+00 -7.770852e-01 
3.202198e+00 9.538415e+00 5.444835e+00 1.026587e+01 -1.756981e+01 -7.257655e+00 -1.071857e+01 -1.680686e+01 -7.756773e+00 -6.924246e-02 -5.276556e+00 -1.946344e+01 1.911033e+01 6.137780e-01 -1.076826e+00 8.765866e-01 8.877837e-01 -8.883151e-01 -4.287735e-01 -1.272121e+00 1.659292e+00 4.002098e-01 2.681130e+00 1.152100e+00 -1.101932e+00 6.278310e-01 -1.508713e+00 -1.606613e+00 -2.410359e-01 -4.549258e-01 1.175473e+00 3.213927e-01 6.862566e-01 2.279197e+00 1.929502e-01 -4.198877e-01 2.336242e-01 1.404462e+00 -7.322404e-01 
2.031040e+00 7.290977e+00 5.874455e+00 8.648958e+00 -1.352341e+01 -5.308841e+00 -1.178149e+01 -1.233167e+01 -9.422219e+00 8.420587e+00 -3.898053e+00 -1.710817e+01 1.921546e+01 -7.340802e-01 -2.239527e+00 7.458621e-01 6.324842e-01 -3.533776e-01 -8.039662e-01 7.590622e-01 3.830481e+00 -1.177923e+00 1.686069e+00 4.068819e-01 7.194352e-01 1.765915e-01 -9.682162e-01 -1.528366e+00 -6.849562e-01 -1.009969e+00 5.431758e-01 3.589552e-01 5.499756e-01 1.556325e+00 2.273581e-01 -2.009310e+00 -4.928605e-02 9.603760e-01 -3.941107e-01 
1.192914e+00 5.305466e+00 6.632051e+00 9.769946e+00 -1.367694e+01 -9.282330e+00 -1.170268e+01 -8.358643e+00 -1.118560e+01 6.967928e+00 -4.347352e+00 -1.717403e+01 1.933504e+01 -6.900340e-01 -3.689705e+00 -3.755211e-01 -1.325529e+00 2.855310e-01 -5.716187e-01 8.403819e-01 4.798733e+00 -6.000216e-01 -2.049719e+00 1.613951e-01 1.681061e+00 1.259819e-01 -4.060527e-01 -1.259197e+00 -1.204436e+00 -1.427185e+00 1.697676e-01 9.392235e-01 4.347650e-01 7.732695e-01 4.471446e-01 -2.358911e+00 -1.937606e-01 3.646639e-01 -5.208147e-02 
6.263697e-01 3.328376e+00 7.135308e+00 1.208748e+01 -1.524595e+01 -1.312964e+01 -8.638184e+00 -4.486150e+00 -1.584465e+01 5.187128e+00 -4.950863e+00 -1.505279e+01 1.945547e+01 -9.191622e-01 -5.405266e+00 -2.164956e+00 -3.047271e+00 -7.081894e-01 1.209888e+00 9.622791e-01 5.220167e+00 1.259811e+00 -5.837762e+00 6.226363e-01 7.206905e-01 2.227418e-01 -1.916303e-01 -7.023739e-01 -1.367893e+00 -1.210939e+00 5.033005e-01 1.136653e+00 -6.930681e-02 -2.315867e-01 6.737577e-01 -1.287266e+00 -2.447098e-01 -7.724701e-03 6.483287e-02 
4.543080e-01 -6.928915e+00 2.936683e+00 1.918906e+00 -1.528083e+01 -6.205421e+00 -8.088197e+00 3.264309e+00 -7.545607e+00 -8.701064e+00 -3.943179e+00 -1.208631e+01 1.962007e+01 -1.323926e+00 -5.790004e+00 -3.690076e+00 -4.408317e+00 1.380430e-01 3.260428e+00 7.999684e-01 4.830898e+00 1.417141e+00 -5.351488e+00 7.544646e-02 7.206905e-01 3.443464e-01 -6.055450e-02 3.946941e-01 -9.048657e-01 -2.663284e-02 9.769225e-01 4.491332e-01 -1.167447e-01 -1.285636e+00 -4.904695e-03 7.897072e-01 -4.461469e-01 5.724211e-02 5.888726e-02 
-2.195561e+00 -1.361849e+01 -3.102851e+00 -2.662127e+00 -1.626256e+01 -7.980342e-01 -8.776943e+00 7.957486e+00 -4.943288e+00 -1.293380e+01 -9.872281e-01 -1.604865e+01 2.018652e+01 -1.375112e+00 -4.701259e+00 -4.436295e+00 -3.880676e+00 2.236872e+00 2.963247e+00 4.327159e-01 2.656430e+00 1.182355e+00 -3.099398e+00 -7.737288e-01 1.160969e+00 3.915585e-01 3.017207e-01 1.373267e+00 -1.566733e-01 1.067362e+00 1.247977e+00 -4.658529e-01 -2.022036e-01 -1.985798e+00 -6.174585e-01 2.163544e+00 -5.954170e-01 4.781729e-01 -3.770354e-03 
-4.015996e+00 -1.517144e+01 -6.699285e+00 -4.896777e+00 -1.247874e+01 8.540155e-01 -7.633186e+00 9.573969e+00 -9.550735e+00 -1.072930e+01 -5.952269e+00 -1.307250e+01 2.069138e+01 -7.648357e-01 -2.068308e+00 -3.764134e+00 -1.041937e+00 3.697535e+00 7.973761e-01 5.215103e-01 -3.474773e-01 -5.858487e-01 5.295184e-01 -1.371132e+00 1.747066e+00 3.360649e-01 5.903386e-01 1.598275e+00 4.229273e-01 1.612203e+00 5.220367e-01 -7.597677e-01 -3.696782e-01 -1.917603e+00 -4.284312e-01 1.877984e+00 -1.553457e-01 2.931492e-01 -6.563362e-02 
-4.014498e+00 -1.605695e+01 -1.022841e+01 -3.908585e+00 -5.462690e+00 -1.843192e+00 -6.701947e+00 5.641256e+00 -8.930612e+00 -9.296060e+00 -7.814993e+00 -8.754507e+00 2.087743e+01 3.099580e-01 -3.997619e-01 -2.911366e+00 6.063420e-01 3.751931e+00 1.120353e-01 9.051630e-02 -2.119561e+00 -8.261284e-01 2.039482e+00 -1.631167e+00 2.598439e+00 2.079483e-01 6.110632e-01 1.213840e+00 7.503740e-01 1.213586e+00 -4.508146e-01 -2.558092e-01 -3.582307e-01 -1.071185e+00 -6.018480e-02 1.045525e+00 2.471480e-01 -8.348274e-02 -9.016228e-02 
-2.460547e+00 -1.605118e+01 -1.232139e+01 -2.668079e+00 -2.193184e+00 -1.695793e+00 -6.518394e+00 2.685003e+00 -8.481047e+00 -7.872714e+00 -7.385314e+00 -6.997715e+00 2.095474e+01 7.851298e-01 5.058117e-02 -2.338013e+00 1.408972e+00 1.990606e+00 8.870892e-01 -8.771873e-01 -2.369236e+00 2.792460e-01 1.469128e+00 -2.725148e-01 1.467668e+00 1.079324e-01 3.101541e-01 4.814990e-01 7.889873e-01 3.299476e-01 -1.030958e+00 3.691995e-01 -2.849256e-01 -1.982173e-01 4.285478e-01 -1.369900e-02 4.826613e-01 -4.623095e-01 -8.277239e-02 
-1.423681e+00 -1.517765e+01 -1.484852e+01 -7.448151e-01 -2.645768e+00 1.037577e+00 -8.882023e+00 8.042489e-01 -9.608542e+00 -4.164932e+00 -8.426744e+00 -6.093632e+00 2.109471e+01 9.050762e-01 3.084204e-01 -1.397428e+00 9.617428e-01 8.361693e-01 1.639372e+00 -6.591028e-01 -1.688758e+00 4.489909e-01 1.658413e+00 -8.726976e-02 8.832453e-01 5.484536e-02 -7.737634e-02 5.954599e-03 8.173305e-01 -2.434613e-01 -9.474531e-01 4.389586e-01 -1.589503e-02 2.290303e-01 5.283188e-01 -5.869592e-01 5.824030e-01 -6.560028e-01 -6.170999e-02 
-1.385612e+00 -1.535803e+01 -1.607911e+01 5.662102e-01 -3.934168e+00 3.849166e+00 -1.092906e+01 1.468061e-01 -7.815537e+00 -5.949159e+00 -7.009003e+00 -7.064895e+00 2.112232e+01 4.884495e-01 -1.488899e-02 -5.761947e-01 4.301307e-01 6.925089e-04 1.879837e+00 -5.283343e-01 -1.553850e+00 9.194424e-01 6.516774e-01 2.702257e-01 2.930689e-01 -1.214503e-03 -2.276066e-01 -1.114155e-01 7.390034e-01 -3.568021e-01 -5.357466e-01 1.933734e-01 2.752948e-01 2.365120e-01 3.762102e-01 -6.406484e-01 3.954793e-01 -4.305943e-01 -4.047910e-02 
-2.650524e-02 -1.486165e+01 -1.533687e+01 -7.168819e-01 -4.117121e-01 3.581096e+00 -7.792153e+00 -1.533381e+00 -7.018646e+00 -1.965769e+00 -8.439301e+00 -4.304785e+00 2.106773e+01 7.127358e-02 -3.373902e-01 2.944420e-01 -1.215016e-01 9.593712e-03 1.810470e+00 -1.634638e-01 -1.382247e+00 1.495367e+00 -4.868061e-01 1.009511e+00 -9.428018e-02 -4.594915e-02 -2.867298e-01 -8.280653e-02 4.140909e-01 -1.703494e-01 -3.372339e-01 -1.302639e-01 1.934556e-01 1.948664e-01 1.634466e-01 -7.411259e-01 3.311584e-01 -3.778453e-01 -2.269040e-02 
-7.171497e-01 -1.628342e+01 -1.495830e+01 -5.309664e-01 -3.306404e+00 6.431206e+00 -9.704814e+00 -3.915305e+00 -5.178820e+00 -5.713902e+00 -6.027610e+00 -6.426899e+00 2.096239e+01 6.402408e-02 -1.836835e-01 5.110739e-01 1.667238e-01 -2.747503e-01 1.768407e+00 2.514306e-01 -1.340088e+00 1.637095e+00 -6.614977e-01 1.156549e+00 -1.965830e-01 -4.410880e-02 -1.523345e-01 1.258188e-01 1.415299e-01 -6.103154e-02 1.663653e-04 -4.781530e-01 2.193817e-01 3.934939e-01 -2.292030e-01 -3.325219e-01 1.163496e-01 -1.900049e-01 -9.017900e-03 
-1.401200e+00 -1.640131e+01 -1.393688e+01 -8.034288e-01 -2.911145e+00 8.799026e+00 -1.031138e+01 -4.076057e+00 -3.449833e+00 -6.716221e+00 -3.869801e+00 -6.883991e+00 2.094497e+01 -3.163551e-01 -2.122047e-02 1.293163e-01 2.416756e-01 -7.122691e-01 1.043745e+00 -8.181560e-02 -8.213758e-01 9.074669e-01 -1.390561e+00 1.125404e+00 -7.610268e-01 -3.724288e-02 -3.386384e-02 2.514537e-01 -1.350659e-01 -4.581449e-02 1.144980e-01 -7.645065e-01 1.738860e-01 4.620203e-01 -6.166738e-01 4.606305e-02 -2.245889e-01 -6.237584e-02 -8.921615e-03 
-3.781224e-01 -1.550650e+01 -1.422374e+01 1.443127e+00 -4.057637e+00 1.008238e+01 -8.412193e+00 -5.281950e+00 -1.414607e+00 -6.881434e+00 -3.510754e+00 -6.758411e+00 2.096345e+01 -7.931835e-02 4.561998e-01 2.139815e-01 -5.664263e-02 3.624275e-01 -1.274808e-01 5.277531e-01 1.331354e-01 6.731204e-02 -5.589341e-01 7.939685e-01 -3.236770e-01 -5.062080e-02 -4.661123e-03 2.158025e-01 -1.637758e-01 -1.736144e-01 2.286794e-01 -7.871556e-01 1.017286e-01 4.369932e-01 -7.046355e-01 2.777272e-01 -3.820291e-01 6.082699e-02 -1.031775e-02 
-1.777997e+00 -1.535625e+01 -1.505723e+01 -4.957066e-01 -3.597035e+00 6.974029e+00 -8.847333e+00 -4.956463e+00 -4.363297e+00 -8.334473e+00 -4.070709e+00 -7.943950e+00 2.088104e+01 -2.626518e-02 6.000725e-01 -2.324695e-01 -2.389758e-01 2.635252e-01 -1.064145e+00 5.679200e-01 1.912212e-01 -8.031662e-01 -3.078062e-01 6.788976e-02 -3.427149e-01 -8.728622e-02 7.236049e-02 3.832918e-02 -4.790236e-02 -1.267389e-01 8.141878e-02 -3.680439e-01 -4.212121e-03 1.951313e-01 -3.638527e-01 3.717179e-01 -4.035708e-01 1.800791e-01 8.272654e-04 
-9.254822e-01 -1.452527e+01 -1.332791e+01 -9.678222e-01 -1.151320e+00 6.706352e+00 -7.798216e+00 -2.809447e+00 -4.385273e+00 -7.699125e+00 -1.957634e+00 -7.515400e+00 2.074108e+01 -1.043621e-01 5.847153e-01 -1.268770e-01 -4.611841e-01 3.808481e-01 -1.113376e+00 4.352622e-01 3.386216e-01 -1.030921e+00 1.858331e-01 -2.247734e-01 -1.016025e-01 -7.065229e-02 -3.189008e-02 -1.898578e-01 1.548625e-02 -4.266613e-02 -2.450552e-01 1.065056e-01 -2.972265e-01 -1.991604e-02 -1.632166e-02 1.018226e-01 -2.369202e-01 4.747514e-02 1.912146e-02 
-1.258814e+00 -1.389194e+01 -1.554694e+01 -7.933546e-01 -3.047040e+00 5.166325e+00 -7.778682e+00 -4.356254e+00 -5.980011e+00 -7.846447e+00 -4.306934e+00 -8.219258e+00 2.061959e+01 5.798282e-02 1.062173e-01 6.032283e-02 -1.896698e-01 -3.143112e-01 -3.036390e-01 -5.651616e-02 5.147186e-02 -3.627084e-01 9.577727e-02 -3.830404e-01 2.831584e-02 -2.308634e-02 -1.164030e-01 -2.742176e-01 1.703065e-01 -2.196861e-02 -1.415372e-01 3.571781e-01 -4.272099e-01 4.529997e-02 2.497604e-01 -6.200551e-02 7.529595e-02 -1.635768e-02 2.805191e-02 
-1.159294e+00 -1.331534e+01 -1.461361e+01 -7.145923e-01 -2.428496e+00 5.419459e+00 -6.770317e+00 -3.889425e+00 -5.760723e+00 -6.196599e+00 -4.516476e+00 -7.128563e+00 2.074086e+01 -2.809863e-01 -2.463247e-01 1.449880e-01 -2.945693e-01 -5.739296e-01 2.474686e-02 -6.461245e-01 1.033118e-01 -2.343834e-01 -2.516603e-01 -1.651673e-01 -2.717934e-01 1.294203e-02 -1.063548e-01 -2.033065e-01 1.376285e-01 3.866639e-02 9.102629e-03 3.234833e-01 -3.765644e-01 7.595480e-02 3.203416e-01 -1.986439e-01 2.466660e-01 -9.131095e-02 1.717168e-02 
-1.371224e+00 -1.543027e+01 -1.411261e+01 -1.571361e+00 -4.530264e+00 6.099460e+00 -9.644191e+00 -4.159171e+00 -5.489359e+00 -8.607417e+00 -4.706006e+00 -7.995763e+00 2.076592e+01 -5.201101e-01 -3.554416e-01 4.831708e-01 -4.322292e-01 3.320662e-02 1.526223e-01 -1.027341e+00 5.355198e-01 4.742606e-02 -3.991128e-01 4.145092e-01 -3.394722e-01 1.124324e-02 -4.889135e-02 1.490407e-02 2.615131e-03 6.787613e-02 1.863636e-01 9.207992e-02 -1.050030e-01 8.661447e-02 1.750597e-01 -1.421253e-01 2.608749e-01 -1.175025e-01 3.643608e-03 
-2.274097e+00 -1.498752e+01 -1.331978e+01 -2.051719e+00 -3.279145e+00 6.363599e+00 -1.009617e+01 -2.391391e+00 -5.802288e+00 -8.576963e+00 -2.583512e+00 -8.985907e+00 2.073258e+01 -3.471106e-01 -2.010614e-01 3.498662e-01 -1.466510e-01 2.526460e-01 2.759647e-01 -9.622033e-01 4.763410e-01 3.658214e-01 -5.597680e-01 6.097828e-01 -3.743054e-01 -1.922330e-03 9.169439e-02 1.341325e-01 -1.146588e-01 1.084549e-01 5.874019e-02 -2.186214e-02 1.270072e-01 -3.792492e-02 4.747213e-02 -9.623412e-02 1.014556e-01 -9.065250e-02 -4.275852e-03 
-3.301671e+00 -1.483329e+01 -1.377786e+01 -2.285716e+00 -2.455354e+00 5.457193e+00 -1.125272e+01 -2.427722e+00 -5.722025e+00 -8.651957e+00 -3.201150e+00 -8.987663e+00 2.067969e+01 -1.533512e-01 1.580816e-01 -2.892914e-02 7.572266e-02 2.041839e-01 3.107211e-02 -4.234402e-01 2.980240e-01 2.125565e-01 -4.608177e-01 5.339333e-01 -5.079895e-01 2.536978e-03 1.381675e-01 1.514446e-01 -1.641426e-01 7.796253e-02 -1.494222e-01 -8.367658e-02 2.841232e-01 -1.580945e-01 -7.144484e-02 -4.413210e-02 -1.080248e-01 -4.836554e-02 -5.118348e-03 
-1.929675e+00 -1.461922e+01 -1.303156e+01 -1.090087e+00 -2.202404e+00 7.120248e+00 -1.077683e+01 -2.373474e+00 -3.815314e+00 -8.973247e+00 -2.220150e+00 -8.504227e+00 2.077442e+01 -5.944605e-03 1.676461e-01 -1.722674e-01 -6.178366e-03 -3.657403e-01 -2.374672e-02 -3.130426e-01 3.242223e-02 -7.947060e-02 -7.019394e-01 2.824435e-01 -6.408367e-01 -4.045810e-03 3.885138e-02 3.427013e-02 -2.025945e-02 -4.948757e-02 -1.424759e-01 -1.852488e-01 3.164940e-01 -1.392249e-01 -1.301383e-01 8.222391e-02 -2.553918e-01 6.049777e-02 -3.625927e-03 
-2.310368e+00 -1.482398e+01 -1.440173e+01 -1.673477e+00 -4.047615e+00 5.876200e+00 -1.142112e+01 -2.678058e+00 -5.420563e+00 -1.071370e+01 -2.218188e+00 -1.077651e+01 2.075764e+01 2.064881e-04 2.174897e-01 -7.642189e-02 -1.127324e-01 -4.048067e-01 -1.158845e-01 6.866679e-02 -3.315845e-02 -8.716132e-02 -5.489279e-01 3.801607e-02 -4.480513e-01 -1.324756e-02 -7.822865e-02 -1.330311e-01 1.743746e-01 -8.528554e-02 -1.612918e-02 -1.895347e-01 2.046088e-01 -8.036499e-02 -9.028703e-04 1.818733e-01 -3.553365e-01 2.353887e-01 2.777041e-03 
-2.799275e+00 -1.415431e+01 -1.386911e+01 -2.388290e+00 -4.311789e+00 6.034997e+00 -1.157740e+01 -2.104226e+00 -6.350748e+00 -1.105554e+01 -1.662549e+00 -1.129595e+01 2.067332e+01 -2.295808e-01 -5.947876e-02 2.723679e-01 -2.996984e-01 -1.553258e-01 -5.768898e-01 3.741493e-01 -5.408181e-02 -1.349536e-01 -1.047637e-01 -4.191996e-01 -1.018117e-01 -1.218582e-02 -1.851707e-01 -1.934767e-01 2.311943e-01 1.750244e-02 1.057495e-01 -1.677219e-01 7.986362e-02 4.874285e-02 1.555606e-01 2.477082e-01 -3.951977e-01 3.794058e-01 9.444794e-03 
-2.865822e+00 -1.397836e+01 -1.374081e+01 -2.200543e+00 -3.424661e+00 5.420638e+00 -1.050908e+01 -2.727827e+00 -4.890257e+00 -1.035510e+01 -3.289833e+00 -9.832030e+00 2.066398e+01 -4.326767e-01 -3.935652e-01 6.206800e-01 -2.040645e-01 1.837129e-02 -6.400369e-01 2.560305e-01 -6.063988e-02 2.357385e-01 1.498386e-01 -8.920229e-01 3.994512e-01 2.044499e-02 -2.407501e-01 -1.961665e-01 1.715736e-01 9.854345e-02 7.525641e-03 -1.460137e-01 -1.172744e-01 1.799694e-01 1.159347e-01 8.539835e-02 -3.377276e-01 3.607498e-01 1.428313e-02 
-2.799875e+00 -1.533941e+01 -1.199974e+01 -2.325555e+00 -3.290770e+00 4.463919e+00 -9.361957e+00 -2.619331e+00 -4.755054e+00 -9.676354e+00 -3.780333e+00 -9.485590e+00 2.076040e+01 -7.154073e-01 -4.943300e-01 6.352049e-01 1.270142e-01 -4.851136e-02 -6.001878e-01 -7.395817e-03 2.897483e-01 5.368847e-01 1.872229e-01 -1.228473e+00 8.325123e-01 2.631995e-02 -1.564614e-01 -6.358717e-02 8.140907e-02 1.328838e-01 -1.116496e-01 -9.904308e-02 -1.127131e-01 2.900090e-01 2.228417e-02 -1.019619e-01 -1.938621e-01 3.250473e-01 1.202042e-02 
-4.473728e+00 -1.619877e+01 -1.223330e+01 -2.724404e+00 -4.466526e+00 3.461998e+00 -1.124868e+01 -2.723845e+00 -5.039794e+00 -1.065393e+01 -5.619514e+00 -9.684497e+00 2.081605e+01 -9.606821e-01 -5.459247e-01 6.000392e-01 1.667238e-01 -4.205075e-01 -8.342220e-01 -3.269244e-01 6.947871e-01 1.566341e-01 -2.677814e-01 -1.245917e+00 8.884755e-01 3.891927e-02 1.700541e-02 8.297872e-02 1.152208e-01 9.755230e-02 -1.674073e-01 -1.473378e-01 2.078459e-01 3.345015e-01 -1.136994e-01 -2.168624e-01 9.511235e-02 2.141721e-01 1.982688e-03 
-5.572644e+00 -1.551536e+01 -1.144679e+01 -1.491225e+00 -4.033584e+00 4.013467e+00 -1.124464e+01 -6.574540e-01 -3.592204e+00 -9.969856e+00 -6.640539e+00 -7.207160e+00 2.072854e+01 -7.480300e-01 -3.011526e-01 6.897690e-01 1.792985e-01 -4.943133e-01 -9.749588e-01 1.021803e-01 1.018006e+00 1.611390e-02 -4.059226e-01 -1.211523e+00 1.278963e+00 3.877770e-02 1.435954e-01 1.627415e-01 1.753416e-01 -3.275464e-02 -2.553056e-01 -2.342404e-01 5.664259e-01 1.850675e-01 -2.762049e-01 -3.245169e-01 3.842897e-01 -5.637665e-02 -6.827411e-03 
-6.282773e+00 -1.661980e+01 -1.101717e+01 -1.784294e+00 -5.155623e+00 1.474664e+00 -1.120254e+01 -2.344211e-01 -4.688646e+00 -1.154738e+01 -8.089673e+00 -6.528329e+00 2.087424e+01 -3.312935e-01 -7.510538e-02 1.169570e+00 2.575595e-01 -5.958117e-01 -1.189279e+00 1.240409e+00 1.247539e+00 -7.243910e-02 -6.378719e-01 -4.248494e-01 1.246954e+00 2.405491e-02 1.397376e-01 2.341905e-01 1.986163e-01 -1.325109e-01 -3.558574e-01 -1.896392e-01 7.828981e-01 -2.335891e-02 -3.441182e-01 -3.127853e-01 5.956478e-01 -3.419234e-01 -2.418282e-02 
-5.635294e+00 -1.663531e+01 -9.159100e+00 -1.899232e+00 -5.417392e+00 5.828011e-01 -8.874277e+00 1.226286e+00 -4.850126e+00 -1.125920e+01 -8.602933e+00 -4.668789e+00 2.092522e+01 -3.121811e-01 8.398981e-02 1.227192e+00 -8.228841e-02 -1.237440e+00 -1.593884e+00 2.041037e+00 9.385287e-01 -7.295551e-01 -1.250335e+00 2.824435e-01 3.713127e-01 -4.358940e-04 1.090469e-02 2.758080e-01 1.930811e-01 -2.111615e-01 -4.415404e-01 8.278492e-03 6.178659e-01 -1.436609e-01 -4.272541e-01 -1.768370e-01 6.695089e-01 -5.551506e-01 -3.703690e-02 
-6.098721e+00 -1.601440e+01 -7.529161e+00 -1.232500e+00 -6.753897e+00 -7.697335e-01 -6.231444e+00 2.572526e+00 -4.773208e+00 -1.319913e+01 -6.762575e+00 -4.718846e+00 2.083814e+01 -4.797984e-01 4.324904e-01 1.324471e+00 -3.650538e-01 -1.828134e+00 -1.472967e+00 2.618078e+00 6.178079e-01 -1.191217e+00 -1.409461e+00 9.852872e-01 -3.672969e-01 -6.237072e-02 -7.517829e-02 2.718467e-01 1.286254e-01 -3.457828e-01 -3.857826e-01 2.540031e-01 1.552875e-01 -2.609173e-01 -4.744129e-01 2.022311e-01 3.757644e-01 -5.780500e-01 -4.206781e-02 
-7.225215e+00 -1.539791e+01 -7.054817e+00 -2.178105e+00 -9.421696e+00 -2.833715e+00 -3.524957e+00 2.632249e+00 -7.197803e+00 -1.539563e+01 -5.891839e+00 -6.255216e+00 2.074447e+01 -6.192964e-01 8.240990e-01 1.577606e+00 -5.650908e-01 -2.085774e+00 -7.917374e-01 2.502752e+00 6.148412e-01 -1.560701e+00 -9.041481e-01 1.430850e+00 -6.896868e-01 -1.032123e-01 1.337189e-02 2.446560e-01 1.250575e-01 -3.209458e-01 -1.539654e-01 5.260702e-01 -3.725916e-01 -2.648236e-01 -3.135552e-01 7.443681e-01 -1.736667e-02 -3.784306e-01 -3.908296e-02 
-7.886783e+00 -1.507616e+01 -5.447016e+00 -3.469440e+00 -1.229434e+01 -4.181532e+00 -7.868119e-01 2.151484e+00 -9.470950e+00 -1.652661e+01 -4.518438e+00 -7.571603e+00 2.065272e+01 -5.537214e-01 9.139521e-01 1.637522e+00 -1.229730e+00 -2.100610e+00 -3.204009e-01 1.785990e+00 1.050294e-01 -2.029065e+00 2.002865e-01 8.797053e-01 -1.112810e+00 -1.349230e-01 1.280744e-01 2.074399e-01 1.121530e-01 -2.413624e-01 1.712320e-01 5.736681e-01 -6.880007e-01 -3.105080e-01 3.189640e-02 1.078235e+00 -2.973336e-01 -2.971123e-01 -2.974330e-02 
-7.837623e+00 -1.298384e+01 -2.312277e+00 -3.606358e+00 -1.307564e+01 -1.669851e+00 9.166985e-01 4.511012e+00 -1.030463e+01 -1.411656e+01 -2.570563e+00 -6.690792e+00 2.050171e+01 -2.083815e-01 1.066581e+00 1.696004e+00 -1.254549e+00 -1.871033e+00 4.602403e-01 5.941230e-01 -1.291873e-01 -1.878327e+00 1.666751e+00 2.484031e-01 -1.148062e+00 -1.596261e-01 1.796166e-01 1.177496e-01 7.216723e-03 -1.097144e-01 2.736236e-01 4.014657e-01 -7.826116e-01 -5.367446e-01 4.023790e-01 9.213079e-01 -4.570827e-01 -3.591162e-01 -1.761136e-02 
-8.561240e+00 -1.265144e+01 -1.712796e+00 -6.667553e+00 -1.542995e+01 -2.953599e+00 4.775175e-01 2.157954e+00 -1.336463e+01 -1.283749e+01 -4.024406e+00 -1.006475e+01 2.028507e+01 -4.493814e-02 1.348534e+00 1.826059e+00 -1.227083e+00 -1.079444e+00 7.694396e-01 1.323261e-01 -5.628005e-01 -8.728220e-01 2.696000e+00 8.985362e-02 -1.623697e+00 -1.829136e-01 1.384815e-01 1.490483e-01 -6.580856e-02 1.234388e-01 2.948002e-01 2.796139e-01 -6.754938e-01 -5.720341e-01 6.997696e-01 3.212721e-01 -2.288516e-01 -3.561532e-01 -2.318722e-04 
-7.930248e+00 -1.127709e+01 -4.420047e-01 -6.852096e+00 -1.720902e+01 -1.146682e+00 -1.186588e+00 1.982769e+00 -1.464310e+01 -8.906248e+00 -4.896712e+00 -1.074929e+01 2.013045e+01 2.448134e-02 1.195770e+00 1.519411e+00 -1.114903e+00 -1.228292e+00 6.705548e-01 -5.835330e-01 -1.734977e+00 -1.270431e-01 2.454601e+00 -4.596667e-01 -2.229773e+00 -1.672706e-01 6.567661e-02 9.755217e-02 -1.375334e-01 1.810420e-01 2.988929e-01 2.012568e-02 -5.596653e-01 -4.756336e-01 5.303982e-01 -4.347247e-01 1.450196e-02 -3.493126e-01 1.433127e-02 
-8.065439e+00 -9.186990e+00 2.748300e+00 -7.982700e+00 -1.562518e+01 -5.956060e-01 9.264656e-01 6.011932e-01 -1.166622e+01 -5.651471e+00 -2.906065e+00 -1.366088e+01 1.992379e+01 2.217468e-02 1.594788e+00 1.396809e+00 -6.823996e-01 -9.481510e-01 9.725855e-01 -1.002617e+00 -1.952330e+00 5.941255e-01 1.412844e+00 8.950050e-02 -2.352787e+00 -1.321624e-01 1.134506e-01 9.720223e-03 -2.263308e-01 3.476134e-01 2.982170e-01 -1.918693e-01 -6.118705e-01 -1.131385e-01 2.832614e-02 -9.297974e-01 1.253317e-01 -8.019050e-02 2.643914e-02 
-7.963222e+00 -8.737147e+00 3.054591e+00 -8.523503e+00 -1.911957e+01 5.045813e-01 -2.225265e+00 -3.385767e+00 -1.178901e+01 -5.436389e+00 -5.428022e+00 -1.604162e+01 1.984584e+01 8.632179e-02 1.431382e+00 1.222892e+00 -6.216770e-01 -4.422660e-01 4.591861e-01 -1.636745e+00 -1.812581e+00 4.006496e-02 1.348293e-01 3.211451e-01 -2.530092e+00 -1.133342e-01 3.578384e-01 -3.395123e-02 -1.669769e-01 8.760707e-01 5.228251e-01 -5.861715e-01 -4.953063e-01 2.904724e-01 -3.314065e-01 -9.461526e-01 3.335689e-01 3.105249e-01 3.683794e-02 
-8.433843e+00 -5.947239e+00 3.523063e+00 -9.243812e+00 -1.921538e+01 1.083565e+00 -4.016342e+00 -4.919137e+00 -1.182102e+01 -7.508407e+00 -3.311415e+00 -1.918286e+01 1.976641e+01 4.913054e-01 1.279292e+00 8.426632e-01 2.641777e-01 1.861854e-02 -8.425827e-02 -2.400329e+00 -1.089788e+00 -8.148121e-01 -7.932460e-01 3.261594e-01 -1.874433e+00 -7.773056e-02 6.236235e-01 -1.237393e-01 -2.820501e-01 1.621356e+00 4.462286e-01 -1.081210e+00 -1.024427e-01 7.886800e-02 -4.736282e-01 -4.632255e-01 1.873182e-01 6.755608e-01 5.128073e-02 
-7.314244e+00 -5.740267e+00 5.285365e+00 -9.329901e+00 -1.762513e+01 3.096213e-01 -6.898973e+00 -4.319426e+00 -1.436505e+01 -7.303603e+00 -3.088531e+00 -2.063887e+01 1.964258e+01 1.579060e+00 1.183915e+00 9.615384e-01 2.792024e+00 9.025574e-01 -1.731775e+00 -2.361147e+00 -7.141045e-01 -1.079592e+00 -1.173204e+00 1.089810e+00 -9.163639e-01 -1.027468e-02 6.283785e-01 -6.916226e-02 -4.430391e-01 1.956598e+00 1.908317e-01 -1.146857e+00 4.828504e-01 -2.912411e-01 -1.846337e-01 1.077574e-01 -1.394130e-02 8.994696e-01 5.999454e-02 
-5.933554e+00 -4.289692e+00 5.846447e+00 -6.258173e+00 -1.627940e+01 -9.194911e-01 -8.738212e+00 -4.380641e+00 -1.445200e+01 -8.684694e+00 -2.444995e+00 -2.073416e+01 1.963685e+01 2.393970e+00 1.099720e+00 1.172759e-01 5.717463e+00 6.106722e-01 -3.337861e+00 -1.152606e+00 -2.106913e+00 -1.214180e+00 -2.491588e-01 6.417752e-01 2.181723e-01 7.268260e-02 2.750300e-01 -1.238448e-02 -5.222666e-01 1.254573e+00 -5.596689e-02 -7.665972e-01 9.204739e-01 -5.131742e-01 1.619557e-01 4.234059e-01 -1.954098e-01 7.093246e-01 4.215770e-02 
-1.318466e+00 -3.646617e+00 6.700267e+00 3.943371e+00 -1.607496e+01 -7.153100e+00 -1.166968e+01 -7.225412e+00 -1.587140e+01 -1.071446e+01 -4.119693e-01 -1.984764e+01 1.985901e+01 2.276770e+00 1.175159e+00 -6.296121e-01 6.434717e+00 2.158049e-01 -3.648220e+00 1.536006e-01 -2.760066e+00 -6.834109e-01 4.016613e-01 9.359666e-02 9.209027e-01 1.114715e-01 -3.077683e-01 -1.438955e-02 -4.195977e-01 -3.515548e-01 -1.131139e-01 5.225246e-02 9.582005e-01 -1.490239e-01 2.750661e-01 4.881366e-01 -4.650499e-01 2.935150e-01 -3.040861e-04 
5.379407e-01 -1.495352e+00 3.401540e+00 1.270659e+01 -1.693723e+01 -1.187459e+01 -7.393725e+00 -1.400091e+01 -1.713840e+01 -7.048551e+00 -1.440843e+00 -1.848778e+01 2.002149e+01 1.517659e+00 1.221500e+00 -9.730507e-01 4.715788e+00 8.203961e-02 -2.959084e+00 9.446188e-01 -2.632652e+00 -2.030713e-01 5.361891e-01 -1.526670e-01 7.536408e-01 7.211633e-02 -6.547917e-01 -8.891955e-02 8.537711e-02 -1.716250e+00 5.986661e-02 6.705014e-01 5.831704e-01 4.932710e-01 3.149666e-01 1.603424e-01 -4.504350e-01 -2.184645e-01 -3.807197e-02 
8.338028e-01 -1.260902e+00 3.359527e+00 1.336141e+01 -1.621687e+01 -1.245397e+01 -6.803323e+00 -1.330962e+01 -1.643897e+01 -6.113611e+00 -3.122670e+00 -1.715778e+01 2.000768e+01 4.783441e-01 1.051089e+00 -5.912930e-01 1.535050e+00 6.012765e-01 -1.659983e+00 1.381281e+00 -1.196435e+00 -2.097732e-01 8.748713e-01 -8.382785e-01 2.834453e-01 -1.154877e-02 -6.235703e-01 -1.658459e-01 5.157594e-01 -1.864223e+00 3.793897e-02 7.485883e-01 2.257970e-01 6.566752e-01 6.426410e-02 4.668413e-02 -4.533021e-01 -6.171178e-01 -4.459529e-02 
5.787080e-01 6.253334e-01 2.651624e+00 1.261134e+01 -1.579836e+01 -1.306439e+01 -6.448004e+00 -1.450208e+01 -1.518392e+01 -8.304399e+00 -1.852863e+00 -1.831127e+01 1.992315e+01 1.920897e-02 7.172722e-01 5.250255e-01 -4.140289e-01 7.173629e-01 -9.794919e-01 1.149396e+00 -4.224267e-01 1.238937e-01 3.160527e-01 -1.144501e+00 -5.554797e-01 -5.621263e-02 -3.796312e-01 -1.773873e-01 6.645443e-01 -1.149838e+00 -1.549792e-01 6.043662e-01 -8.937670e-02 5.108165e-01 -2.609082e-02 -2.158962e-01 -5.486796e-01 -5.456397e-01 -2.295519e-02 
1.053226e+00 5.482176e-01 4.118930e+00 1.166574e+01 -1.363806e+01 -1.485795e+01 -5.236214e+00 -1.295776e+01 -1.789755e+01 -5.712379e+00 -4.397186e+00 -1.851852e+01 1.985051e+01 -9.173038e-02 5.981866e-01 1.200053e+00 -3.215387e-01 8.797375e-02 -8.950498e-01 1.180117e+00 -5.820063e-01 -5.255316e-01 7.450686e-01 -1.676931e+00 -1.510201e+00 -4.729401e-02 -1.345706e-01 -2.075612e-01 5.064562e-01 -2.648584e-01 -3.270586e-01 4.802843e-01 -4.573441e-01 -6.003878e-02 -1.783171e-01 -6.189795e-01 -4.040276e-01 -1.866029e-01 1.380906e-03 
5.244516e-01 1.186417e+00 5.646770e+00 1.148440e+01 -1.464024e+01 -1.556979e+01 -2.430373e+00 -1.628877e+01 -1.578971e+01 -5.668982e+00 -6.526350e+00 -2.058443e+01 1.981908e+01 -9.535513e-02 5.611407e-01 1.453953e+00 -1.052869e-01 -4.360846e-01 -3.196630e-01 5.983122e-01 -3.857327e-01 -1.756044e-01 -4.783286e-01 -2.476670e+00 -1.077663e+00 -2.471435e-02 -4.270092e-02 -2.472225e-01 2.861466e-01 3.147888e-01 -2.038658e-01 4.795874e-01 -6.504506e-01 -3.934680e-01 -4.427122e-01 -8.134477e-01 -3.959351e-02 2.302675e-01 6.828375e-04 
4.021500e-01 1.449232e+00 7.862637e+00 1.231736e+01 -1.635637e+01 -1.567670e+01 -2.911653e+00 -1.532624e+01 -1.876372e+01 -3.705837e+00 -9.170735e+00 -2.357242e+01 1.982333e+01 -1.372045e-01 9.126427e-02 1.476505e+00 5.636423e-02 -4.573486e-01 4.116413e-01 -6.298606e-01 -1.514814e+00 -9.515968e-01 -1.822773e+00 -2.192270e+00 -3.884269e-01 -2.039660e-02 -5.813215e-02 -3.485520e-01 1.322267e-01 6.030966e-01 3.763155e-01 6.173284e-01 -4.174987e-01 -4.529900e-01 -4.203490e-01 -7.904676e-01 1.316496e-01 4.046829e-01 -3.576112e-02 
4.273297e-01 2.980468e+00 8.049664e+00 1.175961e+01 -1.661974e+01 -1.425342e+01 -4.618868e+00 -1.524661e+01 -1.562870e+01 -1.169888e+01 -1.184926e+01 -2.117237e+01 1.981334e+01 -1.714749e-01 -2.653191e-01 1.817555e+00 9.710084e-01 -2.947268e-02 7.650118e-01 -1.197866e+00 -1.923288e+00 -1.876569e+00 -2.467339e+00 -1.084754e+00 3.490590e-02 -6.626377e-02 -1.113340e-01 -3.260560e-01 -1.759186e-02 4.304618e-01 6.155670e-01 5.970140e-01 1.135292e-01 -2.207946e-01 -4.109330e-01 2.805162e-02 2.858167e-01 3.159022e-01 -1.046773e-01 
4.153394e-01 1.076824e-01 1.029986e+01 1.180952e+01 -1.493528e+01 -1.345785e+01 -7.291339e+00 -2.105261e+01 -2.273575e+01 -1.181080e+01 -1.269685e+01 -2.016685e+01 1.975154e+01 -3.442547e-01 -7.312889e-01 1.679376e+00 2.155843e+00 1.766221e+00 1.649282e+00 -9.367201e-03 -2.078183e+00 -1.776920e+00 -2.212737e+00 -1.714644e+00 -4.312877e-02 -2.052809e-01 -2.009608e-01 -1.504410e-01 -3.329343e-01 -2.453394e-02 3.670037e-01 3.514985e-01 6.845497e-01 4.704951e-01 1.072641e-01 4.672268e-01 4.006554e-01 3.547140e-01 -1.895046e-01 
-3.397533e-01 5.309330e-01 1.351592e+01 1.659295e+01 -1.549810e+01 -1.285411e+01 -6.229760e+00 -2.304137e+01 -2.318627e+01 -1.395287e+01 -1.018705e+01 -2.211246e+01 1.952343e+01 -5.485589e-01 -6.578707e-01 1.264556e+00 9.973160e-01 1.530092e+00 2.046507e+00 8.557422e-01 -1.208146e+00 -1.817680e+00 -1.431208e-01 -1.286384e+00 3.292619e-01 -4.556392e-01 -3.258013e-01 -1.433010e-01 -8.093659e-01 -6.444102e-01 2.498185e-01 6.842039e-02 5.634831e-01 9.627600e-01 5.359302e-01 5.902703e-01 4.072778e-01 6.533566e-01 -2.716599e-01 
-9.353742e-01 -9.821326e-01 1.352631e+01 2.067943e+01 -8.086393e+00 -8.130258e+00 -2.152853e+00 -2.181905e+01 -2.386946e+01 -1.364262e+01 -1.857539e+01 -2.331819e+01 1.894190e+01 -9.534326e-01 -4.644238e-01 8.832158e-02 -7.947565e-02 5.979385e-01 1.528364e+00 1.766111e+00 4.802446e-01 -4.446693e-01 -6.488509e-01 -8.825849e-02 1.237958e+00 -7.732410e-01 -4.952758e-01 -2.580303e-01 -1.070390e+00 -9.294530e-01 -1.136771e-01 -3.321888e-01 -2.487056e-02 1.190983e+00 9.695789e-01 5.614244e-01 8.797759e-01 8.143104e-01 -3.408890e-01 
-1.639808e+00 2.362087e-01 1.275968e+01 1.231140e+01 -1.239376e+01 -6.684567e+00 -2.909296e+00 -2.090430e+01 -2.415038e+01 -1.149865e+01 -1.534241e+01 -1.795078e+01 1.793983e+01 -1.495827e+00 -1.115084e+00 -1.433835e+00 -1.133269e+00 1.803681e+00 1.167614e+00 7.318735e-01 1.611355e+00 1.369679e-01 -2.979390e-01 1.384425e-01 2.661201e+00 -1.140674e+00 -4.987747e-01 -4.087530e-01 -9.044989e-01 -3.340057e-01 7.469781e-02 -4.663059e-01 -1.401400e-01 1.344588e+00 1.366269e+00 7.656230e-01 8.742953e-01 6.118012e-01 -3.312605e-01 
-3.701849e+00 -2.067072e+00 1.111980e+01 1.355282e+01 -1.349735e+01 -8.900664e+00 -1.209677e-01 -1.971981e+01 -2.447716e+01 -1.628184e+01 -1.056062e+01 -1.605787e+01 1.667737e+01 -2.346875e+00 -1.792687e+00 -2.323393e+00 -1.426127e+00 1.061048e+00 4.278761e-01 -7.179439e-02 2.467183e+00 2.093594e+00 6.716898e-01 1.971825e+00 2.862460e+00 -1.567281e+00 -1.595566e-01 -1.446703e-01 -2.202954e-01 1.170838e-01 9.557413e-02 -2.818034e-01 -1.226892e-01 1.013410e+00 1.232012e+00 1.115983e+00 4.632508e-01 1.911996e-01 -1.529162e-01 
-6.435650e+00 -4.501982e+00 7.550021e+00 1.448973e+01 -3.774221e+00 -6.631110e+00 -3.586591e+00 -1.603445e+01 -2.219780e+01 -1.412303e+01 -1.350244e+01 -1.243670e+01 1.495232e+01 -2.345667e+00 -2.037459e+00 -2.052006e+00 4.398981e-04 1.672017e+00 2.652118e-01 1.073909e+00 4.521420e+00 3.744459e+00 3.024676e+00 2.055090e+00 2.575949e+00 -1.714934e+00 3.983005e-01 4.285358e-01 5.650765e-01 3.816040e-01 -2.242915e-01 -5.465097e-02 4.471248e-01 4.176602e-01 5.618635e-01 8.695509e-01 3.324017e-01 -2.931617e-01 1.386596e-01 
-1.027166e+01 -7.576865e+00 4.514216e+00 1.246023e+01 -7.091030e+00 -6.017537e+00 -2.173061e+00 -1.191809e+01 -1.437795e+01 -8.971725e+00 -9.636515e+00 -1.176270e+01 1.259923e+01 -1.326233e+00 -7.267086e-01 -7.040524e-01 -6.110996e-02 1.141530e+00 5.706159e-01 9.815823e-01 4.092335e+00 3.911567e+00 3.269828e+00 1.269687e+00 2.236718e+00 -1.250670e+00 8.181737e-01 7.973713e-01 7.836188e-01 3.895331e-01 2.581119e-02 2.035480e-01 4.632514e-01 -3.252064e-01 -5.866209e-01 2.149574e-02 7.803462e-03 -3.415941e-01 4.064529e-01 
-1.008282e+01 -7.196161e+00 5.802627e+00 1.286045e+01 -7.236546e+00 -6.800128e+00 3.486110e+00 -2.198289e+00 -1.047758e+01 -3.041353e-02 -5.529261e+00 -7.218137e+00 1.140431e+01 -1.462204e-02 4.945928e-01 5.818831e-01 9.226832e-02 6.419500e-01 8.229933e-01 2.440818e+00 2.886900e+00 2.037342e+00 2.750895e+00 2.151561e+00 1.508255e+00 -6.056277e-01 6.652968e-01 6.722255e-01 2.934158e-01 -1.911177e-02 1.098046e-01 2.471387e-01 -9.699854e-02 -9.130774e-01 -1.204864e+00 -7.701789e-01 -9.698750e-02 -2.578982e-01 4.346163e-01 
-8.509682e+00 -4.353512e+00 8.472960e+00 1.406203e+01 -6.058385e+00 -5.963294e+00 1.250799e+00 -6.175793e+00 -1.077951e+01 -6.979268e+00 -8.199153e+00 -7.483786e+00 1.219802e+01 5.784092e-01 9.282316e-01 2.777192e-01 4.757968e-01 1.705026e+00 1.166665e+00 1.561087e+00 1.658511e+00 1.413629e-02 9.162859e-01 1.962573e+00 1.688383e+00 -8.962204e-02 2.219179e-01 2.660761e-01 -2.809830e-01 -2.870135e-01 6.670023e-02 1.595392e-01 -1.598567e-01 -7.050483e-01 -9.934731e-01 -4.998695e-01 -1.407815e-01 -2.172939e-01 2.159285e-01 
-7.390082e+00 -3.640856e+00 8.479735e+00 1.414995e+01 -1.080766e+00 -2.543240e+00 6.905255e+00 -4.471220e+00 -1.380990e+01 -1.365062e+00 -3.463274e+00 -7.035037e+00 1.212453e+01 2.843561e-02 4.963441e-01 -1.075776e+00 -3.633992e-01 1.939424e+00 1.202825e+00 2.991545e-01 1.173058e+00 -3.310666e-01 3.506575e-01 1.223641e+00 1.560557e+00 -1.223944e-01 -1.832867e-01 6.410170e-02 -4.502750e-01 -4.214600e-01 -3.371588e-01 -8.395534e-02 -5.954202e-01 -5.487947e-01 -9.902604e-02 -2.757273e-01 -5.288379e-01 -3.451790e-01 4.365748e-03 
-8.725808e+00 -4.713829e+00 4.564362e+00 1.419437e+01 -1.643991e+00 -2.312904e+00 3.922596e+00 -2.489435e+00 -1.264084e+01 -3.723348e+00 -8.565588e-01 -3.412558e+00 1.179086e+01 -2.381484e-01 6.027668e-01 -1.280177e+00 -1.268447e+00 8.264027e-01 1.178367e+00 1.253141e+00 1.424138e+00 1.285081e-01 1.970550e+00 1.029709e+00 1.124044e+00 -4.126033e-01 -1.768719e-01 2.647556e-01 -1.250957e-01 -4.246666e-01 -7.636964e-01 -2.924658e-01 -5.970094e-01 -4.547115e-01 4.253699e-01 -1.083798e-01 -6.546885e-01 -5.958280e-01 -6.296171e-02 
-9.832518e+00 -4.534335e+00 2.378312e+00 1.097657e+01 2.533334e-01 -2.610847e+00 3.646087e+00 1.823509e+00 -1.120233e+01 9.482877e-02 -3.082253e+00 -1.450710e+00 1.099588e+01 -5.228561e-01 9.779404e-01 -8.904878e-01 -1.143031e+00 -6.044657e-01 3.973041e-01 -3.823697e-01 2.600809e-01 1.485149e+00 8.449917e-01 -2.625118e-02 6.461347e-02 -4.223713e-01 6.931012e-02 4.392947e-01 3.346967e-01 -1.491396e-02 -6.186512e-01 -2.290834e-01 -5.314144e-01 -3.424870e-01 5.737121e-01 -2.170004e-01 -2.539202e-01 -4.056464e-01 4.528697e-02 
-8.479107e+00 -8.926073e-01 5.122733e+00 9.306073e+00 -2.593254e+00 -3.706148e-02 9.146291e+00 -2.202271e+00 -1.144072e+01 2.143625e+00 -3.240783e+00 -4.655617e+00 1.069938e+01 -3.021945e-02 2.011049e+00 -4.404056e-01 -1.257692e+00 -8.414602e-01 1.070805e-01 -1.083279e+00 -1.585425e-01 1.232784e+00 1.270467e-01 -6.858733e-01 -5.427180e-01 -2.544041e-01 1.656656e-01 3.542503e-01 3.835470e-01 3.921568e-01 2.072399e-01 -1.715897e-01 -5.749089e-01 6.165363e-02 3.508261e-01 -5.162247e-01 -7.366960e-02 7.512993e-02 1.723835e-01 
-1.012778e+01 -6.617030e-01 3.748038e+00 1.087903e+01 -3.628704e+00 -1.694221e+00 2.381758e+00 -3.314598e+00 -6.984725e+00 -7.342989e-02 -2.402224e+00 -6.090119e+00 1.055835e+01 2.711841e-01 1.988552e+00 1.778602e-01 -4.433148e-01 -3.197508e-01 5.931759e-01 -1.189652e+00 2.519614e-01 1.985265e+00 1.873618e-01 8.118362e-01 3.657687e-01 2.490430e-02 1.713626e-01 1.927197e-01 3.526363e-01 4.446294e-01 7.190099e-01 1.515249e-01 1.333048e-01 4.230231e-01 1.824311e-02 -2.460533e-01 1.800108e-01 4.365444e-01 1.890649e-01 
-8.729405e+00 3.405048e+00 1.677637e+00 7.955209e+00 -3.910517e+00 -2.235864e+00 -8.619173e-01 -7.131948e-01 -8.585674e+00 -3.004252e+00 -4.625564e+00 -3.806420e+00 1.073761e+01 1.931970e-01 1.868523e+00 1.034199e-01 3.426042e-01 1.720355e+00 2.225163e-01 -1.217744e+00 1.736271e+00 1.632481e+00 -2.816789e-01 2.423294e-01 1.349047e+00 2.256439e-01 -8.083043e-02 -1.085790e-01 3.134227e-01 4.003192e-01 7.087595e-01 1.814216e-01 3.765271e-01 2.051951e-01 -8.192021e-02 -4.509823e-02 2.334973e-01 2.735421e-01 1.104480e-01 
-8.351709e+00 3.259681e+00 4.990368e+00 9.435664e+00 -6.871107e-01 1.453832e+00 2.701713e+00 2.339112e+00 -2.703584e+00 3.605420e+00 1.669322e+00 -4.650564e-02 1.110144e+01 2.223049e-01 2.012665e+00 6.007082e-01 2.798961e-01 1.709600e+00 1.097298e+00 3.514784e-01 1.427573e+00 1.376490e+00 -1.809220e-01 4.097774e-01 1.301557e+00 2.828363e-01 -3.153942e-01 -2.454619e-01 1.184886e-01 -8.312833e-02 1.950745e-01 7.807236e-02 3.405955e-01 -1.157368e-02 -2.415224e-01 -8.632732e-04 -9.708899e-02 -1.285498e-01 -2.037956e-02 
-8.401469e+00 6.489238e+00 5.018377e+00 1.174083e+01 4.537846e+00 -4.985191e-01 2.897392e+00 3.652504e+00 -5.418652e+00 -1.104680e+00 -4.065216e+00 -9.321470e-01 1.155617e+01 -4.098298e-01 1.456034e+00 9.153835e-01 3.824792e-01 1.687470e+00 7.622709e-01 2.874624e-02 2.795990e-01 1.127641e+00 8.563210e-02 6.826661e-01 3.570866e-01 1.688762e-01 -3.691792e-01 -4.822561e-01 -1.367664e-01 -5.953192e-01 -6.083632e-01 4.794025e-03 5.537954e-02 -3.987648e-01 1.361355e-02 2.236240e-01 8.247653e-02 -2.040518e-01 -1.386178e-01 
-9.180243e+00 7.860038e+00 5.081171e+00 1.038585e+01 6.954945e-01 2.923500e+00 2.259501e+00 1.640361e+00 -1.685970e+00 -1.928082e+00 -6.336755e-01 -1.019526e+00 1.156339e+01 -1.004399e+00 9.677023e-01 3.642000e-01 -8.787966e-01 6.719915e-01 7.137774e-01 -1.099078e-01 9.224458e-01 1.029969e+00 -6.713960e-04 1.062382e-01 2.191138e-01 -4.856810e-02 -2.760087e-01 -6.666738e-01 -5.323700e-01 -7.770492e-01 -8.113065e-01 -3.251850e-01 -1.495863e-01 -4.137280e-01 8.576410e-02 1.528204e-01 1.138107e-02 -5.191384e-02 -2.315090e-01 
-1.036429e+01 8.385223e+00 6.209208e+00 9.392162e+00 3.835920e+00 8.406513e-01 -4.971680e-01 1.034180e+00 -3.456044e+00 1.903784e-01 -6.077108e-02 -1.534137e+00 1.135079e+01 -1.039438e+00 -2.014277e-02 -4.620974e-01 -2.054531e+00 -8.026410e-01 4.383127e-01 -7.101124e-01 -4.896298e-03 1.873859e+00 7.463194e-01 8.063982e-01 8.700652e-01 -3.016161e-01 -4.566156e-02 -6.005064e-01 -6.474432e-01 -5.116545e-01 -6.418929e-01 -2.823609e-01 6.055886e-02 -4.233946e-01 1.541830e-02 -6.711219e-02 -2.922082e-01 -1.022485e-01 -2.252745e-01 
-1.239216e+01 7.150041e+00 6.216435e+00 6.216486e+00 3.024156e+00 4.353075e+00 3.849512e+00 8.260078e+00 1.465286e+00 2.954464e+00 1.986055e-01 1.350235e+00 1.096105e+01 -8.430424e-01 -5.824318e-01 -1.372391e+00 -2.386934e+00 -1.101697e+00 -3.665752e-01 -2.710967e-02 -4.987813e-01 1.432303e+00 2.529580e-01 4.047632e-01 7.854404e-01 -6.394618e-01 1.611798e-01 -3.238064e-01 -2.462043e-01 1.672826e-01 -6.817437e-03 -2.075494e-01 -4.608814e-02 -6.436723e-01 -3.274439e-01 -8.574470e-02 -1.432427e-01 -1.684590e-01 -8.965679e-02 
-1.199228e+01 6.743188e+00 2.140236e+00 3.552765e+00 -6.402087e-01 9.782239e-01 -1.447941e+00 3.185077e-01 2.375405e+00 1.854296e-01 -4.492474e-01 2.233242e+00 1.034915e+01 -7.188123e-01 -7.714331e-01 -1.453521e+00 -1.421660e+00 -6.350017e-01 -1.093484e-01 2.901190e-01 -1.126794e+00 1.003711e+00 -3.770158e-01 -9.276171e-01 -4.372771e-01 -6.621122e-01 1.635124e-01 -3.928179e-02 3.376645e-01 8.660426e-01 7.603120e-01 1.472390e-01 1.815961e-01 -9.056119e-02 -4.021839e-01 8.394915e-02 -1.109681e-01 -9.511531e-02 1.084982e-01 
-1.258161e+01 5.768604e+00 2.532487e-01 1.370776e+00 -2.575215e+00 1.021854e+00 2.599328e+00 -4.957061e-01 2.559817e+00 -6.608125e-01 1.584563e+00 1.023553e+00 8.866860e+00 -3.587537e-01 -2.758267e-01 -3.710299e-01 -3.586010e-01 5.540506e-01 -5.020735e-02 -8.404703e-01 -1.734977e+00 -1.720887e-01 1.323277e-01 2.570897e-01 3.040793e-02 -3.166220e-01 1.706000e-01 8.014227e-02 5.475038e-01 1.128406e+00 8.689740e-01 3.795833e-01 1.201800e-01 3.964733e-01 -1.660762e-01 4.399681e-01 1.387034e-01 3.207479e-02 2.723035e-01 
-1.386368e+01 5.218600e+00 1.922941e+00 4.706266e+00 3.460304e+00 1.959313e+00 1.578501e+00 -2.219790e-01 1.015243e+00 1.131012e-01 -5.391921e+00 -3.557018e+00 9.087324e+00 -4.638715e-01 -3.698558e-01 7.254125e-01 1.261550e+00 2.170979e+00 1.016230e+00 6.045549e-01 1.603046e-01 6.650997e-01 1.226339e+00 3.253825e-01 7.719465e-01 7.947773e-02 2.195404e-01 7.314897e-02 2.441988e-01 7.039023e-01 1.653371e-01 1.205480e-01 2.269741e-01 8.615263e-01 -1.226054e-01 3.218932e-01 5.465000e-01 2.156719e-01 2.227647e-01 
-1.325067e+01 6.533557e+00 4.469493e+00 3.846292e+00 3.744121e+00 3.611362e+00 -1.866241e+00 -1.443400e-01 1.284696e+00 3.652624e+00 3.955446e+00 4.397069e+00 1.000889e+01 -1.175430e-01 -3.825188e-01 2.756169e-01 1.913449e+00 1.840027e+00 9.684741e-01 4.165341e-01 8.401577e-01 7.711216e-01 1.651186e+00 4.718554e-01 3.411867e-01 3.512124e-01 1.427879e-01 -3.981973e-02 -3.470393e-01 -3.875984e-02 -5.632688e-01 -2.678655e-01 3.126684e-01 9.146922e-01 -1.147587e-01 -1.499924e-01 3.022838e-01 -1.021753e-01 2.766677e-02 
-1.397758e+01 4.512148e+00 3.659041e+00 8.622398e+00 7.055318e+00 4.764613e+00 3.807412e+00 9.440987e-01 6.338363e+00 4.160445e+00 -7.797040e-03 4.406290e+00 1.017541e+01 2.582229e-01 -3.523432e-01 -5.558407e-01 9.615774e-01 -4.512908e-01 -1.605100e-02 7.964364e-01 1.893196e+00 -8.089888e-02 4.729555e-01 1.697524e+00 4.858542e-01 1.177711e-01 8.945148e-02 1.984339e-02 -6.110973e-01 -9.376737e-01 -1.001972e+00 -5.871820e-01 -2.065883e-01 3.378119e-01 -3.926501e-01 -5.265761e-01 2.331928e-01 -2.457900e-01 -1.692365e-01 
-1.311218e+01 4.209003e+00 7.632819e-01 8.980492e+00 4.827676e+00 4.461561e+00 3.567614e+00 3.121474e+00 3.753721e+00 5.571610e+00 1.251808e+00 -1.252242e+00 1.007877e+01 -6.054446e-03 -4.836877e-01 -1.465752e+00 -4.026124e-01 -9.509944e-01 -8.734385e-01 6.268151e-01 1.972049e+00 -3.728162e-01 -2.408202e-01 1.082465e+00 -3.374847e-01 -1.974240e-01 -8.257990e-02 2.561409e-02 -2.123259e-01 -1.083431e+00 -6.151968e-01 -3.622248e-01 -2.672688e-01 -1.589552e-01 -1.896164e-01 -5.224355e-01 -2.302978e-01 -1.232456e-01 -1.633872e-01 
-1.264156e+01 4.618515e+00 9.968400e-01 6.947784e+00 6.622221e-01 1.453832e+00 2.843841e+00 7.611096e+00 -6.234486e-01 1.518556e+00 4.447515e+00 1.696675e+00 9.641243e+00 -7.250822e-02 -2.200558e-01 -1.459445e+00 -2.268963e+00 -1.443280e+00 -9.985731e-01 -5.336735e-01 1.283608e+00 -7.262591e-01 -4.606788e-01 1.185999e+00 -1.177115e-01 -4.924462e-01 -1.069379e-01 1.506621e-01 4.721443e-01 -3.004815e-01 2.249247e-01 1.606194e-01 -2.651795e-01 -7.405363e-01 1.182887e-01 -1.949174e-01 -7.553691e-01 -2.374131e-01 1.430720e-02 
-1.394881e+01 4.061419e+00 -1.528027e+00 2.671269e+00 2.185533e+00 9.000041e-01 1.749593e+00 6.381813e+00 2.901888e+00 3.769110e+00 7.140166e+00 4.064240e+00 9.288884e+00 -3.650146e-01 -3.206858e-01 -3.342397e-01 -1.888413e+00 -7.399617e-01 -3.513947e-01 -2.548046e-01 3.501763e-01 1.456474e-01 -4.940328e-01 -4.238607e-01 2.664218e-02 -1.606878e-01 3.633931e-02 2.024517e-01 7.974903e-01 6.107926e-01 5.085571e-01 3.685724e-01 -2.605298e-01 -9.998114e-01 -6.999320e-02 -3.481584e-02 -7.830257e-01 -3.264133e-01 1.776070e-01 
-1.392153e+01 3.485710e+00 -2.492528e+00 4.324975e-01 1.160104e+00 1.552491e+00 2.047994e+00 5.731835e+00 3.133121e+00 2.758417e+00 2.977977e+00 1.159231e+00 8.108408e+00 -9.678306e-02 3.193321e-01 1.239232e+00 2.021315e-01 5.676497e-01 5.259175e-01 -8.863331e-02 -9.984437e-01 2.513397e-01 -3.750701e-01 -1.326215e+00 -8.833090e-01 1.709289e-01 1.028641e-01 1.252320e-01 5.304645e-01 1.072085e+00 5.744902e-01 2.068931e-01 -2.543499e-01 -9.238694e-01 -2.866410e-01 9.878615e-02 -4.677394e-01 -3.567019e-01 2.299380e-01 
-1.429743e+01 3.172371e+00 8.369182e-01 2.795823e+00 8.786927e-01 2.655037e+00 2.691610e+00 5.812460e+00 2.603771e+00 2.481665e+00 -1.329727e-01 -8.500375e-01 1.004203e+01 1.878148e-01 2.588463e-01 1.172437e+00 1.415756e+00 5.863175e-01 2.071249e-01 -8.982975e-01 -1.885969e+00 -1.211433e+00 -4.576213e-01 -1.576575e+00 -1.586772e+00 3.589277e-01 1.204485e-01 9.866936e-03 -1.618418e-01 5.927187e-01 2.667899e-01 -1.104721e-01 -3.957514e-01 -5.805750e-01 -4.409466e-01 1.958132e-01 1.372063e-01 -1.767262e-01 5.539692e-02 
-1.295121e+01 6.660311e+00 6.010886e+00 7.895679e+00 4.154212e+00 3.205720e+00 1.929779e+00 2.903487e+00 7.820998e-01 2.870700e-01 1.453109e+00 -2.625372e-01 1.011934e+01 1.655171e-01 1.163208e-01 4.395959e-01 1.439416e+00 7.660723e-01 -2.434437e-01 -1.483552e+00 -2.217776e+00 -1.480937e+00 1.517176e-02 -5.763365e-01 -1.094505e+00 3.975042e-01 3.243665e-02 -1.407091e-01 -5.881894e-01 -4.499825e-02 -2.371373e-02 -2.815943e-01 -3.532868e-01 -1.946420e-01 -2.869941e-01 2.077518e-01 3.890599e-01 1.099179e-01 -6.914803e-02 
-1.349497e+01 3.768468e+00 8.248473e-02 6.018207e+00 3.620252e+00 1.108721e+00 -2.682632e+00 -1.633913e+00 -1.979788e+00 2.716542e+00 1.967098e-02 -3.158764e+00 1.007792e+01 1.060932e-01 -1.698081e-01 -7.436138e-01 4.566038e-01 4.948329e-01 -5.190138e-01 -1.536123e+00 -1.942962e+00 -1.192865e+00 2.899254e-01 -1.127648e-01 -7.512986e-01 3.032456e-03 -2.229041e-02 -1.143497e-01 -5.015261e-01 -2.901036e-01 -4.541609e-02 -1.727744e-01 -1.328124e-01 1.603553e-02 3.252413e-02 1.770427e-01 3.391256e-01 2.014055e-01 -1.106229e-01 
