-1.312667e+01 3.095264e+00 1.992351e+00 3.446508e+00 2.947510e+00 4.307804e+00 -1.146522e+00 3.186614e+00 3.708400e+00 6.312013e+00 3.562855e+00 3.459457e-01 9.036970e+00 -7.297379e-01 -8.378180e-01 -9.391960e-01 -5.535762e-01 -4.753585e-01 -5.050250e-01 2.765990e-01 -1.011050e+00 2.113026e-03 -7.791055e-01 -5.667002e-01 3.424982e-01 -2.903591e-01 -1.029184e-01 -2.786845e-01 9.793560e-02 3.108809e-01 -8.903357e-02 -1.615794e-01 2.278267e-01 5.640998e-01 3.459048e-02 -3.481045e-01 8.826397e-02 1.881072e-01 -2.888889e-03 
-1.452589e+01 1.974389e+00 6.567308e-04 1.446415e+00 1.130794e+00 4.046979e-01 1.055621e+00 1.187452e+00 3.891191e+00 4.565367e+00 4.904473e+00 3.013081e+00 8.949251e+00 -8.229988e-01 -6.370217e-01 -1.159038e+00 -7.749116e-01 -9.578934e-01 -5.169048e-01 1.046221e+00 -3.430016e-01 -1.889073e-01 -1.221072e+00 -5.241002e-01 8.490998e-01 -4.739910e-01 -8.676668e-02 -3.845544e-01 1.765745e-01 8.247832e-01 5.111870e-03 -1.535629e-01 4.643238e-02 8.731339e-01 6.631662e-02 -3.114164e-01 2.444702e-01 5.880920e-02 8.546405e-02 
-1.607592e+01 -5.334707e-01 -1.708147e+00 1.678859e+00 1.479194e+00 3.733862e+00 -8.642779e-01 -8.693343e-01 3.627861e+00 3.290160e+00 5.843228e-02 7.244658e-01 7.628928e+00 -1.197720e+00 -2.331639e+00 -3.396176e-01 1.111514e+00 -6.792725e-01 -1.307103e+00 1.031004e+00 1.475533e+00 2.706857e-01 -2.298628e+00 -1.468023e-01 1.029722e+00 -2.130404e-01 2.000044e-01 -1.170815e-02 3.946315e-01 8.172505e-01 3.248871e-02 -1.661528e-01 -4.276928e-01 2.072299e-01 -2.674712e-01 -1.220474e-01 1.616935e-01 -1.023331e-01 1.927247e-01 
-1.576707e+01 1.724338e+00 -1.952722e+00 4.558452e-01 -1.107333e+00 2.010170e+00 3.943473e+00 3.499675e+00 2.804313e+00 1.717406e+00 2.694639e+00 4.402314e+00 7.370757e+00 -9.296853e-01 -2.013702e+00 -3.561326e-01 2.737931e+00 -3.478834e-01 -8.717303e-01 1.316541e-01 2.111127e+00 1.994901e-01 -1.576349e+00 4.455287e-01 2.928296e-01 9.835584e-02 5.407808e-01 6.056106e-01 5.068980e-01 1.389407e-01 -6.680597e-02 -3.285380e-02 -1.107631e+00 -1.064123e+00 -7.356309e-01 1.092109e-01 -3.693898e-01 -5.249694e-01 2.059719e-01 
-1.849463e+01 -8.437864e+00 1.270801e+00 9.499354e+00 6.701035e-01 -3.030379e+00 2.564733e+00 9.407950e+00 5.605009e+00 -3.756708e+00 3.934151e+00 4.799919e+00 8.760893e+00 3.235416e-01 -2.079920e-01 6.324049e-01 1.776343e+00 -6.179598e-01 -1.158280e+00 -1.404460e+00 -1.201975e+00 -1.529440e+00 -1.211580e+00 -2.431337e-01 1.088404e-01 3.871223e-01 7.380626e-01 1.441082e+00 2.967251e-01 -1.090981e+00 -2.403786e-01 3.134976e-01 -9.401898e-01 -1.736981e+00 -8.693962e-01 6.292765e-01 -7.635006e-01 -5.965433e-01 2.882830e-02 
-1.796481e+01 -4.141559e+00 -3.269060e+00 1.122552e+01 -2.043114e-01 -5.720110e-01 -6.209464e-04 6.604803e+00 3.899877e+00 2.072520e-01 5.194394e+00 2.439735e+00 8.874906e+00 1.120374e+00 1.329169e+00 8.893517e-01 -4.126016e-01 -1.322537e+00 -7.556744e-01 -3.274283e+00 -4.324912e+00 -2.967125e+00 -1.218559e+00 -2.322928e+00 -1.315275e+00 2.557434e-01 4.047384e-01 1.029798e+00 2.458813e-01 -1.409410e+00 -1.283395e-01 3.293250e-01 -1.451363e-01 -8.142565e-01 -1.549704e-01 7.587476e-01 -4.600757e-01 -1.158459e-01 -1.257018e-01 
-1.335921e+01 1.359583e+00 2.111953e+00 5.175535e+00 -2.062443e+00 -7.666815e-01 -5.914933e+00 -8.432126e+00 -4.567353e+00 -2.013153e+00 -2.406978e+00 2.250475e+00 8.812572e+00 1.467685e+00 3.202408e+00 5.213044e-01 -2.768028e+00 -1.393895e+00 2.022763e-01 -1.966864e+00 -3.991647e+00 -2.493017e+00 6.688030e-01 -2.580133e+00 -1.148871e+00 -1.475867e-01 -2.648098e-01 -1.072460e-02 -1.992027e-01 -6.642421e-01 2.395743e-01 3.857998e-01 8.340939e-01 1.244747e+00 9.977841e-01 8.464971e-01 6.457262e-01 3.001520e-01 -1.855472e-01 
-1.273284e+01 3.471489e+00 2.073638e+00 5.541870e-01 -6.353822e+00 -2.900225e+00 -8.187979e+00 -9.204529e+00 -6.944826e+00 -5.247154e+00 -5.749267e+00 -8.993539e-01 8.623987e+00 5.219705e-01 1.430295e+00 9.289232e-01 -2.036963e+00 -6.016790e-01 9.457538e-02 -3.128942e-01 -5.654314e-01 -9.366201e-02 1.277310e+00 -6.864722e-01 3.425918e-01 -2.627790e-01 -6.094839e-01 -7.933200e-01 -4.412335e-01 2.201620e-01 5.379733e-01 3.411955e-01 1.415320e+00 2.041218e+00 1.524847e+00 8.181980e-01 1.713915e+00 7.507911e-01 -1.059479e-01 
-1.377222e+01 3.767881e+00 1.205628e+00 9.947581e-01 -3.224629e+00 -8.546935e-01 -3.175292e+00 -2.645197e+00 -1.437396e+00 2.314434e+00 -3.494568e+00 7.248634e-01 8.148444e+00 -7.012083e-01 -3.120297e-01 -3.834788e-01 -7.326741e-01 2.195194e-01 3.456164e-01 1.285278e+00 3.142048e+00 2.022818e+00 1.772882e+00 2.167292e+00 7.808171e-01 -2.814015e-01 -5.346808e-01 -9.668979e-01 -4.119903e-01 7.162854e-01 5.335535e-01 7.290158e-02 9.112945e-01 1.376859e+00 1.058583e+00 1.406419e-01 1.363125e+00 3.714563e-01 8.870104e-03 
-1.514865e+01 1.805547e+00 1.828346e+00 3.131457e+00 -2.631155e+00 -5.512729e-02 -2.934676e+00 8.843645e-01 1.866273e+00 4.430118e+00 2.306015e+00 4.915225e+00 7.893219e+00 -8.425779e-01 -8.802618e-01 -8.643425e-01 -3.294980e-01 5.606077e-01 8.785076e-01 2.176317e+00 2.314389e+00 2.399244e+00 2.320245e+00 3.873000e+00 1.473840e+00 -2.071472e-01 -1.657792e-01 -2.815171e-01 -2.805367e-01 4.664926e-01 3.208037e-01 -1.909216e-01 1.187326e-01 -4.186447e-02 -6.578089e-02 -4.945774e-01 1.672209e-01 -1.916320e-01 4.388448e-02 
-1.565786e+01 6.319089e-01 3.168499e-01 2.234010e-01 -2.826275e+00 -4.608773e-01 -2.115391e+00 2.233023e+00 1.141424e+00 2.013022e+00 4.401676e+00 3.247271e+00 7.771047e+00 -5.235573e-01 -4.768775e-01 -6.420342e-01 -4.028088e-02 6.928170e-01 1.748615e-01 1.345069e+00 1.452758e+00 1.553372e+00 8.504198e-01 1.955684e+00 1.427947e-01 -1.310858e-01 1.668902e-01 2.784801e-01 1.659150e-01 1.982659e-01 1.019178e-01 -3.419493e-01 -4.691792e-01 -8.201152e-01 -7.602309e-01 -8.541324e-01 -8.461425e-01 -3.147296e-01 4.134594e-02 
-1.600287e+01 6.378735e-01 -1.803757e+00 -7.074486e-01 -3.750218e+00 1.295632e+00 2.163096e+00 -7.144287e-02 3.762092e+00 6.504840e+00 9.667591e+00 5.209055e+00 7.776940e+00 -3.957732e-01 1.050172e-01 -3.445507e-01 -5.070312e-02 7.657918e-01 -7.748648e-01 2.509126e-01 6.997378e-02 -1.877419e-01 -7.344342e-01 2.555418e-01 -2.965531e-01 -1.185922e-01 2.552258e-01 4.175548e-01 4.186857e-01 8.756919e-02 2.708887e-03 -1.992978e-01 -7.089204e-01 -6.276771e-01 -7.956717e-01 -9.075427e-01 -1.231086e+00 -4.676834e-01 4.041222e-02 
-1.596272e+01 1.967049e+00 -1.880565e-01 2.713057e+00 7.990456e-01 -6.559207e-01 1.001184e+00 5.096566e+00 5.381948e+00 5.529500e+00 2.603362e+00 1.291451e+00 7.551182e+00 -9.017830e-02 5.875778e-01 1.862869e-01 1.193439e-01 6.264237e-01 -5.374005e-01 -9.790509e-02 1.637283e-01 -4.847081e-01 -9.704941e-01 -2.546935e-01 9.237771e-02 -1.188279e-01 2.499562e-01 2.125818e-01 3.182049e-01 2.726147e-02 -2.573282e-01 2.303527e-01 -2.913148e-01 -4.412266e-01 -2.507174e-01 -1.774152e-01 -6.889476e-01 -9.168464e-02 7.542659e-02 
-1.697498e+01 1.663316e+00 3.580302e-01 1.633086e+00 -6.150473e-01 -3.831810e+00 -3.238420e+00 -1.972216e-01 -1.192621e+00 -9.999435e-01 4.482742e+00 4.410266e+00 7.410423e+00 2.169350e-01 6.752651e-01 8.150344e-01 2.842361e-02 6.073717e-01 2.383072e-01 -6.468181e-01 -1.795954e-01 -5.600356e-01 -1.307064e+00 -1.177227e+00 -8.393539e-01 -1.117896e-02 2.011269e-01 -1.951282e-03 2.135408e-01 2.265717e-01 -2.580577e-01 5.313290e-01 1.661991e-01 3.610225e-02 4.395632e-01 4.923112e-01 -2.729068e-01 8.266716e-02 1.025627e-01 
-1.562241e+01 3.057642e+00 1.671684e-01 -3.501997e-01 -1.261465e+00 -5.843177e-01 9.544259e-02 3.115136e+00 1.195116e+00 9.128663e-01 5.720707e+00 4.108484e+00 7.360104e+00 4.199191e-01 3.009979e-01 3.692382e-01 5.639910e-02 -5.146172e-01 8.201532e-01 3.373615e-01 -6.284405e-01 4.858617e-01 2.497304e-01 -7.727423e-01 -4.428125e-02 1.923326e-01 2.164943e-02 -2.555512e-01 -1.535882e-01 3.186007e-01 -3.024699e-01 2.053270e-01 2.706420e-01 3.796933e-02 3.881645e-01 5.403525e-01 -4.412488e-02 2.004068e-01 8.350907e-02 
-1.508826e+01 3.468736e+00 2.093333e+00 9.665072e-01 3.174342e-01 2.451349e+00 -6.181722e-01 2.164446e-02 3.055009e+00 2.277337e+00 2.222783e+00 -3.963833e-01 7.816380e+00 3.548683e-01 2.387321e-01 6.316542e-01 1.113571e+00 4.597313e-02 1.203177e+00 8.642576e-01 6.465451e-01 1.524661e+00 1.117052e+00 -8.499144e-01 1.851674e-01 2.386138e-01 -1.471642e-01 -3.468252e-01 -4.707181e-01 1.492805e-01 -2.926005e-01 -2.960603e-01 2.548199e-01 1.416889e-01 1.867055e-02 3.740814e-01 4.806221e-01 5.341150e-01 -1.733232e-02 
-1.480653e+01 2.569008e+00 7.902445e-01 3.328498e+00 -2.240486e+00 3.028874e-01 1.378119e+00 1.845159e+00 5.687521e+00 5.139210e+00 -1.303102e-01 3.473906e+00 8.309830e+00 -5.086012e-02 -4.719500e-01 -4.900752e-01 1.169796e+00 -6.052585e-01 6.848086e-03 4.996827e-01 -5.946060e-02 4.137126e-01 5.190145e-01 -6.389487e-01 5.821425e-01 1.737887e-01 -1.814320e-01 -2.650327e-01 -5.262279e-01 -3.518023e-01 8.368083e-02 -4.481672e-01 -1.389901e-01 9.926109e-02 -3.588592e-01 -8.306625e-02 4.790942e-01 2.322849e-01 -1.191074e-01 
-1.560867e+01 3.100770e+00 3.205201e+00 5.361491e+00 1.043810e-01 1.740167e+00 4.417288e-01 3.670336e+00 4.184526e+00 2.472096e+00 3.158760e+00 5.653180e+00 8.128498e+00 -2.835726e-01 -6.724102e-01 -1.108957e+00 2.182181e-01 -8.103271e-01 -8.354384e-01 5.460910e-01 2.443876e-01 -4.305698e-01 4.286948e-01 1.159023e+00 1.517896e+00 -8.857621e-02 -2.953048e-01 -5.109609e-01 -1.844001e-01 -6.579728e-01 2.406900e-01 -6.616820e-01 -1.800198e-01 1.252071e-01 -5.183238e-01 -2.712048e-01 9.275783e-02 -3.889319e-01 -7.519357e-02 
-1.561663e+01 8.819608e-01 -2.838994e+00 3.301320e+00 -4.181448e+00 -1.949768e-01 2.063830e+00 9.935206e-01 2.698902e+00 3.410725e+00 2.057865e+00 3.994371e+00 8.072739e+00 -1.679356e-01 -5.687085e-01 -1.391748e+00 -1.254883e+00 3.319839e-01 -4.015016e-01 -1.984924e-01 6.902485e-02 -3.306628e-01 1.786751e-01 6.183900e-01 4.508152e-01 -2.395991e-01 -3.447266e-01 -5.436150e-01 6.299447e-01 -1.557203e-01 5.577550e-01 -4.353203e-01 -6.033610e-02 7.570530e-01 -3.273605e-01 -2.885422e-01 -4.354494e-01 -8.501520e-01 4.163772e-02 
-1.610124e+01 9.503236e-01 -1.636887e+00 2.071154e+00 -2.763512e+00 -1.477117e+00 1.768778e+00 1.668958e+00 2.396486e+00 5.285279e+00 6.923708e+00 6.932673e+00 7.492249e+00 -1.063063e+00 -2.267805e+00 1.606565e-01 -9.640204e-01 7.808025e-01 -1.901090e+00 3.131860e-01 1.208313e+00 -6.947987e-01 -6.883185e-02 -1.014855e+00 -1.693823e+00 6.936134e-02 -1.913164e-01 -2.636164e-01 9.085396e-01 4.987285e-01 3.081881e-01 9.910917e-02 1.125450e-01 5.230240e-01 -2.011382e-01 -1.072267e-01 -6.140800e-01 -8.526794e-01 1.160724e-01 
-1.540000e+01 8.007513e-01 -3.747468e+00 -1.300718e+00 8.532696e-01 -9.577687e-02 -2.782903e-01 3.191046e+00 4.927930e+00 4.625649e+00 1.079189e+00 5.088183e+00 7.430143e+00 -1.384721e+00 -2.392225e+00 2.024915e+00 9.824699e-01 1.387810e+00 -1.636994e+00 3.143733e-01 3.243963e+00 -1.091036e+00 -6.748260e-01 -1.729206e+00 -2.062830e+00 3.030460e-01 1.185286e-01 4.270756e-01 5.736707e-01 7.127764e-01 -1.016492e-01 5.878038e-01 7.566809e-02 -2.707428e-01 -6.073957e-02 6.249233e-03 1.765232e-01 -1.150034e-01 4.741509e-02 
-2.103196e+01 -8.197447e+00 4.462454e+00 2.842153e+00 1.490721e+00 -7.815096e+00 3.179082e+00 8.612829e+00 -4.038150e-01 1.520715e+00 -1.426445e+00 -3.362916e+00 8.796706e+00 -6.317622e-01 -1.078706e+00 1.725394e+00 1.593268e+00 2.026613e-01 2.777322e-01 8.523857e-01 1.271892e+00 -1.056074e+00 3.193897e-01 -7.376348e-01 -1.488694e+00 2.204628e-01 7.386239e-01 5.743729e-01 -4.786423e-01 -2.619255e-01 -5.545257e-01 9.515756e-01 -3.945949e-01 -7.910789e-01 3.205474e-03 2.319513e-02 5.510408e-01 4.832315e-01 1.786023e-01 
-2.007467e+01 -6.505353e+00 4.236141e+00 7.828260e+00 6.303962e-01 -5.210539e+00 2.931147e+00 1.374150e+01 -1.356068e+00 1.919120e+00 -2.412857e+00 -1.172111e+00 8.935878e+00 2.090234e-01 9.720359e-01 6.942823e-01 1.030330e+00 1.127128e-01 1.448082e+00 -8.981062e-02 -1.316417e+00 -4.536660e-01 1.576443e-02 1.362389e+00 -2.268673e-01 -7.804704e-02 1.054892e+00 -4.459825e-02 -7.854345e-01 -1.158962e+00 -6.902084e-01 3.411441e-01 -5.674760e-01 -5.570500e-01 -1.898805e-01 -1.544851e-01 1.869489e-01 2.324871e-01 5.653944e-01 
-1.692290e+01 -7.899460e-01 2.998225e+00 5.473064e+00 -1.638471e+00 2.469249e+00 4.426078e+00 2.752760e+00 2.578662e-01 8.235256e+00 4.981827e+00 2.619452e+00 7.841540e+00 1.833296e+00 -1.078146e+00 -1.567193e+00 -2.297656e+00 -1.354290e+00 1.314272e+00 -1.457668e+00 -4.667424e-01 -9.974859e-01 -2.981910e-01 1.945319e-01 -1.956257e-01 1.152844e+00 8.188836e-01 -9.703600e-01 -6.388966e-01 -1.241634e+00 -6.847588e-01 -7.418464e-01 -6.119525e-01 7.393479e-01 -4.900091e-01 -5.262881e-01 -7.430536e-01 -3.957051e-01 9.712402e-01 
-1.640936e+01 1.957413e+00 4.561468e-01 2.535327e+00 2.981667e+00 2.002711e+00 -1.351000e+00 -4.609690e-01 2.328581e+00 1.347209e+00 4.687265e+00 9.630289e-01 7.517409e+00 2.657219e+00 -2.615531e+00 -2.559705e-01 -2.866902e+00 -1.284664e+00 -4.496733e-01 -1.367873e+00 1.328068e+00 -2.069764e+00 -1.138430e+00 -1.260500e+00 -1.546875e+00 2.663859e+00 2.905538e-01 -1.137171e+00 -3.447752e-01 -6.630725e-01 -8.312120e-01 -1.137941e+00 -1.316812e-01 1.192469e+00 -5.220764e-01 -3.268522e-01 -1.152758e+00 -7.231118e-01 9.429077e-01 
-1.369844e+01 -1.781963e+01 -1.483625e+00 -5.999667e+00 -6.456293e+00 -4.850287e+00 -1.968551e+00 1.337968e+01 -7.233424e+00 3.154514e-01 -4.003863e+00 -5.408595e+00 1.527003e+01 2.238544e+00 -4.136677e+00 -9.938883e-01 -2.666274e+00 -2.522466e+00 -2.482675e+00 -1.568401e+00 3.646310e+00 -2.698023e+00 -1.735071e+00 -3.141424e+00 -2.807112e+00 3.705697e+00 -3.538002e-01 2.058543e-01 -1.614722e-01 3.784405e-01 -3.512591e-01 -6.829565e-01 2.360077e-01 1.163867e-01 2.121356e-01 -7.076231e-02 -3.170364e-01 -3.640967e-01 1.577104e-01 
-8.401005e+00 -1.106823e+01 5.197254e+00 -7.700297e-01 -3.383886e+00 -3.798991e+00 -7.110336e-01 1.506855e+01 -7.959457e+00 1.867714e-01 -4.222310e+00 -4.892503e+00 1.854058e+01 1.459134e+00 -3.184547e+00 -1.316144e+00 -2.100730e+00 -3.459246e+00 -2.343251e+00 -6.929026e-01 2.589579e+00 -2.213744e+00 -9.001368e-01 -2.733407e+00 -2.536694e+00 3.360041e+00 -5.868154e-01 7.974826e-01 -5.100576e-01 5.752711e-01 -1.258078e-01 5.306602e-02 2.674444e-01 -8.114880e-01 8.292981e-01 2.197228e-01 5.003052e-01 1.655298e-01 -5.900216e-01 
-9.734405e+00 -1.496078e+01 -4.341897e+00 -6.205648e+00 -1.106789e+01 -7.043127e+00 -3.735663e+00 1.321954e+01 -8.088161e+00 1.404003e-01 -6.270630e+00 -8.488444e+00 2.085845e+01 6.632602e-01 2.357084e-01 -1.844515e+00 -7.884879e-01 -2.023304e+00 -1.153711e+00 -6.153036e-01 -5.155175e-01 1.350750e-01 -7.712880e-01 -6.541476e-01 -1.521152e+00 1.593341e+00 -2.631884e-01 9.923840e-01 -9.132064e-02 7.213851e-01 3.227776e-01 6.473619e-01 1.661991e-01 -1.108096e+00 8.505247e-01 3.527173e-01 8.991794e-01 5.011587e-01 -9.409531e-01 
-1.109565e+01 -1.539435e+01 -4.695331e+00 -7.865299e+00 -1.200891e+01 -8.617272e+00 -3.931907e+00 1.256682e+01 -8.312407e+00 -3.065778e+00 -7.846475e+00 -1.018025e+01 2.152349e+01 5.107025e-01 -8.141883e-01 -2.381037e+00 -9.294624e-01 -2.163249e+00 -8.486236e-01 -5.072694e-01 -6.483681e-01 6.601426e-01 -5.216872e-01 -2.519292e-03 -1.362231e+00 7.698655e-01 1.162524e-01 5.566689e-01 1.425043e-01 6.921436e-01 3.921638e-01 6.528090e-01 -6.590085e-02 -5.255027e-01 5.157135e-01 2.866115e-01 6.754305e-01 3.616503e-01 -7.664648e-01 
-9.034614e+00 -1.447811e+01 -5.759932e+00 -6.394822e+00 -1.226039e+01 -8.209285e+00 -3.434206e+00 1.205263e+01 -6.381450e+00 -1.914614e+00 -5.462750e+00 -1.037031e+01 2.174516e+01 1.396800e+00 -3.599610e-01 -9.179625e-01 3.549414e-01 -1.556588e+00 6.848086e-03 -8.301848e-01 -2.752478e-01 1.178059e-01 -1.606872e-01 -1.097505e-02 -8.884614e-01 2.959742e-01 2.353324e-01 9.195860e-02 3.546483e-01 4.911958e-01 1.294233e-01 4.561492e-01 -7.017823e-02 1.793524e-01 1.045244e-01 2.283915e-01 2.154849e-01 1.565662e-01 -3.577596e-01 
-6.197477e+00 -1.538059e+01 -5.998777e+00 -5.322360e+00 -1.360404e+01 -7.458946e+00 -3.398068e+00 1.240946e+01 -5.512105e+00 -1.394098e+00 -4.638781e+00 -1.076314e+01 2.194644e+01 1.673625e+00 -1.032823e-01 -1.066919e+00 7.884243e-01 -1.731750e+00 3.406557e-01 -9.150149e-01 -1.583394e-01 3.736651e-01 2.276739e-01 3.222245e-01 -1.044857e+00 1.763817e-01 -3.295317e-03 4.296329e-01 3.752835e-01 3.391867e-01 2.174755e-01 1.878039e-01 -1.598420e-02 1.445217e-01 1.857161e-01 -3.351489e-02 1.953974e-01 3.855689e-02 -1.706369e-01 
-5.199687e+00 -1.676758e+01 -8.280167e+00 -5.702496e+00 -1.805339e+01 -7.587980e+00 -8.153670e+00 1.192186e+01 -8.899470e+00 -1.498820e+00 -7.929398e+00 -1.263944e+01 2.212687e+01 1.258467e+00 3.400821e-01 -7.283623e-01 8.085831e-01 -1.591920e+00 5.325592e-01 -7.622992e-01 1.362093e-01 8.009446e-01 -4.058459e-03 2.608936e-01 -8.971604e-01 1.013417e-01 -3.425751e-01 4.107879e-01 2.301535e-01 -1.994605e-02 2.958299e-01 -2.796163e-01 2.228848e-01 -3.916042e-02 2.579622e-01 -1.539817e-01 2.106765e-01 2.403319e-02 -9.302172e-02 
-4.644917e+00 -1.476578e+01 -8.770033e+00 -4.269567e+00 -1.777074e+01 -7.224745e+00 -6.147772e+00 1.184097e+01 -5.185212e+00 -2.135264e+00 -5.002342e+00 -1.427002e+01 2.221436e+01 5.634464e-01 9.839067e-01 -5.993527e-01 5.397990e-01 -1.058118e+00 -1.723924e-01 -6.211317e-01 -1.315795e-01 1.247083e+00 -7.673793e-01 8.385608e-01 -1.165147e+00 1.404391e-02 -4.350577e-01 2.331578e-01 3.241984e-01 -1.516967e-01 3.819511e-01 -5.811579e-01 1.589732e-01 -2.209755e-01 -1.564108e-01 -1.397204e-01 3.977532e-02 1.543758e-01 -9.319679e-02 
-3.518381e+00 -1.308470e+01 -8.016254e+00 -2.878477e+00 -1.813665e+01 -5.663651e+00 -5.871018e+00 1.301841e+01 -2.540066e+00 -1.564126e+00 -3.976944e+00 -1.310225e+01 2.211803e+01 2.389916e-01 1.150434e+00 -9.540058e-04 3.796256e-01 -4.141612e-01 -1.134651e+00 1.372662e-01 -4.843926e-01 9.708818e-01 -4.330425e-01 7.842941e-01 -7.080266e-01 -8.794761e-02 -3.365260e-01 -1.524895e-02 3.011095e-01 -1.026645e-01 3.579212e-01 -6.191846e-01 -6.603671e-04 -3.226348e-01 -6.258970e-01 8.644861e-02 -7.481788e-02 2.510882e-01 -8.867411e-02 
-4.221065e+00 -1.230243e+01 -9.127048e+00 -4.035692e+00 -1.885352e+01 -9.283329e+00 -7.644991e+00 1.120376e+01 -2.456369e+00 -5.198464e+00 -2.422449e+00 -1.635745e+01 2.202124e+01 8.037229e-03 6.573468e-01 1.903620e-01 2.445479e-01 -4.108127e-01 -1.731641e+00 -5.698667e-01 -9.529754e-01 -4.933957e-01 -2.564513e-01 2.593951e-01 -3.675484e-01 -1.949680e-01 -1.436407e-01 -2.391062e-01 2.980525e-01 3.124788e-04 2.706844e-01 -2.857828e-01 -1.795630e-01 -2.583171e-01 -8.304681e-01 2.998662e-01 -2.373155e-01 4.473435e-01 -6.492268e-02 
-4.216363e+00 -1.224691e+01 -8.106493e+00 -3.921615e+00 -1.958276e+01 -1.223248e+01 -6.718664e+00 9.818532e+00 -5.409457e+00 -2.132172e+00 -5.297832e+00 -1.513601e+01 2.178370e+01 -1.464384e-01 4.270975e-01 3.824287e-01 4.428447e-01 -1.259566e-01 -1.783729e+00 -7.911155e-01 -1.066278e+00 -1.458350e+00 1.728120e-01 1.763360e-01 -4.044619e-02 -2.374775e-01 -1.124646e-02 -2.807696e-01 2.123743e-01 1.196230e-02 2.257572e-01 1.064062e-01 -3.872860e-01 -1.453265e-01 -5.752565e-01 1.405301e-01 -1.413718e-01 4.684382e-01 -2.354737e-02 
-4.255421e+00 -1.189776e+01 -7.773470e+00 -2.525520e+00 -1.910201e+01 -1.259832e+01 -8.573148e+00 8.675996e+00 -6.217608e+00 -3.133016e+00 -3.044990e+00 -1.509108e+01 2.140675e+01 3.800535e-02 1.501488e-01 6.992154e-01 5.097665e-01 1.510477e-01 -1.276816e+00 -1.054671e+00 -1.131944e+00 -1.690584e+00 4.291136e-01 -4.404882e-02 7.376026e-01 -2.357489e-01 9.071520e-02 -1.276497e-01 1.750057e-01 3.296942e-02 2.476415e-01 3.315860e-01 -2.237488e-01 2.856955e-02 -6.619783e-02 7.380910e-02 -2.421712e-02 4.988335e-01 2.596879e-02 
-4.233361e+00 -1.115173e+01 -6.781203e+00 -1.419801e+00 -1.864174e+01 -1.292464e+01 -9.362699e+00 8.950271e+00 -7.951561e+00 -1.732994e+00 -2.783844e+00 -1.393762e+01 2.123789e+01 1.677873e-01 1.955433e-04 8.064553e-01 3.068071e-01 4.337099e-01 -8.300860e-01 -1.556744e+00 -1.121506e+00 -1.306848e+00 -7.315937e-02 2.291042e-01 1.081448e+00 -1.853817e-01 1.316558e-01 1.036283e-02 2.689915e-02 3.016223e-02 1.631938e-01 3.054812e-01 -2.196375e-01 1.287481e-01 2.498128e-01 -9.950881e-02 7.060086e-03 3.870246e-01 5.491401e-02 
-4.022520e+00 -1.209963e+01 -6.293843e+00 -2.737938e+00 -1.856831e+01 -1.532073e+01 -1.159640e+01 5.978126e+00 -9.638533e+00 -3.252808e+00 -3.899591e+00 -1.326845e+01 2.111572e+01 3.045218e-01 2.325727e-01 8.533191e-01 4.774027e-01 5.474445e-01 -5.504552e-01 -1.305924e+00 -7.825471e-01 -9.001217e-01 2.356310e-01 1.119010e-01 1.565601e+00 -9.116922e-02 9.174418e-02 1.897634e-01 -1.055601e-01 1.369289e-01 4.240102e-02 2.556867e-01 -2.171873e-01 3.837656e-01 3.276309e-01 -1.368122e-01 1.086211e-01 1.600370e-01 6.317156e-02 
-3.493788e+00 -1.214551e+01 -4.813859e+00 -2.281632e+00 -1.768108e+01 -1.502163e+01 -1.299070e+01 5.559787e+00 -1.023310e+01 -2.438608e+00 -3.725081e+00 -1.063989e+01 2.100238e+01 3.784432e-01 4.377365e-01 4.396948e-01 6.098748e-01 4.917896e-01 -6.193838e-01 -1.763747e+00 -5.975053e-01 -6.045328e-01 -2.281130e-01 1.337361e-01 1.480762e+00 -3.514460e-02 3.156497e-02 2.570779e-01 -1.556396e-01 2.094011e-01 -1.661436e-01 1.497772e-01 -1.170218e-01 5.051902e-01 2.120219e-01 -9.223829e-02 1.174740e-01 -1.227876e-01 4.543095e-02 
-3.102484e+00 -1.023824e+01 -4.490146e+00 2.924190e-01 -1.684509e+01 -1.430262e+01 -1.328850e+01 6.459077e+00 -9.577338e+00 -1.602382e+00 -2.014951e+00 -8.911894e+00 2.106857e+01 3.913894e-01 8.800929e-01 3.547608e-01 1.042946e+00 3.340623e-01 -1.037249e-01 -2.037124e+00 5.248920e-01 -4.036595e-01 -1.775785e-01 5.466767e-01 1.338116e+00 5.007679e-03 2.283431e-02 1.053350e-01 -1.233393e-01 1.204601e-01 -2.797274e-01 1.195614e-01 1.334335e-01 3.831861e-01 1.138869e-01 -1.296535e-01 7.945602e-02 -3.482925e-01 6.039776e-03 
-2.800869e+00 -9.894130e+00 -5.484202e+00 1.143310e-01 -1.704449e+01 -1.653089e+01 -1.733551e+01 5.722690e+00 -1.100493e+01 -3.698358e+00 -3.057675e+00 -8.712296e+00 2.108557e+01 2.821456e-01 9.618449e-01 2.775480e-01 1.070922e+00 -2.902656e-01 -3.045055e-01 -1.776159e+00 7.507379e-01 -4.949848e-01 -3.277858e-01 5.991238e-01 5.812071e-01 -6.228675e-03 3.695927e-02 -6.415133e-02 -8.094272e-02 1.162493e-01 -3.252983e-01 2.113907e-01 6.735882e-01 9.089141e-02 1.036526e-01 -1.389374e-01 -2.969962e-02 -4.478354e-01 -3.734887e-02 
-2.412096e+00 -8.825101e+00 -4.185053e+00 1.279055e+00 -1.721612e+01 -1.508503e+01 -1.960948e+01 8.520850e+00 -1.127063e+01 -3.510555e+00 -1.500086e+00 -7.541349e+00 2.109894e+01 4.668292e-01 4.972026e-01 3.177630e-01 8.490378e-01 -4.602324e-01 -1.101216e-01 -6.326798e-01 4.594156e-01 -3.855428e-01 -3.628248e-01 2.764136e-01 2.739349e-01 -7.537547e-02 1.092319e-02 -2.160910e-01 -1.201214e-01 9.435323e-02 -2.499905e-01 2.295819e-01 1.001576e+00 -3.514780e-01 1.559231e-01 -3.631489e-01 -1.412370e-01 -4.864530e-01 -6.638162e-02 
-2.428370e+00 -8.042369e+00 -3.579166e+00 2.579670e+00 -1.894702e+01 -1.615274e+01 -1.871105e+01 8.282591e+00 -1.186124e+01 -3.122969e+00 -9.867680e-01 -8.418863e+00 2.095592e+01 5.256466e-01 3.085012e-01 5.352387e-02 1.287869e+00 -7.375832e-01 4.405238e-01 9.018160e-01 -1.103234e-01 -9.535714e-02 -8.301983e-01 1.202497e-01 -2.263061e-01 -1.816887e-01 -5.109569e-02 -2.364309e-01 -7.933374e-02 4.087633e-02 -6.547575e-02 3.737751e-01 8.245009e-01 -4.996212e-01 1.829491e-01 -5.316570e-01 -1.636613e-01 -3.781823e-01 -6.267593e-02 
-9.546504e-01 -8.677822e+00 -3.853820e+00 3.304538e+00 -1.819514e+01 -1.504177e+01 -1.576419e+01 7.476388e+00 -1.107678e+01 -3.704154e+00 -1.668097e+00 -7.688860e+00 2.075668e+01 3.243408e-01 1.264071e-01 -1.338243e-01 1.406216e+00 -6.922048e-01 6.714607e-01 1.631829e+00 -8.019053e-01 1.761820e-01 -1.742191e+00 7.989757e-02 -6.903480e-01 -2.392848e-01 -1.533068e-01 -1.389802e-01 9.258574e-02 -6.939932e-02 -1.642915e-02 4.186364e-01 2.618796e-01 -5.065745e-01 1.506543e-01 -6.103464e-01 -3.432828e-02 -3.327579e-01 -2.964571e-02 
-9.014880e-01 -8.425017e+00 -5.382505e+00 5.541009e+00 -2.024285e+01 -1.434961e+01 -1.474912e+01 5.693323e+00 -1.157857e+01 -7.752741e+00 -2.372324e+00 -9.770324e+00 2.034823e+01 9.786168e-02 -3.485701e-02 1.067149e-01 9.965948e-01 -5.015694e-01 1.173673e+00 1.214047e+00 -1.116571e+00 1.387832e-01 -2.296255e+00 -1.208999e-01 -8.274746e-01 -2.376347e-01 -9.699403e-02 -1.328429e-01 3.524360e-01 -1.443512e-01 -2.900190e-02 3.783486e-01 -1.013658e-01 -5.499036e-01 7.427658e-02 -2.751757e-01 -2.134105e-02 -1.328632e-01 1.275086e-02 
-1.553541e+00 -8.001994e+00 -3.952653e+00 6.829465e+00 -2.002937e+01 -1.262928e+01 -1.343122e+01 5.805803e+00 -1.053078e+01 -9.907067e+00 -4.078545e-01 -1.031743e+01 2.020656e+01 -8.578297e-02 -2.612187e-02 7.541222e-01 6.477240e-01 -6.604515e-01 1.616487e+00 5.205124e-01 -1.570351e+00 2.506620e-01 -2.681684e+00 2.254650e-01 -1.089287e+00 -1.956752e-01 1.221768e-01 -3.200874e-02 4.387175e-01 1.568131e-01 -1.237910e-01 -5.505318e-02 -9.381247e-03 -6.457685e-01 -1.899563e-01 4.287221e-01 -1.711660e-01 8.637390e-02 4.184197e-02 
-1.639614e+00 -8.554861e+00 -2.995837e+00 5.800273e+00 -2.053745e+01 -1.149071e+01 -1.380724e+01 3.535137e+00 -1.143999e+01 -1.150301e+01 -2.221639e+00 -1.124186e+01 2.004291e+01 2.457843e-01 -2.794409e-01 1.371610e+00 9.455807e-01 -8.984281e-01 1.859696e+00 9.505986e-01 -2.475632e+00 2.389020e-01 -1.736328e+00 -5.935481e-02 -6.911898e-01 -1.397291e-01 3.037122e-01 3.050754e-01 4.347755e-01 3.710015e-01 1.682143e-01 -6.986810e-01 1.771210e-01 -1.034121e+00 -3.053379e-01 1.356216e+00 -1.100047e-01 1.075631e-02 6.235456e-02 
-1.014684e+00 -8.743432e+00 -1.276649e+00 6.413568e+00 -2.135038e+01 -8.389038e+00 -1.363249e+01 7.037308e-01 -9.892782e+00 -1.523704e+01 -6.163995e-01 -1.239929e+01 1.993094e+01 8.612896e-01 8.866683e-02 1.427374e+00 2.215723e+00 -1.112734e+00 5.306157e-02 1.716767e+00 -3.351307e+00 -8.235229e-01 1.213004e-01 -8.068864e-01 -3.266723e-01 -7.898995e-02 2.734355e-01 6.123381e-01 2.813593e-01 1.515263e-01 6.323762e-01 -1.095238e+00 1.660330e-01 -1.164044e+00 -4.113192e-01 2.019455e+00 -3.208136e-02 -1.939571e-01 7.253791e-02 
5.760533e-02 -9.451837e+00 1.374470e-01 1.047669e+01 -2.407482e+01 -7.171042e+00 -9.895622e+00 -4.134040e+00 -1.070330e+01 -1.376940e+01 -2.564779e+00 -1.218538e+01 1.978723e+01 1.142910e+00 1.433207e+00 1.944056e+00 2.067480e+00 5.656883e-01 -1.538040e+00 1.501562e+00 -5.396826e+00 -8.508569e-01 3.083287e+00 -1.548299e-01 -1.155138e+00 1.585115e-02 2.657602e-02 7.066021e-01 4.829858e-02 -4.421001e-01 9.592677e-01 -8.727817e-01 -2.053934e-01 -6.887758e-01 -2.668647e-01 1.678412e+00 2.352129e-01 -4.110376e-01 6.789850e-02 
1.904185e+00 -7.110524e+00 1.617432e+00 1.557008e+01 -2.382419e+01 -1.452377e+01 -6.802834e+00 -7.115605e+00 -1.501686e+01 -8.167377e+00 -4.270887e+00 -1.147923e+01 1.993932e+01 8.327599e-01 2.179277e+00 1.874779e+00 8.442381e-01 1.769428e+00 -2.160878e+00 1.075253e+00 -5.929936e+00 -1.261185e+00 5.005828e+00 1.128643e-01 -1.827115e+00 8.924104e-02 -2.480345e-01 3.492567e-01 -2.169820e-01 -9.785535e-01 7.999414e-01 5.810199e-02 -5.285227e-01 2.234541e-01 9.235708e-02 4.763160e-01 4.431434e-01 -3.442151e-01 3.886575e-02 
2.615187e+00 -2.205836e+00 5.277466e+00 1.155988e+01 -1.647193e+01 -1.611320e+01 -9.714017e+00 -1.953944e+01 -1.313210e+01 3.784388e-01 -1.168703e+00 -1.747750e+01 2.011794e+01 3.928279e-01 2.208170e+00 1.389411e+00 -5.790832e-01 2.456800e+00 -1.397180e+00 2.444370e-01 -4.630468e+00 -8.767077e-01 4.213470e+00 6.568155e-01 -1.996044e+00 1.156425e-01 -3.163519e-01 -2.707767e-01 -5.683832e-01 -7.050399e-01 1.240664e-02 6.475675e-01 -3.745784e-01 1.471115e+00 1.384491e-01 -9.705166e-01 1.734225e-01 2.456291e-01 -2.276137e-03 
1.870552e+00 -1.470362e+00 5.527412e+00 1.009298e+01 -1.630456e+01 -1.472217e+01 -8.346712e+00 -2.124327e+01 -1.498410e+01 2.717863e+00 -7.503757e-01 -1.888900e+01 2.021177e+01 -3.870104e-03 1.447317e+00 6.196433e-01 -1.353620e+00 1.941473e+00 2.731631e-01 -2.972449e-01 -2.617213e+00 -3.487796e-01 1.937887e+00 1.003073e+00 -1.627224e+00 6.535397e-02 -2.001094e-01 -6.080968e-01 -5.982699e-01 -1.404679e-01 -4.409418e-01 6.086158e-01 -1.469220e-01 1.830109e+00 2.255917e-01 -1.645668e+00 -2.516083e-02 6.340960e-01 -3.122135e-02 
2.038719e+00 -1.230404e+00 5.129933e+00 1.031970e+01 -1.555055e+01 -1.405760e+01 -7.901618e+00 -2.022208e+01 -1.510293e+01 1.854973e+00 -1.040915e+00 -1.846078e+01 2.022923e+01 -2.049242e-02 4.452398e-01 -2.703407e-01 -3.587077e-01 5.416712e-01 4.828209e-01 3.149129e-01 3.022724e-01 -6.148096e-01 -2.353720e-01 2.669945e-01 -2.697673e-02 1.640118e-02 -8.832572e-02 -7.197107e-01 -3.687892e-01 2.838851e-01 -5.171078e-01 9.885224e-02 1.512906e-01 1.419352e+00 1.418226e-01 -1.338405e+00 -2.827484e-01 7.758284e-01 -4.082113e-02 
2.173252e+00 -3.609578e-01 4.789390e+00 9.422112e+00 -1.457751e+01 -1.418589e+01 -9.194817e+00 -1.986026e+01 -1.577488e+01 7.834135e-01 6.809731e-01 -1.912399e+01 2.021041e+01 3.896433e-02 2.035356e-02 -2.866411e-01 3.171485e-02 5.223883e-01 -5.777247e-02 3.054154e-01 7.541541e-01 -2.641289e-01 -9.981345e-01 1.820088e-01 3.586803e-01 -1.715072e-02 -6.437877e-02 -6.381543e-01 -6.943852e-02 4.555914e-01 -3.685091e-01 -2.913327e-01 1.821043e-01 8.799584e-01 5.725742e-02 -7.235427e-01 -4.338766e-01 6.926289e-01 -3.451854e-02 
2.361310e+00 -5.343883e-01 4.294868e+00 1.010156e+01 -1.462703e+01 -1.396735e+01 -7.714980e+00 -1.871994e+01 -1.581041e+01 1.686094e-01 -5.489473e-01 -1.749460e+01 2.020044e+01 -7.011963e-02 -6.767778e-01 -1.382965e-03 1.475937e-01 5.808144e-01 -7.375284e-01 6.995621e-01 7.807242e-01 -2.098846e-01 -1.010698e+00 -3.464223e-01 8.901630e-01 -4.708814e-02 -1.328833e-01 -6.245419e-01 -5.371074e-02 -5.788986e-02 -1.755410e-01 6.437126e-02 -1.903603e-01 7.542845e-01 3.029550e-01 -4.606297e-01 -4.868591e-01 3.165291e-01 -2.351819e-02 
1.903824e+00 -1.716744e+00 4.511870e+00 1.036083e+01 -1.415439e+01 -1.505594e+01 -6.913078e+00 -1.822403e+01 -1.595096e+01 -1.429263e+00 -8.637343e-02 -1.757810e+01 2.014038e+01 -3.009141e-01 -1.182296e+00 1.379217e-01 6.711740e-01 7.934297e-02 -5.734314e-01 4.210044e-01 1.543286e+00 -2.649764e-01 -1.292127e+00 -8.596546e-01 1.377402e+00 -7.553262e-02 -2.670549e-01 -7.089310e-01 -5.173383e-01 -7.150522e-01 -9.349625e-02 8.060464e-01 -3.768210e-01 1.383620e+00 6.371219e-01 -7.276254e-01 -5.610975e-01 2.447126e-02 2.071481e-03 
1.823176e+00 -3.936930e+00 5.261710e+00 1.058827e+01 -1.285814e+01 -1.730994e+01 -5.544859e+00 -1.713634e+01 -1.606426e+01 -2.091598e+00 -2.389032e+00 -1.478253e+01 2.002886e+01 -5.150064e-01 -2.076192e+00 -7.510971e-01 -9.679973e-01 -1.145254e-01 1.062578e+00 -6.947374e-01 3.679143e+00 9.003218e-01 -2.391600e+00 -1.646468e+00 1.046465e+00 -7.207528e-02 -4.007587e-01 -6.324890e-01 -1.059605e+00 -1.201117e+00 1.493767e-01 1.344947e+00 -3.795618e-01 1.613335e+00 9.919847e-01 -8.917713e-01 -3.165871e-01 -2.465929e-01 3.915754e-02 
9.378591e-01 -4.571465e+00 4.995649e+00 1.253436e+01 -1.506510e+01 -1.538151e+01 -8.175170e+00 -1.293578e+01 -1.697269e+01 -4.546950e+00 -2.697518e+00 -1.359290e+01 1.991847e+01 -1.073852e+00 -2.824726e+00 -2.498464e+00 -2.985798e+00 4.026494e-01 3.072473e+00 -8.815577e-01 6.222852e+00 2.366294e+00 -3.945742e+00 -1.973459e+00 4.029237e-01 5.714862e-03 -4.164739e-01 -4.132742e-01 -1.206867e+00 -1.190917e+00 5.536356e-01 1.074597e+00 -3.674820e-02 8.865253e-01 8.765652e-01 -4.103513e-01 -5.522469e-02 -2.170063e-01 6.760672e-02 
2.695317e-01 -9.488082e+00 2.975131e-01 4.174595e+00 -1.474445e+01 -8.491594e+00 -1.055755e+01 -2.967678e+00 -1.079805e+01 -1.023051e+01 -7.475797e+00 -1.425491e+01 1.995088e+01 -1.687439e+00 -3.018131e+00 -3.981163e+00 -4.029530e+00 1.165999e+00 4.164365e+00 -5.468783e-01 6.507531e+00 3.434440e+00 -4.142575e+00 -1.372459e+00 1.444784e-01 1.080207e-01 -2.498118e-01 1.396807e-01 -6.013672e-01 -1.674637e-01 7.345459e-01 1.237752e-01 3.889553e-01 -6.104872e-01 1.265470e-01 6.546674e-01 3.704329e-01 1.099286e-01 6.206277e-02 
-2.688396e+00 -1.306451e+01 -5.498526e+00 -1.361153e+00 -1.119812e+01 -4.102558e+00 -8.814679e+00 5.806357e+00 -6.752560e+00 -1.708880e+01 -7.410511e+00 -1.582744e+01 2.020792e+01 -1.797083e+00 -2.777803e+00 -4.281328e+00 -3.752518e+00 2.207277e+00 3.248842e+00 1.633844e-01 4.561650e+00 2.850891e+00 -2.468379e+00 -1.272702e+00 7.434019e-01 1.723743e-01 1.290989e-01 6.096629e-01 2.661947e-01 8.312865e-01 4.319846e-01 -8.067488e-01 3.596781e-01 -1.976933e+00 -6.801385e-01 1.604420e+00 4.543780e-01 3.073296e-01 1.826563e-02 
-4.801150e+00 -1.478092e+01 -9.397048e+00 -2.612061e+00 -8.961697e+00 -2.127510e+00 -7.959713e+00 6.030210e+00 -4.002003e+00 -1.653350e+01 -6.895027e+00 -1.294282e+01 2.042439e+01 -1.402462e+00 -1.401347e+00 -2.866512e+00 -1.422050e+00 2.655864e+00 1.593381e+00 7.275150e-01 1.457313e+00 1.290838e+00 1.430776e-01 -1.446616e-01 1.425855e+00 1.548519e-01 5.004639e-01 8.003939e-01 9.401963e-01 1.199168e+00 3.553535e-02 -1.034036e+00 1.630845e-01 -2.177998e+00 -9.591922e-01 1.675280e+00 3.892172e-01 1.291363e-01 -3.387661e-02 
-5.512152e+00 -1.581371e+01 -1.156385e+01 -2.835207e+00 -6.919972e+00 -2.319570e+00 -8.657318e+00 5.373058e+00 -6.116540e+00 -1.373694e+01 -9.351155e+00 -1.053214e+01 2.054361e+01 -5.707871e-01 -5.848349e-01 -1.724836e+00 -1.331211e-01 1.817577e+00 3.242068e-01 2.796210e-01 -1.136878e+00 3.749894e-02 1.933559e+00 -3.154893e-01 1.298830e+00 7.368302e-02 5.931336e-01 6.790232e-01 1.026116e+00 8.898631e-01 -3.705258e-01 -6.451353e-01 -9.874950e-02 -1.577764e+00 -6.334780e-01 9.332400e-01 3.501656e-01 -2.998689e-01 -6.194646e-02 
-5.331327e+00 -1.511999e+01 -1.100272e+01 -2.198310e+00 -3.604197e+00 -1.416329e+00 -6.998621e+00 4.535272e+00 -4.662105e+00 -1.119078e+01 -7.228885e+00 -9.773504e+00 2.055744e+01 2.016713e-01 -1.126893e-01 -5.583870e-01 1.563703e-01 1.538610e+00 4.563199e-01 2.104402e-01 -1.533342e+00 4.512703e-02 2.032813e+00 9.498948e-02 5.124567e-01 -1.188614e-02 4.489218e-01 3.440242e-01 6.506202e-01 2.354611e-01 -5.168074e-01 -1.555670e-01 -2.597535e-01 -6.473781e-01 -1.918516e-01 3.745652e-02 1.645246e-01 -5.293164e-01 -5.672349e-02 
-5.277080e+00 -1.581921e+01 -1.332028e+01 -2.233713e+00 -4.788586e+00 -2.837200e+00 -7.897501e+00 8.699582e-01 -6.234980e+00 -1.009255e+01 -8.821129e+00 -1.091821e+01 2.050984e+01 3.665359e-01 -2.701778e-02 -3.048719e-01 -9.252921e-02 9.133582e-01 5.915662e-01 -7.189486e-02 -1.832066e+00 3.062835e-01 1.253020e+00 3.581882e-01 -2.991722e-01 -5.392424e-02 1.971981e-01 1.860258e-01 3.763695e-01 -6.022918e-02 -3.485128e-01 1.305583e-01 -1.525283e-01 9.353108e-02 3.610666e-02 -4.132595e-01 2.236188e-01 -4.105995e-01 -3.696955e-02 
-3.910770e+00 -1.534159e+01 -1.131068e+01 -2.130722e+00 -2.334417e+00 4.132753e-01 -7.287726e+00 6.156303e-01 -3.716959e+00 -8.191722e+00 -6.684935e+00 -1.018781e+01 2.038177e+01 3.734885e-01 3.995163e-02 -3.234244e-01 -2.650447e-01 5.238894e-01 6.817738e-01 -3.955657e-01 -1.431996e+00 1.971593e-01 6.706178e-01 3.410627e-01 -4.218005e-01 -6.492487e-02 1.086083e-02 6.976958e-02 1.173640e-01 -9.864085e-02 -3.300613e-01 -7.725336e-03 -5.605872e-02 2.350429e-01 -7.207305e-02 -4.283598e-01 7.329945e-02 -1.725928e-01 -1.505638e-02 
-4.389955e+00 -1.583802e+01 -1.293390e+01 -3.331922e+00 -2.988093e+00 -2.762760e-01 -8.871860e+00 -1.826804e+00 -5.057693e+00 -8.971530e+00 -7.832242e+00 -1.182117e+01 2.036160e+01 3.292156e-01 2.689691e-01 3.947544e-02 -2.236300e-01 5.824309e-01 8.642780e-01 -1.801449e-01 -7.197278e-01 1.419615e-01 5.483301e-01 6.796140e-01 -2.871993e-01 -8.456884e-02 -1.857398e-02 2.708328e-02 1.077102e-01 -7.594430e-03 -2.756938e-01 -7.108606e-02 7.928102e-02 2.790803e-01 -1.462144e-01 -2.258480e-01 -3.522705e-02 3.373813e-02 -3.793427e-03 
-3.907515e+00 -1.491123e+01 -1.281287e+01 -2.974316e+00 -1.884828e+00 7.123668e-01 -8.488977e+00 -1.276591e+00 -4.264938e+00 -8.398073e+00 -6.018148e+00 -1.143112e+01 2.030675e+01 2.745537e-01 8.821888e-02 -1.436903e-01 -2.710786e-01 5.382485e-02 2.815181e-01 -1.577320e-02 -9.142590e-01 -2.330867e-01 2.431693e-01 3.007105e-01 -3.566045e-01 -7.191812e-02 -5.040971e-02 -1.025249e-02 1.416999e-01 4.948503e-02 -2.572424e-01 -1.002228e-01 1.539068e-01 1.733005e-01 -6.384775e-02 -1.358055e-01 -7.908704e-02 1.005943e-01 -8.172051e-04 
-3.632662e+00 -1.469008e+01 -1.237206e+01 -2.929973e+00 -2.101297e+00 1.334417e+00 -8.197585e+00 -1.783031e+00 -5.251143e+00 -7.248069e+00 -5.756693e+00 -1.173250e+01 2.012428e+01 3.230621e-01 8.429927e-02 1.438199e-01 -1.274986e-01 -2.299920e-01 4.363463e-01 1.347839e-01 -6.956249e-01 -2.096727e-01 3.373978e-01 2.021314e-01 -1.631680e-01 -6.940369e-02 -9.861544e-02 -2.516319e-02 1.244033e-01 6.838676e-02 -2.009439e-01 -1.059781e-01 1.076031e-01 1.397574e-01 7.188860e-02 -1.532547e-01 -7.823320e-02 1.453785e-01 6.273205e-03 
-2.916597e+00 -1.547419e+01 -1.231011e+01 -3.687026e+00 -2.508617e+00 1.015188e+00 -7.704001e+00 -3.977786e+00 -4.785282e+00 -7.837755e+00 -6.218957e+00 -1.201520e+01 2.014083e+01 1.244734e-01 8.105159e-02 3.327766e-01 -6.565081e-02 -3.560815e-01 3.945714e-01 2.163762e-01 -5.775777e-01 5.381459e-02 9.714995e-02 1.842566e-01 1.923103e-02 -7.663268e-02 -1.576098e-01 3.644672e-02 1.262536e-01 1.138164e-01 -2.737131e-02 -5.330601e-02 6.968806e-02 2.663326e-01 1.917808e-01 -1.643842e-01 7.909652e-02 1.403576e-01 7.994746e-03 
-3.269928e+00 -1.513467e+01 -1.246588e+01 -3.613359e+00 -3.826217e+00 1.753966e+00 -8.590530e+00 -3.954515e+00 -5.845709e+00 -7.564939e+00 -6.720827e+00 -1.234482e+01 2.009754e+01 -8.873983e-02 1.467891e-01 4.232871e-01 1.539582e-02 -2.172907e-01 2.778628e-01 2.418468e-01 -1.892745e-01 3.579851e-01 -1.449126e-01 3.466285e-01 2.518599e-01 -5.093836e-02 -1.273954e-01 -1.096065e-02 3.257080e-02 9.828329e-02 9.097560e-02 -2.005824e-01 5.507020e-02 2.243555e-01 1.994755e-01 -2.380401e-01 1.221476e-01 3.704050e-02 1.336362e-02 
-3.466303e+00 -1.428357e+01 -1.110191e+01 -2.961084e+00 -2.802793e+00 2.475589e+00 -7.210418e+00 -3.079050e+00 -3.698403e+00 -7.753901e+00 -4.614956e+00 -1.102874e+01 1.993706e+01 -3.074672e-01 2.392920e-01 3.477902e-01 2.264462e-01 -8.946919e-02 9.431429e-02 2.790814e-01 1.641079e-01 4.420002e-01 -3.375576e-01 6.239558e-01 1.377436e-01 -4.127353e-02 9.769495e-03 -7.689821e-02 -7.482859e-02 1.104010e-01 4.205773e-02 -2.100891e-01 -4.962188e-02 1.794812e-01 4.194397e-02 -1.766881e-01 1.937324e-02 -6.671466e-02 2.205885e-02 
-3.801190e+00 -1.455152e+01 -1.085984e+01 -3.215700e+00 -3.041036e+00 1.993388e+00 -7.235120e+00 -3.178787e+00 -4.004766e+00 -8.014352e+00 -4.825666e+00 -1.096632e+01 1.997151e+01 -9.785014e-02 -4.952756e-02 2.991033e-01 2.178067e-01 9.158243e-02 -4.163839e-01 3.788052e-01 5.536022e-02 5.936086e-01 -6.354594e-01 5.930228e-01 -3.726590e-02 -2.029376e-02 1.372995e-01 -1.022346e-01 -1.620353e-01 1.370693e-01 -5.663621e-02 -1.501714e-01 -1.445134e-01 1.683431e-01 -1.230547e-01 -8.116473e-02 -1.208799e-01 -9.316734e-02 2.165035e-02 
-4.188155e+00 -1.456941e+01 -1.137442e+01 -2.753673e+00 -3.348448e+00 1.366489e+00 -6.986270e+00 -3.544487e+00 -3.495872e+00 -9.300765e+00 -4.047181e+00 -1.201560e+01 1.999758e+01 1.779365e-01 -2.054162e-01 2.070846e-02 3.852482e-01 -3.001957e-01 -3.088135e-01 -1.001715e-01 1.977001e-01 1.456696e-01 -5.409517e-01 1.578190e-01 -1.697157e-01 1.836558e-02 1.691664e-01 -8.496337e-02 -1.397509e-01 1.035702e-01 -9.783020e-02 -1.038713e-01 -1.720879e-01 2.326608e-01 -2.594354e-01 4.047658e-02 -2.350686e-01 1.271077e-02 1.946195e-02 
-3.397951e+00 -1.523928e+01 -1.083406e+01 -2.628153e+00 -3.095687e+00 2.264364e-01 -6.808323e+00 -3.444196e+00 -2.979082e+00 -9.969282e+00 -4.039755e+00 -1.203787e+01 1.996607e+01 3.550281e-01 -1.420305e-01 -2.233696e-01 6.213942e-01 -3.952247e-01 -2.714772e-01 -2.910931e-01 6.357273e-01 -1.091301e-01 -4.490963e-01 -2.467551e-02 -6.018270e-02 2.740181e-02 4.581466e-02 2.008036e-02 -4.554516e-02 4.920431e-02 -4.075935e-02 -1.116821e-01 -5.377467e-02 3.279463e-01 -2.739529e-01 5.792582e-02 -1.433491e-01 9.304604e-02 7.907210e-03 
-2.778085e+00 -1.496674e+01 -1.101132e+01 -1.328969e+00 -4.277087e+00 1.815500e+00 -7.924490e+00 -1.957570e+00 -3.482844e+00 -9.481612e+00 -4.218596e+00 -1.134166e+01 2.003180e+01 3.119539e-01 -1.392307e-01 -8.974865e-02 5.424045e-01 -3.352976e-01 -4.974533e-01 -2.464116e-01 1.037505e+00 -5.037783e-01 -2.283921e-01 -2.424915e-01 2.127611e-01 3.219494e-02 -1.161703e-01 5.415072e-02 1.232770e-01 -9.326041e-02 5.827787e-02 -2.804899e-01 1.512075e-01 3.239546e-01 -1.555769e-01 -1.100790e-01 2.251893e-02 1.144441e-01 -4.201928e-03 
-2.731071e+00 -1.506309e+01 -1.215828e+01 -8.211674e-01 -4.552476e+00 4.114106e-01 -8.221373e+00 -7.934238e-01 -4.556694e+00 -1.016945e+01 -4.863415e+00 -1.160448e+01 2.009164e+01 6.413756e-02 1.777781e-02 1.266615e-01 3.851110e-01 -9.466518e-02 -8.804770e-01 1.830270e-01 1.275118e+00 -4.514411e-01 -5.021434e-01 7.636541e-02 2.366132e-01 1.247239e-02 -2.577006e-01 3.510909e-02 2.965642e-01 -1.768210e-01 -1.006194e-01 -2.721138e-01 2.436073e-01 2.324033e-01 -8.768974e-02 -2.417313e-01 3.078762e-02 1.381672e-01 -6.711291e-03 
-2.962164e+00 -1.535398e+01 -1.116100e+01 -9.448993e-01 -4.296300e+00 -1.213081e+00 -7.511875e+00 3.169751e-01 -5.226271e+00 -1.034296e+01 -4.847944e+00 -1.116830e+01 2.009550e+01 -2.574404e-01 -1.447501e-02 4.620007e-01 3.706310e-02 -1.589801e-01 -1.406841e+00 4.187379e-01 1.497738e+00 -4.608703e-01 -1.064862e+00 2.198992e-01 2.540113e-01 4.850527e-03 -3.595375e-01 6.953353e-02 3.456380e-01 -1.836518e-01 -3.523747e-01 -1.127099e-01 2.780755e-01 4.292675e-02 3.357092e-03 -2.818869e-01 -4.668637e-02 1.802556e-01 -9.716691e-03 
-2.985310e+00 -1.495665e+01 -1.012576e+01 -8.944768e-01 -3.559366e+00 -2.661922e+00 -6.099283e+00 1.794182e+00 -4.364822e+00 -1.204941e+01 -3.343574e+00 -1.094167e+01 1.999622e+01 -6.487841e-01 -2.892159e-02 9.836156e-01 -9.974107e-03 -9.864137e-01 -1.177470e+00 5.945498e-01 1.567579e+00 -5.689350e-01 -1.239359e+00 -1.020617e-01 6.100168e-01 7.600683e-03 -3.630610e-01 9.667967e-02 3.680029e-01 -1.652647e-01 -5.459436e-01 1.236210e-01 2.544046e-01 -1.905227e-01 3.736138e-03 -6.502133e-03 -1.464948e-01 2.122347e-01 -1.187591e-02 
-3.938255e+00 -1.509292e+01 -9.717539e+00 -1.106895e+00 -5.568642e+00 -3.681891e+00 -6.892036e+00 4.236617e+00 -5.883215e+00 -1.386523e+01 -3.878860e+00 -1.040291e+01 2.010365e+01 -1.129233e+00 2.316768e-01 1.209892e+00 -1.782384e-01 -1.651270e+00 -9.124609e-01 9.381871e-01 1.105828e+00 -4.282390e-01 -1.269233e+00 -3.867745e-01 9.272975e-01 -1.392911e-02 -2.362793e-01 1.576208e-01 3.820412e-01 -1.616622e-01 -4.776302e-01 3.231585e-01 3.318128e-01 -5.385079e-01 1.207097e-01 3.359951e-01 2.934959e-02 2.955961e-02 -2.141733e-02 
-5.486836e+00 -1.533838e+01 -7.961825e+00 -7.900557e-01 -8.848125e+00 -4.241289e+00 -5.558583e+00 5.084376e+00 -7.072741e+00 -1.460524e+01 -5.857872e+00 -8.936943e+00 2.012542e+01 -1.315275e+00 3.781583e-01 1.592738e+00 -3.336121e-01 -2.078150e+00 -5.097247e-01 1.195375e+00 5.184392e-01 -4.491103e-01 -4.324841e-01 -3.527374e-01 9.611583e-01 -3.750188e-02 3.904839e-02 1.504605e-01 3.365071e-01 -2.277714e-01 -2.090111e-01 3.700238e-01 2.605923e-01 -7.924309e-01 1.999303e-01 5.311804e-01 3.806339e-01 -3.854947e-01 -2.932474e-02 
-7.357647e+00 -1.400462e+01 -6.193578e+00 -1.888623e+00 -9.908268e+00 -4.985661e+00 -3.091122e+00 4.201155e+00 -6.013498e+00 -1.541094e+01 -5.524323e+00 -7.534192e+00 1.996131e+01 -1.105658e+00 5.701075e-01 2.067597e+00 -6.093900e-01 -2.001365e+00 -1.248734e-01 1.777422e+00 -6.703833e-01 8.263186e-02 2.116202e-01 4.920889e-01 2.262305e-01 -7.969714e-02 3.492363e-01 9.506663e-02 2.207008e-01 -1.494977e-01 -7.045336e-02 5.040423e-01 -2.221340e-02 -7.532866e-01 1.274946e-01 6.184826e-01 5.616013e-01 -7.301546e-01 -2.124226e-02 
-7.852383e+00 -1.361004e+01 -3.924364e+00 -2.171489e+00 -1.178006e+01 -4.558654e+00 -2.022987e+00 4.403952e+00 -6.545291e+00 -1.343900e+01 -4.284502e+00 -7.570374e+00 1.987994e+01 -4.653792e-01 5.542050e-01 2.237357e+00 -9.333022e-01 -1.856454e+00 2.789072e-01 1.477926e+00 -1.506582e+00 1.753345e-01 6.760621e-01 1.361747e+00 -9.669397e-01 -1.062558e-01 5.377563e-01 4.435451e-02 -3.564994e-02 2.796327e-02 -4.942726e-02 6.088213e-01 -4.368705e-01 -4.988486e-01 -2.025360e-03 4.710030e-01 4.037323e-01 -7.704234e-01 -9.512441e-03 
-8.283831e+00 -1.310627e+01 -1.398758e+00 -3.462806e+00 -1.410999e+01 -4.147683e+00 2.267294e-01 1.225131e+00 -5.733586e+00 -1.339031e+01 -2.205240e+00 -9.955210e+00 1.982803e+01 1.920015e-01 6.190466e-01 1.991135e+00 -6.258461e-01 -2.114522e+00 1.213359e+00 6.859634e-01 -1.647974e+00 -1.028793e-01 1.268934e+00 1.564043e+00 -1.759393e+00 -8.574748e-02 5.906079e-01 1.256600e-02 -3.818219e-01 3.304376e-01 -4.230413e-02 5.790679e-01 -9.432628e-01 9.868165e-02 -2.176646e-01 2.403039e-01 9.284770e-02 -4.815331e-01 4.259879e-03 
-7.350776e+00 -1.301634e+01 8.274857e-01 -4.669371e+00 -1.602960e+01 -3.266072e+00 1.718360e-01 -9.602053e-01 -6.336048e+00 -1.223529e+01 -7.082955e-01 -1.256111e+01 1.966075e+01 7.247149e-01 5.754829e-01 1.452576e+00 -1.855066e-01 -2.268670e+00 1.865309e+00 -4.433771e-01 -1.487224e+00 -3.663666e-01 1.393874e+00 1.130017e+00 -1.898204e+00 -8.197584e-02 5.675964e-01 2.022282e-03 -5.578041e-01 6.166303e-01 2.549792e-01 1.151421e-01 -1.031095e+00 6.380104e-01 -2.487084e-01 -1.021933e-01 -1.256433e-01 4.003959e-02 7.732138e-03 
-6.648453e+00 -1.120587e+01 1.386464e+00 -3.769275e+00 -1.835611e+01 4.349054e-01 -7.581505e-01 -1.356380e+00 -6.632541e+00 -9.667870e+00 5.077013e-01 -1.383584e+01 1.964217e+01 1.252314e+00 6.221823e-01 5.509025e-01 6.691170e-01 -2.006907e+00 1.977318e+00 -1.978305e+00 -1.866176e-01 -7.348462e-01 1.054233e+00 1.072325e+00 -1.715898e+00 -7.042518e-02 5.235378e-01 -1.225894e-02 -3.705591e-01 9.922318e-01 7.801167e-01 -8.861424e-01 -6.682644e-01 5.308143e-01 -4.685930e-01 -7.473312e-02 -4.157664e-01 5.402480e-01 6.652528e-03 
-5.046348e+00 -1.168257e+01 1.945800e+00 -2.946065e+00 -2.100027e+01 2.476335e+00 -3.747099e+00 -1.741474e+00 -7.927873e+00 -8.330835e+00 8.926055e-03 -1.512090e+01 1.956306e+01 1.842326e+00 5.627162e-01 1.684850e-01 1.502485e+00 -6.352798e-01 4.725077e-01 -2.345470e+00 9.526707e-01 -7.522213e-01 2.724848e-01 9.795257e-01 -7.884693e-01 -7.513974e-02 3.037745e-01 3.180434e-02 3.930962e-03 1.229626e+00 1.163950e+00 -1.690562e+00 6.844222e-02 -6.774607e-02 -7.427569e-01 3.621130e-01 -5.861282e-01 7.909250e-01 1.590216e-02 
-3.174452e+00 -1.066218e+01 7.966900e-01 -9.788719e-01 -2.165907e+01 2.867541e+00 -7.704916e+00 6.832294e-01 -8.612058e+00 -1.007130e+01 2.797674e+00 -1.725484e+01 1.952475e+01 2.250931e+00 5.640600e-01 7.805032e-01 3.491350e+00 9.694749e-01 -2.520925e+00 -1.704280e+00 -2.137570e-01 -2.252944e+00 1.455995e+00 -4.394357e-01 3.869287e-01 -5.596722e-02 -6.637435e-02 -2.934837e-03 3.765304e-01 9.941033e-01 1.051868e+00 -1.666204e+00 7.159052e-01 -7.612056e-01 -7.858166e-01 8.358151e-01 -6.711070e-01 7.905880e-01 1.954949e-02 
1.237871e-01 -1.047498e+01 1.964779e+00 1.447845e+00 -1.755428e+01 -2.119679e+00 -8.082309e+00 2.783789e+00 -9.107134e+00 -1.067142e+01 3.044277e+00 -1.479407e+01 1.934365e+01 1.744350e+00 7.637364e-01 1.357347e+00 4.551401e+00 2.063059e+00 -4.338395e+00 -2.379934e-01 -1.812139e+00 -3.320984e+00 3.003437e+00 -1.044932e+00 1.004934e+00 -9.764590e-03 -6.063658e-01 -4.499167e-02 4.135772e-01 2.352272e-01 4.780704e-01 -7.622473e-01 8.017436e-01 -8.860425e-01 -3.999857e-01 8.055586e-01 -3.396405e-01 3.282895e-01 1.018314e-02 
2.020998e+00 -8.989355e+00 5.279256e+00 1.149051e+01 -1.523204e+01 -9.871443e+00 -7.112067e+00 -4.687577e+00 -1.730748e+01 -1.217501e+00 -3.207122e+00 -1.206451e+01 1.947217e+01 9.694945e-01 5.069457e-01 1.839176e+00 4.115176e+00 1.903253e+00 -3.948321e+00 5.474940e-01 -2.610001e+00 -3.379466e+00 3.867826e+00 -1.271097e+00 1.340268e+00 -5.442915e-03 -9.885193e-01 -1.052639e-01 9.355114e-02 -8.661724e-01 -8.560073e-02 4.716682e-01 4.414467e-01 1.781774e-02 5.946308e-01 -7.188085e-02 3.964073e-01 -1.971584e-01 -3.078367e-02 
1.077817e+00 -8.700304e+00 6.491390e+00 1.357643e+01 -1.389864e+01 -1.284595e+01 -5.233339e+00 -8.116848e+00 -2.018516e+01 2.259562e+00 -2.212976e+00 -1.269113e+01 1.954039e+01 -5.488104e-01 3.663995e-01 1.706949e+00 2.366571e+00 1.288047e+00 -2.624971e+00 5.372410e-01 -2.279393e+00 -2.188741e+00 3.094455e+00 -3.028592e-01 3.762654e-01 -4.952399e-02 -7.608985e-01 -1.832402e-01 -1.713272e-01 -1.391070e+00 -4.057553e-01 1.142274e+00 6.183927e-02 1.025140e+00 1.247386e+00 -8.337750e-01 5.041249e-01 -2.862551e-01 -8.245905e-02 
1.196077e+00 -9.014589e+00 7.729306e+00 1.353280e+01 -1.397037e+01 -1.151048e+01 -6.392048e+00 -6.916687e+00 -1.997039e+01 2.802490e+00 -9.289076e-01 -1.160487e+01 1.939918e+01 -1.545111e+00 2.364923e-01 1.073375e+00 2.527760e-01 9.289461e-01 -1.019248e+00 1.152493e-01 1.088800e-01 1.541453e-01 1.051022e+00 1.171546e+00 -2.844867e-01 -1.899391e-01 -2.361545e-01 -4.026911e-01 -6.140782e-01 -1.585374e+00 -5.908279e-01 1.530918e+00 -2.286075e-01 1.811696e+00 1.446650e+00 -1.558589e+00 1.137891e-01 -1.241355e-01 -1.118128e-01 
-2.207764e+00 -8.630565e+00 9.274463e+00 1.225972e+01 -1.174463e+01 -1.442494e+01 -5.756657e+00 -7.498482e+00 -1.871928e+01 2.790511e+00 3.910523e-01 -1.314281e+01 1.913262e+01 -8.027803e-01 -1.716275e-02 8.836680e-01 -4.726667e-01 5.213491e-01 -9.171458e-02 2.871758e-01 1.953984e+00 1.149083e+00 2.428901e-01 2.544715e-01 3.859934e-01 -3.298042e-01 3.208929e-01 -4.609570e-01 -8.872427e-01 -1.392894e+00 -8.860515e-01 1.677064e+00 -1.705514e-01 1.738172e+00 1.329828e+00 -1.524362e+00 -4.896453e-01 2.828651e-01 -9.979116e-02 
-4.061577e+00 -7.841869e+00 9.254767e+00 1.341300e+01 -1.166436e+01 -1.417769e+01 -6.274027e+00 -4.452642e+00 -1.726958e+01 3.772034e+00 1.348379e+00 -1.326090e+01 1.872644e+01 -8.434450e-02 -1.314667e+00 -8.195162e-01 -2.392004e+00 -6.673795e-01 2.439584e+00 -4.705745e-01 4.331819e+00 2.184809e+00 -2.499369e+00 -9.807110e-01 7.147793e-01 -4.244096e-01 1.980088e-01 -5.070660e-01 -1.009123e+00 -1.217960e+00 -7.002065e-01 1.459489e+00 1.103855e-01 7.304631e-01 5.565367e-01 -1.162402e+00 -8.807002e-01 3.321311e-01 -1.406431e-02 
-3.069369e-01 -9.372921e+00 1.014677e+01 1.127273e+01 -1.244484e+01 -1.197068e+01 -3.856428e+00 4.205902e-01 -1.579027e+01 2.989521e+00 -2.079309e+00 -9.933342e+00 1.822778e+01 3.252997e-01 -1.162810e+00 -1.782852e+00 -3.275426e+00 -2.344070e+00 4.030946e+00 -2.257256e-02 4.299935e+00 3.445035e+00 -2.752041e+00 -1.675046e+00 1.290973e+00 -4.312457e-01 -4.589112e-01 -3.147613e-01 -8.472595e-01 -7.995018e-01 -9.993281e-02 7.867761e-01 4.088057e-01 -3.028695e-01 -2.467753e-01 -6.767877e-01 -5.992054e-01 -7.513908e-02 7.986175e-02 
-1.760200e-01 -1.521679e+01 3.195533e+00 2.066147e+00 -1.695738e+01 -5.395659e-01 -9.694804e+00 1.078210e+01 -1.051104e+01 -9.793845e+00 -4.597629e+00 -9.635933e+00 1.772957e+01 -1.119084e+00 -1.726003e+00 -2.638948e+00 -4.435586e+00 -1.139522e+00 4.216845e+00 8.221663e-01 2.588061e+00 1.788996e+00 -3.263528e+00 -2.267163e+00 9.237431e-01 -2.096617e-01 -5.518927e-01 2.103393e-01 -3.703580e-01 3.901839e-01 6.186878e-01 -6.056184e-01 6.552328e-01 -1.282636e+00 -7.116752e-01 5.322990e-01 8.763483e-02 -2.082786e-01 1.244175e-01 
-2.524207e+00 -1.075761e+01 3.389617e+00 1.556200e+00 -2.081796e+01 -1.089641e+00 -4.159257e+00 6.383720e+00 -4.873322e+00 -4.187187e+00 -5.011005e+00 -8.500373e+00 1.747480e+01 -2.579930e+00 -1.385332e+00 -2.442914e+00 -3.448490e+00 2.578543e-01 2.953545e+00 1.685037e+00 1.311177e+00 1.130383e-01 -2.759021e+00 -2.098369e+00 -9.423052e-02 -3.789476e-02 1.980976e-02 1.816589e-01 -1.556396e-01 1.209929e+00 9.305177e-01 -1.339277e+00 2.935655e-01 -9.563478e-01 -7.642109e-01 8.864290e-01 5.353123e-01 -2.122212e-01 1.087486e-01 
-8.548557e+00 -1.577976e+01 -5.615441e-01 -3.906596e+00 -1.317537e+01 1.466062e+00 -2.012008e+00 5.506040e+00 -1.378312e+01 -8.957232e+00 -8.521307e+00 -9.358802e+00 1.805483e+01 -1.391114e+00 -1.517735e-01 -2.341358e+00 -3.545937e-01 1.125008e+00 -4.967858e-02 1.951723e+00 -5.870670e-01 2.924046e-01 1.655529e-01 -3.310093e-01 3.658827e-01 1.078884e-03 8.460422e-01 4.446616e-01 3.142629e-01 1.480729e+00 5.151450e-01 -1.306235e+00 -1.742059e-01 -2.290876e-01 2.435624e-02 1.102811e+00 7.424338e-01 6.497587e-02 4.799867e-02 
-9.020510e+00 -1.601834e+01 -1.894889e-01 -2.983256e+00 -1.304685e+01 1.794242e+00 7.271747e-01 9.614627e+00 -1.358888e+01 -1.122401e+01 -1.060954e+01 -1.054287e+01 1.787577e+01 5.604097e-01 -1.041638e+00 -2.709834e+00 7.338446e-01 1.176276e+00 -5.321787e-01 8.805544e-01 1.106018e+00 3.722878e-01 -3.435118e-02 3.333739e-02 5.088087e-01 7.129228e-03 9.221860e-01 3.252186e-01 7.081010e-01 7.759849e-01 2.367423e-01 -5.720623e-01 -5.602916e-01 4.421440e-02 3.474550e-01 6.571841e-01 6.301775e-01 2.033723e-01 8.038696e-02 
-3.883646e+00 -1.334576e+01 -6.721760e+00 2.562862e+00 -1.521795e+01 -2.230067e+00 -2.379337e+00 6.231345e+00 -4.691320e+00 -5.447709e+00 -3.453106e+00 -6.785104e+00 1.753441e+01 1.540887e+00 3.254115e-01 -9.342629e-01 8.768762e-01 9.769803e-01 -5.713427e-01 3.533346e-01 1.545374e+00 1.781050e+00 8.883904e-01 3.792741e-01 9.471276e-01 7.836411e-03 6.810903e-02 -6.751033e-03 1.116420e+00 -2.907460e-01 1.256472e-01 3.348234e-01 -5.329663e-01 1.262372e-01 -6.725916e-02 -3.023003e-01 7.842244e-02 -1.600235e-01 1.689733e-01 
-2.054787e+00 -1.718280e+01 -7.079492e+00 1.990335e+00 -1.391529e+01 -1.902632e+00 4.270905e-01 1.155173e+01 -7.557553e+00 -6.113908e+00 -7.378332e+00 -7.243145e+00 1.777059e+01 5.648849e-01 2.211345e-03 3.940106e-01 -1.844095e-01 1.515516e+00 3.539714e-01 -3.172113e-01 4.662480e-01 1.105963e+00 1.654133e-01 6.973818e-01 6.319982e-01 3.607208e-01 -5.714431e-01 -5.400104e-02 1.000855e+00 -6.385564e-01 -7.259888e-02 4.072283e-01 -4.546444e-01 -5.156523e-01 -3.217885e-01 -4.884814e-01 -1.918400e-02 -4.133290e-01 2.095025e-01 
-4.326666e+00 -1.357058e+01 -1.788001e+00 -2.009136e+00 -7.856296e+00 4.572813e-01 -9.531215e-02 1.226484e+01 -7.893920e+00 -7.070699e+00 -8.240668e+00 -6.272591e+00 1.814663e+01 -1.052834e+00 -7.074628e-01 1.688825e+00 -1.349232e+00 1.583757e+00 1.181245e+00 -1.142020e-01 3.639531e-01 -4.107579e-01 -1.445825e+00 -2.708557e-01 -4.957890e-01 6.691312e-01 -5.307520e-01 -3.687388e-01 2.181666e-01 -4.539839e-01 -4.247646e-01 1.399108e-01 -3.242880e-01 -5.528651e-01 -4.781070e-01 -4.360777e-01 -1.051514e-01 -5.274293e-01 1.572435e-01 
-5.974339e+00 -1.589492e+01 -6.861593e-01 -1.618987e+00 -9.149986e+00 2.220131e+00 -2.000572e+00 8.928661e+00 -6.457646e+00 -9.585561e+00 -4.729129e+00 -7.639557e+00 1.937312e+01 -9.999306e-01 -7.951502e-01 9.829721e-01 -1.345803e+00 5.099179e-01 6.275970e-01 -1.158928e+00 -8.814259e-01 -1.407020e-01 -1.309856e+00 2.626061e-01 -8.364542e-01 7.239771e-01 -7.741240e-02 -8.079309e-02 -3.511709e-01 -8.109593e-02 -6.124976e-01 -3.002741e-01 -7.350048e-02 -1.719807e-01 -1.727097e-01 5.926807e-02 -1.898605e-01 -3.339036e-01 -6.828006e-03 
-7.188034e+00 -1.752691e+01 -1.473956e+00 -2.378544e+00 -9.681979e+00 1.614489e+00 -1.736626e+00 9.362515e+00 -7.294617e+00 -1.094114e+01 -6.132322e+00 -9.065767e+00 2.007872e+01 -3.304028e-01 -1.119694e+00 -1.380066e-01 -8.122122e-01 -6.440552e-01 -8.686956e-03 -8.472372e-01 -5.449345e-01 1.387301e-02 -5.544927e-01 7.079960e-02 -9.558087e-01 6.123993e-01 2.343346e-01 2.962627e-01 -5.873691e-01 2.036464e-01 -5.093410e-01 -4.775094e-01 6.640735e-02 1.657831e-03 1.542553e-01 4.252546e-01 -2.907048e-02 -4.299149e-02 -1.300494e-01 
-5.623901e+00 -1.918000e+01 -2.321913e+00 -4.554221e+00 -1.045307e+01 6.567999e-01 -4.547171e+00 8.595653e+00 -8.560339e+00 -1.072745e+01 -7.119662e+00 -1.002877e+01 2.042461e+01 -1.833592e-01 -1.956732e-01 -4.484662e-01 -8.582895e-01 -4.330978e-01 -5.525440e-01 -3.182905e-01 6.067424e-02 3.008273e-02 1.618322e-02 -4.228452e-01 -8.074574e-01 3.549061e-01 8.101793e-02 4.938394e-01 -3.516133e-01 2.788790e-01 -1.681174e-01 -3.090100e-01 3.376267e-01 2.553233e-01 1.421637e-01 2.990273e-01 -2.053216e-02 3.707419e-02 -1.639258e-01 
-6.153717e+00 -1.752645e+01 -1.660521e+00 -4.602498e+00 -1.042489e+01 1.195687e+00 -3.058186e+00 9.706606e+00 -6.773089e+00 -9.271783e+00 -6.691432e+00 -9.857399e+00 2.068279e+01 -2.894064e-01 4.741329e-01 -5.323278e-01 -5.748320e-01 -4.915239e-01 -6.162507e-01 -2.024857e-01 -9.874640e-02 2.751355e-01 1.757920e-02 -7.359045e-02 -7.252376e-01 2.034904e-01 -2.952327e-03 4.479270e-01 -7.631690e-02 2.721885e-01 5.806331e-02 -1.205208e-01 2.523282e-01 1.749744e-01 7.927999e-02 1.012693e-01 1.252034e-01 6.180829e-02 -1.392699e-01 
-7.408278e+00 -1.687356e+01 -2.835413e+00 -4.798824e+00 -1.094407e+01 -3.329616e-01 -2.931016e+00 9.059981e+00 -6.568189e+00 -1.033948e+01 -6.563645e+00 -1.128083e+01 2.084553e+01 -6.153796e-01 8.771812e-01 -5.780119e-01 -7.003912e-02 -4.068868e-01 -6.136398e-01 2.068787e-01 1.718891e-01 4.394574e-01 -1.007997e-01 2.319941e-01 -7.663943e-01 1.088850e-01 1.279764e-01 1.266978e-01 5.549876e-02 2.875344e-01 1.056149e-02 1.180190e-02 1.473869e-01 1.062144e-01 2.048997e-02 6.251184e-02 1.929258e-01 8.725004e-02 -8.674831e-02 
-7.742803e+00 -1.630968e+01 -3.879245e+00 -5.130325e+00 -1.189406e+01 -9.717941e-01 -3.557259e+00 8.636656e+00 -6.915216e+00 -1.104741e+01 -6.778069e+00 -1.206610e+01 2.088565e+01 -1.291768e-01 5.835461e-01 -4.549005e-01 1.545876e-01 -3.667045e-01 -5.807421e-01 1.519442e-01 2.745636e-01 2.055290e-01 1.018052e-02 3.693199e-01 -6.673376e-01 3.903104e-02 2.942955e-01 -7.737032e-02 1.064230e-01 1.896572e-01 -3.346459e-02 3.487486e-02 6.682263e-02 1.246276e-01 -8.139758e-02 1.335951e-01 8.889312e-02 1.324723e-01 -5.368891e-02 
-7.906630e+00 -1.540215e+01 -4.102334e+00 -4.640762e+00 -1.175316e+01 -1.327571e+00 -3.263122e+00 9.990300e+00 -6.292225e+00 -1.034334e+01 -5.916351e+00 -1.275594e+01 2.086752e+01 3.764453e-01 3.831978e-01 -2.096429e-01 2.145154e-01 -4.426815e-01 -5.111607e-01 2.414151e-01 4.051367e-01 1.673885e-01 3.322327e-01 3.202979e-01 -4.000997e-01 3.436161e-03 3.705329e-01 -1.327642e-01 5.682617e-02 4.953182e-02 -9.988990e-02 2.480292e-02 -1.149454e-01 4.273361e-02 -1.674031e-01 1.599367e-01 2.701050e-03 1.690343e-01 -3.457690e-02 
-6.550808e+00 -1.534434e+01 -3.301288e+00 -3.908384e+00 -1.185350e+01 -1.210844e+00 -2.132317e+00 1.061421e+01 -5.883610e+00 -9.218843e+00 -5.168497e+00 -1.245654e+01 2.086684e+01 6.861159e-01 3.341467e-01 -1.843342e-01 2.312459e-01 -6.409376e-01 -4.930148e-01 1.142780e-01 4.077937e-01 4.231943e-03 4.690385e-01 3.268270e-01 -2.460426e-01 -1.220044e-02 2.237643e-01 -2.465174e-02 -8.058070e-02 -1.377024e-02 -9.186565e-02 -6.430292e-02 -1.776942e-01 -3.690704e-02 -1.389747e-01 1.250383e-01 -5.473037e-02 1.660015e-01 -2.325558e-02 
-6.121892e+00 -1.544069e+01 -4.172520e+00 -4.336796e+00 -1.317750e+01 -2.768953e+00 -2.436060e+00 1.009669e+01 -6.247219e+00 -9.592517e+00 -5.767213e+00 -1.308635e+01 2.087205e+01 8.295633e-01 3.380663e-01 -4.291629e-01 1.392285e-01 -7.692210e-01 -5.334842e-01 -3.490495e-01 3.187838e-01 -2.968661e-01 4.695969e-01 2.666734e-01 -1.318328e-01 -3.836622e-02 1.080830e-01 2.932578e-02 -5.540017e-02 -7.959876e-02 1.134177e-01 -1.278178e-01 -1.291895e-01 -3.652075e-02 -3.519188e-02 1.681580e-01 -4.646168e-02 2.104825e-01 -1.266373e-02 
-5.204389e+00 -1.461942e+01 -4.765875e+00 -4.126524e+00 -1.438666e+01 -2.716370e+00 -3.399440e+00 1.062196e+01 -6.916401e+00 -9.077797e+00 -5.218622e+00 -1.313128e+01 2.082218e+01 7.629942e-01 4.827560e-01 -7.479872e-01 1.234580e-01 -6.627608e-01 -8.910512e-01 -4.412186e-01 1.329829e-01 -2.573483e-01 5.666174e-01 1.223904e-01 2.858482e-02 -5.628152e-02 -2.422251e-03 1.712970e-02 4.218446e-02 -9.733083e-02 2.742030e-01 -2.121960e-01 4.281944e-02 -4.566301e-02 1.450445e-01 2.071392e-01 -2.520576e-02 1.969360e-01 4.726737e-03 
-4.431906e+00 -1.407436e+01 -5.516073e+00 -3.835432e+00 -1.433286e+01 -3.242577e+00 -4.374714e+00 1.158054e+01 -7.259875e+00 -8.065747e+00 -4.557714e+00 -1.307760e+01 2.069797e+01 8.783914e-01 4.555427e-01 -2.048171e-01 -1.294184e-01 1.352288e-01 -9.512332e-01 -1.267214e-01 3.599675e-01 1.222556e-01 1.124311e+00 1.900365e-01 5.150757e-01 -3.781619e-02 -1.225936e-01 2.518824e-04 1.602433e-01 -6.074383e-02 2.052031e-01 -2.050018e-01 1.464318e-01 -2.834423e-02 1.942446e-01 2.229106e-01 1.564334e-02 7.201869e-02 2.591043e-02 
-3.580584e+00 -1.361371e+01 -6.369042e+00 -3.541837e+00 -1.458989e+01 -5.429450e+00 -3.369249e+00 1.053774e+01 -6.663730e+00 -7.149144e+00 -5.161071e+00 -1.231778e+01 2.067236e+01 6.496747e-01 3.611360e-01 -8.567353e-02 -1.210532e-01 2.778300e-01 -1.345092e+00 2.172396e-01 1.589836e-01 5.198703e-01 1.177497e+00 2.390584e-01 4.152707e-01 1.113660e-02 -2.041317e-01 -1.001644e-02 2.219477e-01 2.960079e-02 -3.788436e-02 -6.954444e-02 5.656521e-02 -2.306489e-02 1.473945e-01 1.441094e-01 9.127486e-02 -7.042141e-02 2.952858e-02 
-2.541928e+00 -1.366556e+01 -4.394894e+00 -5.276228e+00 -1.240001e+01 -6.168602e+00 -3.084718e+00 1.193849e+01 -5.762407e+00 -4.935308e+00 -4.845469e+00 -1.091781e+01 2.075781e+01 2.732751e-01 4.001082e-01 4.086956e-02 -4.220077e-02 -2.135958e-01 -1.331515e+00 5.394717e-02 1.641079e-01 2.857300e-01 1.278845e+00 2.865819e-01 3.494540e-02 5.749638e-02 -2.612552e-01 1.099231e-02 9.230418e-02 1.322035e-01 -3.623300e-01 -2.514568e-02 -1.852938e-01 -9.807003e-02 -5.706283e-02 -8.150030e-02 6.705300e-02 -2.365510e-01 6.915136e-03 
-2.900684e+00 -1.301817e+01 -5.754919e+00 -4.011732e+00 -1.396397e+01 -7.978813e+00 -2.958463e+00 1.123811e+01 -5.065983e+00 -4.756006e+00 -3.879169e+00 -1.213488e+01 2.084802e+01 4.495795e-02 4.604702e-01 2.388344e-01 2.276804e-01 -6.778870e-01 -1.048751e+00 -2.487860e-01 1.157123e-01 3.979267e-01 1.209884e+00 5.306214e-01 -8.356719e-02 4.366702e-02 -1.515607e-01 1.392807e-03 1.608869e-01 7.152145e-02 -2.601174e-01 9.078441e-02 -3.081752e-01 -9.163182e-02 -1.297259e-01 -2.279173e-01 2.934959e-02 -1.157785e-01 -2.471451e-02 
-3.405546e+00 -1.237171e+01 -5.618845e+00 -3.811830e+00 -1.571365e+01 -8.625477e+00 -4.310214e+00 1.205041e+01 -6.630567e+00 -2.868314e+00 -3.765924e+00 -1.299450e+01 2.089744e+01 -1.255007e-01 4.608062e-01 9.448951e-02 3.571355e-01 -1.198526e+00 -1.225120e+00 -8.202556e-01 -1.088051e-01 -1.022436e-01 7.006313e-01 3.795952e-01 -4.183396e-01 -1.958658e-02 -2.998620e-02 -2.032410e-02 1.392864e-01 3.554267e-02 3.128722e-02 4.905780e-02 -1.635747e-01 -2.109962e-01 -4.637373e-02 -4.003404e-01 -4.511353e-02 9.705607e-02 -4.508121e-02 
-2.924191e+00 -1.195832e+01 -4.563196e+00 -3.135597e+00 -1.632207e+01 -9.445182e+00 -4.000524e+00 1.106025e+01 -4.240066e+00 -2.133332e+00 -3.047774e+00 -1.169752e+01 2.082105e+01 9.130865e-02 3.377303e-01 6.919230e-01 3.678883e-02 -5.303206e-01 -9.444448e-01 -8.865224e-01 -1.628942e-01 6.515080e-02 3.270676e-01 3.392431e-01 6.291325e-02 -7.396110e-02 3.309283e-02 -7.127228e-02 8.872420e-02 -2.233216e-02 2.559232e-01 3.425821e-02 -2.532800e-02 -2.318560e-01 -1.324551e-01 -4.268498e-01 -1.127460e-01 1.915444e-01 -4.449764e-02 
-3.157455e+00 -1.189133e+01 -4.518077e+00 -3.928410e+00 -1.721356e+01 -1.156157e+01 -6.664686e+00 1.148413e+01 -6.686628e+00 -2.743499e+00 -3.363067e+00 -1.322830e+01 2.067327e+01 1.002591e-01 3.597921e-01 5.106876e-01 2.309716e-01 -1.309217e-01 -1.138437e+00 -4.449960e-01 -7.518017e-01 2.201496e-01 -2.812997e-01 1.565345e-01 4.468866e-01 -1.091631e-01 3.094135e-02 -1.132504e-01 7.355956e-02 -3.384162e-02 3.470220e-01 9.854391e-02 1.154519e-01 -1.892351e-01 -1.651667e-01 -2.225483e-01 -1.338221e-01 2.620062e-01 -3.139642e-02 
-2.568328e+00 -1.156971e+01 -2.845440e+00 -3.769275e+00 -1.586607e+01 -1.123339e+01 -6.213645e+00 1.070674e+01 -4.712245e+00 -3.182865e+00 -2.384391e+00 -1.170308e+01 2.059053e+01 9.762193e-02 1.545164e-01 4.744405e-01 1.791347e-01 6.802724e-02 -9.208158e-01 -5.629594e-01 -7.221950e-01 -4.254844e-01 -4.334613e-01 7.839908e-02 4.415549e-01 -1.340717e-01 -5.009790e-02 -1.266661e-01 -1.750869e-02 1.168158e-02 1.396789e-01 1.256765e-01 3.982943e-02 -3.124142e-02 -3.522259e-01 6.760120e-02 -2.138127e-01 1.602392e-01 -1.400595e-02 
-3.082232e+00 -1.076679e+01 -3.924006e+00 -2.339922e+00 -1.659618e+01 -1.342362e+01 -5.428211e+00 8.467658e+00 -5.293387e+00 -3.750139e+00 -3.315108e+00 -1.075718e+01 2.046700e+01 2.609802e-02 -1.391507e-02 5.711709e-01 1.170126e-01 2.374167e-01 -7.443169e-01 -4.046316e-01 -7.751454e-01 -6.828268e-01 -3.183842e-02 -1.591113e-01 7.024323e-01 -1.465652e-01 -6.693561e-02 -8.649771e-02 -2.947426e-03 4.087633e-02 3.009260e-03 2.698697e-01 -9.953853e-02 2.159214e-01 -3.192868e-01 2.267136e-01 -1.077129e-01 3.292938e-02 6.681706e-03 
-2.473938e+00 -1.174818e+01 -2.488066e+00 -3.034394e+00 -1.629090e+01 -1.311819e+01 -7.433194e+00 8.956921e+00 -7.064055e+00 -3.797283e+00 -2.679572e+00 -1.072497e+01 2.025393e+01 -1.221443e-01 -1.088817e-01 5.740664e-01 1.522563e-01 -1.614790e-02 -5.132495e-01 -7.075806e-01 -3.075115e-01 -1.244552e+00 5.403730e-01 -5.720519e-01 7.364801e-01 -1.252712e-01 -2.100609e-02 7.087117e-02 -9.425703e-02 2.274139e-01 -5.097203e-02 2.941245e-01 -1.120848e-02 2.754105e-01 -2.897166e-03 1.573641e-01 8.772472e-02 -4.359805e-02 2.404300e-02 
-3.074275e+00 -1.187115e+01 -1.840998e+00 -3.710985e+00 -1.581398e+01 -1.434029e+01 -8.078192e+00 8.482618e+00 -8.924738e+00 -2.595497e+00 -4.010980e+00 -1.020530e+01 2.010910e+01 -1.246217e-01 5.910175e-02 4.462364e-01 4.487416e-01 -7.376573e-02 7.109179e-03 -8.704413e-01 1.204570e-01 -9.666557e-01 3.651778e-01 -5.678597e-02 4.640976e-01 -8.009002e-02 7.818047e-02 1.946811e-01 -2.525806e-01 3.308587e-01 -1.328451e-01 2.880094e-01 -2.819823e-03 2.148913e-01 2.035691e-01 -1.330091e-01 2.901278e-01 -1.774115e-01 2.564782e-02 
-3.183132e+00 -1.156191e+01 -1.016318e+00 -2.322757e+00 -1.633787e+01 -1.334120e+01 -8.426308e+00 9.161934e+00 -9.119373e+00 -1.057907e+00 -4.896523e+00 -8.296799e+00 2.014310e+01 6.789356e-02 4.724531e-01 6.564198e-02 1.150323e+00 -3.115856e-02 1.740782e-01 -3.860682e-01 2.068098e-01 -2.981375e-01 1.549435e-01 4.659724e-01 3.426853e-01 -4.708814e-02 1.596563e-01 2.601859e-01 -3.913954e-01 2.343383e-01 -6.221456e-02 7.788616e-02 1.419883e-01 -3.091951e-02 2.316186e-01 -2.619209e-01 3.184840e-01 -2.462222e-01 1.558119e-02 
-3.350937e+00 -1.056445e+01 -2.428982e+00 -4.517600e-01 -1.694159e+01 -1.327631e+01 -9.284018e+00 8.967448e+00 -9.099238e+00 -3.293770e+00 -2.490829e+00 -9.651042e+00 2.012201e+01 3.221031e-01 6.688817e-01 -4.375277e-01 1.272236e+00 -4.193572e-01 3.521438e-01 -5.794721e-01 4.207517e-02 -1.381593e-01 -5.042374e-01 7.725202e-01 1.221568e-02 -5.738159e-02 1.465914e-01 1.933042e-01 -3.690708e-01 -3.019228e-02 1.759880e-02 -1.957520e-01 2.048202e-01 -2.306328e-01 3.106535e-02 -6.763039e-02 -1.118495e-02 -1.754234e-01 6.448277e-03 
-1.996561e+00 -1.003911e+01 -1.865707e+00 1.087378e+00 -1.588315e+01 -1.277994e+01 -8.760700e+00 9.749270e+00 -8.467167e+00 -2.673169e+00 -1.109915e+00 -9.288824e+00 2.001186e+01 4.528441e-01 8.871483e-01 -9.410191e-01 9.122569e-01 -1.543614e-01 -2.962810e-01 -1.430183e-01 -4.229017e-01 -5.008119e-01 -3.344865e-01 6.057599e-01 -2.686788e-01 -5.871737e-02 4.528458e-02 3.931871e-02 -1.575704e-01 -3.394507e-01 1.191677e-01 -2.844467e-01 1.012078e-01 -2.654635e-01 -1.986365e-01 1.964571e-01 -3.186992e-01 -5.343778e-02 2.888483e-03 
-2.056957e+00 -9.288500e+00 -3.603874e+00 9.450508e-01 -1.813836e+01 -1.286049e+01 -1.080868e+01 8.399505e+00 -9.941342e+00 -4.308911e+00 -2.041560e+00 -9.647861e+00 1.988764e+01 4.159233e-01 8.182750e-01 -8.957638e-01 4.169263e-01 7.576351e-02 -7.364841e-01 3.225399e-02 -7.178299e-01 -7.101609e-01 2.717868e-01 -1.825520e-01 -1.074194e-01 -4.198071e-02 -2.256514e-02 -7.965217e-02 1.715866e-01 -3.999455e-01 2.729157e-01 -1.229874e-01 -2.524494e-02 -7.772529e-02 -9.883369e-02 3.373373e-01 -3.408539e-01 8.590213e-02 5.631275e-03 
-1.565476e+00 -7.764330e+00 -5.133991e+00 1.540108e+00 -1.651121e+01 -1.503058e+01 -8.379648e+00 7.331216e+00 -1.120193e+01 -2.222982e+00 -2.092304e+00 -9.641500e+00 1.996675e+01 2.474625e-01 5.942971e-01 -4.930779e-01 -1.192705e-01 3.169732e-01 -7.038475e-01 -1.859729e-01 -7.404145e-01 -1.005326e+00 7.493509e-01 -6.498662e-01 1.353116e-01 -4.033061e-02 -3.840505e-02 -2.107798e-01 4.234724e-01 -3.257422e-01 1.665837e-01 2.313805e-01 -3.955086e-01 1.881728e-01 8.470035e-02 1.460109e-01 -2.200142e-01 1.194313e-01 9.335136e-04 
-1.486998e+00 -7.610628e+00 -5.274004e+00 1.406363e+00 -1.624863e+01 -1.583351e+01 -9.313294e+00 6.587626e+00 -1.128247e+01 -2.159995e+00 -2.912251e+00 -1.001127e+01 1.993456e+01 3.118740e-01 4.170185e-01 1.964747e-01 -2.118364e-01 7.094442e-01 -5.907793e-02 -6.842685e-01 -1.877563e-01 -3.799277e-01 6.406043e-01 -3.039295e-01 2.397000e-01 -3.844479e-02 -1.838689e-02 -2.409946e-01 4.368270e-01 -1.953952e-01 1.201118e-01 3.608254e-01 -5.434728e-01 2.721270e-01 2.505330e-01 -1.367562e-01 1.959793e-02 -2.765905e-02 -3.705891e-03 
-1.044339e+00 -7.906561e+00 -3.496089e+00 2.602345e-01 -1.524314e+01 -1.481242e+01 -1.043770e+01 6.952772e+00 -1.282337e+01 -6.453016e-04 -3.924034e+00 -8.430394e+00 1.978678e+01 3.127531e-01 3.401621e-02 6.303673e-01 -4.020423e-01 3.617743e-01 5.219849e-01 -1.762344e+00 2.531177e-01 -2.425159e-01 2.110618e-01 -4.336558e-01 1.549546e-01 -5.588864e-02 -1.629777e-02 -1.087654e-01 2.407326e-01 -3.800562e-02 9.385060e-02 3.151934e-01 -4.112062e-01 1.288769e-01 4.687876e-01 -3.920072e-01 2.530535e-01 -1.941930e-01 -7.440757e-03 
-7.579133e-01 -7.132547e+00 -3.440585e+00 5.259361e-01 -1.522521e+01 -1.326512e+01 -1.320067e+01 7.649819e+00 -1.103020e+01 -2.217186e+00 -2.645227e+00 -9.055032e+00 1.978542e+01 2.912560e-01 -1.065300e-01 7.265615e-01 -4.186356e-01 6.539047e-01 4.547534e-01 -1.896928e+00 1.460782e-01 1.610318e-01 -1.428187e-01 -1.927203e-01 -2.554900e-01 -5.282418e-02 -7.229873e-02 7.626105e-02 9.481942e-03 -6.851038e-02 1.065950e-01 1.680197e-01 -1.479186e-01 -1.907159e-01 4.162897e-01 -3.810456e-01 3.077437e-01 -2.654299e-01 -1.175920e-02 
-3.658857e-01 -7.833610e+00 -2.898795e+00 -2.978436e-02 -1.521410e+01 -1.370481e+01 -1.524728e+01 8.065942e+00 -1.254069e+01 -1.139057e+00 -4.394344e+00 -9.344886e+00 1.976207e+01 1.762583e-01 3.123088e-01 4.455930e-01 -2.058025e-01 8.140569e-01 6.153256e-01 -1.635746e+00 -2.631015e-01 1.068140e+00 -8.190305e-01 5.598419e-01 -5.880174e-01 -7.034661e-02 -9.998740e-02 2.964988e-01 -1.811822e-01 -1.143143e-01 1.534102e-01 1.379067e-01 7.467142e-02 -4.602193e-01 3.559077e-01 -3.445811e-01 5.507262e-01 -3.847534e-01 -1.114644e-02 
-3.695022e-01 -8.180013e+00 -1.939473e+00 -5.422344e-01 -1.299348e+01 -1.411354e+01 -1.639318e+01 6.761056e+00 -1.061842e+01 -2.304518e+00 -3.640921e+00 -1.083153e+01 1.968251e+01 1.866592e-02 6.591387e-01 3.363155e-01 -6.524503e-01 1.016354e+00 7.343841e-01 -1.487240e+00 -8.835135e-01 1.046209e+00 -7.497900e-01 7.379480e-01 -7.160709e-01 -8.999058e-02 -7.498029e-02 3.447717e-01 -2.290091e-01 -2.040975e-01 1.785626e-02 2.026549e-01 -2.287785e-02 -5.006513e-01 1.217710e-01 -1.582881e-01 4.777011e-01 -3.794291e-01 -1.032944e-02 
-3.572061e-01 -5.821266e+00 -2.018611e+00 -2.350505e-01 -1.228857e+01 -1.131133e+01 -1.701988e+01 6.081741e+00 -7.689020e+00 -4.051938e+00 -6.269196e-01 -1.048243e+01 1.948645e+01 -5.086012e-02 1.133636e+00 -8.041878e-02 -8.566439e-01 9.476517e-01 1.071847e+00 -1.593871e+00 -1.533342e+00 1.094415e+00 -1.208229e+00 1.854536e+00 -1.538457e+00 -9.305504e-02 -5.633887e-03 2.394132e-01 -1.636845e-01 -1.411229e-01 -1.485074e-01 1.155018e-01 -6.992906e-02 -4.768299e-01 -1.758558e-01 1.724644e-01 1.895554e-01 -3.150329e-01 -3.530819e-03 
-6.693093e-01 -4.843081e+00 -2.199088e+00 -2.633875e+00 -1.160586e+01 -1.078997e+01 -1.975037e+01 4.224427e+00 -8.225156e+00 -4.509466e+00 -8.394870e-01 -1.206649e+01 1.947330e+01 2.985402e-02 1.206653e+00 -1.554867e-01 -1.113909e+00 6.763052e-01 1.239860e+00 -2.032268e+00 -1.722180e+00 7.567652e-01 -7.395993e-01 1.548309e+00 -1.677454e+00 -9.313362e-02 1.232369e-01 2.046741e-01 -2.866977e-03 1.256066e-01 -3.793225e-01 9.643623e-03 2.213483e-01 -4.179203e-01 -2.897212e-01 3.569118e-01 -3.518211e-02 5.968534e-02 -5.923468e-03 
-4.704023e-01 -3.834156e+00 -3.171302e+00 -3.267195e+00 -1.116951e+01 -1.000756e+01 -2.153806e+01 1.667850e+00 -8.265031e+00 -6.077971e+00 3.477456e+00 -1.641987e+01 1.940122e+01 1.425342e-01 1.235658e+00 -1.270681e-01 -6.807001e-01 2.415735e-01 9.401255e-01 -1.712806e+00 -2.227771e+00 3.336175e-01 3.810008e-02 1.102295e+00 -1.682599e+00 -8.637609e-02 2.180581e-01 2.234010e-01 1.188926e-01 3.467661e-01 -4.629978e-01 -1.742207e-01 5.849674e-01 -3.002942e-01 -4.332659e-01 3.862735e-01 -3.169466e-01 5.571979e-01 -1.727396e-02 
-1.637239e-01 -3.140434e+00 -2.140719e+00 -4.595704e+00 -1.017128e+01 -8.565808e+00 -2.429555e+01 3.574238e-01 -6.546475e+00 -4.989794e+00 2.048583e+00 -1.625010e+01 1.925956e+01 5.380334e-01 1.631427e+00 3.453237e-01 -1.125509e-01 -5.272030e-01 8.484818e-01 -3.209887e-01 -2.625564e+00 -2.204262e-02 4.116638e-01 9.381032e-01 -3.456606e-01 -1.229139e-01 2.167486e-01 2.516487e-01 -3.027875e-03 3.849906e-01 -4.051116e-01 -3.176430e-01 8.715522e-01 6.035814e-03 -6.296875e-01 -3.860426e-02 -3.990492e-01 6.229758e-01 -3.276782e-02 
1.028115e-01 -4.940130e-01 -2.683225e+00 -2.657477e+00 -1.179799e+01 -7.722982e+00 -2.331158e+01 -3.123932e+00 -6.860340e+00 -3.621073e+00 3.440945e+00 -1.680356e+01 1.916141e+01 7.852904e-01 2.038171e+00 2.637141e-01 3.766087e-01 -7.656416e-01 3.962685e-01 4.752913e-01 -2.582862e+00 -6.825090e-01 1.474052e-01 5.750409e-01 5.815812e-01 -1.644805e-01 1.167513e-01 1.440477e-01 -8.371821e-02 2.302679e-01 1.041491e-01 -1.526379e-01 6.980897e-01 3.938092e-01 -4.991062e-01 -3.614711e-01 -5.247422e-01 5.492452e-01 -5.068351e-02 
1.734572e+00 1.644046e+00 -7.162388e-01 -3.501428e+00 -1.392725e+01 -7.689791e+00 -2.046856e+01 -6.507767e+00 -9.037650e+00 -3.679036e+00 3.869484e+00 -1.360284e+01 1.897849e+01 7.921631e-01 2.063704e+00 -3.659987e-01 2.823971e-01 -8.455445e-01 -7.631008e-02 1.231423e+00 -1.514554e+00 -1.883617e+00 -9.873855e-01 -1.834082e-01 3.052701e-01 -2.179121e-01 -1.370927e-01 -1.484617e-01 -1.711260e-01 2.768672e-01 6.803071e-01 1.218738e-01 3.760401e-01 5.023574e-01 -3.165577e-01 -3.670079e-01 -6.226183e-01 2.106172e-01 -5.969971e-02 
2.507054e+00 3.964711e+00 -2.565056e+00 -1.931178e+00 -1.311944e+01 -8.464371e+00 -2.107467e+01 -7.813760e+00 -1.043247e+01 -5.996434e+00 5.441926e+00 -1.483581e+01 1.871919e+01 5.991684e-01 1.739832e+00 -1.900180e-01 2.730720e-01 9.214408e-01 6.394768e-01 1.001324e+00 -8.142415e-01 -1.231097e+00 -1.069609e+00 -9.605885e-01 7.380702e-01 -2.922449e-01 -4.077120e-01 -4.665436e-01 1.076913e-02 4.620479e-01 1.063969e+00 4.109282e-01 3.107165e-01 4.026939e-01 -1.504218e-01 -2.508474e-01 -4.030937e-01 -8.898883e-02 -6.107111e-02 
2.594935e+00 4.948401e+00 -4.029643e+00 -3.547201e+00 -1.373853e+01 -8.576996e+00 -1.925724e+01 -4.869873e+00 -1.417871e+01 -8.738901e+00 1.311446e-01 -1.570736e+01 1.839098e+01 -5.445629e-02 1.038333e+00 -2.835312e-01 1.323661e+00 2.030959e+00 1.336334e+00 1.296071e+00 -9.981446e-01 -1.330580e+00 -8.148426e-01 -1.407245e+00 6.291921e-01 -3.576201e-01 -5.419148e-01 -7.088130e-01 2.306362e-01 6.987405e-01 1.210122e+00 5.896538e-01 4.463885e-01 -1.301323e-01 4.717480e-02 -1.612523e-01 -2.525070e-02 -2.724053e-01 -5.611074e-02 
2.668350e+00 6.552863e+00 -1.976714e+00 -1.268891e+00 -7.285877e+00 -4.082420e+00 -1.891096e+01 -8.014341e+00 -1.044510e+01 -6.439665e+00 5.073919e-01 -1.206093e+01 1.799409e+01 -8.300313e-01 2.182381e-01 2.762612e-01 2.166080e+00 3.115999e+00 1.744684e+00 1.996512e+00 -8.273367e-01 -1.711137e+00 -1.193013e+00 -8.285074e-01 -2.538658e-02 -4.000511e-01 -4.982615e-01 -8.195220e-01 2.310385e-01 5.517375e-01 4.581600e-01 1.856970e-01 7.264118e-01 -3.779390e-01 -6.346484e-03 -1.655027e-01 1.841628e-01 -5.662154e-01 -6.466008e-02 
1.381603e+00 5.541644e+00 -2.427907e+00 2.785651e+00 -6.689840e+00 -3.198944e+00 -1.506979e+01 -1.139873e+01 -1.568407e+01 -7.531319e+00 -6.993225e-01 -1.184423e+01 1.755322e+01 -1.202835e+00 -7.196696e-01 5.541198e-01 2.829537e+00 4.107741e+00 2.319220e+00 2.965690e+00 -2.158689e+00 -1.407708e+00 -1.731861e+00 -3.756429e-01 -6.750077e-01 -4.445250e-01 -2.865741e-01 -7.777799e-01 2.165979e-01 4.199920e-02 -3.156434e-01 -1.650737e-01 5.510390e-01 -1.709506e-01 2.790751e-01 1.011015e-01 2.346264e-02 -3.796650e-01 -1.098578e-01 
-1.036745e+00 4.758913e+00 -1.984592e+00 5.733044e+00 -1.063783e+00 -2.429958e+00 -1.318557e+01 -8.686454e+00 -1.823565e+01 -1.256529e+01 1.714725e+00 -1.689461e+01 1.713797e+01 -1.317992e+00 -1.478731e+00 5.463985e-01 2.278805e+00 2.173676e+00 1.076547e+00 3.798557e+00 -2.123768e+00 -1.224210e+00 -1.438566e+00 -5.555685e-01 -1.440803e+00 -5.720537e-01 -7.248581e-02 -6.692740e-01 -5.346939e-02 -4.372811e-01 -1.148663e+00 -3.326482e-01 3.574356e-01 2.073586e-01 4.024166e-01 6.114358e-01 -3.315066e-01 3.085427e-01 -1.807911e-01 
-1.566561e+00 2.247382e+00 -1.255164e+00 7.099815e+00 3.689141e+00 2.192907e+00 -7.290928e+00 -1.532724e+01 -1.732248e+01 -1.433513e+01 -2.350665e+00 -1.666559e+01 1.659647e+01 -1.243272e+00 -2.002055e+00 6.643624e-01 1.477389e+00 9.237502e-01 8.450876e-01 3.150352e+00 -1.204632e+00 -1.786306e-01 -1.863732e-01 -1.426511e+00 -5.614526e-01 -8.209036e-01 -4.875712e-02 -4.558425e-01 -4.968640e-01 -8.510137e-01 -1.601969e+00 -5.314662e-01 6.383261e-02 1.068469e+00 5.734422e-01 1.083404e+00 -2.690421e-01 9.431037e-01 -2.542045e-01 
-2.447538e+00 8.062570e-01 1.693170e-01 7.967726e+00 -1.606876e+00 -1.395445e+00 -3.807482e+00 -1.666925e+01 -1.574685e+01 -1.023051e+01 -1.444701e+00 -1.685406e+01 1.561207e+01 -1.172227e+00 -2.486968e+00 -4.620925e-02 6.558150e-01 -1.035372e+00 8.185866e-01 3.691386e+00 -2.676564e-01 -3.134996e-01 1.091366e+00 -1.960508e+00 1.460557e+00 -1.115799e+00 -3.491278e-02 -2.241561e-01 -8.180968e-01 -9.732666e-01 -1.084298e+00 -2.354745e-01 -2.806006e-01 1.219252e+00 6.072910e-01 8.517542e-01 1.623226e-01 1.267848e+00 -2.206783e-01 
-4.129568e+00 -2.492134e+00 -1.834014e-01 9.054850e+00 -1.799435e+00 5.091188e-01 -4.007385e+00 -1.343058e+01 -1.782151e+01 -9.630386e+00 -6.252065e+00 -1.467200e+01 1.421150e+01 -1.519458e+00 -2.494807e+00 -1.633896e+00 -6.140526e-01 -2.297537e+00 -2.090759e-01 3.338467e+00 2.255365e+00 1.004149e+00 2.420197e+00 -1.018387e+00 2.589748e+00 -1.443696e+00 8.351240e-02 1.714299e-01 -7.302867e-01 -7.892088e-01 -3.599270e-01 -3.415896e-01 -6.519439e-01 8.979210e-01 9.018854e-01 4.688218e-01 7.068875e-01 8.214888e-01 -4.117127e-02 
-5.616307e+00 -5.306021e+00 -2.751978e+00 8.034598e+00 -3.496176e+00 2.505051e+00 3.629208e+00 -1.097263e+01 -1.955388e+01 -9.461132e+00 -6.137272e+00 -1.058860e+01 1.275133e+01 -1.354593e+00 -2.353253e+00 -2.394871e+00 -1.541769e+00 -1.637068e+00 4.262942e-01 2.301512e+00 2.242270e+00 1.220808e+00 1.516999e+00 5.196146e-02 3.322805e+00 -1.364099e+00 2.735914e-01 6.225671e-01 1.239206e-01 -3.093670e-01 4.807737e-01 -3.603460e-01 -1.221002e+00 2.633711e-01 8.871027e-01 4.316108e-02 7.865635e-01 -9.245969e-02 2.057968e-01 
-7.579338e+00 -7.170629e+00 -7.963974e+00 3.996149e+00 -6.853793e+00 -8.028559e-01 5.682681e+00 -6.898401e+00 -1.039812e+01 -2.619456e+00 -5.096404e+00 -6.849516e+00 1.080836e+01 -7.346128e-01 -1.211861e+00 -1.812772e+00 -1.369802e+00 -5.750062e-01 -6.666417e-01 5.855920e-01 2.030089e+00 3.563588e+00 1.944867e+00 1.101653e+00 2.614816e+00 -9.026225e-01 4.779824e-01 9.168863e-01 1.071851e+00 2.859905e-01 1.016467e+00 -1.709319e-01 -1.306176e+00 -4.774737e-01 8.003809e-02 -2.466529e-01 3.852177e-01 -7.161363e-01 4.183340e-01 
-7.495435e+00 -8.620930e+00 -7.914557e+00 2.788155e+00 -7.264956e+00 1.392222e+00 2.855211e+00 -8.724687e+00 -1.335437e+01 -6.151005e+00 -1.762778e+00 -4.151367e+00 1.049307e+01 -1.967050e-01 -1.570689e-02 6.627538e-01 -5.132585e-01 5.072622e-01 -7.542384e-01 -1.037079e+00 1.161815e+00 2.842309e+00 1.544919e+00 9.123078e-01 9.857588e-01 -3.574629e-01 3.847202e-01 9.967510e-01 1.429205e+00 5.720896e-01 8.557678e-01 -1.858856e-01 -7.768602e-01 -2.317916e-01 -3.979767e-01 6.855196e-02 1.024645e-01 -9.404956e-01 4.462288e-01 
-6.863273e+00 -6.893966e+00 -6.665898e+00 4.829372e+00 -2.789984e+00 -2.267733e+00 -6.922784e-01 -4.404437e+00 -3.103048e+00 -1.561421e+00 -2.930816e+00 -4.816560e+00 1.082762e+01 2.915756e-01 9.208570e-01 2.196499e+00 3.017331e-01 1.712733e+00 -4.735633e-01 -1.523179e+00 4.081733e-01 5.936086e-01 1.173030e+00 4.774251e-01 1.775908e-01 1.446370e-01 1.809840e-01 6.880326e-01 1.020565e+00 3.445203e-01 3.614828e-01 1.796847e-01 -5.913179e-02 4.369934e-02 -8.588208e-01 4.627348e-03 2.445129e-02 -6.012273e-01 3.265672e-01 
-6.958025e+00 -5.522580e+00 -8.671714e-02 5.051803e+00 -2.991509e+00 -5.332261e-01 1.631544e+00 -6.410247e+00 -8.989880e+00 -2.265876e+00 -2.658841e+00 -6.676558e+00 1.095456e+01 5.598622e-02 1.564234e+00 2.746532e+00 4.828881e-01 1.497850e+00 -5.996713e-01 -5.283151e-01 1.894391e+00 7.158701e-01 2.245560e+00 8.764511e-01 -1.611102e-01 3.434341e-01 4.712426e-02 3.779372e-01 1.906933e-01 1.430163e-02 -1.553302e-01 2.112880e-01 3.259988e-01 2.883513e-01 -3.453652e-01 -1.649434e-01 -5.140492e-02 -9.488592e-02 1.824539e-01 
-6.390236e+00 -4.114948e+00 -8.956417e-01 4.372709e+00 -4.271847e-01 -2.207691e+00 -1.321266e+00 -6.015180e+00 -9.612870e+00 1.303157e+00 -2.261244e+00 -4.698869e+00 1.130090e+01 4.399898e-02 1.438358e+00 2.248188e+00 -1.451889e-01 7.370407e-01 1.546268e-01 3.559970e-02 1.882245e+00 3.327700e-01 1.617649e+00 1.241868e+00 1.821742e-01 3.798147e-01 -3.603530e-02 9.337492e-02 -2.486789e-01 -4.170175e-02 -4.203019e-01 2.590783e-01 5.116705e-01 2.324677e-01 5.733323e-02 -4.997787e-01 -2.930393e-01 6.106026e-03 5.546840e-02 
-7.452037e+00 -2.189319e+00 2.932695e+00 5.430866e+00 -9.570426e-01 -1.636732e+00 5.277285e-01 1.552599e+00 -6.520024e+00 3.644900e+00 2.284975e+00 -5.015363e+00 1.197364e+01 1.627526e-01 1.615301e+00 1.590379e+00 -2.184189e-01 2.184802e-01 -1.182007e-02 -1.865126e-01 1.866682e+00 1.245811e+00 4.977957e-01 2.730955e-01 5.090894e-01 4.373323e-01 2.751145e-02 -8.665508e-02 -3.660941e-01 -1.624992e-02 -3.259848e-01 1.688933e-01 3.324772e-01 -3.662858e-01 7.795797e-04 -7.060935e-01 -6.411780e-01 -9.913183e-02 -9.541620e-03 
-6.396384e+00 -1.368965e+00 3.065188e+00 3.913900e+00 -1.219080e-01 -9.427054e-01 3.780447e-02 1.025658e+00 -2.674298e+00 3.571865e+00 8.069046e-01 -4.736244e+00 1.221708e+01 5.806401e-02 1.362206e+00 1.531075e+00 4.438047e-01 2.509263e-01 5.278594e-01 8.641496e-01 1.584280e+00 6.153275e-01 -4.520278e-01 -6.859370e-01 -1.268753e-01 3.751002e-01 3.216714e-04 -1.886844e-02 -2.963449e-01 1.813760e-01 -1.324160e-01 -2.587530e-01 2.022039e-01 -4.444457e-01 5.494524e-02 -1.942492e-01 -4.250686e-01 -6.351338e-02 -3.761147e-02 
-6.141421e+00 1.180647e+00 5.884786e+00 4.189257e+00 -2.051769e+00 -1.225015e+00 1.950665e-02 -5.972755e-01 -6.230242e+00 -9.114519e-01 -2.827162e+00 -4.112401e+00 1.268287e+01 1.864874e-01 1.169024e+00 1.274557e+00 1.071389e-01 1.109808e-01 5.802234e-02 7.198522e-01 2.119341e-01 5.784584e-01 -2.500298e-01 -1.365501e+00 -5.022431e-01 2.980958e-01 -3.509987e-02 -5.832868e-02 -3.301737e-01 1.471751e-01 3.815288e-02 -2.472422e-01 9.842543e-02 -3.910730e-01 1.029704e-01 2.965665e-01 3.243260e-01 2.965463e-01 -4.753222e-02 
-6.755140e+00 1.010887e+00 5.283554e+00 7.212461e+00 1.375015e+00 2.260634e-01 3.254103e+00 2.981600e+00 -6.681101e+00 1.321319e+00 -3.135029e+00 -5.785127e+00 1.282159e+01 3.368994e-02 1.567145e+00 9.244192e-01 5.989041e-01 1.286472e-01 -1.173946e+00 5.933626e-01 4.875040e-01 9.411110e-01 1.020450e+00 -6.427842e-02 3.701855e-01 2.614008e-01 3.658032e-03 -1.186552e-02 -3.580492e-01 3.610411e-02 1.290371e-01 -1.555670e-01 -2.235827e-01 -1.310980e-01 3.205087e-02 8.734345e-02 4.751846e-01 5.972645e-01 -5.015829e-02 
-6.340328e+00 2.465776e+00 8.196255e+00 4.317280e+00 -1.150883e+00 -1.930602e+00 2.518988e+00 1.634604e+00 -1.624135e+00 3.520470e+00 -2.571277e+00 -7.002196e+00 1.316159e+01 -5.935897e-04 1.221323e+00 2.428023e-01 4.399649e-01 4.704283e-01 -3.971936e-01 4.409707e-01 4.594156e-01 1.597657e+00 1.244365e+00 1.583952e+00 1.743323e+00 2.564506e-01 -3.980819e-02 -7.902269e-02 -3.800521e-01 2.960079e-02 2.497441e-01 3.522952e-01 -2.647369e-01 1.783867e-01 -3.534009e-01 -5.139282e-01 1.743212e-01 3.489125e-01 -7.353038e-02 
-6.128764e+00 5.824271e+00 6.531496e+00 6.844484e+00 7.107807e-02 -6.459861e+00 1.755054e+00 2.347166e+00 -2.715577e-01 6.458082e+00 3.576356e-01 -1.440495e+00 1.328467e+01 1.699450e-01 1.276758e+00 2.566363e-01 4.580667e-01 7.163721e-01 -2.226380e-02 -1.143099e-01 8.052066e-01 2.660241e-01 -7.626330e-01 2.152967e-01 1.736588e+00 1.451085e-01 -4.726044e-02 -2.348572e-01 -1.874974e-01 -1.851490e-01 1.030763e-01 7.357483e-01 -3.216718e-01 -1.354116e-01 -6.691462e-01 -9.420497e-01 -3.018472e-01 -2.154562e-01 -9.512258e-02 
-6.457502e+00 4.880956e+00 6.474918e+00 6.573419e+00 9.523244e-01 1.317116e-01 2.973689e+00 2.016927e+00 -1.446081e+00 2.742208e+00 3.345955e+00 2.431782e+00 1.373369e+01 -8.066841e-02 9.190651e-01 -2.918959e-01 3.255946e-01 1.065889e+00 1.243646e+00 -2.498653e-01 9.452690e-01 -8.509629e-01 -1.928135e+00 -6.337039e-01 5.590386e-01 -1.149326e-02 -2.493489e-02 -2.233693e-01 -8.854515e-02 -2.723589e-01 -1.462761e-01 4.479272e-01 -3.254093e-01 -3.848279e-01 -3.995687e-01 -3.500620e-01 -2.758728e-01 -3.908527e-01 -8.879082e-02 
-5.846677e+00 6.187191e+00 7.427794e+00 8.374682e+00 3.905610e+00 -9.166002e-01 2.454946e+00 6.816466e+00 -5.440252e+00 -2.102804e+00 -5.017194e+00 -1.819015e+00 1.326132e+01 -1.625813e-01 5.440140e-01 2.542770e-01 -2.697073e-01 3.463017e-01 1.684241e+00 -6.695905e-01 -4.325808e-01 -1.180349e+00 -2.103470e+00 -4.646959e-01 -1.149024e-01 -8.032575e-02 -4.077480e-02 -2.360375e-01 -7.663870e-02 -2.349298e-01 -3.429345e-01 2.453065e-01 -1.083009e-01 -6.392660e-01 2.819179e-01 4.840340e-01 2.001609e-01 -1.383222e-01 -2.675702e-02 
-6.884610e+00 6.879995e+00 6.288711e+00 5.180542e+00 2.261385e+00 1.516035e+00 9.197592e-01 4.126353e+00 -3.294920e+00 -1.839648e+00 -3.052725e+00 -4.017771e+00 1.311603e+01 4.096220e-02 4.708852e-01 -1.987044e-01 -5.579644e-01 -7.595959e-02 9.890805e-01 -9.084314e-01 -8.459358e-01 3.230230e-01 1.645757e-01 5.445360e-01 7.148728e-01 -7.474685e-02 5.479477e-02 -1.274923e-01 -3.838520e-02 -7.707230e-02 -3.227237e-01 -1.417952e-01 9.394041e-02 -3.398248e-01 4.602591e-01 7.343634e-01 2.885100e-01 1.111080e-01 4.697558e-03 
-6.728016e+00 7.544812e+00 7.896176e+00 6.192568e+00 1.147445e+00 1.269154e+00 -5.655660e-01 -8.698884e-01 -5.249169e+00 -1.768159e+00 1.233586e+00 1.209942e+00 1.319196e+01 -9.473345e-02 3.207080e-01 -1.730741e-01 -2.747813e-01 -4.273244e-01 1.331504e+00 -3.266008e-01 -1.495385e+00 1.088588e+00 6.111491e-01 6.269528e-01 9.670512e-01 4.295984e-02 9.426504e-03 5.887179e-02 -6.501382e-02 -7.407284e-03 -1.556734e-01 -3.283316e-01 2.713895e-01 2.649806e-01 3.643225e-01 3.956133e-01 -6.344844e-02 -1.623150e-01 -8.958046e-03 
-5.811959e+00 6.556993e+00 5.247028e+00 4.874431e+00 1.951839e+00 3.984099e+00 -5.825907e-02 1.630726e+00 7.349563e-02 3.397973e+00 2.943408e+00 4.491377e+00 1.339483e+01 1.593962e-01 3.932769e-01 -2.701262e-01 -5.714845e-02 -1.609430e-01 7.111468e-01 4.833500e-02 -2.224872e-01 3.158186e-01 3.865362e-01 2.630343e-01 5.736305e-01 -4.968115e-02 -1.404914e-01 5.379664e-02 8.635095e-02 1.134421e-01 9.617463e-03 -3.407160e-01 2.813978e-01 5.234747e-01 1.262817e-01 -1.284790e-01 -3.040942e-01 -6.347228e-01 -6.101275e-02 
-6.856763e+00 7.952236e+00 7.083312e+00 7.154171e+00 1.923659e+00 4.507323e+00 1.310875e+00 5.873716e-01 -1.681776e+00 -1.665756e+00 -4.880124e+00 -1.238114e+00 1.333658e+01 -1.747283e-01 8.771812e-01 -3.505630e-02 -5.572788e-01 -3.895669e-01 1.816499e-01 2.089293e-01 5.808790e-01 6.448864e-01 -2.362096e-01 -6.411964e-01 -8.560037e-01 -1.376861e-01 -1.992675e-01 -1.545204e-01 -1.111513e-01 7.924121e-02 2.114251e-01 -2.291539e-01 -2.433133e-02 3.412734e-01 4.001083e-02 -5.157933e-02 -7.131267e-02 -4.588209e-01 -1.041680e-01 
-6.023162e+00 8.642747e+00 5.344787e+00 4.413834e+00 1.068885e+00 3.452671e+00 2.230699e-01 2.285107e+00 -3.499425e+00 4.147515e-02 1.319294e+00 7.438129e-02 1.279553e+01 -6.215330e-01 4.615901e-01 1.640882e-01 1.504735e-01 -4.674655e-02 -1.394946e-01 2.308383e-01 7.332776e-01 1.176417e+00 -5.403448e-02 -3.418199e-01 -1.547249e+00 -2.894948e-01 -2.469743e-01 -3.515463e-01 -1.669427e-01 2.396719e-01 3.257384e-01 -8.660507e-02 -2.242104e-02 -1.898789e-01 -6.176300e-02 4.757932e-02 2.701050e-03 -3.598238e-02 -7.148788e-02 
-7.496159e+00 1.088771e+01 7.672011e+00 3.636397e+00 -3.588711e-01 2.442771e+00 3.383461e-01 1.706636e+00 -2.383947e-01 -1.271215e+00 -1.160349e+00 -8.615814e-01 1.280323e+01 -7.007288e-01 -4.860606e-01 -9.459521e-01 1.772711e-02 5.726163e-01 6.111482e-01 -5.394315e-01 -2.668972e-01 8.582613e-01 5.734577e-01 5.729002e-01 -2.666210e-01 -3.580130e-01 -3.422680e-02 -3.205839e-01 -1.535882e-01 2.538014e-01 2.671228e-01 -7.935944e-02 4.655696e-02 -3.203170e-01 -5.667280e-01 2.319513e-02 1.982735e-01 5.151432e-01 -1.164248e-02 
-8.600273e+00 7.397534e+00 5.773062e+00 7.385543e+00 2.859130e+00 4.318619e+00 1.582140e+00 4.736961e+00 5.233899e+00 2.930398e+00 -6.256819e-01 -3.433292e+00 1.221413e+01 -8.124500e-01 -6.828252e-01 -6.493265e-01 8.537004e-01 9.866794e-01 6.337475e-02 3.103800e-01 -7.480060e-01 -9.970093e-02 2.194376e-01 -3.304742e-01 9.901891e-02 -2.968809e-01 1.908372e-01 1.232750e-01 1.171227e-01 -8.731853e-02 -1.204869e-01 -2.418466e-01 1.250034e-01 -1.491250e-01 -8.757262e-01 -2.688000e-01 1.181481e-01 6.773301e-01 7.230448e-02 
-9.071863e+00 6.144980e+00 2.139168e+00 5.757003e+00 3.891947e+00 7.129780e+00 -2.065987e+00 -1.973638e+00 -1.756787e+00 -2.429345e-01 -1.043081e+00 -8.174472e-01 1.183719e+01 -2.503279e-01 -1.534533e-01 -3.963476e-01 3.600154e-01 4.292068e-01 -3.166463e-01 4.019015e-01 -2.801823e-01 -1.550735e+00 -2.570097e-01 3.444878e-01 8.966171e-01 -1.922178e-01 2.770213e-01 4.600051e-01 4.874294e-01 -1.982492e-01 -4.274251e-01 -3.923604e-01 2.375027e-01 3.477116e-01 -4.517634e-01 -3.219306e-01 3.105725e-02 2.888296e-01 1.140008e-01 
-9.297532e+00 7.600328e+00 4.864231e+00 7.621921e+00 3.877003e+00 1.425786e+00 2.976891e+00 3.851283e-01 -3.238859e+00 6.245923e-01 -3.917650e-01 5.471339e-01 1.179389e+01 1.075314e-01 9.116738e-01 4.748695e-01 -4.573076e-01 -5.774310e-01 -8.849155e-01 3.852808e-01 -5.751026e-03 -1.997721e+00 -9.827787e-01 3.631119e-01 1.257767e+00 -1.086465e-02 2.548516e-01 4.569364e-01 4.482507e-01 -3.021619e-01 -4.750127e-01 -2.440048e-01 8.090062e-02 5.078298e-01 3.959388e-02 -1.486687e-01 1.460998e-01 6.999683e-02 9.926555e-02 
-8.398834e+00 1.001872e+01 6.144401e+00 5.318578e+00 1.278522e+00 2.306278e+00 1.650300e+00 2.481256e+00 -3.755649e+00 -1.403372e+00 4.455091e-01 1.631403e+00 1.205229e+01 2.244470e-01 1.016719e+00 9.291377e-01 -3.179787e-01 -7.824997e-01 -8.766911e-01 6.106309e-01 1.100514e+00 -4.514411e-01 -4.348573e-01 3.814148e-01 5.982310e-01 6.888989e-02 1.066487e-01 2.445277e-01 3.105220e-01 -1.217066e-01 -2.628636e-01 -1.112197e-01 6.424789e-02 3.867915e-01 3.744810e-01 1.922431e-02 9.217135e-03 -1.256519e-01 6.019534e-02 
