-1.708848e+01 1.591467e+00 -3.739832e-02 3.111017e+00 -2.424968e-01 5.706066e-01 -1.722738e+00 1.068600e+00 1.381786e+00 -1.144566e+00 2.379946e+00 -3.835942e-01 6.899807e+00 4.900030e-01 -2.485275e-01 -5.551302e-01 -1.046753e+00 -3.099174e-01 -2.496869e-01 1.006676e+00 -3.454062e-01 -3.000441e-01 3.937073e-01 -6.350640e-01 6.034251e-01 3.829364e-02 8.737305e-02 -3.759423e-02 8.668036e-03 1.646213e-01 1.841664e-01 2.326239e-01 -4.250242e-01 7.239686e-02 -2.336353e-01 -3.294806e-01 -1.794398e-01 -2.349920e-01 -1.352091e-02 
-1.642499e+01 1.767980e-01 -1.447099e+00 -3.621901e-02 -7.411195e-01 2.594378e+00 1.770698e+00 1.260309e+00 3.712164e+00 2.096195e+00 3.103548e+00 3.027541e+00 7.133241e+00 7.647910e-01 -6.391657e-01 -1.136078e+00 -1.013123e+00 -2.976769e-02 3.716860e-01 1.661808e-01 -2.780576e-01 -7.836701e-01 -3.027673e-01 -6.848478e-01 2.550666e-01 -6.756373e-03 5.829912e-02 1.265646e-01 1.563203e-01 3.475450e-01 3.909624e-01 2.579251e-01 -5.960736e-01 1.727481e-01 -1.496278e-01 -3.576104e-01 -1.143506e-01 -4.963343e-01 1.695884e-02 
-1.497019e+01 1.056068e+00 -2.108197e+00 -5.486752e-01 -1.542735e+00 -1.689177e+00 1.563953e+00 -7.541308e-01 -1.283617e+00 -7.962458e-01 -1.157185e+00 9.276488e-01 6.974377e+00 7.894143e-01 -2.412588e-01 -2.212527e-01 -2.402370e-01 4.707738e-01 6.027724e-01 -6.980628e-01 -1.721865e-02 -1.226499e+00 -9.054431e-01 -1.507433e+00 -3.974240e-01 -6.756373e-03 -2.029902e-02 3.219329e-01 4.763276e-01 6.121724e-01 5.856275e-01 2.325072e-01 -5.054039e-01 1.760245e-01 5.602393e-02 -2.082967e-01 6.549656e-02 -3.894601e-01 6.827582e-02 
-1.432333e+01 -1.336938e+00 -4.682479e+00 -1.246078e-01 2.586721e-01 3.559328e+00 -2.535749e+00 5.895438e-01 -1.203825e+00 -2.832715e+00 7.243100e-01 2.356779e-01 6.828712e+00 6.318099e-01 3.806977e-01 5.952870e-02 2.878026e-01 1.254585e+00 6.136952e-01 -1.121325e+00 3.543426e-01 -5.849634e-01 -7.448036e-01 -7.705079e-01 -1.377934e+00 1.456664e-01 -1.903971e-01 4.537807e-01 7.283283e-01 6.479525e-01 2.501184e-01 -1.819428e-01 -3.070465e-02 -6.517408e-03 3.174978e-01 1.974812e-01 2.698014e-01 6.775413e-02 1.181111e-01 
-1.419202e+01 1.141925e+00 4.741344e-01 1.954018e+00 1.611531e+00 3.102126e+00 -3.060435e+00 1.317779e+00 -2.292391e+00 -3.207591e+00 -3.967427e+00 -9.747003e-01 7.018377e+00 4.549221e-01 8.511923e-01 1.228740e+00 1.363842e+00 1.975998e+00 7.918740e-01 -8.766294e-01 2.185511e-01 -1.193716e-01 -4.267556e-01 -2.646969e-01 -5.274202e-01 3.035177e-01 -3.064016e-01 1.500301e-01 2.237086e-01 9.263302e-02 -4.132541e-01 -4.156947e-01 3.210990e-01 -7.232611e-02 4.972005e-01 6.971295e-01 6.440556e-01 6.344111e-01 8.551475e-02 
-1.365500e+01 2.037046e+00 -2.440823e+00 1.514830e-01 3.954422e+00 3.267068e+00 -1.524374e+00 1.995835e+00 1.291424e+00 -4.224045e-01 6.562566e-01 -2.910925e+00 7.839563e+00 -2.004205e-02 1.083493e+00 1.780549e+00 1.424691e+00 4.682939e-01 -6.326007e-01 1.018786e-01 -4.285722e-01 2.502208e-01 4.452008e-01 4.286453e-02 6.588163e-01 4.287271e-01 -3.401794e-01 -2.001842e-01 -1.491718e-01 -3.775161e-01 -9.201900e-01 -4.596144e-01 3.685443e-01 -2.406951e-02 2.691439e-01 6.782926e-01 6.063648e-01 8.671920e-01 -3.435814e-02 
-1.302963e+01 3.624751e+00 2.914691e+00 6.132621e+00 6.489547e+00 2.416134e+00 -3.325292e+00 -3.642807e-01 -3.128368e+00 -4.135641e+00 -2.446582e+00 -1.358092e-01 7.986617e+00 -4.167602e-01 1.574338e-01 3.679065e-02 -3.456030e-01 -1.202284e+00 -8.525593e-01 2.958813e-01 1.272510e-02 8.420524e-01 1.985260e+00 1.306152e+00 1.756254e+00 2.792654e-01 -2.668898e-01 -4.655153e-01 -7.147823e-01 -8.289620e-01 -9.072164e-01 -3.707829e-01 3.857046e-01 2.928513e-01 1.772040e-01 5.612842e-01 5.792533e-01 4.074093e-01 -1.667193e-01 
-1.500483e+01 2.839264e+00 2.999860e+00 4.909579e+00 1.610694e-01 7.393493e-01 -1.893721e+00 -7.121007e-01 4.649590e-01 -1.427134e-01 1.782393e-01 3.110516e+00 8.488453e+00 -6.331789e-01 -2.733782e-01 -9.031078e-02 -7.451712e-01 -1.757224e+00 -8.621168e-01 1.351257e-01 3.369334e-01 2.800213e-01 1.440540e+00 1.475789e+00 1.816232e+00 -1.401796e-02 -4.050293e-02 -4.580717e-01 -6.744084e-01 -4.848137e-01 -1.977890e-01 -4.090377e-02 3.031684e-01 3.871178e-01 1.327319e-01 1.931565e-02 1.108259e-01 -4.181756e-01 -2.136148e-01 
-1.560110e+01 1.528065e+00 -2.062237e+00 -2.153080e+00 -2.503061e+00 1.031439e-01 -1.396415e+00 2.735649e+00 2.331375e+00 6.578842e+00 2.802403e+00 4.795530e+00 8.090365e+00 -5.728813e-01 -7.979944e-01 -1.409727e+00 -1.696005e+00 -1.447395e+00 -9.473150e-01 1.035265e+00 1.300108e+00 7.518811e-01 1.881869e+00 1.915074e+00 9.310120e-01 -3.086408e-01 1.530246e-01 -9.096754e-02 -2.028180e-02 3.039754e-01 4.117022e-01 1.915057e-01 2.926934e-01 5.464830e-03 1.032808e-01 -5.345829e-01 -4.486905e-01 -7.364610e-01 -1.146497e-01 
-1.553527e+01 1.718712e+00 -4.035207e-01 5.681019e-01 -3.354316e-01 1.130252e-01 -1.813258e+00 2.130502e+00 -3.810686e-02 1.423350e+00 5.410787e+00 3.704287e+00 7.717288e+00 -1.444198e-01 -7.291391e-01 -8.682203e-01 -3.243121e-01 -3.980741e-01 -7.897530e-01 1.247992e+00 8.632869e-01 9.589452e-01 5.934213e-01 2.924925e-01 -1.019450e+00 -3.453012e-01 1.652768e-01 1.708254e-01 1.789264e-01 4.750010e-01 3.821728e-01 4.064933e-01 1.570123e-01 -4.659145e-01 9.133999e-02 -3.534349e-01 -5.241079e-01 -4.410864e-01 3.589109e-02 
-1.562847e+01 1.952904e-01 -2.432254e+00 -1.767472e-01 -4.992344e-01 -2.007279e+00 1.810929e+00 4.714921e+00 8.824190e-01 4.490986e+00 4.512614e+00 4.222313e+00 6.828712e+00 1.039648e-01 -6.936625e-02 3.243386e-01 9.636692e-01 1.766247e-01 6.871381e-02 1.202871e+00 -2.230446e-01 1.019096e+00 -2.640967e-01 -3.454849e-01 -5.082064e-01 -1.282998e-01 9.355517e-02 3.123197e-01 3.896662e-01 3.677034e-01 2.128530e-01 4.931070e-01 -3.232633e-01 -6.812672e-01 -1.304719e-01 -3.222284e-01 -3.591793e-01 -3.881189e-02 1.216859e-01 
-1.571301e+01 -1.402147e-01 -1.156019e+00 2.300124e+00 -2.831091e+00 -2.153979e+00 2.742400e+00 2.614705e+00 5.983887e+00 3.868493e+00 7.854594e-01 -1.700166e+00 7.392612e+00 -1.452356e-01 2.164666e-01 -6.263498e-02 2.998997e-01 -6.583845e-01 6.623018e-01 8.364217e-01 -1.231184e+00 6.032084e-01 7.462863e-01 -1.436032e-02 3.303640e-01 7.523606e-02 -8.785926e-03 2.109137e-01 1.395202e-01 -1.592830e-01 7.423650e-02 3.444804e-01 -5.156939e-01 -2.068923e-01 -3.956167e-01 -1.678288e-01 -1.091865e-01 2.941909e-01 6.940470e-02 
-1.499201e+01 2.110135e+00 -6.414343e-02 1.799586e+00 -3.723509e-01 1.580402e+00 2.340086e+00 1.377821e+00 4.415505e+00 4.035756e+00 3.387597e+00 4.956914e+00 7.611456e+00 -1.046664e-01 2.908224e-01 1.357896e-01 -1.695898e-01 -2.529595e-01 7.922153e-01 -3.751817e-01 -1.058883e+00 2.772722e-01 1.942963e-01 2.726498e-01 6.197647e-02 8.947723e-02 -5.866853e-02 -4.653985e-02 4.054781e-02 -1.717376e-01 1.693566e-01 -8.773833e-03 -3.391913e-01 3.691913e-01 -4.143084e-01 -1.850645e-01 -2.806060e-01 -1.610199e-01 -1.382664e-02 
-1.657986e+01 1.843756e+00 -1.900728e+00 1.079565e+00 -3.690844e+00 1.630949e+00 2.104284e+00 -2.357276e+00 1.211103e+00 5.382481e+00 5.901297e+00 4.988886e+00 7.702004e+00 -8.404800e-02 1.452540e-01 -7.635096e-02 -5.540366e-01 1.879043e-01 5.709596e-01 -5.414175e-01 2.468037e-01 -6.481933e-01 -4.748162e-01 -5.625142e-01 1.663542e-01 -1.072200e-01 -3.241689e-02 -3.199153e-01 3.427067e-01 2.747436e-01 1.438307e-01 -1.681687e-01 1.020189e-01 5.903478e-01 -2.006399e-01 -2.273219e-01 -4.723952e-01 -5.314454e-01 -2.732616e-02 
-1.571890e+01 6.576005e-01 -1.380886e+00 -4.141058e-01 -1.333950e+00 6.133832e-02 2.541938e-01 1.906628e+00 4.654884e+00 4.705152e+00 3.317899e+00 1.187614e+00 7.121199e+00 -2.199957e-01 -2.666007e-01 5.339798e-01 5.319226e-01 6.002091e-01 7.048877e-02 1.958658e-01 8.838794e-01 -4.268337e-01 -5.788128e-01 -1.474480e+00 -1.231234e+00 -1.062330e-01 -9.112471e-02 -3.729882e-01 4.072189e-01 5.015793e-01 -2.996216e-01 -1.812133e-01 5.152241e-01 9.139995e-02 -2.847740e-01 1.056828e-01 -2.072327e-01 -3.696058e-01 2.951762e-02 
-1.577017e+01 1.312760e+00 -8.794798e-01 6.366280e-01 -1.410759e+00 1.460306e+00 1.078940e+00 3.584399e+00 2.623069e+00 1.159523e+00 -1.992236e+00 1.016334e+00 7.101746e+00 -2.496624e-01 -1.104356e+00 1.451792e+00 1.322833e+00 -3.658353e-01 1.823113e-01 1.061023e+00 7.490828e-01 -4.800431e-02 -3.802210e-03 -1.502827e+00 -1.680249e+00 3.646062e-02 -1.882068e-02 -1.691749e-01 1.639811e-01 3.215659e-01 -2.666005e-01 -3.603647e-01 1.839082e-01 -1.726774e-01 -6.747682e-02 3.191360e-01 4.516927e-01 6.575073e-02 6.481863e-02 
-1.649706e+01 1.042859e+00 2.095200e+00 4.680165e+00 1.488891e+00 2.018221e+00 3.832562e+00 2.827000e+00 1.575191e+00 3.253586e+00 -3.775622e-02 7.868187e-01 7.380338e+00 -4.775028e-01 -9.492599e-01 1.407840e+00 1.399892e+00 -1.474194e+00 8.045587e-02 1.399614e+00 -8.529578e-01 -1.446759e+00 4.872033e-01 -2.933094e-01 -8.626233e-01 1.651951e-01 3.569676e-01 -4.635793e-01 -5.422391e-01 -7.071983e-01 -2.961298e-02 -4.433014e-01 -5.811315e-01 3.105907e-01 -2.789091e-01 -1.479559e-01 4.420100e-01 3.307146e-01 2.964036e-01 
-1.743910e+01 -3.870838e+00 3.620190e+00 5.146441e+00 -6.931256e+00 1.564060e+00 5.620070e+00 9.279285e-01 2.511042e+00 6.089123e+00 6.481697e-02 -3.211616e+00 7.754805e+00 -4.933794e-02 -3.592263e-01 3.067212e-01 6.196268e-01 -1.079248e-01 -1.235746e+00 -2.238340e-01 2.519767e-01 -4.755482e-01 5.878680e-01 1.105422e+00 3.108905e-01 8.115813e-02 6.568008e-01 -8.091873e-01 -1.033231e+00 -1.408420e+00 5.413786e-01 -3.770863e-01 -9.822289e-01 1.088687e+00 -4.729576e-01 -8.014701e-01 -1.202678e-01 9.528819e-02 5.720147e-01 
-1.727176e+01 -1.497205e+00 3.408566e+00 4.330583e+00 -5.945044e+00 4.117453e-01 4.981395e+00 -1.029899e+00 -2.522787e+00 4.676528e+00 8.226093e-01 -1.011621e+00 7.620719e+00 1.464703e+00 -2.956965e+00 -1.604677e+00 -2.652525e+00 3.231793e-01 -1.436999e+00 -2.067408e+00 2.685379e+00 -1.607638e+00 -1.614438e+00 -5.685379e-01 -5.732045e-01 1.353345e+00 8.874658e-01 -1.043442e+00 -7.180348e-01 -1.366049e+00 4.297931e-01 -2.997818e-01 -8.427891e-01 1.162359e+00 -4.480633e-01 -9.640952e-01 -8.423100e-01 -4.772249e-01 8.102554e-01 
-1.562951e+01 7.866071e-01 -2.603713e-03 3.909991e+00 1.766422e+00 -3.915135e+00 -6.146949e-01 6.772677e+00 2.294385e+00 3.387051e+00 3.104534e+00 3.470204e+00 7.387054e+00 2.063229e+00 -4.146462e+00 -2.208119e+00 -3.692999e+00 1.442338e+00 -9.444477e-01 -2.116548e+00 4.423410e+00 -2.332417e+00 -2.960235e+00 -1.966472e+00 -1.348508e+00 2.302497e+00 7.554908e-01 -7.408267e-01 -1.154642e-01 -5.674589e-01 -4.576836e-01 5.110868e-02 -6.477898e-02 -7.504083e-02 -6.944319e-01 -5.386328e-01 -1.046077e+00 -8.160324e-01 7.916759e-01 
-1.007809e+01 -1.607098e+01 -4.116937e+00 -7.963896e+00 -1.243986e+00 -2.427236e+00 -3.387316e+00 1.333151e+01 -6.354436e+00 -3.467624e+00 -4.400404e+00 -5.420366e+00 1.433101e+01 2.903539e+00 -4.272877e+00 -9.249130e-01 -3.273955e+00 -1.003251e-01 -1.564182e+00 -1.867925e+00 2.873199e+00 -2.758641e+00 -2.559192e+00 -2.968881e+00 -2.419115e+00 3.105784e+00 1.955603e-01 5.276487e-01 3.605282e-01 8.004032e-01 -7.700748e-01 1.526930e-01 6.497345e-01 -1.301488e+00 -2.498784e-02 4.453118e-01 -2.610972e-01 -2.495553e-01 2.083274e-01 
-1.071975e+01 -1.731658e+01 -3.657856e+00 -7.171377e+00 -2.069790e+00 -1.738963e+00 -7.784147e-01 1.586446e+01 -7.235330e+00 -4.640189e+00 -7.156073e+00 -7.749773e+00 1.591225e+01 3.008633e+00 -3.405458e+00 -6.104208e-01 -1.906979e+00 -2.184648e+00 -9.165945e-01 -6.474614e-01 -2.170758e-01 -3.372136e+00 -1.633016e+00 -2.924855e+00 -2.846319e+00 3.163312e+00 -1.949217e-01 1.110416e+00 1.589276e-01 1.150458e+00 -7.266086e-01 1.385395e-01 8.144066e-01 -1.613214e+00 5.510818e-01 8.547000e-01 3.470120e-01 2.785489e-01 -2.834172e-01 
-5.208867e+00 -1.381007e+01 6.114952e-01 -6.499026e+00 -4.528531e+00 -8.497410e+00 -4.276320e+00 8.790119e+00 -1.155155e+01 -4.105982e+00 -8.891598e+00 -7.497040e+00 1.888714e+01 1.969779e+00 -6.892601e-01 -6.008501e-01 4.564366e-01 -1.713626e+00 -6.874197e-01 4.465896e-01 -1.501872e+00 -1.212534e+00 -5.155990e-02 -1.394932e+00 -1.072071e+00 1.964658e+00 -5.804312e-01 1.144029e+00 -3.544011e-01 9.436094e-01 2.595407e-03 3.141890e-01 8.941085e-01 -6.719528e-01 9.553389e-01 8.035579e-01 6.369908e-01 7.040167e-01 -6.602748e-01 
-3.020937e+00 -1.737118e+01 -5.418878e+00 -6.358001e+00 -7.514750e+00 -5.463083e+00 -3.407432e+00 7.958096e+00 -1.196743e+01 -4.458441e+00 -9.273946e+00 -9.722918e+00 2.092551e+01 1.555557e+00 -3.862380e-01 -1.575477e+00 1.940499e-01 -1.383958e+00 -6.900821e-01 7.981510e-01 -1.455116e+00 -3.500782e-01 5.930255e-02 -1.018453e+00 -6.293746e-01 1.455924e+00 -5.686941e-01 1.007842e+00 -3.296177e-01 5.143334e-01 5.168460e-01 5.198415e-02 5.029007e-01 2.771246e-01 9.011201e-01 5.982986e-01 6.013442e-01 7.761139e-01 -7.309944e-01 
-4.078696e+00 -1.948988e+01 -6.240706e+00 -6.088862e+00 -7.089966e+00 -4.002167e+00 1.603203e-01 9.775251e+00 -1.005081e+01 -3.816290e+00 -1.031579e+01 -9.793714e+00 2.164758e+01 7.279301e-01 -6.229409e-02 -2.214398e+00 3.935315e-01 -4.876708e-01 -1.065295e-01 1.879780e+00 1.324006e-01 5.068791e-01 6.124032e-01 -7.371120e-01 -7.522135e-03 6.580662e-01 -2.717952e-01 6.513186e-01 -1.432581e-01 1.109939e-01 3.639916e-01 -5.082583e-02 -4.743373e-02 5.016512e-01 3.141645e-01 3.293394e-01 4.528761e-01 3.524182e-01 -5.218930e-01 
-3.507028e+00 -1.640781e+01 -8.109229e+00 -6.405672e+00 -7.709532e+00 -7.436688e+00 9.940065e-01 8.096194e+00 -9.735334e+00 -4.488445e+00 -1.153615e+01 -9.748420e+00 2.181177e+01 7.860768e-01 1.320214e+00 -1.451790e+00 6.960807e-01 -2.132809e-01 -9.470419e-01 1.150534e+00 3.513581e-01 2.736433e-01 1.026572e+00 -2.470688e-01 5.019901e-01 1.615995e-01 -1.893668e-01 4.263096e-01 1.910762e-01 1.407821e-01 1.524999e-01 -1.595273e-02 -4.053991e-01 2.751588e-01 7.112925e-02 2.209959e-01 4.228239e-01 8.519408e-02 -3.574529e-01 
-1.326374e+00 -1.460348e+01 -9.115417e+00 -4.506803e+00 -6.869723e+00 -8.043249e+00 2.921766e+00 9.382828e+00 -1.013324e+01 -1.029379e+00 -1.144606e+01 -7.522161e+00 2.173466e+01 9.955239e-01 1.713995e+00 -1.378943e+00 7.604374e-01 -4.790311e-01 -8.131006e-01 3.319213e-02 1.030538e-01 4.645562e-02 1.111486e+00 4.838325e-01 1.243781e-01 2.338231e-03 -1.958401e-01 6.800078e-03 4.244221e-01 -1.184526e-01 -2.401409e-03 -4.157497e-02 -6.095062e-01 -2.129770e-01 4.830249e-02 -1.345817e-01 3.151308e-01 -2.655825e-01 -1.407315e-01 
-4.667932e-01 -1.321303e+01 -1.124048e+01 -3.668103e+00 -8.691075e+00 -8.177787e+00 9.649504e-01 9.910777e+00 -1.055863e+01 -7.193393e-01 -9.944288e+00 -8.348872e+00 2.169019e+01 4.748729e-01 8.570858e-01 -1.037811e+00 7.145893e-01 -6.257457e-01 -4.166016e-01 -3.055819e-01 -6.467105e-02 2.359253e-01 9.148012e-01 4.852499e-01 -2.693320e-01 -3.372334e-03 -2.697344e-01 -5.327743e-01 4.505765e-01 -3.672871e-01 7.041363e-02 3.508748e-02 -2.658976e-01 -4.791137e-01 3.267804e-01 -4.775699e-01 1.079570e-01 -3.862495e-01 -2.144658e-02 
-6.213169e-01 -1.251692e+01 -1.156999e+01 -3.655689e+00 -8.994069e+00 -7.697023e+00 3.408033e-01 9.383257e+00 -9.407180e+00 -1.434031e-01 -8.692698e+00 -9.871741e+00 2.172007e+01 -9.569219e-02 2.032063e-01 -2.992204e-01 -2.080587e-01 -2.935180e-01 -5.795566e-01 -4.397579e-01 -7.244285e-01 7.671662e-01 -4.710919e-03 4.724053e-01 -9.497778e-01 3.695413e-02 -2.061884e-01 -6.505027e-01 4.486680e-01 -4.189457e-01 1.754070e-01 -1.071189e-01 4.597801e-02 -4.383460e-01 3.131941e-01 -5.001742e-01 -1.168250e-01 -2.445467e-01 6.469669e-03 
-1.485055e+00 -1.316547e+01 -1.207088e+01 -3.258436e+00 -9.776164e+00 -9.693050e+00 7.565289e-01 7.772391e+00 -8.918910e+00 -3.572237e-01 -1.048674e+01 -9.920461e+00 2.180205e+01 -1.700122e-02 -5.882854e-01 2.613060e-01 -6.561363e-01 4.590952e-02 -8.883999e-01 5.757947e-02 -1.630501e+00 1.547148e+00 -8.031629e-01 2.984276e-01 -8.922229e-01 3.709513e-02 2.326706e-02 -3.661121e-01 3.243476e-01 -1.984871e-01 1.309775e-01 -1.385159e-02 1.256799e-01 -1.575123e-01 2.179209e-01 -3.101100e-01 3.157126e-02 -6.578087e-02 -3.036080e-04 
-1.295885e+00 -1.361105e+01 -1.019639e+01 -5.751694e+00 -7.794828e+00 -1.018332e+01 8.269340e-01 6.830147e+00 -7.116961e+00 -1.233543e+00 -8.812696e+00 -1.148558e+01 2.186318e+01 2.104683e-01 -8.158713e-01 2.147936e-01 -6.488780e-01 6.206892e-02 -1.112864e+00 8.160146e-02 -1.305894e+00 9.568558e-01 -5.304493e-01 -6.919321e-03 -7.868932e-01 1.446437e-02 1.493287e-01 -7.501229e-02 1.360258e-01 2.210306e-01 -7.018954e-02 2.282173e-01 4.640933e-02 2.642063e-01 1.015930e-01 -2.328710e-02 2.077605e-01 1.055107e-01 -5.900969e-03 
-2.145663e-01 -1.560779e+01 -1.062067e+01 -5.901161e+00 -9.061117e+00 -1.137668e+01 1.009652e+00 3.035006e+00 -3.967516e+00 -4.190131e+00 -8.391882e+00 -1.200322e+01 2.180413e+01 4.381604e-01 -4.639334e-01 3.269599e-01 -5.744943e-02 -1.486433e-01 -2.193078e-01 6.214639e-02 -5.615782e-01 1.230669e+00 -3.729398e-01 8.827235e-01 -6.796594e-01 6.286276e-03 9.035211e-02 1.955259e-01 7.694343e-02 4.057947e-01 -1.620587e-01 4.243238e-01 -1.814820e-01 6.153420e-01 4.226881e-02 1.666829e-01 3.614643e-01 9.174369e-02 4.517648e-03 
-2.041724e-01 -1.537532e+01 -1.122101e+01 -5.578393e+00 -9.041173e+00 -1.241954e+01 6.224238e-01 5.222283e+00 -7.098995e+00 -8.790150e-01 -9.774648e+00 -1.276485e+01 2.179116e+01 4.234012e-01 -2.339903e-01 3.480520e-01 5.977311e-01 -5.471886e-01 2.270267e-01 -2.100419e-01 6.216712e-02 1.433444e+00 -3.361876e-01 1.219163e+00 -5.286319e-01 2.278346e-02 2.458861e-02 1.921880e-01 1.434179e-01 2.032261e-01 -9.526392e-02 3.490621e-01 -3.652863e-01 5.264581e-01 1.022260e-01 1.162628e-01 2.438375e-01 8.380710e-02 1.194944e-02 
1.599628e-01 -1.460304e+01 -9.923741e+00 -3.632350e+00 -9.896257e+00 -9.671388e+00 1.169461e+00 5.768245e+00 -2.774320e+00 -2.399556e+00 -5.592160e+00 -1.267883e+01 2.186921e+01 3.283194e-01 9.840094e-02 5.794559e-01 7.495500e-01 -4.596718e-01 5.633136e-01 -7.039998e-01 7.622143e-01 1.520097e+00 -6.690697e-02 1.492797e+00 -5.627320e-01 5.556634e-02 -4.885776e-02 6.464619e-02 6.925572e-02 -1.699400e-01 -1.290676e-02 -4.052440e-02 -5.408338e-01 3.141479e-01 -2.735927e-01 1.991137e-01 -2.783467e-01 4.183822e-02 5.246716e-03 
6.339276e-01 -1.528329e+01 -8.804342e+00 -3.897516e+00 -1.011311e+01 -9.900938e+00 -3.029007e-01 5.774249e+00 -5.464570e-01 -3.809737e+00 -4.117013e+00 -1.379063e+01 2.194470e+01 3.883945e-01 -1.360606e-01 8.056172e-01 -3.615848e-02 -2.587192e-01 2.412264e-01 -1.361727e+00 6.644245e-01 1.323259e+00 -1.021447e-01 9.072610e-01 -4.263313e-01 4.950327e-02 -1.000395e-01 4.535303e-02 -1.603475e-02 -3.401524e-01 2.803100e-02 -2.110086e-01 -4.876581e-01 9.397426e-02 -4.479367e-01 2.140576e-01 -5.025908e-01 3.888448e-02 -8.746685e-03 
1.008110e+00 -1.516133e+01 -8.931835e+00 -2.993766e+00 -1.082348e+01 -9.819608e+00 -2.047942e+00 6.570247e+00 3.566307e-01 -3.059641e+00 -3.757021e+00 -1.430408e+01 2.200514e+01 2.113583e-01 -1.897893e-01 4.444296e-01 -5.902069e-01 -3.573556e-01 -4.290263e-01 -2.066220e+00 7.080967e-01 -8.220343e-02 5.055795e-01 -3.531031e-01 -5.216214e-01 1.911742e-02 -1.305918e-01 6.287710e-02 -4.549531e-02 -2.146652e-01 1.207732e-02 -2.181875e-01 -2.225191e-01 -1.467002e-01 -2.653649e-01 2.911083e-02 -3.721613e-01 7.111884e-02 -2.186991e-02 
1.313693e+00 -1.577599e+01 -7.689097e+00 -6.078434e+00 -9.871221e+00 -1.113952e+01 -4.577498e+00 8.143800e+00 -2.047728e+00 -1.059728e+00 -6.155984e+00 -1.408409e+01 2.197087e+01 -1.833622e-02 1.369049e-01 3.353724e-01 -4.333072e-01 -4.581519e-01 -3.318130e-01 -1.967301e+00 5.589748e-01 -5.117963e-03 4.478260e-01 -3.708198e-01 -3.547555e-01 -2.667326e-03 -1.442552e-01 2.175562e-01 -3.670553e-02 2.180775e-01 -1.624801e-02 -8.365277e-03 1.341215e-01 -2.279080e-01 1.251371e-01 -1.216156e-01 8.034336e-02 9.400395e-02 -2.956040e-02 
8.767999e-01 -1.530575e+01 -8.259313e+00 -5.492486e+00 -1.180418e+01 -1.119691e+01 -7.024914e+00 8.124071e+00 -2.435068e+00 -1.246304e+00 -6.338117e+00 -1.514031e+01 2.195188e+01 -1.212797e-01 2.763835e-01 5.870759e-01 -1.254353e-01 -2.995977e-01 -2.411535e-01 -1.513897e+00 8.146641e-02 8.575575e-01 -1.963475e-01 2.709667e-01 -2.429346e-01 -2.769511e-02 -9.470855e-02 2.147857e-01 4.888063e-02 3.525953e-01 6.960090e-02 6.882246e-02 3.154918e-01 -2.821089e-01 2.995234e-01 -2.452798e-01 3.718284e-01 9.485155e-02 -4.129605e-02 
6.075963e-01 -1.452687e+01 -7.463970e+00 -4.814674e+00 -1.191366e+01 -1.087121e+01 -7.650738e+00 7.792549e+00 8.242917e-01 -2.477152e+00 -4.680508e+00 -1.514602e+01 2.195790e+01 -1.665215e-01 7.187859e-01 5.508047e-01 8.218908e-01 -3.688752e-01 1.054419e-01 -9.673283e-01 -1.618639e-01 1.479080e+00 -3.592083e-01 9.969074e-01 -9.562871e-02 -7.486015e-02 -1.866389e-02 1.105759e-01 2.331768e-02 2.490641e-01 1.199303e-01 3.366091e-03 2.353894e-01 -2.350692e-01 -6.743462e-02 -1.076763e-01 2.624139e-01 3.028009e-02 -5.192633e-02 
7.548441e-01 -1.440447e+01 -6.108798e+00 -4.253058e+00 -1.130004e+01 -1.115929e+01 -8.080433e+00 7.153092e+00 3.208570e+00 -3.332779e+00 -3.139609e+00 -1.498768e+01 2.187314e+01 -1.881040e-01 5.932552e-01 5.811628e-01 5.452295e-01 -5.400680e-02 -3.034819e-01 -9.887928e-01 -3.420238e-01 6.732561e-01 -3.172057e-01 8.222210e-01 -1.768979e-01 -1.513535e-01 1.052202e-02 -8.587723e-03 -7.845028e-02 2.389752e-02 2.459946e-02 -1.682483e-03 3.184834e-03 -1.686521e-01 -5.437163e-01 1.504596e-02 4.706357e-02 -9.313513e-02 -4.771655e-02 
5.421143e-01 -1.263272e+01 -6.010386e+00 -2.589065e+00 -1.196756e+01 -1.063102e+01 -8.886180e+00 7.819997e+00 2.525838e+00 -1.812583e+00 -2.770740e+00 -1.463827e+01 2.163600e+01 -7.826298e-02 5.313739e-01 4.548538e-01 4.766388e-01 1.863052e-02 -2.838208e-01 -1.052912e+00 -4.044978e-01 -2.500100e-01 -3.005379e-02 6.656056e-01 -2.363569e-01 -2.004221e-01 5.157942e-02 -1.692751e-01 -9.382569e-02 -2.040938e-01 -7.864800e-02 7.033995e-02 -1.565579e-01 -1.776855e-01 -7.042630e-01 -4.121353e-02 -3.276487e-02 -1.713195e-01 -2.382193e-02 
-3.093964e-02 -1.328656e+01 -6.080235e+00 -3.879144e+00 -1.204734e+01 -1.283455e+01 -1.135092e+01 6.399982e+00 8.026157e-02 -3.164482e+00 -3.182019e+00 -1.627837e+01 2.135602e+01 -1.128247e-01 3.271654e-01 2.428961e-01 1.667104e-01 -3.703951e-01 -5.491906e-02 -1.455258e+00 -6.405661e-01 -9.964524e-01 -2.857038e-01 6.719836e-01 -6.382891e-01 -2.034536e-01 8.157170e-02 -1.104944e-01 -1.196306e-01 -1.321911e-01 -1.508008e-01 2.573998e-01 -9.201380e-02 -1.447344e-01 -4.608058e-01 -4.749249e-02 7.966199e-02 -1.340766e-01 3.083030e-03 
6.093286e-01 -1.242930e+01 -5.203879e+00 -2.617866e+00 -1.144687e+01 -1.145269e+01 -1.127995e+01 6.146515e+00 1.138179e+00 -2.711665e+00 -1.331756e+00 -1.568270e+01 2.121429e+01 5.375390e-02 5.480708e-03 2.508819e-01 -9.302857e-03 -6.038265e-01 3.328417e-01 -1.516911e+00 -9.011065e-01 -1.207365e+00 -5.810341e-01 9.081469e-01 -7.215489e-01 -1.678507e-01 9.740780e-02 -2.995040e-02 -1.365919e-01 -1.122467e-01 -2.597073e-02 2.115541e-01 -2.762379e-02 -9.193766e-02 -2.035935e-01 1.237740e-02 1.109694e-01 -1.344105e-01 1.832290e-02 
1.571911e-01 -1.287048e+01 -5.297616e+00 -3.404923e+00 -1.341250e+01 -1.102323e+01 -1.415930e+01 4.786972e+00 -1.079643e+00 -4.311871e+00 -4.990068e-01 -1.765737e+01 2.106678e+01 1.537307e-01 3.035916e-01 8.500995e-02 1.271527e-01 -4.968705e-01 6.751361e-01 -1.216865e+00 -8.175426e-01 -1.152163e+00 -2.791409e-01 1.099310e+00 -6.047082e-01 -1.521995e-01 1.342094e-01 9.585573e-02 -9.643306e-02 -1.140443e-01 3.667007e-01 -5.151824e-04 1.332896e-01 -2.865646e-02 4.505358e-02 2.997026e-01 -4.395377e-02 3.372185e-02 2.373212e-02 
7.167329e-01 -1.281324e+01 -5.147273e+00 -2.872604e+00 -1.430408e+01 -9.872435e+00 -1.506674e+01 4.121354e+00 -2.930735e+00 -4.144263e+00 4.287545e-01 -1.755688e+01 2.094126e+01 2.755868e-01 3.933687e-01 -1.491371e-01 -6.482867e-02 -4.792702e-02 4.089602e-01 -1.310213e+00 -7.757606e-01 -1.190101e+00 2.850743e-02 1.006829e+00 -9.251980e-01 -1.345038e-01 9.590707e-02 2.130166e-01 -5.065629e-02 -2.015258e-01 6.915238e-01 -1.836354e-01 1.680726e-01 -5.688025e-02 2.702832e-01 4.327224e-01 -2.018893e-01 1.796883e-01 2.561358e-02 
6.841651e-01 -1.157601e+01 -5.683473e+00 -3.115922e+00 -1.310314e+01 -1.024868e+01 -1.554226e+01 3.324927e+00 -3.646230e+00 -3.843879e+00 1.434103e+00 -1.836494e+01 2.073145e+01 4.472829e-01 6.124089e-01 -3.922637e-02 -3.756039e-01 1.185068e+00 -9.560664e-02 -8.920655e-01 -8.463920e-01 -7.799314e-01 9.080364e-01 4.029559e-01 -3.678244e-01 -1.014390e-01 2.463340e-02 2.097789e-01 2.261879e-02 -3.600112e-01 6.526330e-01 -2.020788e-01 3.981628e-02 -1.293821e-01 2.211698e-01 2.606789e-01 -1.906645e-01 2.840968e-01 3.210464e-02 
1.723562e+00 -1.110973e+01 -5.756698e+00 -3.086128e+00 -1.184152e+01 -9.794905e+00 -1.713978e+01 2.998980e+00 -3.529447e+00 -2.803056e+00 2.735665e+00 -1.995480e+01 2.070945e+01 3.864661e-01 9.161186e-01 5.965062e-02 -7.656153e-01 2.012717e+00 -1.998515e-01 -8.389066e-01 -1.171098e+00 -4.217617e-02 9.889114e-01 2.468720e-01 5.851452e-02 -6.513104e-02 -1.005099e-01 2.354808e-01 5.167616e-02 -4.355946e-01 2.853068e-01 -5.762535e-02 -3.286125e-02 -2.301078e-01 -4.566121e-03 -2.001419e-03 2.845128e-02 3.350296e-01 3.372740e-02 
1.890212e+00 -1.066019e+01 -5.189078e+00 -5.176174e+00 -8.718659e+00 -1.154010e+01 -1.758345e+01 1.116635e+00 -4.679840e+00 -4.424071e-01 3.620162e-01 -1.829757e+01 2.067564e+01 2.215192e-01 1.091056e+00 9.372722e-02 -1.322446e+00 1.735927e+00 -3.082055e-02 -1.253309e+00 -1.266699e+00 -6.203721e-01 5.440481e-01 5.259097e-01 3.239594e-01 -2.628510e-02 -2.011263e-01 2.027359e-01 1.235061e-02 -3.863755e-01 -2.148865e-01 1.320610e-01 -1.547710e-01 -1.943952e-01 -3.096682e-01 -2.147954e-01 4.245453e-01 3.901291e-02 3.041132e-02 
2.046121e+00 -8.690752e+00 -5.096119e+00 -5.670754e+00 -6.432633e+00 -1.022626e+01 -1.824056e+01 -6.297562e-01 -2.624246e+00 -9.003971e-01 2.199128e+00 -1.729806e+01 2.064368e+01 -1.140855e-01 1.331509e+00 4.282568e-02 -1.769435e+00 1.103230e+00 8.851146e-02 -1.293863e+00 -1.716054e+00 -1.292698e+00 2.005563e-01 1.087617e+00 4.040169e-01 -3.442835e-03 -2.279155e-01 1.036331e-01 1.968887e-02 -2.442394e-01 -5.210468e-01 9.514508e-02 2.647615e-02 -9.109516e-02 -4.823667e-01 -1.506872e-01 4.647464e-01 -1.797184e-01 1.709995e-02 
1.630362e+00 -7.330239e+00 -5.545074e+00 -8.436131e+00 -7.127734e+00 -1.018712e+01 -2.125848e+01 -1.194160e+00 -7.200454e+00 -2.075376e+00 4.332125e+00 -1.807377e+01 2.063303e+01 -3.080317e-01 1.418438e+00 3.093850e-02 -1.805605e+00 5.654104e-01 4.204975e-01 -1.438360e+00 -1.545942e+00 -1.702978e+00 2.282214e-01 2.105263e+00 -3.454948e-01 1.975193e-02 -1.277695e-01 3.099998e-02 1.632822e-01 3.682287e-02 -4.373050e-01 1.408449e-01 4.713834e-01 1.081095e-01 -1.338474e-01 1.303669e-02 2.370955e-01 -6.678258e-02 -5.548194e-03 
1.283204e+00 -6.117225e+00 -5.364609e+00 -1.030371e+01 -7.120520e+00 -1.002902e+01 -2.177200e+01 -4.426184e+00 -8.732373e+00 -9.838561e-01 6.188634e+00 -1.804636e+01 2.071338e+01 -4.883312e-01 1.270709e+00 1.895562e-01 -1.745362e+00 -7.208523e-03 5.021325e-02 -6.139402e-01 -1.486950e+00 -1.912791e+00 3.934044e-01 1.780959e+00 -5.053502e-01 -2.596826e-03 8.860499e-02 -7.991903e-02 2.490297e-01 1.641077e-01 -2.771962e-01 2.995977e-01 6.874135e-01 3.488776e-01 8.492656e-02 -6.642356e-02 -1.669240e-01 2.179586e-01 -3.565165e-02 
7.316309e-01 -4.854898e+00 -4.900075e+00 -1.188726e+01 -5.547419e+00 -9.536090e+00 -2.300967e+01 -4.715247e+00 -1.014117e+01 7.405038e-01 8.893673e+00 -1.965068e+01 2.073932e+01 -2.302307e-01 1.276406e+00 8.367677e-01 -1.150425e+00 1.047074e-01 6.926127e-01 7.637164e-01 -8.408211e-01 -9.794078e-01 5.128491e-01 1.364794e+00 4.447814e-01 -5.448542e-02 2.693875e-01 -8.866437e-02 1.336873e-01 1.965495e-01 -2.592859e-01 5.002275e-01 6.743198e-01 3.944663e-01 7.872410e-02 -3.809995e-01 -5.295589e-01 4.244382e-01 -6.013422e-02 
5.394441e-02 -3.574959e+00 -4.471115e+00 -1.267184e+01 -7.258862e+00 -1.030075e+01 -2.043486e+01 -6.303811e+00 -1.071769e+01 -3.413596e-01 8.823318e+00 -1.903636e+01 2.057722e+01 2.900493e-01 1.002851e+00 8.851089e-01 -1.276477e+00 -5.240685e-02 1.450453e+00 1.042116e+00 -3.241173e-01 -1.229688e+00 -2.738906e-01 6.231742e-01 1.098657e+00 -1.445854e-01 3.271993e-01 2.579283e-02 -1.230443e-01 1.420233e-01 -2.706341e-01 4.943326e-01 2.791068e-01 4.680448e-01 -1.146071e-01 -7.470001e-01 -7.076129e-01 1.701849e-01 -6.408530e-02 
1.094034e+00 -2.219290e+00 -1.808029e+00 -1.300404e+01 -6.534904e+00 -6.588034e+00 -1.810814e+01 -4.459207e+00 -1.110503e+01 1.676714e-01 9.838530e+00 -1.535460e+01 2.042854e+01 6.496841e-01 1.109031e+00 3.517096e-01 -1.057156e+00 -7.084627e-01 2.221605e+00 1.105139e+00 -1.550992e-01 -1.650854e+00 -1.343239e+00 3.648653e-02 9.746325e-01 -2.099397e-01 1.707198e-01 1.152824e-01 -4.401754e-01 -7.217493e-03 -4.495261e-01 -3.550501e-02 -1.408146e-01 3.274407e-01 -4.548987e-01 -1.110395e+00 -8.279653e-01 -3.803934e-01 -4.896302e-02 
2.552307e+00 -2.420945e+00 -2.485225e+00 -1.612794e+01 -6.888820e+00 -4.250721e+00 -1.901167e+01 -6.174719e+00 -1.439926e+01 -2.067099e+00 8.831866e+00 -1.470107e+01 2.014578e+01 7.076825e-01 1.483364e+00 -1.832137e-01 -1.081834e+00 -9.538136e-01 1.757316e+00 6.108159e-01 5.103287e-01 -2.149985e+00 -2.413496e+00 -1.092951e+00 8.067099e-02 -2.453311e-01 3.352581e-02 2.826456e-01 -3.601266e-01 3.596572e-01 -3.489577e-01 -4.935828e-01 -5.837079e-02 1.937638e-01 -9.621068e-02 -7.067834e-01 -7.024847e-01 -5.858457e-01 -1.300350e-02 
2.730737e+00 1.129551e-01 -4.134593e+00 -1.544516e+01 -9.274995e+00 -1.453165e+00 -1.819586e+01 -5.554990e+00 -1.655473e+01 -5.112663e+00 9.071861e+00 -1.694522e+01 1.990540e+01 4.145012e-01 1.612628e+00 -8.299375e-01 -1.283735e+00 -1.692266e+00 3.617190e-01 2.753301e-01 3.791133e-01 -2.793940e+00 -3.969306e+00 -1.917042e+00 -9.482200e-01 -2.489971e-01 -9.910689e-04 2.023353e-01 -1.403551e-01 8.631468e-01 -4.902832e-02 -8.454364e-01 1.417928e-01 -2.154577e-01 3.105359e-01 6.016029e-02 -4.700283e-01 -3.915919e-01 2.721283e-02 
2.774045e+00 2.675474e+00 -4.223917e+00 -1.686087e+01 -1.065798e+01 -4.081598e+00 -1.733703e+01 -3.203882e+00 -1.874296e+01 -9.768780e+00 3.742000e+00 -1.783778e+01 1.961222e+01 5.752206e-01 2.164157e+00 -3.247626e-01 6.351112e-01 -1.305241e+00 -8.755104e-02 1.165148e+00 3.776211e-01 -1.139407e+00 -2.494774e+00 -1.912613e+00 -8.691145e-01 -1.900585e-01 -2.981860e-02 -5.204741e-02 1.223976e-01 1.297174e+00 2.840727e-01 -6.169081e-01 4.580125e-01 -6.757909e-01 4.583402e-01 6.375735e-01 6.287865e-02 -2.673445e-03 5.487038e-02 
3.055722e+00 3.295851e+00 -5.088589e+00 -1.905619e+01 -1.311163e+01 -4.864122e+00 -1.756892e+01 -4.048771e+00 -2.290224e+01 -1.582818e+01 2.798458e+00 -1.852747e+01 1.945034e+01 7.110201e-01 1.780296e+00 -2.793475e-01 2.400203e+00 -7.779001e-01 -1.083236e+00 1.536896e+00 -1.166124e+00 -6.035475e-01 -1.001867e+00 -1.903844e+00 -5.083795e-01 -1.014390e-01 -1.146885e-01 -3.523932e-01 3.119290e-01 1.396382e+00 7.294515e-01 -2.023998e-01 5.646103e-01 -7.197882e-01 1.916764e-01 9.223872e-01 3.108633e-01 3.811851e-01 3.850162e-02 
5.266171e+00 6.808527e+00 -3.631889e+00 -1.114738e+01 -1.149652e+01 -2.982870e+00 -1.349939e+01 -5.039908e+00 -1.692199e+01 -9.183187e+00 2.405919e+00 -1.825570e+01 1.942301e+01 4.104220e-01 1.139383e+00 1.535289e-01 3.562011e+00 9.430863e-03 -6.048157e-01 2.270069e+00 -2.095972e+00 -9.534561e-01 -7.093639e-01 -7.850356e-01 -1.526643e-01 -4.482681e-02 -3.154732e-01 -7.938663e-01 2.933011e-01 6.038266e-01 7.929351e-01 2.217388e-01 5.198146e-01 -4.608595e-01 -2.777699e-01 2.946167e-01 4.326222e-02 4.559534e-01 -3.386426e-02 
5.039583e+00 6.948101e+00 -5.827066e+00 -6.300896e+00 -1.274541e+01 -7.418826e+00 -1.243046e+01 -1.046779e+01 -2.048308e+01 -1.041473e+01 2.206493e-01 -1.927805e+01 1.949272e+01 -7.648298e-02 3.631155e-01 4.905763e-01 4.234733e+00 1.297703e+00 -3.915473e-01 2.545911e+00 -1.982862e+00 -1.928516e+00 -2.499613e-01 -9.265032e-01 5.994439e-01 -1.290753e-01 -4.178143e-01 -1.003187e+00 3.203425e-01 -1.086088e-01 7.335453e-01 6.243115e-01 4.318868e-01 2.351400e-01 1.142089e-01 3.724209e-02 -4.147293e-01 3.982655e-01 -1.440476e-01 
3.834229e+00 6.546112e+00 -3.086860e+00 -5.428430e+00 -1.079420e+01 -5.828312e+00 -8.556505e+00 -1.047422e+01 -2.472004e+01 -1.602200e+01 1.105343e+00 -1.822563e+01 1.936697e+01 -6.084072e-01 -1.096498e+00 7.567883e-01 2.736866e+00 1.621611e+00 6.753410e-01 3.259629e+00 -1.518187e+00 -1.865616e+00 -1.397559e+00 -2.184830e+00 8.566666e-01 -3.455832e-01 -3.885388e-01 -1.010097e+00 5.834242e-02 -5.820962e-01 4.305155e-01 6.591846e-01 3.263364e-01 8.161381e-01 8.022604e-01 2.491884e-01 -6.430616e-01 2.878211e-01 -2.692592e-01 
3.389021e+00 5.242397e+00 -2.908213e+00 -7.418393e-01 -6.974540e+00 -5.399234e+00 -7.311005e+00 -1.124577e+01 -2.864628e+01 -1.365859e+01 -1.183814e+00 -1.554529e+01 1.883318e+01 -8.687327e-01 -2.117737e+00 1.020745e+00 2.269675e+00 2.083754e+00 1.398296e+00 3.201537e+00 -2.794503e-01 4.236356e-01 -4.714842e-01 -3.277595e+00 9.783541e-01 -6.712970e-01 -3.766001e-01 -7.727706e-01 -2.150279e-01 -8.796362e-01 1.396466e-01 7.035421e-01 1.546708e-01 1.237716e+00 1.520143e+00 5.915173e-01 -1.836356e-01 3.480518e-01 -3.429891e-01 
3.049139e+00 2.178821e+00 -1.307402e+00 -2.422939e-01 -6.273498e+00 -6.159126e-01 2.391070e-01 -1.224163e+01 -2.216878e+01 -1.454905e+01 -7.816552e+00 -1.583875e+01 1.802496e+01 -1.136104e+00 -2.670740e+00 1.801684e-01 1.634092e+00 1.768886e+00 1.796161e+00 3.574015e+00 1.133079e+00 1.881771e+00 6.474389e-01 -2.824845e+00 1.097012e+00 -1.119964e+00 -3.313766e-01 -2.147709e-01 -4.655771e-01 -6.443263e-01 1.435899e-01 3.679723e-01 -1.429096e-01 1.454145e+00 1.460397e+00 9.470321e-01 8.036049e-01 5.179051e-01 -2.913664e-01 
1.088490e+00 -1.457138e+00 -1.613283e+00 2.454556e+00 -4.586668e+00 -3.033797e+00 -8.208813e-01 -1.098115e+01 -1.964024e+01 -1.350857e+01 -1.170644e+01 -1.557993e+01 1.680731e+01 -1.695618e+00 -2.713566e+00 -2.962944e-01 3.880878e-01 1.922240e+00 2.565675e+00 3.161988e+00 2.880064e+00 3.798461e+00 1.685184e+00 -1.524707e+00 2.219462e+00 -1.456887e+00 -1.841926e-01 2.764037e-01 -3.809586e-01 -4.488195e-01 1.031338e-01 9.534936e-02 -2.279414e-01 1.082743e+00 8.688419e-01 7.849721e-01 1.304093e+00 4.665869e-01 -1.079705e-01 
-6.961534e-01 -3.457841e+00 -2.833431e+00 1.143622e+00 -3.143420e+00 1.969574e+00 6.068763e+00 -4.941266e+00 -1.981409e+01 -1.286021e+01 -7.757375e+00 -1.272298e+01 1.478028e+01 -1.851814e+00 -1.872470e+00 -9.125991e-01 4.561946e-01 2.420382e+00 1.931536e+00 2.564818e+00 4.172818e+00 3.748977e+00 2.259286e+00 9.566020e-01 2.825563e+00 -1.409581e+00 4.154466e-02 5.285834e-01 -2.839959e-02 -5.010228e-02 4.859019e-02 -4.763652e-01 -4.843616e-01 2.081707e-02 -4.857408e-02 2.951190e-01 8.479301e-01 5.881584e-02 1.496022e-01 
-3.216343e+00 -5.507416e+00 -3.626696e+00 5.055345e-01 1.071746e+00 6.136074e+00 5.584309e+00 -4.959462e-01 -1.083077e+01 -6.077271e+00 -8.837024e+00 -6.005763e+00 1.317102e+01 -1.431807e+00 -1.134806e+00 -3.377471e-01 6.145461e-01 2.273747e+00 1.807288e+00 2.566462e+00 3.614332e+00 3.834310e+00 2.647507e+00 1.352127e+00 2.446999e+00 -1.066383e+00 3.227195e-01 6.187739e-01 1.298972e-01 1.621389e-01 -2.728616e-01 -8.492593e-01 -3.990833e-01 -9.919629e-01 -1.081390e+00 -1.707485e-01 2.554209e-01 -5.215310e-01 3.243433e-01 
-4.057562e+00 -5.158262e+00 -4.863722e+00 3.013193e+00 2.999188e+00 4.457008e+00 9.861141e+00 3.379824e+00 -7.828758e+00 -6.968075e+00 -4.467800e+00 -6.497907e+00 1.279540e+01 -1.060305e+00 -8.172464e-01 5.891910e-02 1.270331e+00 1.836084e+00 -2.064735e-01 1.449942e+00 8.698527e-01 1.620934e+00 1.641768e+00 -2.357299e-02 1.277293e+00 -5.671673e-01 4.124275e-01 5.572227e-01 2.784365e-01 -3.837530e-02 -4.927817e-01 -7.078117e-01 -6.015267e-01 -1.421592e+00 -1.244974e+00 -2.994358e-01 -2.520959e-01 -5.940905e-01 3.311636e-01 
-4.389822e+00 -6.281015e+00 -2.286584e+00 4.592273e+00 3.710415e+00 4.759149e+00 1.011538e+01 2.929931e+00 -6.461708e+00 -3.216902e+00 -6.590276e+00 -6.457561e+00 1.246794e+01 -4.777253e-01 -1.474546e-01 -1.324950e-01 7.917690e-01 8.501199e-01 -6.116425e-01 1.724048e+00 -4.282738e-01 -5.444963e-01 1.140161e+00 2.425314e-01 3.859283e-01 -2.564702e-01 3.659272e-01 5.923042e-01 2.206443e-01 -1.747763e-01 -5.349235e-01 -5.388157e-01 -8.896797e-01 -9.608371e-01 -9.754415e-01 -5.376282e-01 -1.440800e-01 -4.411121e-01 2.449219e-01 
-5.410856e+00 -7.157203e+00 -3.208642e+00 5.451333e+00 4.717421e+00 1.625628e+00 1.105244e+01 -2.304524e+00 -1.389461e+01 -6.081409e+00 -8.998445e+00 -6.110434e+00 1.229611e+01 -2.667208e-01 4.199874e-01 3.770080e-01 1.756622e-01 6.682866e-01 -3.980327e-01 -2.161089e-02 -9.137406e-01 -2.865184e-01 1.515761e+00 2.509469e-01 8.855739e-01 -1.587561e-01 2.722769e-01 5.543187e-01 1.648950e-01 -3.012907e-01 -6.074376e-01 -4.755739e-02 -7.152106e-01 -1.672103e-02 -1.414422e-01 -2.109338e-01 4.762580e-01 -1.626637e-01 1.276831e-01 
-4.928576e+00 -5.245000e+00 -5.116632e+00 3.245089e+00 4.463229e+00 4.493493e+00 1.360882e+01 2.052692e-01 -1.052058e+01 -8.196970e-01 -5.359069e+00 -4.269745e+00 1.213840e+01 1.095481e-03 1.208041e+00 6.064611e-01 2.880445e-01 1.831045e-01 -7.910501e-01 -1.146169e+00 -2.980533e-01 -8.913122e-02 2.244937e-02 4.944625e-01 4.373382e-01 -4.588432e-02 1.165590e-01 3.335155e-01 5.799297e-02 -9.987774e-02 -5.513588e-01 -6.673030e-02 -7.502092e-01 2.114564e-01 3.672019e-01 -1.034694e-01 5.132675e-01 -6.243625e-03 6.931063e-02 
-5.121904e+00 -3.576280e+00 -1.563687e+00 4.565458e+00 5.964190e+00 2.599319e+00 8.006581e+00 1.739611e-01 -7.231631e+00 -5.879431e-01 -3.828690e+00 -3.164038e+00 1.216619e+01 6.168975e-02 1.276602e+00 5.139239e-01 1.573820e-02 -8.674968e-01 -3.546144e-01 -6.910298e-01 7.211287e-01 6.860120e-01 1.145916e+00 2.231760e+00 4.382902e-01 -3.396968e-02 4.815237e-02 2.099124e-01 -7.025186e-02 1.356890e-01 -3.944708e-01 -1.863494e-01 -2.173433e-01 2.972510e-01 3.291433e-01 4.110365e-02 5.877525e-01 -1.202269e-02 5.193059e-02 
-4.528755e+00 -2.030843e+00 -7.686684e-02 6.475252e+00 4.002799e+00 3.174927e-01 5.907837e+00 2.005515e-01 -1.023893e+01 -5.851724e+00 -6.702713e+00 -5.744275e+00 1.230329e+01 -5.912796e-02 1.091940e+00 8.903331e-02 3.723615e-01 -1.138767e+00 -9.669078e-01 -1.692281e+00 -1.882263e-01 8.052141e-01 8.077756e-01 1.818607e+00 5.784126e-01 2.771852e-02 1.867527e-02 1.249957e-01 -6.576289e-02 2.556551e-01 2.207395e-01 -3.692699e-04 -4.308971e-02 1.773351e-01 2.432792e-01 1.265917e-01 2.234680e-01 1.967686e-01 5.030782e-02 
-5.302066e+00 -2.381318e+00 -3.158787e+00 3.914957e+00 6.100420e-01 1.941071e+00 1.144805e+01 1.303197e+00 -1.060513e+01 2.164135e+00 2.831992e+00 -3.181547e+00 1.204392e+01 4.062153e-03 1.527762e+00 2.844708e-01 8.118502e-01 -6.431851e-01 -1.241822e+00 -8.351617e-01 5.175908e-01 9.121001e-01 1.328567e+00 2.527628e+00 7.548854e-01 6.402644e-02 6.972262e-02 2.044048e-01 2.168542e-01 4.248831e-01 7.691551e-01 1.783736e-01 -2.247373e-01 -1.279312e-01 -4.595807e-02 -5.499977e-01 -6.456437e-01 1.928389e-01 5.237744e-02 
-5.134377e+00 -3.832578e-01 -3.873894e+00 5.431966e+00 1.446455e+00 -1.163148e-02 3.426336e+00 -1.300950e+00 -4.807721e+00 1.843060e+00 4.034400e-01 -1.368644e+00 1.233826e+01 1.232482e-01 1.707512e+00 3.923089e-01 1.168232e+00 1.174588e+00 -3.491530e-01 -1.289479e+00 6.904886e-01 1.014258e+00 5.640397e-01 1.464007e+00 1.262840e+00 1.565940e-01 1.512809e-04 6.925252e-02 2.490834e-01 1.019204e-01 6.333982e-01 7.363431e-01 1.515283e-01 -2.268783e-01 -1.597965e-01 -5.789437e-01 -6.357099e-01 8.755708e-02 -1.512015e-02 
-4.798998e+00 3.238612e+00 1.757380e+00 9.146777e+00 4.026563e+00 -3.445392e+00 5.070799e+00 3.512347e+00 -5.386880e+00 2.207589e+00 5.256270e+00 -1.577225e+00 1.246910e+01 3.191227e-01 1.990791e+00 1.446611e+00 1.742240e+00 1.821604e+00 2.283238e-01 -2.016075e+00 -3.580402e-01 3.518284e-01 -1.482170e+00 -8.191403e-01 1.060402e+00 1.635736e-01 -1.997823e-01 -3.286940e-01 -2.017223e-01 -4.620873e-01 1.152345e-01 1.063187e+00 2.745472e-01 -3.192257e-01 1.704952e-01 -1.677346e-01 -4.900033e-01 -9.300671e-02 -7.567983e-02 
-4.164273e+00 3.696960e+00 -5.735989e-01 9.700448e+00 8.167465e+00 1.264580e+00 2.649086e+00 2.548229e+00 -7.776443e+00 -3.053433e+00 -5.950048e-01 -2.321066e-01 1.287390e+01 -2.159166e-01 1.206568e+00 7.533745e-01 4.167580e-01 7.958019e-01 1.979664e+00 -3.442180e-01 -8.847917e-01 2.863992e-01 -6.814969e-01 3.133096e-01 8.635040e-01 -9.763191e-02 -2.354640e-01 -4.735263e-01 -3.544280e-01 -7.137465e-01 -4.405559e-01 6.089323e-01 3.892168e-01 -1.777323e-01 3.860625e-01 4.583720e-01 7.023032e-02 -2.989984e-01 -1.074766e-01 
-4.191298e+00 5.532551e+00 2.423931e+00 1.049197e+01 6.357571e+00 2.444638e+00 1.756170e+00 -2.411744e+00 -7.361625e+00 -2.798917e+00 -7.643163e-01 1.551869e+00 1.259392e+01 -8.252710e-01 1.348422e-01 -9.046744e-01 -1.122723e+00 1.224667e-01 2.909676e+00 6.488654e-02 -2.908906e-01 2.128423e+00 1.112597e+00 6.529382e-01 4.895270e-01 -1.871679e-01 -2.239285e-01 -4.461554e-01 -3.591589e-01 -5.895861e-01 -2.987788e-01 -2.324836e-02 2.094485e-01 1.105902e-01 2.752620e-01 5.288534e-01 3.906200e-01 -2.565672e-01 -5.881720e-02 
-6.517813e+00 4.502700e+00 -4.403926e-01 6.843207e+00 4.259961e+00 6.941782e+00 3.362636e+00 -2.762566e+00 -2.388566e+00 9.388052e-01 4.980111e+00 1.384015e+00 1.178732e+01 -4.818787e-01 2.679362e-01 -2.041839e-01 -9.680002e-01 -1.785622e-01 1.354810e+00 -3.837675e-01 -2.317990e-01 2.056176e+00 1.558571e+00 1.079024e+00 5.323505e-02 -2.054276e-01 -1.214578e-02 -5.445071e-02 4.334333e-02 -1.392102e-01 -1.042943e-01 -6.988818e-01 -1.894615e-01 -3.662265e-03 -2.686982e-01 -1.011462e-01 -2.473182e-02 -1.315852e-01 9.409459e-03 
-7.748805e+00 3.509394e+00 -2.832652e+00 4.961718e+00 6.592666e+00 8.264739e+00 5.038390e+00 4.713205e+00 2.560714e+00 5.774945e+00 5.733301e+00 6.249487e-02 1.207634e+01 -6.675181e-01 2.294322e-01 1.295716e-01 -5.133902e-01 8.148412e-01 4.244570e-01 -9.490607e-01 -1.317212e-01 8.432620e-01 4.203709e-02 7.510000e-01 1.827119e-01 -7.662267e-02 9.982689e-02 1.748976e-01 3.636463e-01 8.445837e-02 -2.806879e-01 -7.487839e-01 -1.811740e-01 -2.872575e-01 -1.015314e+00 -6.482635e-01 -1.521848e-01 -1.808430e-02 -2.539766e-02 
-4.795187e+00 6.047697e+00 1.033964e+00 7.625795e+00 7.157065e+00 5.128558e+00 -9.108434e-01 -2.173288e+00 -2.457262e+00 4.525357e-01 1.551471e+00 7.788256e-01 1.210529e+01 -3.555726e-01 8.871424e-01 4.529640e-01 -5.839164e-01 -7.184614e-02 -2.721470e-01 -7.845603e-01 -9.825814e-01 -4.145176e-01 -6.519134e-01 1.406606e-01 3.590116e-01 -1.058805e-01 -5.642863e-02 9.448718e-02 9.153931e-02 -5.934691e-02 -4.025079e-01 -3.469115e-01 9.866074e-02 -4.049829e-02 -7.608869e-01 -3.031090e-01 -3.168623e-01 -1.296332e-01 -8.007776e-02 
-8.390459e+00 5.907243e+00 2.334867e+00 7.533434e+00 8.983085e+00 5.473265e+00 -8.521725e-01 -3.365140e+00 -3.110930e+00 -2.345756e+00 4.705267e+00 2.767956e+00 1.205202e+01 -3.893927e-01 6.997304e-01 5.849423e-01 -8.925142e-01 -1.334280e+00 -2.078519e-02 -6.406110e-01 -1.351855e+00 -1.712874e+00 -1.023474e+00 3.612331e-01 2.462386e-01 -3.639840e-01 -2.437564e-02 6.835128e-02 3.291386e-02 9.627095e-02 -4.223146e-01 -3.837691e-01 2.381006e-01 2.194133e-01 -1.931716e-01 2.034462e-01 -4.120038e-01 -1.935368e-01 -1.070062e-01 
-7.974700e+00 7.739752e+00 -7.595163e-01 2.637789e+00 2.705531e+00 6.976746e+00 2.385346e+00 -3.636190e+00 -1.624455e+00 1.739598e+00 6.197510e+00 1.825917e+00 1.126997e+01 -9.031461e-01 5.051479e-01 2.575691e-02 -1.075181e+00 -1.116528e+00 -1.570476e-01 -4.471949e-02 1.756748e-01 -4.701599e-01 5.756510e-01 -3.104059e-01 -6.267781e-01 -4.621211e-01 -1.102759e-01 -1.098268e-01 1.665078e-01 4.388357e-01 2.028895e-01 -3.444019e-01 2.804316e-01 5.045063e-01 4.094377e-01 1.623504e-01 -5.869737e-01 -1.317907e-01 -3.816811e-02 
-8.105664e+00 6.162174e+00 9.885234e-01 2.992834e+00 2.146649e+00 7.236321e+00 1.871413e-01 -1.314245e+00 -6.419434e+00 1.385853e-02 5.216161e+00 7.700713e-01 1.067412e+01 -5.156246e-01 7.621028e-01 5.077670e-01 2.136472e-01 -7.742202e-01 -1.551962e+00 -1.285681e-01 3.861764e-01 -9.462947e-02 4.455037e-01 -1.083384e+00 -2.920943e-01 -4.334977e-01 -1.240289e-01 -1.689413e-01 5.667585e-02 5.493004e-01 4.493288e-01 -3.383903e-01 4.539765e-01 4.856437e-01 9.451280e-01 -1.093716e-01 -5.892330e-01 1.180449e-01 4.753266e-02 
-9.453069e+00 8.445986e+00 1.835798e+00 4.520271e+00 4.992405e+00 3.462035e+00 -1.654567e+00 -2.320393e+00 -3.153733e+00 2.151030e+00 -2.560530e-01 -1.356084e+00 1.048376e+01 -8.437384e-01 3.068330e-01 1.324020e+00 1.057301e+00 6.625268e-01 -1.228578e+00 3.615535e-01 6.708908e-01 8.236882e-01 -5.746732e-01 -2.071886e+00 -3.080373e-02 -2.619693e-01 -1.886548e-02 -3.983564e-01 -5.613982e-02 2.851866e-01 1.906081e-01 1.343956e-01 3.980897e-01 2.473563e-01 5.313773e-01 -5.240342e-01 -9.265415e-02 3.840618e-01 5.900960e-02 
-1.022950e+01 9.364443e+00 3.576048e+00 7.660555e+00 3.968425e+00 -5.292609e-01 5.246389e-01 -2.092659e+00 -2.819765e+00 -3.241160e-01 2.515067e+00 2.898510e+00 1.027742e+01 -1.039242e+00 -4.589063e-02 2.192437e-01 7.877769e-01 2.271037e-02 -1.176968e+00 1.426102e+00 8.286675e-01 2.365837e+00 -9.951023e-01 -1.704177e+00 5.385136e-01 -2.263664e-01 -4.708824e-02 -4.805693e-01 -2.273659e-01 -1.624930e-01 -1.483325e-02 6.279593e-01 1.694590e-01 6.247407e-02 1.166140e-01 -1.843424e-01 3.414534e-01 8.521977e-02 4.304066e-02 
-1.113135e+01 7.672827e+00 4.566916e+00 5.590371e+00 5.107407e+00 4.716963e+00 4.024780e+00 1.074850e-01 6.937694e-01 -9.645433e-01 -2.811177e+00 6.075457e-01 1.015862e+01 -7.357516e-01 -1.082649e+00 -1.106104e-01 6.364282e-02 -5.620680e-01 3.274485e-01 1.168437e+00 1.191077e+00 9.565259e-01 -1.324156e+00 -4.633008e-01 8.782173e-01 -2.706409e-01 9.046411e-02 -6.800433e-01 -4.570024e-01 -7.698017e-02 1.072576e-01 6.185334e-01 -6.643763e-01 -3.452029e-01 -4.605948e-01 1.656468e-01 8.040711e-01 -9.248741e-03 5.143670e-02 
-1.246281e+01 6.319359e+00 7.192546e-01 6.396794e+00 2.203089e+00 7.237672e-01 4.478502e+00 1.614991e+00 3.485996e+00 -3.403823e+00 -2.027084e+00 2.480968e+00 9.704948e+00 -8.050976e-01 -9.459203e-01 8.836275e-02 -1.019669e-01 -2.360801e-01 8.097602e-01 3.152450e-01 4.383045e-01 4.218761e-01 -1.015389e-01 -1.804541e-01 -3.204822e-01 -2.139582e-01 2.201768e-01 -8.969077e-01 -2.369352e-01 3.373588e-01 7.942295e-01 8.064396e-01 -1.124904e+00 -6.232282e-01 -5.438851e-01 4.329108e-01 9.480205e-01 -6.056687e-02 1.080688e-01 
-1.201518e+01 4.555536e+00 2.711116e+00 5.470202e+00 3.064963e+00 4.472590e+00 2.211010e+00 1.781396e+00 -1.524053e+00 -2.929969e+00 -3.014219e-01 3.243734e+00 9.416862e+00 -5.084304e-01 -2.643335e+00 -8.955913e-01 1.117303e+00 1.328342e+00 8.707915e-01 -2.404903e+00 -8.599215e-01 -5.074381e-01 -1.932175e-01 1.186564e+00 3.524339e-01 -1.098642e-02 2.454429e-01 -8.147616e-01 -2.380642e-01 6.384083e-01 1.052469e+00 5.844482e-01 -8.255054e-01 -6.024933e-01 1.433225e-01 4.498326e-01 8.114586e-01 6.405553e-02 1.407123e-01 
-1.381299e+01 6.193435e+00 4.945761e+00 7.210666e+00 3.809290e+00 3.641799e+00 3.007817e+00 -7.378334e-01 3.983767e-01 1.507727e-01 3.577423e-01 -2.200323e-02 9.578506e+00 -5.200794e-02 -3.750127e+00 -5.729914e-01 1.947770e+00 3.048679e+00 2.583493e+00 -2.411753e+00 -1.261924e+00 3.784400e-01 6.039219e-01 2.211031e+00 4.985281e-01 1.840893e-01 3.019556e-01 -5.048026e-01 -1.691705e-01 4.370809e-01 6.592252e-01 4.136430e-01 -1.276902e-01 -1.467470e-01 4.118850e-01 1.652701e-01 5.791457e-01 3.233174e-01 9.583929e-02 
-1.299845e+01 -5.480998e+00 -2.024067e+00 1.076956e+01 1.094575e+01 7.611812e+00 -7.264627e+00 -3.015604e+00 -2.996799e-01 -3.708000e+00 1.929216e+00 3.621311e+00 1.016695e+01 1.149415e-01 -3.754351e+00 -9.702672e-01 2.230722e+00 3.057878e+00 2.362851e+00 -1.595736e+00 -9.713401e-01 1.694831e+00 5.723190e-01 2.398296e+00 7.888990e-01 2.339334e-01 2.248134e-01 2.933102e-02 2.036087e-02 3.977602e-02 8.805300e-02 2.070892e-01 5.037941e-01 2.262469e-01 4.776648e-01 8.088087e-02 1.743731e-01 2.030100e-01 2.660135e-02 
-1.223138e+01 -7.413014e+00 2.217436e-01 1.348577e+01 1.350591e+01 1.207171e+01 -2.842514e+00 -2.295947e+00 4.766383e+00 4.546989e-03 7.912652e+00 4.784873e+00 1.025055e+01 3.930670e-01 -2.914434e+00 -7.202097e-01 1.526670e+00 2.195350e+00 2.131970e+00 -7.278391e-01 -2.397574e-01 1.380111e+00 3.420119e-01 2.109337e+00 1.077799e+00 1.427758e-01 1.168277e-01 2.511023e-01 -4.422560e-03 -1.546179e-01 -2.569380e-01 -1.133931e-01 4.235684e-01 2.775927e-01 1.688497e-01 -7.540247e-02 -4.922546e-02 1.447313e-01 -1.740143e-02 
