-7.726997e+00 3.812296e-02 -6.635694e+00 -6.462407e+00 -6.024119e+00 7.013720e+00 1.851502e+00 -8.743904e+00 -5.189843e+00 1.855293e+00 2.688584e+00 1.547232e+00 9.364423e+00 -1.393629e+00 7.203155e-01 1.263445e+00 1.694248e+00 1.847831e+00 -2.006402e+00 -1.216702e+00 1.130950e+00 9.682361e-01 -4.860676e-01 -9.219369e-01 -3.009074e-01 -2.082826e-01 -2.662732e-01 -8.714837e-02 2.049628e-01 2.962981e-01 1.341123e-01 1.022679e-01 2.259638e-01 7.365727e-01 5.120187e-01 2.864123e-01 2.990752e-01 3.217072e-01 -6.161904e-02 
-7.785294e+00 1.235460e+00 -6.837503e+00 -5.084163e+00 -2.523376e+00 5.292208e+00 8.035555e-01 -1.155354e+01 -6.018285e+00 -9.477314e-02 1.611274e+00 2.929388e+00 9.202940e+00 -2.275141e+00 5.962447e-01 1.700476e+00 2.343870e+00 2.198626e+00 -2.273137e+00 -7.550386e-01 2.869637e+00 1.963576e+00 4.854704e-01 -1.521407e-01 7.628525e-02 -4.343314e-01 -1.616082e-01 -2.128030e-01 1.417016e-01 2.648526e-01 -8.138404e-02 3.653093e-01 3.272541e-01 8.025066e-01 4.842792e-01 2.636890e-01 4.157592e-01 1.585707e-01 -3.275621e-02 
-1.466591e+01 3.041544e+00 -2.173562e-01 1.319930e+00 1.464804e+00 -2.157541e+00 -3.708131e+00 -1.683944e+00 6.507313e-02 3.996415e-01 -1.382493e+00 -6.485711e-01 8.403648e+00 -2.284233e+00 3.466434e-01 2.069729e+00 2.851117e+00 2.343088e+00 -1.361599e+00 -3.177393e-01 3.944588e+00 3.030563e+00 4.601610e-01 1.885203e-01 1.119137e+00 -4.034131e-01 2.572448e-01 -4.114409e-01 -1.411405e-01 -2.308425e-01 -6.249796e-01 6.900150e-01 2.441461e-01 8.350358e-03 2.208569e-02 8.517895e-02 4.676796e-01 -2.058946e-02 3.623246e-02 
-1.563311e+01 1.517701e+00 -1.342236e+00 1.365629e+00 1.224523e+00 2.334934e-01 8.562036e-01 2.074436e+00 2.000466e+00 5.010449e+00 3.963036e+00 3.026115e+00 7.673154e+00 -1.756328e+00 -1.566947e-01 1.568795e+00 2.440120e+00 1.193291e+00 -5.022177e-01 -2.979490e-02 3.736776e+00 2.358581e+00 3.592683e-01 6.016327e-01 -2.180334e-01 -2.745646e-01 6.616333e-01 -4.719693e-01 -3.324517e-01 -7.942311e-01 -1.003707e+00 8.162480e-01 -2.355005e-01 -1.009647e+00 -6.481542e-01 -2.938246e-01 7.521378e-02 -3.972385e-01 1.173522e-01 
-1.522439e+01 1.630335e+00 9.656009e-01 4.567918e+00 3.817425e+00 2.734848e+00 2.369622e-01 4.165420e+00 5.953165e+00 1.603612e+00 2.455200e+00 7.094349e+00 8.112215e+00 -3.667922e-01 -9.604788e-01 6.235880e-01 4.920530e-01 -7.743881e-01 5.581893e-01 -3.585343e-01 7.392893e-01 8.812877e-01 2.980164e-03 1.039526e+00 -2.566735e-01 -1.069687e-01 6.922365e-01 -1.950519e-01 -3.900043e-01 -9.835900e-01 -9.790172e-01 4.651786e-01 -1.139208e-01 -1.386650e+00 -1.182757e+00 -4.991270e-01 -4.193106e-01 -5.315250e-01 9.033398e-02 
-1.628790e+01 1.157449e+00 4.153279e-01 5.492581e+00 2.266771e+00 3.348084e-01 -1.317910e+00 4.205853e+00 2.830236e+00 1.099876e+00 2.700532e+00 -2.032150e+00 7.975814e+00 7.427161e-02 -1.109972e+00 7.613037e-01 -4.479198e-01 -1.261164e+00 8.481268e-01 -1.912029e+00 -5.759038e-01 -2.025430e-01 -7.550380e-01 -2.016027e-01 -1.221987e+00 4.231132e-03 4.972210e-01 2.822495e-01 -2.732429e-01 -6.125906e-01 -3.088370e-01 9.161820e-02 2.216328e-01 -9.901494e-01 -8.836439e-01 -4.004656e-01 -6.084365e-01 1.795019e-01 4.341561e-02 
-1.617260e+01 -1.580385e+00 2.021697e+00 1.716631e+00 -2.928657e+00 5.830302e-01 -4.414117e+00 9.466329e-01 4.056294e+00 2.369843e+00 4.446532e+00 5.975033e-01 7.717346e+00 2.616698e-01 -1.519508e-01 5.234774e-01 -6.229565e-01 -1.324730e+00 2.890173e-01 5.372144e-02 -8.323611e-01 -1.602733e+00 -1.478313e+00 -1.506425e+00 -1.036532e+00 -9.117778e-02 1.428151e-01 5.549182e-01 -3.837329e-01 1.780549e-02 5.267938e-01 -4.310387e-01 5.093895e-01 -1.150511e-01 -3.059513e-01 1.669197e-02 -5.854013e-01 2.383173e-01 -2.960223e-03 
-1.478733e+01 -2.426672e+00 1.936365e+00 5.518085e-01 -1.708346e+00 5.549999e+00 -6.379142e+00 8.041533e-01 1.936705e+00 8.522955e-01 1.959359e+00 1.646015e-01 7.891729e+00 4.155490e-01 8.504682e-01 2.526197e-01 -6.545177e-02 -7.574897e-02 9.042863e-02 8.721136e-01 -4.283008e-01 -8.178248e-01 -9.022931e-01 -1.167555e+00 1.069482e+00 -6.530192e-02 -7.323210e-02 3.657670e-01 -5.505854e-01 1.846380e-01 6.239170e-01 -5.791298e-01 6.021740e-01 2.298187e-01 2.202110e-01 6.900944e-01 2.104996e-01 2.796591e-01 -4.675360e-02 
-1.466591e+01 2.662885e+00 2.822123e+00 3.923766e+00 -8.190668e-01 1.572259e+00 3.036334e+00 1.704278e+00 -1.613507e+00 -5.663835e+00 -4.706025e+00 8.132430e-01 7.698475e+00 1.766779e-01 8.338037e-01 -1.040688e+00 3.898038e-01 1.266812e+00 -1.217995e+00 7.961897e-01 9.021747e-02 -3.409725e-01 1.601289e-01 -1.404515e+00 -2.108046e-01 -8.699783e-02 -2.326010e-01 -1.635655e-01 -4.855072e-01 3.598669e-02 3.419519e-01 -3.214878e-01 -1.743595e-01 3.395588e-01 6.904006e-01 9.978102e-01 7.532423e-01 4.179501e-02 -4.430134e-02 
-1.496319e+01 3.287849e+00 1.278049e+00 4.061833e+00 8.329926e-01 2.920310e-01 -6.826236e-01 1.685505e+00 1.575839e+00 6.054611e-01 1.438825e+00 3.207242e+00 7.658582e+00 -2.492831e-01 2.261001e-01 -1.209529e+00 -3.092434e-02 5.625685e-01 -1.294135e+00 7.275181e-01 1.117976e-01 2.677852e-01 1.876225e+00 7.998788e-01 -2.365359e-01 -2.316372e-01 -2.512076e-01 -3.996262e-01 -1.535387e-01 -2.036278e-01 -2.861444e-01 -1.387390e-02 -2.975779e-01 3.875981e-01 4.427687e-01 4.841579e-01 6.026912e-01 -1.730187e-01 -4.156697e-02 
-1.520153e+01 -2.682234e-01 -2.852891e+00 1.911092e+00 2.135115e+00 -2.878285e+00 -3.280930e+00 9.572226e-01 2.531802e+00 3.294167e+00 -2.316428e+00 -1.977622e+00 7.398681e+00 -5.689079e-01 -6.574785e-01 -1.173004e+00 -4.601843e-01 6.583717e-02 -6.261284e-01 -7.457464e-01 5.955015e-01 1.306540e+00 2.121612e+00 1.276088e+00 -1.744881e-01 -2.295804e-01 -1.191156e-01 -2.513899e-01 2.443764e-01 -2.053431e-01 -5.678875e-01 2.576202e-01 -1.657365e-01 2.445063e-01 3.758428e-02 -2.290896e-01 5.430923e-01 5.894995e-01 2.128021e-02 
-1.576646e+01 1.696021e-01 -1.273777e+00 1.403548e+00 -3.725363e-01 1.304618e+00 4.169684e-01 1.737010e+00 1.202576e+00 5.754308e+00 4.763552e+00 3.774962e-01 6.883417e+00 -4.676574e-01 -4.020386e-01 -4.489806e-01 -6.584172e-01 -9.060189e-01 -2.749667e-01 1.552556e-01 1.257211e+00 5.724013e-01 5.376999e-01 5.055948e-01 1.862675e-01 -2.019131e-01 8.839019e-02 1.155948e-02 3.433045e-01 -6.612535e-02 -2.459191e-01 2.050045e-01 -8.454037e-02 -2.872138e-02 -2.914399e-01 -7.137302e-01 -1.454026e-01 4.706046e-01 9.873242e-02 
-1.710921e+01 9.348106e-01 -1.766621e+00 2.951946e+00 1.128377e-01 -2.064669e+00 -1.242699e+00 4.655915e+00 5.105684e+00 2.369843e+00 1.183675e-02 1.355674e+00 6.938359e+00 -3.097714e-01 -1.090126e-01 -1.990851e-01 -3.231411e-01 -8.383231e-01 -4.394336e-01 2.537301e-01 7.400047e-01 -3.052679e-01 -3.160340e-01 1.458012e+00 2.525241e+00 4.562874e-03 2.346035e-01 2.076948e-01 3.873493e-01 -7.865459e-03 -1.014375e-02 2.361345e-01 1.096515e-01 -4.216305e-01 -4.480546e-01 -4.912003e-01 -4.050050e-01 -1.643191e-01 9.634527e-02 
-1.634781e+01 6.757967e-01 -1.509654e+00 2.489351e-01 -2.686313e+00 -1.489706e+00 -9.253061e-01 6.122589e+00 3.150809e+00 3.756515e+00 2.802887e+00 2.471831e+00 6.879356e+00 6.309861e-02 9.706097e-03 2.006572e-02 -4.300562e-01 -2.149753e-01 -3.624159e-01 -1.949012e-01 -1.040033e-01 -3.836757e-01 -4.735279e-01 -1.818516e-02 7.666433e-01 1.450223e-01 1.631386e-01 2.157846e-01 3.295877e-01 1.373555e-01 1.677905e-01 2.473429e-01 -7.193760e-02 -5.640168e-01 1.093066e-02 -5.005113e-02 -5.917085e-01 -8.331863e-01 6.233921e-02 
-1.645957e+01 -1.066740e+00 -3.730213e+00 8.726695e-01 -8.998479e-01 -3.678110e+00 -1.340975e+00 2.464329e+00 3.142183e-02 2.713248e+00 5.954368e+00 9.601196e+00 7.423524e+00 3.386479e-01 1.751338e-01 5.292579e-01 -6.136248e-01 -3.305303e-01 5.981605e-01 -2.254247e-02 -8.321227e-01 -4.557967e-01 1.712880e-01 -4.872285e-01 -1.286187e+00 7.867397e-02 5.574812e-02 -2.031417e-01 3.186207e-01 4.646743e-01 -2.473581e-02 5.609519e-01 1.167768e-02 -4.711450e-01 2.721855e-01 2.472542e-01 -8.578010e-01 -1.412009e+00 7.447028e-02 
-1.577580e+01 1.218806e+00 -1.917244e-01 2.926889e-01 -9.410977e-01 2.993482e-01 -5.081330e-01 2.312704e+00 1.821582e+00 3.215120e+00 1.701282e+00 8.778871e-02 7.365716e+00 2.380047e-02 5.348175e-01 8.347986e-01 1.737074e-01 -3.210174e-01 4.428577e-01 -6.628373e-02 -7.768013e-01 7.021715e-01 4.382042e-02 -1.480350e+00 -2.073962e+00 7.270262e-02 -7.636540e-02 -1.026270e+00 5.597581e-02 7.532294e-01 -1.114281e-01 6.249621e-01 2.210085e-01 -3.605070e-01 2.150777e-01 3.333386e-01 -3.801417e-01 -5.883328e-01 1.420484e-01 
-1.570204e+01 1.539176e+00 2.203314e-01 -1.380426e-01 -2.412345e+00 3.170766e-02 -1.563601e+00 2.400791e+00 3.491750e+00 3.497003e+00 -1.873556e+00 -3.883718e+00 7.088376e+00 -1.141374e-02 -1.387428e+00 9.866797e-01 1.698514e+00 -9.088949e-01 1.962641e+00 2.478374e-01 -1.279224e+00 5.127354e-01 6.617163e-01 -2.099869e+00 -3.114491e+00 4.130696e-01 1.021467e-01 -1.747198e+00 -2.833415e-01 4.416251e-02 1.221557e-01 9.392688e-02 -1.727358e-02 4.646278e-01 -3.248556e-01 -5.401450e-02 8.220659e-02 -2.427007e-02 4.378164e-01 
-1.660773e+01 2.047124e+00 6.888421e-01 1.622804e+00 -3.535030e+00 -1.130038e+00 -1.145425e+00 2.270345e+00 4.931671e+00 3.583507e+00 -6.851292e-01 -1.155441e+00 7.410386e+00 -1.437175e-01 -4.340556e+00 7.126444e-02 2.180031e+00 -4.828091e-01 2.080215e+00 7.749990e-01 -1.682927e+00 2.075262e-01 9.479432e-01 -1.112520e+00 -1.260885e+00 6.880171e-01 3.857315e-01 -1.706865e+00 -4.997707e-01 -1.180267e+00 3.425623e-01 -5.441644e-01 -3.138483e-01 1.512899e+00 -8.210573e-01 -3.914291e-01 3.700545e-01 -5.036894e-02 6.546131e-01 
-1.610045e+01 -8.418177e+00 7.631420e-01 8.699733e+00 -4.147248e+00 6.849927e+00 2.169058e-01 -3.910669e+00 1.040075e+00 5.837456e+00 -3.351522e+00 -5.349799e+00 9.466663e+00 9.331286e-01 -6.123162e+00 -5.056422e-01 -1.395891e+00 3.611770e-01 2.492411e-01 -5.295331e-01 1.944078e+00 -1.832619e+00 -5.508367e-01 -2.600216e-01 -1.814153e+00 1.960047e+00 7.177750e-01 -2.342789e-01 -5.472568e-01 -2.049878e+00 2.765096e-01 -1.446079e+00 -6.520551e-01 2.073849e+00 -8.545717e-01 -6.236824e-01 3.254468e-01 5.443549e-02 7.056330e-01 
-1.629531e+01 -1.550534e+01 -1.063932e-01 6.774081e+00 -2.487626e+00 7.291210e+00 2.476761e+00 -2.946525e+00 4.085075e+00 6.784898e+00 -3.122120e+00 -5.483984e+00 9.616919e+00 1.480143e+00 -5.631622e+00 -9.178998e-01 -4.180482e+00 7.568070e-01 -1.421263e+00 -1.246844e+00 5.175846e+00 -2.230470e+00 -1.307014e+00 -5.499268e-01 -2.975851e+00 2.572310e+00 7.265525e-01 1.370422e+00 -4.359949e-01 -1.436862e+00 -1.874677e-01 -1.261049e+00 -6.275519e-01 1.403672e+00 -5.983514e-01 -5.544028e-01 -4.892006e-02 -9.342092e-02 5.416358e-01 
-1.119259e+01 -2.030038e+01 -1.910030e+00 -9.692894e+00 -1.130160e+00 -2.932601e+00 -6.022139e+00 1.473009e+01 -5.247848e+00 -8.580210e-01 -1.955200e+00 -1.079023e+01 1.578551e+01 2.765501e+00 -1.913391e+00 -1.255011e+00 -5.370679e+00 -1.461733e-01 -3.517022e+00 -2.001438e+00 5.660623e+00 -2.541136e+00 -1.329333e+00 -7.539452e-01 -1.984892e+00 2.999129e+00 2.126275e-01 2.066906e+00 -3.775418e-01 5.222481e-01 -7.452392e-01 -2.365877e-01 2.919669e-02 -8.423114e-01 1.729255e-01 -6.569322e-02 -2.521687e-01 3.212239e-01 -3.097670e-02 
-1.166089e+01 -2.016978e+01 -2.563803e+00 -1.008327e+01 -1.259753e+00 -3.344897e+00 -4.260184e+00 1.882974e+01 -3.076453e+00 3.959128e-01 -4.132920e+00 -1.331462e+01 1.711249e+01 2.572786e+00 4.067326e-01 -1.734030e+00 -3.017081e+00 -1.166478e+00 -2.341868e+00 -1.626804e+00 3.477099e+00 -2.429870e+00 -1.434712e+00 -1.110330e+00 -1.642725e+00 2.876716e+00 -2.239308e-01 1.581573e+00 -3.080735e-01 1.625584e+00 -8.749864e-01 5.373065e-01 3.179289e-01 -2.129368e+00 3.924230e-01 1.005568e-01 -1.023488e-01 6.025117e-01 -4.308245e-01 
-4.590253e+00 -1.565260e+01 -4.283406e+00 -9.724980e+00 -5.492339e+00 -5.417070e+00 -6.421762e+00 1.350409e+01 -8.084741e+00 2.385503e+00 -6.615712e+00 -1.135874e+01 2.071456e+01 1.449938e+00 1.192271e+00 -1.985323e+00 6.334955e-01 -2.403440e+00 -4.733604e-01 -1.934280e-01 -1.418123e+00 -8.683569e-01 -8.153206e-01 -1.240803e+00 -8.747428e-01 1.652987e+00 -6.798683e-01 4.490518e-01 -1.800556e-01 1.696937e+00 -4.410254e-01 8.274190e-01 5.920293e-01 -1.970306e+00 6.600451e-01 1.124469e-01 1.082582e-01 3.923080e-01 -7.165448e-01 
-6.732412e+00 -1.579591e+01 -7.589911e+00 -8.295204e+00 -6.138932e+00 -3.176038e+00 -5.457551e+00 1.505163e+01 -6.646147e+00 -2.010536e+00 -6.343298e+00 -1.341325e+01 2.153583e+01 1.018275e+00 7.235997e-01 -2.093120e+00 9.454422e-01 -2.489571e+00 -2.566385e-01 -5.612625e-01 -1.931515e+00 -1.104648e+00 -1.061167e+00 -8.183354e-01 -5.184623e-01 1.091216e+00 -5.125803e-01 -3.820185e-02 6.137890e-02 8.141193e-01 1.068423e-01 3.042036e-01 5.368971e-01 -1.063652e+00 6.309235e-01 2.984609e-01 2.399791e-01 3.927170e-01 -6.807159e-01 
-6.407110e+00 -1.652606e+01 -9.323790e+00 -7.419156e+00 -1.070770e+01 -5.384143e+00 -6.390675e+00 9.528139e+00 -7.804904e+00 -3.731293e+00 -7.053805e+00 -1.511451e+01 2.183896e+01 1.434672e-01 1.734309e-01 -1.975731e+00 1.132743e+00 -1.689831e+00 -4.224702e-01 4.259754e-01 -1.486560e+00 9.637931e-02 -9.538323e-01 -3.586471e-01 -5.855016e-01 3.091681e-01 -1.888636e-01 -2.423375e-02 2.349371e-01 -3.342206e-02 6.880277e-01 -1.099823e-01 4.190632e-01 1.443870e-01 4.484943e-01 3.454400e-01 3.666267e-01 2.728927e-01 -4.042837e-01 
-5.660849e+00 -1.611497e+01 -1.050934e+01 -6.509078e+00 -1.109992e+01 -4.644543e+00 -7.082119e+00 1.115992e+01 -8.740055e+00 -1.851325e+00 -8.005661e+00 -1.402870e+01 2.200642e+01 6.632043e-01 7.250593e-01 -1.431920e+00 8.041330e-01 -9.890533e-01 -8.463600e-01 7.480289e-01 -1.807042e+00 2.422819e-01 1.268815e-01 -3.513820e-01 1.761987e-01 1.450223e-01 -3.947405e-02 1.169604e-01 3.650133e-01 -2.734368e-01 8.143072e-01 -1.384313e-01 3.538253e-01 3.559781e-01 3.931634e-01 3.466555e-01 3.276863e-01 1.421381e-01 -2.221658e-01 
-4.408921e+00 -1.462574e+01 -1.270232e+01 -4.954360e+00 -1.146052e+01 -6.795236e+00 -3.479488e+00 8.017182e+00 -6.555820e+00 -2.463563e+00 -7.577923e+00 -1.397796e+01 2.202505e+01 6.831616e-01 1.070390e+00 -1.141180e+00 5.371119e-01 2.864756e-01 -7.283962e-01 1.247201e+00 -7.584404e-01 7.005109e-01 3.178528e-01 3.590001e-01 1.423779e-01 1.046825e-01 6.420372e-02 4.997174e-02 4.297057e-01 -3.850968e-01 6.253873e-01 -1.078324e-02 -3.604117e-02 4.577650e-01 6.251035e-02 2.200920e-01 2.445952e-01 3.956434e-02 -4.985689e-02 
-4.415363e+00 -1.312119e+01 -1.306052e+01 -5.507603e+00 -1.070736e+01 -6.702363e+00 -3.173127e+00 6.771930e+00 -6.059021e+00 -2.010164e+00 -7.837991e+00 -1.310031e+01 2.216790e+01 5.510890e-01 8.598343e-01 -6.853458e-01 -1.239751e-01 5.938355e-01 -7.958598e-01 7.973229e-01 -5.158134e-01 5.589972e-01 3.611254e-02 4.612083e-01 -1.715621e-01 8.265486e-02 -2.251991e-02 -2.515062e-01 4.233538e-01 -3.235209e-01 3.437274e-01 7.020698e-02 -1.973020e-01 5.166437e-01 8.512086e-03 -3.706161e-03 1.866874e-01 -1.800454e-01 -1.489598e-02 
-3.614026e+00 -1.267109e+01 -1.375420e+01 -5.234871e+00 -9.471581e+00 -7.997226e+00 -2.109135e+00 7.930058e+00 -5.642365e+00 -2.062737e+00 -5.342853e+00 -1.486700e+01 2.228161e+01 5.205752e-01 3.561312e-01 -2.005461e-01 -3.287401e-01 6.457504e-01 -5.016328e-01 2.212074e-01 1.565077e-01 2.507039e-01 1.918807e-01 4.579241e-01 -2.137305e-01 9.108111e-02 -4.835888e-02 -4.019542e-01 3.913534e-01 -1.283302e-01 -1.152565e-01 1.393931e-01 -2.873162e-01 1.940939e-01 2.223377e-02 -6.669727e-02 4.436314e-02 -1.833170e-01 -1.042550e-02 
-3.303218e+00 -1.279336e+01 -1.340996e+01 -6.988911e+00 -9.125082e+00 -8.022554e+00 -3.780836e+00 8.624645e+00 -6.401290e+00 -1.871086e+00 -6.817235e+00 -1.444263e+01 2.229140e+01 6.319970e-01 -1.754270e-01 2.145065e-01 -3.805979e-01 5.500323e-01 -6.086776e-01 2.745808e-01 3.187757e-01 5.098885e-01 1.715181e-01 5.324655e-01 -5.460009e-01 7.734700e-02 -1.075911e-01 -3.248387e-01 2.030331e-01 2.008182e-01 -4.428564e-01 2.465236e-01 -2.305452e-01 -5.668553e-02 1.898554e-01 -1.594401e-01 9.893450e-02 -1.944704e-01 -1.096803e-02 
-2.362098e+00 -1.300899e+01 -1.353033e+01 -5.856660e+00 -9.022988e+00 -8.643109e+00 -2.070025e+00 7.873740e+00 -5.130953e+00 -1.573543e+00 -5.798470e+00 -1.437578e+01 2.241872e+01 4.009085e-01 -4.218656e-01 3.656253e-01 2.386630e-02 -2.678489e-01 -1.251234e-01 7.207917e-02 -2.051078e-01 8.362121e-01 -8.318703e-02 5.451047e-01 -5.869645e-01 5.518666e-02 -1.920398e-01 -1.022805e-01 -4.269492e-02 3.051600e-01 -5.911349e-01 1.313127e-01 -1.931271e-01 -2.925208e-01 2.165584e-01 -2.378090e-01 2.909019e-03 -1.895629e-01 -1.648018e-02 
-1.881231e+00 -1.382898e+01 -1.209981e+01 -7.099267e+00 -8.181490e+00 -9.422954e+00 -1.820323e+00 8.394079e+00 -3.765862e+00 -1.396806e+00 -4.947375e+00 -1.607562e+01 2.248585e+01 7.288462e-02 -3.753999e-01 4.674495e-02 7.037501e-01 -1.163602e+00 2.484611e-01 -2.807972e-01 -6.182294e-01 1.215440e+00 -6.234289e-01 9.122382e-01 -9.573586e-01 4.576519e-02 -1.759870e-01 1.752190e-01 -1.097511e-01 3.404933e-01 -4.352275e-01 7.091448e-02 -1.009669e-01 -2.079228e-01 1.702601e-01 -9.068885e-02 -4.041899e-02 -1.813572e-02 -1.743504e-02 
-2.320227e+00 -1.426242e+01 -1.258130e+01 -5.060342e+00 -1.128280e+01 -7.922647e+00 -2.729379e+00 7.019343e+00 -2.778904e+00 -2.715618e+00 -3.551850e+00 -1.698504e+01 2.246029e+01 -1.601302e-01 -5.512697e-02 -3.301309e-01 6.550918e-01 -1.453117e+00 -2.735044e-01 -4.667542e-01 -8.374879e-01 9.806913e-01 -5.996150e-01 2.826673e-01 -9.558956e-01 2.446738e-02 -3.518187e-02 2.821331e-01 1.054804e-02 9.761982e-02 -5.336508e-02 -1.390271e-01 -4.482019e-02 7.665729e-02 5.979563e-02 1.271906e-01 -1.058224e-01 7.770883e-02 -1.997410e-02 
-2.959558e+00 -1.404329e+01 -1.365070e+01 -3.868781e+00 -1.381348e+01 -7.140832e+00 -4.855358e+00 5.960374e+00 -1.500155e+00 -4.417358e+00 -3.379002e+00 -1.792481e+01 2.249947e+01 3.250771e-02 5.173016e-01 1.365000e-02 1.006099e+00 -1.033446e+00 -1.799132e-01 3.910325e-02 -4.045746e-01 1.288866e+00 -2.382485e-02 4.616064e-01 -4.521115e-01 5.491750e-03 2.141062e-02 2.170650e-01 2.201751e-01 -1.835027e-01 1.537533e-01 -1.620022e-01 -2.033888e-01 2.001229e-01 -7.949423e-02 1.569423e-01 -1.114897e-01 1.439970e-01 -3.158434e-02 
-2.623950e+00 -1.317772e+01 -1.440538e+01 -4.196934e+00 -1.347282e+01 -1.115206e+01 -2.885819e+00 4.902848e+00 -1.360679e+00 -3.061261e+00 -5.169209e+00 -1.823064e+01 2.253410e+01 2.451029e-01 5.426023e-01 4.348642e-01 3.607421e-01 -5.997652e-01 -6.060453e-01 -3.120733e-01 7.114115e-02 1.098600e+00 2.529685e-01 2.413661e-01 -4.509927e-01 -2.456405e-02 -5.198578e-02 3.425763e-02 3.466010e-01 -3.087701e-01 1.024592e-01 6.313198e-02 -5.659817e-01 1.326497e-01 -1.941048e-01 -8.868075e-02 9.943725e-02 1.803835e-02 -4.497408e-02 
-1.567202e+00 -1.178492e+01 -1.111932e+01 -2.500746e+00 -1.225389e+01 -8.707838e+00 -1.546052e+00 7.429454e+00 1.969471e+00 -1.343487e+00 -1.830543e+00 -1.771334e+01 2.247653e+01 -2.266380e-02 4.109899e-01 7.651150e-01 -6.665157e-02 -8.215097e-01 -3.953678e-01 -1.375122e+00 -7.193126e-02 7.589905e-01 -2.648399e-01 3.754211e-01 -4.898910e-01 -8.766132e-02 -1.785838e-01 -9.227000e-02 2.954807e-01 -3.545090e-01 1.064540e-01 1.538038e-01 -7.335634e-01 -8.157106e-02 -3.629111e-01 -2.217970e-01 1.625554e-01 -4.691140e-02 -5.970932e-02 
-1.790726e+00 -1.267898e+01 -1.167251e+01 -3.940732e+00 -1.506163e+01 -1.016903e+01 -5.943919e+00 6.640040e+00 9.794144e-01 -2.987807e+00 -3.118934e+00 -1.934585e+01 2.234921e+01 -3.924516e-01 1.691736e-01 1.027143e+00 -3.524694e-01 -1.046868e+00 1.498005e-01 -2.589565e+00 -3.405497e-01 2.750210e-01 -9.224256e-01 8.230673e-01 -8.467739e-01 -1.538106e-01 -1.928983e-01 -3.860925e-02 2.227319e-01 -1.596042e-01 3.235315e-01 2.554977e-01 -4.344135e-01 -2.383884e-01 -3.460304e-01 -6.421356e-02 2.870091e-01 2.513932e-02 -5.730046e-02 
-3.489703e+00 -1.223765e+01 -1.119134e+01 -4.329654e+00 -1.712654e+01 -9.608979e+00 -1.020189e+01 4.731969e+00 1.125089e+00 -5.778304e+00 -2.527111e+00 -1.981668e+01 2.215357e+01 -5.416304e-01 2.426429e-01 1.194968e+00 -4.097930e-01 -2.775830e-01 2.112197e-01 -2.489958e+00 -6.065452e-01 -1.139339e-01 -5.451996e-01 9.834954e-01 -4.888583e-01 -2.283861e-01 -3.657683e-02 1.068648e-02 6.245630e-02 -5.503367e-02 5.729280e-01 1.018211e-01 5.161693e-03 -2.705215e-01 -3.219928e-01 2.562379e-01 1.807915e-01 8.570208e-02 -3.308173e-02 
-3.624977e+00 -1.210529e+01 -9.233592e+00 -5.044785e+00 -1.627060e+01 -9.952605e+00 -1.150556e+01 4.549056e+00 4.365658e-01 -5.456151e+00 -7.062373e-01 -2.141316e+01 2.192639e+01 -4.598749e-01 4.336146e-01 1.333573e+00 -2.654176e-01 7.459669e-01 3.681798e-01 -1.926760e+00 -8.535835e-01 -1.951886e-01 7.212099e-02 1.372424e+00 -3.257782e-01 -2.407269e-01 1.031124e-01 5.910920e-02 -1.987896e-01 4.690684e-02 5.082902e-01 -3.670011e-02 2.502719e-01 -3.280532e-01 -2.153783e-01 3.269972e-01 -1.217352e-02 1.440713e-01 -1.028801e-03 
-3.357972e+00 -1.085843e+01 -6.364126e+00 -3.997611e+00 -1.303729e+01 -7.760261e+00 -1.121474e+01 5.442441e+00 1.671037e+00 -2.835679e+00 1.880104e+00 -1.912395e+01 2.154586e+01 -1.718426e-01 3.321685e-01 9.241740e-01 -3.852638e-01 1.146759e+00 4.539270e-03 -1.680744e+00 -1.168104e+00 -6.159337e-01 5.189480e-01 1.004793e+00 -3.218195e-01 -2.096759e-01 2.153531e-01 7.528890e-02 -3.971763e-01 1.158010e-01 1.814116e-01 -5.248855e-02 2.856221e-01 -3.256160e-01 -6.458794e-02 1.447351e-01 -1.228245e-01 9.350944e-02 3.293385e-02 
-4.156088e+00 -1.120027e+01 -7.418275e+00 -5.433707e+00 -1.337623e+01 -9.252406e+00 -1.507108e+01 2.016674e+00 -2.696688e-01 -4.098562e+00 1.539188e+00 -2.132117e+01 2.144935e+01 -6.173077e-02 4.199912e-01 1.686436e-01 -1.303740e-01 7.823958e-01 6.966309e-02 -1.742957e+00 -1.700095e+00 -5.509299e-01 1.803764e-01 7.515116e-01 -2.100300e-01 -1.682746e-01 2.942220e-01 1.474574e-01 -4.472996e-01 1.392994e-01 -1.262144e-01 -1.525167e-02 3.646332e-01 -2.326801e-01 -5.288996e-02 4.115915e-02 -2.566477e-01 2.440798e-01 4.345902e-02 
-4.083298e+00 -1.102935e+01 -7.477974e+00 -6.061817e+00 -1.283998e+01 -9.936001e+00 -1.682301e+01 1.577004e-01 -1.601552e+00 -3.862168e+00 1.373907e+00 -2.147195e+01 2.134401e+01 3.360280e-01 6.260460e-01 -2.084863e-01 1.017197e-01 6.112388e-01 9.813040e-02 -1.153809e+00 -1.811453e+00 -2.588875e-01 1.243505e-01 6.796573e-01 -7.922173e-02 -9.993576e-02 2.905307e-01 2.783500e-01 -3.299592e-01 7.532212e-02 -2.787374e-01 1.285944e-01 3.647503e-01 -6.297106e-02 -1.393662e-01 2.398456e-02 -1.910615e-01 3.322657e-01 4.031232e-02 
-3.571189e+00 -9.919668e+00 -7.833575e+00 -4.664613e+00 -1.245739e+01 -8.516465e+00 -1.741618e+01 -1.308973e+00 -6.818972e-01 -4.041141e+00 3.304702e+00 -2.128940e+01 2.118587e+01 7.572887e-01 1.024167e+00 -3.366102e-01 1.877050e-01 3.826362e-01 2.452440e-01 -3.670332e-01 -1.695326e+00 -6.381156e-01 4.751166e-01 2.516167e-01 7.732698e-01 -7.830620e-02 2.476733e-01 3.129211e-01 -1.470100e-01 -1.496560e-01 -2.467791e-01 1.615118e-01 1.488255e-01 1.239270e-01 -3.522990e-01 9.632922e-02 -1.116726e-01 3.038247e-01 3.894513e-02 
-1.970125e+00 -8.368652e+00 -7.198945e+00 -3.874129e+00 -1.044061e+01 -7.637839e+00 -1.581167e+01 -1.951575e+00 5.826833e-01 -2.242456e+00 4.395952e+00 -1.953646e+01 2.117798e+01 8.713303e-01 1.421802e+00 -4.729919e-01 -1.677010e-01 -4.706303e-02 5.598466e-01 -5.449446e-01 -1.485487e+00 -1.269292e+00 4.916827e-01 2.994864e-01 8.477961e-01 -5.302748e-02 1.152593e-01 1.997795e-01 6.354979e-02 -3.625704e-01 -1.827516e-01 2.235857e-01 -2.969146e-01 1.879366e-01 -4.705621e-01 1.241785e-01 -1.011681e-02 1.245158e-01 3.265173e-02 
-1.426131e+00 -7.410170e+00 -9.240729e+00 -5.589276e+00 -1.266261e+01 -9.175575e+00 -1.741217e+01 -5.405261e+00 -4.552239e+00 -2.532916e+00 1.286289e+00 -1.842267e+01 2.114072e+01 9.089333e-01 1.586743e+00 -4.341799e-01 -7.440025e-01 -1.222807e-01 6.464184e-01 -1.303277e+00 -1.243456e+00 -1.807234e+00 4.783378e-01 3.831837e-01 8.456447e-01 2.970514e-03 2.246005e-03 1.029923e-01 3.397667e-01 -4.380396e-01 -2.248874e-02 3.129170e-01 -5.284466e-01 4.081864e-01 -3.289030e-01 1.182070e-01 2.308838e-01 -1.303757e-01 2.783403e-02 
-7.990397e-01 -5.175463e+00 -9.139175e+00 -6.437613e+00 -1.297267e+01 -6.807337e+00 -1.954918e+01 -5.221385e+00 -6.012529e+00 -2.158190e+00 3.880595e+00 -1.866639e+01 2.110130e+01 8.365014e-01 1.343589e+00 1.580990e-01 -1.245250e+00 -5.001274e-02 1.015518e+00 -2.170397e+00 -1.097880e+00 -2.027037e+00 7.436269e-01 5.634165e-01 5.071782e-01 2.267597e-02 -7.293165e-02 7.028367e-02 4.845085e-01 -3.372425e-01 5.882173e-02 1.826996e-01 -2.640225e-01 5.334479e-01 -2.205116e-01 5.521590e-02 2.684988e-01 -1.729444e-01 9.062338e-03 
3.881501e-01 -3.582812e+00 -9.034377e+00 -7.102671e+00 -1.180255e+01 -5.699626e+00 -2.206375e+01 -5.891424e+00 -6.420330e+00 -1.691367e+00 5.478439e+00 -1.749618e+01 2.123890e+01 7.858762e-01 1.578350e+00 1.046708e+00 -1.463746e+00 2.717270e-01 1.581940e+00 -2.196574e+00 1.517386e-01 -1.903553e+00 9.401203e-01 1.274097e+00 2.916887e-01 2.300771e-02 -1.483668e-01 9.210882e-02 5.032424e-01 -1.648070e-01 6.020880e-02 -1.432075e-02 2.145706e-01 6.951396e-01 -1.790011e-01 -1.301111e-01 2.247137e-01 -2.843399e-02 -2.746107e-02 
1.305436e+00 -3.564405e+00 -6.511752e+00 -9.343836e+00 -1.112055e+01 -4.298102e+00 -2.433764e+01 -7.197808e+00 -8.618291e+00 1.055132e+00 5.116814e+00 -1.746394e+01 2.124200e+01 5.681953e-01 1.777350e+00 1.209134e+00 -1.494008e+00 5.005622e-02 1.005574e+00 -1.418297e+00 4.842627e-01 -2.323705e+00 5.367796e-01 1.196471e+00 2.600193e-01 -1.773017e-02 -1.703857e-01 1.261560e-01 2.039980e-01 -1.426890e-02 1.075914e-01 -2.175224e-01 6.516876e-01 5.600651e-01 -5.076754e-02 -5.238056e-01 1.798774e-01 1.747059e-01 -6.383258e-02 
1.451017e+00 -3.243212e-01 -5.321008e+00 -1.145520e+01 -1.223017e+01 -2.520305e+00 -2.600132e+01 -3.658442e+00 -1.276714e+01 5.610905e-01 7.038846e+00 -1.756540e+01 2.118563e+01 3.012761e-01 1.830262e+00 1.556472e+00 -1.443616e+00 1.287398e-01 5.798322e-01 -6.065903e-01 1.441179e+00 -2.553828e+00 -6.880666e-02 1.190201e+00 8.269700e-01 -1.141343e-01 -1.408126e-01 -7.355642e-03 -1.552111e-01 2.792521e-02 2.152008e-01 -2.237782e-01 7.772471e-01 -3.564828e-02 2.594510e-01 -6.895272e-01 -7.611433e-02 2.322201e-01 -8.983082e-02 
1.510280e+00 2.082185e+00 -4.950158e+00 -1.173133e+01 -1.250861e+01 -3.369100e+00 -2.467208e+01 -3.916445e+00 -1.445768e+01 -6.003736e-01 9.082749e+00 -1.733117e+01 2.103943e+01 2.268409e-01 1.848265e+00 9.232212e-01 -1.326436e+00 5.594714e-01 4.289165e-01 2.930519e-01 1.057625e+00 -1.955746e+00 -1.370978e+00 1.504787e+00 1.113027e+00 -2.279217e-01 -5.086981e-02 -1.337669e-01 -3.261803e-01 1.750329e-01 2.306806e-01 -1.322500e-01 7.757254e-01 -3.105436e-01 6.836878e-01 -5.557768e-01 -4.285886e-01 2.064930e-01 -9.829436e-02 
1.792100e+00 2.745717e+00 -2.032673e+00 -1.312659e+01 -1.046502e+01 -3.264970e+00 -2.492931e+01 -3.265376e-01 -1.626953e+01 -1.207765e+00 9.446764e+00 -1.342747e+01 2.076950e+01 2.525002e-01 1.505975e+00 4.136479e-01 -1.407889e+00 1.093000e+00 7.513185e-01 8.339250e-01 -3.131275e-01 -7.904236e-01 -1.553551e+00 7.392704e-01 1.026195e+00 -3.210084e-01 -6.179342e-02 -2.927703e-01 -4.175665e-01 5.534649e-01 3.948587e-02 -2.730799e-01 9.296119e-01 -6.244989e-01 8.743600e-01 -1.827975e-01 -9.178570e-01 8.778404e-02 -8.924489e-02 
2.269102e+00 4.142025e+00 -3.539759e+00 -1.514072e+01 -9.205863e+00 -1.781268e+00 -2.340803e+01 -3.575649e+00 -1.664634e+01 -4.915502e+00 1.143690e+01 -1.396801e+01 2.031061e+01 3.382626e-01 1.270606e+00 1.496506e-01 -6.368209e-01 7.213367e-01 2.586002e-01 1.740140e+00 -1.912775e-01 2.128641e-01 -1.499826e+00 -7.210037e-01 1.192889e+00 -4.058016e-01 -9.102321e-02 -5.733544e-01 -1.699088e-01 1.001877e+00 -1.883832e-01 -2.962040e-01 1.105270e+00 -4.430526e-01 5.630062e-01 1.383409e-01 -1.391357e+00 -6.564905e-02 -5.782130e-02 
2.334162e+00 6.176007e+00 -3.957979e+00 -1.679024e+01 -8.416615e+00 4.425963e-01 -2.246337e+01 -5.394671e+00 -1.562485e+01 -5.049359e+00 9.558279e+00 -1.411594e+01 1.994513e+01 -6.334893e-02 6.552391e-01 -1.445832e-01 9.789032e-01 2.451796e-01 -7.004164e-01 3.317998e+00 -1.056866e+00 7.336058e-01 -9.183991e-01 -2.286074e+00 1.225849e+00 -4.714864e-01 -3.316454e-02 -7.934100e-01 -6.915524e-03 1.207416e+00 -2.175950e-01 -1.750351e-01 1.084279e+00 -1.981097e-01 -1.725845e-01 6.800435e-02 -1.247570e+00 -3.295748e-01 -1.125015e-02 
2.930334e+00 6.719893e+00 -3.239315e+00 -1.308381e+01 -9.926362e+00 -3.929991e+00 -1.720408e+01 -2.338580e+00 -1.371558e+01 -6.178757e+00 5.421885e+00 -1.102257e+01 1.942270e+01 -7.036095e-02 -5.932536e-01 3.527938e-01 2.489445e+00 4.135457e-02 -3.261494e-01 4.577429e+00 -7.857434e-01 9.732827e-02 -9.968584e-01 -3.939319e+00 6.848881e-01 -4.418287e-01 3.962880e-03 -7.241516e-01 7.598011e-02 9.209196e-01 2.017462e-01 5.119482e-01 6.981189e-01 -3.286305e-01 -7.848281e-01 -2.399228e-01 -8.792365e-01 -8.341901e-01 2.737830e-02 
1.144718e+00 4.733243e+00 -2.905777e+00 -9.260704e+00 -8.878958e+00 -5.692872e+00 -1.144138e+01 -6.228850e+00 -1.406670e+01 -5.168302e+00 1.023831e+00 -8.770814e+00 1.885607e+01 2.909508e-01 -1.529258e+00 2.775203e-01 3.065880e+00 3.449536e-01 1.686162e-01 4.836703e+00 -1.006671e+00 -1.595616e+00 -1.464968e+00 -3.889260e+00 -3.676024e-01 -3.592251e-01 3.857937e-02 -4.027109e-01 1.344654e-01 5.208188e-01 3.824823e-01 9.854897e-01 2.057135e-01 -2.281904e-01 -8.819657e-01 -5.741668e-01 -3.890998e-01 -9.994085e-01 2.412309e-02 
2.511951e+00 1.896800e+00 -2.302294e+00 -6.457546e+00 -8.767926e+00 -3.440022e-01 -6.032166e+00 -7.087097e+00 -1.693858e+01 -9.840259e+00 -3.992332e+00 -1.321600e+01 1.864586e+01 1.809160e-01 -1.257884e+00 3.184920e-01 2.924171e+00 1.680214e+00 2.383801e+00 4.471362e+00 -1.859621e+00 -2.546711e+00 -2.426152e+00 -4.315509e+00 -2.181277e+00 -3.250557e-01 -1.786267e-01 6.120441e-02 1.728981e-01 1.466176e-01 1.808013e-01 5.298219e-01 -2.709287e-01 -1.416207e-02 -1.755460e-01 -3.496817e-01 3.000807e-01 -5.998579e-01 -4.178398e-02 
3.998032e+00 9.413846e-01 -3.039127e+00 -4.773511e+00 -7.271242e+00 -5.072320e-01 -3.866076e+00 -8.053648e+00 -2.199114e+01 -1.054385e+01 -5.181157e+00 -1.485704e+01 1.853765e+01 3.920238e-03 -1.025920e+00 5.449478e-01 3.365695e+00 1.338195e+00 2.871937e+00 4.399518e+00 -1.660870e+00 -2.354191e+00 -3.074535e+00 -4.043418e+00 -2.338161e+00 -4.093181e-01 -4.221655e-01 2.007107e-01 2.927952e-01 2.495218e-02 -1.603920e-01 -2.779207e-01 -8.518656e-01 5.188244e-01 1.095733e+00 3.482408e-01 7.577671e-01 9.970750e-03 -1.287197e-01 
2.408241e+00 2.326298e+00 -1.580060e+00 -7.063555e-01 -2.328814e+00 5.396338e+00 1.365135e+00 -1.072418e+01 -2.248705e+01 -1.562148e+01 -1.305329e+01 -1.888545e+01 1.795693e+01 -8.199537e-01 -5.388814e-01 1.083551e+00 3.072546e+00 4.487097e-01 9.712576e-01 3.441403e+00 -5.292861e-01 -4.011129e-01 -1.940556e+00 -2.361809e+00 -1.329216e+00 -6.256800e-01 -4.659887e-01 -2.661997e-02 1.657422e-01 -2.353592e-01 -4.876867e-01 -1.244814e+00 -1.433895e+00 1.125569e+00 1.836062e+00 1.233551e+00 1.395073e+00 7.282473e-01 -1.953212e-01 
1.215898e+00 -6.113839e-01 -5.421340e-01 4.691887e+00 -5.407433e+00 5.796532e+00 6.858081e+00 -1.271504e+01 -2.306400e+01 -1.765022e+01 -1.466308e+01 -1.762657e+01 1.715381e+01 -1.319425e+00 -8.851849e-01 1.358918e+00 3.116538e+00 1.587531e-01 -5.146965e-01 1.092406e+00 9.221835e-01 2.810286e+00 3.346656e-02 -1.077190e+00 -7.437624e-01 -8.525249e-01 -4.798954e-01 -2.065756e-01 -1.489396e-01 -6.706789e-01 -1.567023e-01 -1.150679e+00 -1.451726e+00 1.520403e+00 1.960051e+00 1.865682e+00 1.603852e+00 1.024406e+00 -2.333637e-01 
-1.970707e-01 -2.104265e-02 1.867257e+00 4.172676e+00 -7.456179e+00 1.360060e+00 5.812641e+00 -7.402863e+00 -1.840816e+01 -1.598987e+01 -1.106036e+01 -1.847768e+01 1.620928e+01 -1.487329e+00 -1.461141e+00 7.402144e-01 1.872084e+00 -1.685174e-01 -2.146984e+00 -1.044683e+00 2.476665e+00 4.051288e+00 2.187646e+00 1.176766e+00 6.626852e-01 -1.079967e+00 -3.269004e-01 -2.337551e-01 -4.535550e-01 -9.667810e-01 1.136945e-01 -3.018640e-01 -7.248625e-01 1.177778e+00 1.273572e+00 1.696684e+00 1.124958e+00 9.083369e-01 -1.712978e-01 
-1.296332e+00 -2.310971e+00 2.031755e+00 8.370121e+00 -3.913498e+00 -1.062776e+00 -6.279700e-01 -5.103454e+00 -9.978954e+00 -1.019261e+01 -1.156337e+01 -1.877971e+01 1.514866e+01 -2.061852e+00 -1.597619e+00 -2.814746e-02 6.124324e-01 8.632179e-01 -1.322407e+00 -6.161091e-01 4.438188e+00 5.219813e+00 4.189739e+00 2.206511e+00 1.787895e+00 -1.348943e+00 -1.439030e-01 4.904053e-02 -4.504675e-01 -1.168432e+00 1.031250e-01 5.098629e-01 2.693126e-01 4.605871e-01 4.977584e-02 9.022667e-01 5.566209e-01 6.370500e-01 -2.108087e-02 
-3.772167e+00 -4.129766e+00 8.338728e-01 6.815404e+00 -3.918311e+00 -1.909319e+00 -1.150276e-01 -2.147003e+00 -8.773264e+00 -8.412199e+00 -8.718956e+00 -1.499550e+01 1.355939e+01 -2.083273e+00 -1.351423e+00 -4.907145e-01 -5.091093e-01 6.649235e-01 -1.341901e-01 6.711984e-01 3.601691e+00 4.761940e+00 4.464692e+00 1.620929e+00 1.946586e+00 -1.233895e+00 1.550049e-01 4.175653e-01 -6.548117e-02 -6.382043e-01 2.201111e-01 9.942031e-01 3.553080e-01 -4.609471e-01 -7.126659e-01 -1.550539e-01 -1.391029e-02 1.574182e-01 2.025952e-01 
-7.305716e+00 -6.545037e+00 -1.660926e-01 6.432801e+00 -2.860250e+00 8.194319e-01 6.741754e+00 6.848464e+00 -1.782206e+00 -4.903794e-01 -4.801211e+00 -1.042845e+01 1.173411e+01 -1.740994e+00 -6.948214e-01 -2.779794e-01 -1.535067e+00 2.577159e-01 1.028192e+00 1.581039e+00 2.662779e+00 2.703884e+00 3.406182e+00 1.483788e+00 1.799599e+00 -8.809220e-01 5.316873e-01 7.022817e-01 3.866900e-01 1.951008e-01 2.280452e-01 5.731656e-01 -2.790444e-01 -1.136127e+00 -1.206646e+00 -1.221939e+00 -2.750667e-01 -2.090069e-01 3.875126e-01 
-7.608794e+00 -4.660941e+00 5.126640e-01 2.595109e+00 -4.658060e+00 -2.516930e-01 5.483716e+00 4.629922e+00 1.303530e+00 1.482432e+00 -6.336527e+00 -1.292060e+01 1.174725e+01 -8.727365e-01 1.753771e-01 5.377063e-01 -2.451544e-01 1.234734e+00 1.648721e+00 -3.666933e-01 1.059533e+00 1.745909e+00 1.804093e+00 1.468661e+00 1.444093e+00 -3.009712e-01 6.029161e-01 6.199863e-01 4.938352e-01 8.616306e-01 2.897701e-01 -9.832716e-02 -7.794875e-01 -1.177112e+00 -1.274613e+00 -1.597455e+00 -3.474172e-01 -1.371793e-01 3.713451e-01 
-8.082897e+00 -5.519062e+00 8.027253e-01 2.804641e+00 -2.254908e+00 3.249304e+00 4.477888e+00 4.821981e+00 -1.497941e+00 1.891088e+00 -5.335684e+00 -1.081868e+01 1.165026e+01 -8.716810e-03 1.150306e+00 1.391061e+00 1.456022e+00 1.718560e+00 6.520728e-01 -1.492294e+00 2.857711e-02 6.946985e-01 -5.897213e-01 9.073617e-01 9.941810e-01 1.221985e-01 5.277599e-01 3.544179e-01 2.307240e-01 1.009596e+00 4.966702e-02 -7.253591e-01 -6.564642e-01 -9.836715e-01 -8.769805e-01 -1.323032e+00 -6.032261e-01 -3.683513e-01 2.239276e-01 
-7.747289e+00 -3.766006e+00 3.038209e+00 7.403649e+00 1.952584e+00 5.119410e+00 -8.165001e-01 4.163976e+00 -1.859833e-01 -5.824762e-01 -1.108486e+00 -7.579741e+00 1.209649e+01 6.517910e-02 8.258973e-01 1.143960e+00 2.303610e+00 1.383399e+00 -4.378738e-01 -1.689583e+00 -9.666107e-01 -6.064441e-01 -1.524676e+00 1.721988e-01 1.663369e+00 1.212696e-01 2.623954e-01 2.046414e-02 -2.166873e-01 4.139613e-01 -4.130619e-01 -7.987158e-01 2.273684e-01 -4.449767e-01 -5.944027e-01 -4.788874e-01 -5.410221e-01 -4.730814e-01 3.586353e-02 
-7.279949e+00 -1.241169e+00 5.526443e+00 1.130843e+01 2.427302e+00 1.394113e+00 2.430631e+00 7.223917e+00 2.435719e+00 -2.406516e+00 -2.878381e+00 -8.127862e+00 1.217030e+01 4.288025e-01 7.519413e-01 5.725164e-01 2.238555e+00 4.317488e-01 -1.555410e+00 -1.039697e+00 -1.242383e+00 -5.049053e-01 -1.544463e+00 -8.840194e-01 -1.518548e-01 2.751940e-02 2.990915e-02 -1.172962e-01 -4.836096e-01 -3.729188e-01 -6.480606e-01 -3.647198e-01 4.308856e-01 -1.743787e-01 -3.631579e-01 3.454400e-01 -1.478249e-01 -4.316652e-01 -4.987859e-02 
-7.684161e+00 -2.670347e+00 3.870432e+00 9.861153e+00 -8.206815e-02 -1.513065e+00 -1.940661e+00 -1.404761e+00 -3.695903e+00 -3.991923e+00 -6.704127e+00 -5.949129e+00 1.209338e+01 2.204453e-01 4.766745e-01 -1.363889e-01 1.433226e+00 -1.871743e-01 -1.241100e+00 5.439408e-01 -5.298822e-01 -6.264908e-01 -1.128681e-01 -3.407333e-01 -3.483254e-01 -7.432530e-02 -7.926478e-03 2.279216e-02 -2.866702e-01 -6.337448e-01 -3.578285e-01 3.163428e-01 4.383380e-01 2.226994e-01 4.908482e-02 5.886322e-01 2.465148e-01 -2.441028e-01 -3.043416e-02 
-5.970369e+00 -2.307465e+00 3.249104e+00 1.276932e+01 9.209924e-01 -1.211653e+00 -1.586502e-01 1.394288e+00 -2.267051e+00 -4.126526e+00 -6.957823e+00 -1.239334e+01 1.178953e+01 6.325272e-02 7.383179e-01 -3.867925e-01 2.653251e-02 -7.364843e-01 -7.699273e-01 -4.546291e-01 -1.061873e+00 -1.111053e+00 4.316303e-01 4.245845e-01 -1.582231e-01 -2.947382e-02 -1.265840e-01 1.663143e-01 8.369881e-02 -4.972714e-01 -2.570312e-03 4.344210e-01 -3.401224e-02 1.253380e-01 6.705134e-02 4.749100e-01 3.428603e-01 4.838399e-01 2.017344e-02 
-7.300241e+00 -8.493612e-01 3.495040e+00 1.383983e+01 1.769710e+00 2.166076e-01 3.197788e+00 4.429681e+00 -9.666049e-01 -2.867969e-01 -7.723495e-01 -7.188565e+00 1.191518e+01 2.083476e-01 9.466838e-01 1.902411e-01 2.408959e-01 1.784424e-01 7.511235e-01 2.095355e-01 5.659546e-02 -5.806390e-02 4.304799e-01 7.504168e-01 4.461630e-01 -2.403702e-03 -3.936675e-02 2.411018e-01 2.006211e-01 -2.759524e-01 3.596788e-01 2.263785e-01 -3.685904e-01 -2.865724e-02 1.706056e-01 -4.175448e-02 1.233865e-01 5.027635e-01 3.679669e-02 
-7.155948e+00 1.540053e+00 3.780234e+00 9.451812e+00 -2.181345e+00 -3.320412e+00 -2.411987e+00 -1.002353e+00 -4.484051e+00 -2.100769e+00 -3.721113e+00 -8.299031e+00 1.211226e+01 -1.980414e-01 1.348576e+00 8.277476e-01 3.484775e-01 2.361830e-01 -3.793793e-01 -1.042530e+00 -9.087856e-01 -4.537801e-01 5.584077e-01 2.846578e-01 1.870080e+00 9.240807e-02 -1.541634e-02 8.745278e-02 2.817241e-02 -1.158092e-01 5.250461e-01 5.274289e-02 2.365616e-02 4.400630e-01 3.534297e-01 -1.999193e-01 1.873730e-01 3.428986e-01 5.611820e-03 
-6.049601e+00 1.393619e-01 4.555678e+00 1.272459e+01 2.361302e+00 3.296584e+00 2.339538e-01 7.683360e-02 -2.877645e+00 -2.852458e+00 -4.570615e+00 -5.765631e+00 1.191972e+01 1.542549e-01 1.376917e+00 2.594801e-01 -1.073113e-01 1.124931e+00 -3.045064e-01 -1.005021e+00 -7.496176e-01 -1.020719e-01 -3.851749e-01 3.460623e-01 1.151495e+00 4.868452e-02 -1.151024e-01 -7.347128e-02 -2.692066e-01 -4.463297e-01 7.912853e-02 -3.255839e-01 1.070763e-01 4.315968e-01 3.121659e-01 -8.788808e-02 2.120992e-01 -6.713616e-02 -3.559909e-02 
-7.585926e+00 3.940862e+00 6.857350e+00 1.506931e+01 1.806147e+00 -4.648765e+00 -3.889642e+00 -9.734719e-01 -3.580780e+00 -5.189404e-02 -3.635486e+00 -3.754748e+00 1.224937e+01 1.324391e-02 9.604289e-01 -2.805838e-01 -3.783317e-01 1.415404e+00 2.160015e-02 2.708413e-01 1.541568e+00 6.780917e-01 -1.601508e-01 1.563704e+00 1.203560e+00 -2.695259e-02 -1.358122e-01 -2.584903e-01 -3.615898e-01 -5.419812e-01 -3.314741e-01 1.035712e-01 3.790698e-01 5.211975e-01 3.970133e-01 1.051015e-01 -4.019047e-02 -4.042651e-01 -9.514766e-02 
-6.314029e+00 4.834920e+00 3.253646e+00 1.049461e+01 5.400734e+00 -6.417558e-01 -1.088766e+00 6.669686e-01 -1.928766e+00 -3.236878e+00 9.151046e-01 -3.703539e+00 1.209004e+01 -4.728201e-01 7.734713e-01 -6.016874e-01 -1.627318e+00 -1.557486e-02 -1.077316e+00 8.817051e-02 9.894276e-01 9.368019e-01 3.502949e-01 1.171292e+00 4.437533e-01 -1.207691e-01 -2.458209e-01 -1.817240e-01 1.733406e-02 -3.014519e-01 -7.071778e-01 3.201782e-01 1.831612e-01 -1.373711e-01 1.685368e-02 5.352061e-01 -3.701324e-01 -2.149554e-01 -1.080600e-01 
-6.957547e+00 3.994768e+00 3.028476e+00 8.675426e+00 3.376050e+00 -1.243173e+00 -3.963186e-01 6.410436e+00 -1.568343e+00 -2.709279e+00 1.354791e+00 -3.312363e+00 1.189225e+01 -5.635911e-01 3.578341e-01 -5.496629e-01 -1.601323e+00 -8.509331e-01 5.247499e-01 3.061969e-01 8.277557e-01 1.012007e+00 7.161316e-01 -3.289898e-01 2.026185e-01 -2.986490e-01 -1.296100e-01 -1.323388e-02 1.898149e-01 -2.198734e-02 -3.910629e-01 5.576378e-01 -5.188242e-02 -9.457660e-01 -4.090120e-01 4.121831e-01 -5.083889e-01 -1.598578e-01 -8.481780e-02 
-8.727702e+00 3.979429e+00 3.461945e+00 7.784307e+00 1.498491e+00 -3.792653e+00 -1.071718e+00 1.331713e+00 8.005311e-01 2.277522e-01 -1.209248e+00 -3.768024e+00 1.149451e+01 -7.864347e-01 7.695789e-01 4.807271e-01 -1.003158e+00 -1.277756e+00 1.044766e+00 -1.068520e-01 -1.079638e+00 -1.847500e-01 1.852641e+00 -5.582865e-01 5.771434e-01 -3.558413e-01 9.527916e-02 2.296676e-02 1.738307e-01 3.171664e-01 2.302922e-01 7.296350e-01 1.803519e-01 -6.209072e-01 -4.638000e-01 7.318316e-02 2.388746e-02 3.421072e-02 -1.530831e-02 
-9.196974e+00 6.158038e+00 4.005080e+00 8.417764e+00 -4.973173e-01 -4.495386e-01 -2.367361e+00 2.833043e+00 1.146645e-01 1.796381e+00 -4.218149e+00 -2.709715e+00 1.105402e+01 -4.780599e-01 8.963256e-01 1.273543e-01 -8.002596e-01 9.127843e-02 1.748746e+00 1.090213e-01 -2.152800e+00 -8.062001e-01 1.149614e+00 -1.133274e-01 3.376437e-01 -3.335482e-01 1.576661e-01 -3.692144e-02 8.861949e-02 3.061319e-01 4.114445e-01 1.281476e-01 1.224884e-01 -1.533414e-01 -1.442033e-01 -3.660108e-01 2.267704e-01 -1.423470e-01 7.062913e-02 
-9.126760e+00 7.600802e+00 5.169219e+00 5.608286e+00 9.484924e-01 4.185342e+00 -6.374968e-01 -2.942674e+00 -3.694131e+00 3.773667e+00 9.099272e-01 -1.119405e+00 1.073010e+01 -3.915361e-02 6.191126e-01 -7.102479e-02 -4.421874e-01 6.648498e-01 1.958839e+00 1.088327e+00 -6.249061e-01 -4.732338e-01 4.995057e-01 1.183035e+00 5.471952e-01 -1.798855e-01 7.903323e-02 -3.026644e-01 -9.974898e-02 2.456994e-01 2.512648e-01 -3.615919e-01 2.318794e-02 5.779596e-01 3.567861e-01 -7.431119e-01 -4.019047e-02 -2.015342e-01 8.139302e-02 
-9.148340e+00 6.665986e+00 2.811741e+00 5.762396e+00 4.107549e+00 3.511597e+00 -6.839643e-02 -2.216317e+00 -3.351862e+00 1.265799e+00 -2.717288e-01 -2.948214e+00 1.060660e+01 -1.489572e-01 2.484815e-01 1.692788e-01 -3.511363e-01 2.350031e-01 7.084225e-01 3.209284e-01 -1.662398e-01 4.351580e-01 -4.372893e-01 -6.575628e-02 -4.942800e-01 -3.345472e-02 -1.288374e-01 -3.471295e-01 6.062311e-02 1.553080e-01 -2.912488e-01 -8.076898e-01 -3.643374e-01 6.277948e-01 3.792936e-01 -4.109817e-01 -9.713847e-02 1.253709e-01 3.647117e-02 
-8.947362e+00 6.821131e+00 3.703339e+00 6.901453e+00 2.520458e+00 4.021268e+00 3.220351e+00 7.319508e-01 1.677982e-01 2.990657e+00 2.732792e+00 -9.122002e-01 1.081848e+01 -5.558085e-01 -4.197978e-01 -3.900972e-02 8.035736e-04 -9.337349e-02 -2.429898e-01 -9.687994e-02 8.167869e-01 9.784375e-01 -1.069335e+00 -7.831049e-01 -1.459210e-02 -9.887418e-02 -1.959887e-01 -2.129194e-01 2.170031e-03 4.662098e-02 -3.616014e-01 -7.409241e-01 -6.228698e-01 3.268595e-01 4.725856e-02 -1.302697e-01 -1.886849e-01 3.386232e-01 -2.027792e-02 
-1.003116e+01 7.790133e+00 5.584195e+00 6.015196e+00 -1.078493e-01 3.174443e+00 -2.691272e+00 1.644393e-01 3.599648e-01 1.052315e-03 -5.457952e+00 -5.284366e+00 1.084237e+01 -8.638752e-01 -3.198113e-01 4.144101e-01 -2.452877e-01 -9.858823e-01 -1.188748e+00 -1.120040e+00 2.652427e-01 3.644605e-01 -1.209211e-01 3.839799e-01 1.245385e+00 -1.916955e-01 3.214109e-02 4.065967e-02 -1.670946e-01 -1.181044e-02 -6.579329e-02 -2.627280e-01 -4.961938e-02 6.665176e-02 -2.916867e-01 2.171326e-01 3.051539e-01 3.309273e-01 -1.105484e-02 
-1.146442e+01 4.939665e+00 3.587833e+00 5.485775e+00 2.589208e+00 3.138983e+00 1.898297e-01 -4.928008e-02 -6.579871e-01 -9.407963e-01 -4.119186e-01 -2.458558e-02 1.011761e+01 -6.616053e-01 -1.614386e-01 -1.826964e-01 -2.619515e-01 -5.326592e-01 -7.971272e-01 -1.305431e+00 7.936568e-01 -2.015941e-01 -3.099368e-01 1.475635e-02 1.370427e+00 -2.021785e-01 3.344398e-01 3.336986e-01 -1.233875e-01 4.953683e-02 2.141466e-01 1.956953e-01 2.756335e-01 -3.152898e-01 -3.092583e-01 2.723027e-01 3.062051e-01 -2.680082e-01 6.967428e-02 
-1.220940e+01 6.007276e+00 4.941453e+00 5.243185e+00 -8.565354e-01 -1.991215e+00 -4.152882e+00 -4.993423e-01 -1.116707e+00 2.626744e+00 3.220270e+00 2.834558e+00 9.998649e+00 6.463972e-02 3.226807e-01 -5.943823e-01 -2.787487e-01 1.257163e-01 -3.281967e-01 6.770911e-01 1.785647e-01 -4.332589e-01 2.686144e-01 1.061022e+00 4.678496e-01 -3.710388e-02 4.530329e-01 2.966250e-01 -1.071139e-01 2.073359e-01 5.274041e-01 5.416632e-01 5.497730e-01 -4.730692e-01 -8.403522e-02 -1.538488e-02 4.701401e-02 -7.229910e-01 1.118618e-01 
-1.116618e+01 6.905278e+00 3.111211e+00 5.977762e+00 2.314313e-01 2.618336e+00 -2.575446e+00 5.032331e+00 -1.018550e-01 1.281981e-01 -1.533038e+00 1.880562e+00 1.022964e+01 6.521084e-01 9.273434e-01 -1.515707e-01 2.654250e-01 4.216461e-01 3.052982e-01 3.826874e-01 -7.163532e-01 -1.688550e-01 9.754550e-02 4.093578e-01 -9.659644e-01 1.721588e-01 2.812811e-01 1.194630e-01 1.333880e-01 2.411827e-01 3.732721e-01 3.148906e-01 2.726681e-01 -6.709989e-01 6.112831e-02 9.441896e-04 1.687712e-01 -5.275469e-01 8.161003e-02 
-9.857240e+00 8.420794e+00 2.850351e+00 4.375402e+00 1.699585e+00 1.793463e+00 2.076635e+00 -1.483703e+00 -2.084625e+00 8.097893e-01 4.077134e-01 -3.897942e+00 1.060110e+01 7.444205e-01 6.189910e-01 -1.367065e-01 5.276469e-01 1.173970e+00 9.684304e-01 7.847444e-01 -1.344918e+00 -7.194243e-02 -4.015110e-01 4.215989e-01 -1.201333e+00 1.804523e-01 4.334370e-02 -7.091046e-02 2.106554e-01 1.914989e-01 1.755859e-01 7.381897e-02 -1.724866e-01 -5.039837e-01 8.057559e-02 -5.449010e-02 1.003056e-01 -1.267695e-01 1.932709e-02 
-9.380239e+00 8.369955e+00 3.875623e+00 7.246622e+00 3.419363e+00 2.773405e+00 -1.011549e+00 -3.138584e+00 -1.017967e+00 4.551978e-01 3.041448e+00 -1.487822e+00 1.067707e+01 4.049154e-01 2.877706e-01 2.554146e-01 5.409780e-01 8.096069e-01 1.289375e-01 3.974255e-03 -1.799650e+00 -7.656862e-02 2.990022e-02 1.178258e+00 -4.326623e-01 9.711880e-02 -8.338312e-02 -1.610046e-01 1.206039e-01 5.645483e-02 4.115036e-02 -1.192171e-01 -1.537971e-01 -2.621835e-01 1.798893e-02 2.963897e-02 2.294213e-01 1.835171e-01 -2.333781e-02 
