-1.025583e+01 -5.457364e+00 -3.309754e+00 4.281526e+00 -1.079206e-01 -4.272891e+00 6.607224e-01 -4.199004e+00 -6.771688e+00 -2.921094e+00 -1.614929e+00 -1.521867e+00 9.630543e+00 1.371477e-01 -1.576149e-01 -5.219959e-01 1.869106e-01 -9.605055e-01 4.908661e-01 -1.155276e+00 6.477563e-01 1.006894e+00 1.143040e+00 1.123969e+00 1.725039e-01 -7.803430e-02 -1.623510e-02 1.609873e-01 8.128677e-02 1.986525e-02 8.613376e-02 2.360185e-01 1.472874e-01 1.239006e-01 -5.507877e-02 -2.794305e-01 -2.454927e-01 -2.307674e-01 1.249647e-02 
-9.087570e+00 -5.816329e+00 -6.582802e+00 3.666144e+00 -3.823039e+00 -3.742253e+00 -3.386920e+00 -4.889703e+00 -4.192683e+00 3.715074e+00 2.172647e+00 -2.747705e+00 9.315568e+00 1.748903e-01 1.542035e-01 -3.873838e-01 1.250973e-01 -6.598780e-01 2.015368e+00 -7.835057e-01 4.996311e-01 3.849621e-01 6.619055e-01 7.957798e-01 -1.688483e-01 -7.628673e-02 -2.357320e-02 3.142653e-01 2.337421e-01 2.300008e-02 2.467031e-01 -1.249772e-01 2.382812e-01 7.786582e-02 -1.261583e-01 -4.672814e-01 -5.191266e-01 -1.873899e-01 3.074547e-02 
-1.015451e+01 -6.065581e+00 -4.283354e+00 5.523748e+00 -3.052998e+00 -2.083318e+00 -3.092009e+00 -6.148313e-01 -3.026750e+00 -5.238824e-01 2.111201e+00 -4.597771e-02 9.397817e+00 3.703211e-02 4.913813e-01 -1.829258e-01 3.173512e-01 -6.800867e-01 9.088334e-01 -6.046567e-01 1.341275e+00 1.042665e+00 -1.352789e-02 6.065670e-02 -8.104593e-01 -1.640314e-02 7.404408e-03 3.158887e-01 9.571133e-02 -1.334280e-01 2.674569e-01 -5.693598e-01 2.056101e-01 -5.764179e-02 -6.062194e-02 -3.786673e-01 -6.734002e-01 -2.661260e-01 3.112154e-02 
-9.432497e+00 -4.381986e+00 -4.760069e+00 4.285346e+00 -1.934580e+00 4.709522e+00 -1.380481e+00 -3.492606e+00 -6.719793e+00 -8.107353e-01 5.006817e-01 -3.104076e+00 9.365337e+00 6.928172e-02 1.089204e+00 4.770892e-01 2.368804e-01 1.327344e-01 -3.428441e-01 -2.391407e-01 6.902834e-01 3.582534e-01 -6.148806e-01 -9.400498e-01 -2.729608e-01 4.487849e-02 5.729943e-03 2.157294e-01 1.591257e-01 -2.290403e-01 1.661572e-01 -8.729676e-01 1.356749e-01 -2.083527e-01 -1.271399e-01 -2.140432e-01 -4.901793e-01 -8.362833e-02 3.391766e-03 
-9.898128e+00 -3.717142e+00 -5.135931e+00 5.558599e+00 -4.452526e+00 -3.954850e+00 -3.366062e+00 1.808982e+00 -2.950371e-01 -7.257572e-01 -4.757069e-01 -5.395878e+00 9.523293e+00 2.269858e-01 9.544463e-01 -4.757013e-01 -5.360286e-01 -1.945716e-02 -1.176888e+00 -3.994674e-01 2.642273e-01 7.170724e-01 -1.119122e-01 -1.375108e+00 -1.106123e+00 1.703380e-02 -6.420361e-02 5.852507e-02 1.358009e-01 -3.366695e-01 1.784101e-01 -7.198285e-02 2.134529e-01 -3.632185e-01 -3.702884e-01 -1.899909e-01 -5.844867e-02 1.689407e-01 -3.453131e-02 
-8.869513e+00 -1.544646e+00 -3.770726e+00 4.833413e+00 -2.459608e+00 -4.521347e+00 -4.445472e+00 -2.650020e+00 -3.766890e+00 7.412551e-01 -1.233960e+00 -1.437204e+00 9.477261e+00 1.084420e-01 1.001412e+00 5.546701e-01 -5.932992e-01 -1.593089e-01 -1.306682e+00 -2.078692e-01 -3.627917e-03 -8.800491e-02 -3.589776e-01 -9.371153e-01 -4.391731e-01 -7.605372e-02 -1.492566e-01 -1.446250e-01 5.880592e-02 -2.120600e-01 1.521472e-01 5.230939e-01 1.965541e-01 -5.169267e-02 -2.941854e-01 -3.497714e-01 3.432423e-01 3.122587e-01 -5.753060e-02 
-9.301223e+00 -2.712041e+00 -7.156434e+00 2.569533e+00 -2.887833e+00 -3.352493e+00 -3.556682e+00 2.850301e-01 -9.177756e-01 -1.859490e+00 -3.897676e+00 -6.410257e+00 9.427024e+00 -3.037151e-01 8.278767e-01 4.572322e-01 -9.510373e-01 3.578921e-01 1.030843e+00 4.469083e-01 -1.276762e-01 -5.856139e-01 -1.091336e+00 -2.331725e-01 1.173624e-01 -1.285975e-01 -1.944179e-01 -1.583671e-01 2.197396e-01 1.838169e-01 3.768302e-01 7.253330e-01 2.679626e-01 5.345557e-02 -2.657767e-01 -3.253888e-01 4.318068e-01 6.011550e-01 -4.015248e-02 
-9.189330e+00 1.227707e-01 -9.768522e-01 2.813012e+00 -3.513492e+00 -2.124727e+00 -2.324312e+00 -2.748873e+00 -6.848255e+00 -2.038565e+00 -2.474569e+00 -4.793001e+00 9.033305e+00 -4.116272e-01 4.292905e-01 3.047256e-01 -6.158504e-01 7.046601e-01 1.168756e+00 3.203790e-01 6.278667e-01 -4.612912e-01 -1.874121e+00 2.051869e-01 6.765237e-01 -1.698985e-01 -1.479761e-01 -3.996102e-01 -1.638158e-01 3.188758e-01 3.183680e-01 3.695009e-01 2.934408e-01 4.902433e-01 1.682645e-01 -6.394971e-02 2.654463e-02 3.252827e-01 -4.030549e-03 
-1.125669e+01 -4.111263e-01 -4.246457e+00 1.813792e+00 -2.136934e+00 1.236927e-03 -2.192211e+00 1.219681e+00 -1.682587e+00 -4.792271e+00 -1.021354e+00 -3.130854e+00 9.102236e+00 -4.851634e-01 4.487365e-01 7.480451e-01 3.944149e-01 1.432712e+00 1.212243e+00 6.763932e-01 2.158119e-01 -4.250436e-01 -9.812548e-01 2.126457e-01 1.341898e+00 -1.368693e-01 -3.248726e-02 -4.860650e-01 -1.484705e-01 4.170483e-01 -1.339426e-01 -4.778652e-01 1.268788e-01 5.750890e-01 3.211056e-01 4.501221e-01 -3.874563e-01 -1.289971e-01 2.447045e-04 
-9.949668e+00 -5.481397e-01 -3.702343e+00 2.132225e+00 6.883715e-01 -3.543712e-01 -3.525975e+00 2.198719e-02 -5.691254e+00 -7.162538e+00 -1.646267e+00 3.052744e-01 8.790065e+00 -5.408028e-01 -8.070658e-01 -4.098961e-01 3.283834e-01 8.949443e-01 4.501594e-01 1.144744e+00 2.275824e+00 6.728758e-01 -7.337995e-01 -1.027355e+00 5.749058e-01 -9.213141e-02 -4.573524e-02 -2.310798e-01 -8.482592e-02 5.539333e-02 -6.028753e-01 -5.050871e-01 8.874807e-02 2.891066e-01 3.644116e-01 6.805737e-01 -3.510726e-01 -3.383501e-01 -2.584226e-02 
-1.134656e+01 -1.325494e-01 -2.052781e+00 4.882108e+00 2.174856e+00 1.823675e+00 4.260680e-01 -2.086335e-02 -3.620989e+00 -4.203228e+00 -3.248798e+00 -2.249967e+00 8.864368e+00 -4.015271e-01 -9.842405e-01 7.232928e-02 6.622723e-01 -4.070002e-01 -9.991573e-01 6.691767e-01 1.923831e+00 4.526878e-01 5.892545e-01 -1.554242e+00 -4.767218e-01 -1.663451e-01 -1.063607e-01 7.377737e-02 -2.444223e-02 -4.125846e-01 -7.708533e-01 -2.969144e-01 -1.839734e-01 -2.811113e-01 1.335042e-01 3.836890e-01 1.864609e-02 -1.769492e-01 -8.524057e-02 
-1.184787e+01 -4.051839e+00 -4.122973e+00 2.920907e+00 -1.194072e+00 -7.855406e-01 2.090086e+00 9.250977e+00 -2.514607e+00 -6.001862e+00 -6.497487e+00 -2.359044e+00 8.691693e+00 -6.822050e-01 -9.552311e-03 2.186016e-01 -4.729174e-01 -1.389718e+00 -2.509758e-01 7.676820e-01 1.219451e+00 9.219983e-01 7.435241e-01 -6.667631e-01 -1.059607e-01 -2.843647e-01 -1.509311e-01 4.994071e-01 1.860183e-01 -4.124801e-01 -2.537166e-01 7.961615e-03 -2.426428e-01 -1.051238e+00 5.029891e-03 4.386187e-01 7.348921e-01 2.251808e-01 -1.067554e-01 
-1.231482e+01 -3.580634e+00 -3.674792e+00 4.730292e+00 -3.230195e+00 -4.779195e+00 -1.654534e+00 6.224285e+00 -1.007528e+00 -2.426563e+00 -6.366605e+00 -4.182641e+00 8.319705e+00 -9.462264e-01 4.188283e-01 3.115371e-01 -1.267891e+00 -1.279196e+00 7.823742e-02 -5.487929e-02 -6.614239e-01 1.180338e-01 1.984467e-01 1.254630e-01 7.977037e-01 -4.669280e-01 -1.694487e-01 4.197478e-01 1.074121e-01 -1.764274e-01 4.578985e-01 2.541362e-01 -1.683311e-01 -8.594974e-01 2.713904e-01 4.167679e-01 9.674368e-01 3.801235e-01 -2.631729e-02 
-1.287693e+01 1.127872e+00 -1.798927e+00 -1.569575e-01 -3.557791e+00 1.692190e+00 1.352518e+00 2.996494e+00 -2.387847e+00 -4.333389e+00 -3.420849e+00 7.419769e-01 7.640687e+00 -1.022952e+00 9.884484e-01 4.005473e-01 -7.691668e-01 6.245088e-02 -4.866537e-02 2.934373e-01 -1.687570e+00 8.652422e-01 1.654716e+00 1.807369e+00 1.063565e+00 -4.755494e-01 5.448643e-02 9.507018e-02 1.158137e-01 4.576966e-01 6.888030e-01 2.087966e-01 -1.993557e-01 -3.513675e-01 3.218563e-01 4.729085e-01 6.492686e-01 1.224417e-01 1.282252e-01 
-1.556322e+01 -6.280220e-01 -1.657241e+00 8.174766e-02 -3.039873e+00 9.758508e-01 5.205092e-01 -2.011750e-01 -3.093958e+00 -4.045292e+00 -4.159439e+00 1.879279e-01 7.055367e+00 -1.078237e+00 6.154490e-01 5.184195e-01 -7.186140e-02 1.156406e+00 1.703281e-01 6.455386e-02 -9.201194e-01 1.838044e+00 2.217469e+00 2.046052e+00 8.390598e-01 -2.023451e-01 2.547820e-01 -5.024193e-02 -6.411526e-03 5.935392e-01 4.608430e-01 3.279660e-01 -4.197972e-02 1.164406e-01 2.282576e-01 3.835239e-01 1.287635e-01 -8.212142e-02 2.495949e-01 
-1.533855e+01 -5.860585e-01 -3.129202e+00 1.399878e+00 -9.769510e-01 -3.906183e+00 2.470168e+00 4.025755e+00 2.855237e+00 3.080848e+00 1.435287e+00 7.734793e-01 6.946014e+00 -3.437613e-01 3.675409e-01 6.941310e-01 1.217618e+00 8.362852e-01 7.468961e-01 -2.886941e-01 -4.079624e-01 1.671273e+00 2.098680e+00 1.619186e+00 4.856290e-01 2.244710e-01 2.568505e-01 -3.297290e-01 -9.150112e-02 3.104640e-01 -7.861482e-02 1.475134e-01 -3.950357e-01 2.691818e-01 -3.138752e-01 -3.201050e-01 -3.845994e-01 -1.912110e-01 2.098311e-01 
-1.647510e+01 3.533172e-01 -4.174872e-01 3.592623e+00 1.261527e+00 -1.128342e+00 -1.890347e+00 1.108949e+00 5.561002e+00 4.953682e+00 1.435287e+00 -3.055644e-03 7.655408e+00 -1.169669e-02 4.780761e-01 1.327085e-01 7.065637e-01 6.381321e-01 1.320127e+00 2.642666e-02 -7.191299e-01 8.563393e-01 1.894113e+00 8.633984e-01 6.759985e-01 4.309761e-01 1.781506e-01 -3.680107e-01 -1.643528e-01 -2.549026e-01 -3.976163e-01 -4.876941e-01 -5.672307e-01 4.967835e-02 -7.226834e-01 -8.851986e-01 -3.967413e-01 -2.154830e-01 2.587643e-02 
-1.413990e+01 2.474749e+00 1.052014e+00 4.175541e+00 -1.526590e+00 6.479025e+00 1.114387e+00 3.020006e-01 1.640812e+00 1.660262e+00 1.878317e+00 3.266109e+00 8.462939e+00 -2.718199e-01 -5.915678e-01 1.358256e-01 3.939282e-01 -7.132034e-02 1.139393e-01 -1.662717e+00 -4.422458e-01 -2.131226e-01 2.159921e-01 4.755391e-01 1.891777e-01 2.569759e-01 -9.828389e-02 -2.539583e-01 -3.526066e-02 -5.667660e-01 -2.899052e-01 -1.134769e+00 -4.591214e-01 -2.926790e-01 -9.378273e-01 -1.324251e+00 -5.390410e-01 -5.298354e-01 -6.004428e-02 
-1.622136e+01 2.314713e-01 -3.083941e+00 2.226275e+00 4.253108e-01 2.384195e+00 1.330501e+00 -1.934713e+00 1.795221e+00 6.135499e+00 -6.401382e-02 2.321824e+00 8.451724e+00 -2.236227e-01 -7.449751e-01 -2.418507e-02 -9.344888e-01 -3.778496e-01 -1.951651e+00 -2.084521e+00 -6.544887e-01 -8.333055e-01 -1.267180e+00 6.341310e-01 -9.020603e-02 -8.916052e-02 -5.080788e-02 1.988160e-01 4.323485e-01 -1.940869e-01 -1.705112e-01 -1.006042e+00 -6.667805e-02 -7.038761e-01 -1.252633e+00 -1.753672e+00 -8.688049e-01 -8.606024e-01 1.295711e-01 
-1.682487e+01 -3.483057e+00 -1.116571e+00 4.052369e+00 -9.156978e-01 -5.092967e+00 -7.454262e+00 3.336328e+00 3.672795e+00 3.569990e+00 4.562925e+00 5.565063e-01 7.832757e+00 -7.293390e-01 -2.906665e-01 5.962313e-01 -7.957740e-01 -1.052997e-01 -3.290971e+00 -1.528850e+00 -1.903738e+00 -2.173193e+00 -2.941922e+00 -9.612036e-01 -1.780425e+00 1.843350e-01 4.937381e-01 9.664521e-01 5.559931e-01 3.423322e-02 -1.271513e-01 -4.077949e-01 4.642492e-01 -8.372591e-01 -1.450570e+00 -1.275981e+00 -1.162479e+00 -7.533964e-01 4.960949e-01 
-1.625043e+01 -3.929253e-01 5.452898e-01 -1.018206e+00 -9.331987e-01 -5.100651e+00 -8.029020e+00 -3.680979e+00 3.787456e-01 -2.336611e+00 3.263327e+00 9.006704e-01 7.524558e+00 -3.721286e-02 1.321760e+00 2.064265e+00 3.308170e-01 -1.975803e-01 -2.007595e+00 -3.739691e-01 -3.507860e+00 -4.426901e+00 -5.295347e+00 -2.762329e+00 -2.642208e+00 1.115094e+00 9.214162e-01 1.061250e+00 2.161334e-01 3.157410e-01 -3.117989e-01 -5.386513e-02 2.800084e-01 -1.590128e-01 -8.673252e-01 -1.421613e-01 -1.077108e+00 -2.441682e-01 7.021978e-01 
-1.777243e+01 1.333645e+00 2.218465e+00 1.818566e+00 -1.373456e+00 -6.233218e+00 -1.849789e+00 -8.344051e+00 -8.517398e+00 -8.813186e+00 -4.592024e+00 -4.925704e+00 9.848081e+00 2.103665e+00 3.207340e+00 1.871467e+00 -6.764318e-02 -7.972260e-01 -1.897042e+00 -1.968039e-01 -3.201927e+00 -5.669175e+00 -4.149826e+00 -3.638680e+00 -2.301775e+00 2.135270e+00 9.245189e-01 7.166390e-01 -5.041358e-01 2.355938e-01 -3.780497e-01 -4.761451e-02 -8.453017e-02 7.651302e-01 5.900645e-01 1.089740e+00 -6.399444e-02 5.109019e-01 4.688996e-01 
-1.593326e+01 4.431866e+00 5.569736e+00 4.997164e+00 -3.337919e-01 -7.084031e+00 -3.341727e+00 -1.363418e+01 -1.424455e+01 -1.414981e+01 -9.298229e+00 -8.148010e+00 1.301956e+01 2.966962e+00 2.812279e+00 4.187881e-01 2.800361e-01 -1.590911e+00 -2.918048e+00 -1.350482e+00 -8.005202e-01 -3.421985e+00 -1.374012e+00 -3.412714e+00 -1.050325e+00 2.446338e+00 8.088388e-02 9.208768e-02 -1.126886e+00 2.386764e-01 -1.042603e-01 -4.643686e-02 1.907280e-02 1.284592e+00 2.002416e+00 1.853307e+00 9.617650e-01 8.434448e-01 -4.351727e-02 
-6.465152e+00 1.014143e+01 5.729133e+00 7.066777e-01 -5.201784e+00 -1.358658e+01 -1.078172e+01 -7.696626e+00 -1.736165e+01 -1.127299e+01 -7.349139e+00 -6.427977e+00 1.576157e+01 2.391253e+00 2.547199e+00 -1.101659e+00 4.073941e-01 -1.298868e+00 -3.073868e+00 -1.463180e+00 5.681979e-01 2.744707e-01 5.461057e-01 -9.560680e-01 -2.180429e-02 1.863172e+00 -1.087942e+00 -4.336258e-01 -8.925632e-01 5.702370e-01 4.446483e-01 7.709444e-01 5.248251e-01 8.548390e-01 2.206358e+00 1.434839e+00 1.457734e+00 5.190822e-01 -4.857883e-01 
-7.069106e+00 9.264747e+00 8.837622e-01 9.382218e-01 -6.973753e+00 -1.601436e+01 -1.031531e+01 -8.007187e+00 -1.230870e+01 -7.977085e+00 -1.242157e+01 -3.599846e+00 1.679949e+01 2.236191e-01 2.112223e+00 -2.083658e+00 1.286732e+00 -4.681630e-01 -1.651355e+00 3.545371e-01 1.030107e+00 2.613233e+00 1.623264e+00 7.051734e-01 4.349513e-01 1.033540e+00 -1.350735e+00 -4.586184e-01 -1.165907e-01 5.784398e-01 6.705661e-01 1.537551e+00 7.902671e-01 2.311735e-01 9.487532e-01 5.335624e-01 1.444962e+00 2.179691e-01 -5.949062e-01 
-1.024834e+01 1.165363e+01 -9.468424e-01 5.885625e+00 -4.547687e+00 -1.713754e+01 -5.678421e+00 -8.316474e+00 -8.112448e+00 -9.168851e+00 -7.810604e+00 -7.308864e+00 1.727429e+01 -1.964393e+00 1.389195e+00 -1.340174e+00 2.280287e+00 8.645417e-01 1.324243e+00 1.574848e+00 1.567973e-01 2.345033e+00 1.525790e+00 1.590940e+00 -4.490198e-01 4.127431e-01 -8.268240e-01 -5.767483e-01 4.611976e-01 2.023124e-01 4.237520e-01 1.571386e+00 3.510703e-01 3.164215e-02 -4.494517e-01 -2.795368e-02 4.316387e-01 1.995633e-01 -4.322090e-01 
-1.292362e+01 1.423666e+01 -1.510143e+00 8.841749e+00 -3.002136e+00 -1.356523e+01 -4.120432e+00 -8.173922e+00 -5.802701e+00 -7.085436e+00 -5.541376e+00 -5.532520e+00 1.743107e+01 -1.608938e+00 1.098301e+00 -4.496567e-02 2.235833e+00 6.801592e-01 2.570693e+00 1.081841e+00 5.611318e-01 2.865532e-01 8.039584e-01 2.538579e+00 2.531156e-01 1.970340e-01 -2.740881e-03 -5.629305e-01 5.398805e-01 -4.534942e-01 2.434711e-02 8.452724e-01 -2.558152e-01 -1.083037e-01 -9.129409e-01 -2.452508e-01 -4.374104e-01 2.730252e-01 -2.151608e-01 
-1.335974e+01 1.460170e+01 2.255120e-01 8.155711e+00 -2.864863e+00 -8.190129e+00 -6.005199e+00 -6.829433e+00 -8.890020e+00 -4.089647e+00 -2.834647e+00 -7.706976e+00 1.750982e+01 -8.267966e-01 1.703516e-01 1.848909e-01 9.445691e-01 2.459392e-01 2.672015e+00 -7.135697e-02 9.608865e-01 -8.092995e-01 8.160452e-01 2.855222e-01 1.066847e+00 1.204320e-01 4.429131e-01 -4.067833e-01 2.317856e-01 -8.066850e-01 -3.196825e-01 -2.062352e-01 -2.598883e-01 -2.245947e-01 -4.395779e-01 -1.411155e-01 -9.505212e-01 3.282427e-01 -7.237522e-02 
-1.355797e+01 1.328212e+01 7.300262e-02 1.098246e+01 -4.414242e+00 -7.634305e+00 -4.742701e+00 -5.945270e+00 -1.048728e+01 -6.497222e+00 -2.216493e+00 -2.135377e+00 1.766684e+01 -3.588229e-01 -9.313601e-02 -1.467906e-01 -3.129493e-01 -3.716218e-02 1.901033e+00 -1.013055e-01 8.639866e-02 -3.741698e-01 7.518420e-01 -8.291456e-01 1.042296e+00 1.039465e-01 2.927037e-01 -2.360632e-01 -7.465967e-02 -6.967570e-01 -2.164831e-01 -6.724496e-01 -4.154642e-02 -3.979217e-01 1.669942e-01 5.752314e-02 -7.794842e-01 -2.836169e-01 -2.412028e-02 
-1.406501e+01 1.298281e+01 -8.140116e-01 9.537814e+00 -2.612194e+00 -6.742937e+00 -5.724193e+00 -4.625812e+00 -9.816472e+00 -5.382972e+00 -8.045330e+00 -3.673483e+00 1.775867e+01 -3.747705e-01 -4.901291e-02 -1.302816e-01 -4.787581e-01 -3.751670e-01 6.280012e-01 8.669089e-01 -7.289438e-01 4.776478e-01 8.461973e-01 -1.477697e+00 7.975724e-01 9.748051e-02 7.413677e-02 1.042748e-02 -9.130930e-02 -2.446100e-01 -8.269910e-02 -7.255799e-01 1.310819e-01 -3.692621e-01 2.644037e-01 -1.184391e-01 6.511302e-02 -3.911458e-01 -8.147459e-03 
-1.436500e+01 1.458046e+01 -1.724148e+00 6.586463e+00 -3.313872e+00 -4.783463e+00 -4.767614e+00 -8.843833e+00 -7.209817e+00 -2.679839e+00 -7.081231e+00 -2.337780e+00 1.782643e+01 -3.714038e-01 2.774762e-02 -2.606221e-01 -5.363531e-01 -9.170793e-02 2.304985e-01 4.050526e-01 -5.836974e-01 4.781247e-01 1.076497e+00 -4.772353e-01 -1.030369e+00 8.786885e-02 -1.589036e-02 -2.524930e-02 -3.583610e-02 2.339219e-01 -5.334925e-02 -5.873869e-01 -4.691939e-02 -2.695191e-02 -5.883196e-02 -1.714424e-01 4.249166e-01 -2.796344e-01 -3.258628e-03 
-1.483019e+01 1.370732e+01 4.729708e-01 7.959972e+00 -5.291476e+00 -6.475697e+00 -1.658589e+00 -9.024993e+00 -8.140522e+00 -1.767050e+00 -7.790941e+00 -3.617960e+00 1.791732e+01 -4.499015e-01 1.620501e-01 -2.147894e-01 -1.669337e-01 -1.403520e-01 -1.206252e-01 3.309632e-01 -5.504609e-01 8.671467e-02 6.159247e-02 4.351880e-01 1.472964e-01 8.775234e-02 8.704001e-02 -2.075973e-01 2.795644e-03 3.094191e-01 -1.243018e-01 -2.970050e-01 -5.766767e-01 3.133752e-01 -2.788262e-01 -2.913742e-01 4.462594e-01 -3.174753e-02 4.678301e-03 
-1.503239e+01 1.305815e+01 -1.873706e+00 9.089525e+00 -3.533180e+00 -6.615294e+00 -4.750233e+00 -6.663970e+00 -8.935109e+00 -2.922752e+00 -4.730279e+00 -7.314771e+00 1.802691e+01 -4.008183e-01 -3.250097e-01 -2.838271e-01 7.007231e-01 -4.213073e-01 -6.616026e-01 -6.798927e-02 -1.374901e-01 -4.728967e-01 2.868236e-01 3.389568e-01 -3.073196e-02 9.247079e-02 2.978749e-01 -4.768910e-01 9.145302e-02 2.058129e-01 -4.584531e-01 -2.867685e-01 -6.781565e-01 4.410451e-01 -1.725823e-01 -3.447628e-01 2.029593e-01 2.531663e-01 2.662856e-02 
-1.598039e+01 1.455417e+01 -1.813194e+00 7.451530e+00 -3.203944e+00 -6.430019e+00 -4.078136e+00 -8.467937e+00 -8.519950e+00 -4.953107e+00 -7.044977e+00 -4.488151e-01 1.809724e+01 7.495198e-02 -9.105504e-01 -1.047676e-01 4.495763e-01 -8.319206e-01 -4.109111e-01 -1.779985e+00 6.149123e-01 -4.409417e-01 -2.157550e-01 3.455597e-01 1.390252e-01 1.185679e-01 5.894781e-01 -9.127896e-01 2.291386e-01 -1.736583e-01 -6.964813e-01 -5.068083e-01 -4.832564e-01 4.688548e-01 -1.183055e-01 -1.787077e-01 1.169577e-01 -2.441143e-01 6.661010e-02 
-1.579405e+01 1.253234e+01 -2.000141e+00 1.034416e+01 -6.464585e+00 -8.114141e+00 -3.897945e+00 -9.809455e+00 -9.384298e+00 3.474541e-01 -5.760126e+00 -4.076320e+00 1.819888e+01 8.554987e-01 -1.820305e+00 1.415979e-01 1.844770e-01 -2.038187e+00 -1.058215e+00 -1.930208e+00 1.038744e+00 -1.209139e-01 -5.085684e-01 5.824082e-01 2.395928e-01 2.055389e-01 6.706404e-01 -1.058366e+00 4.212615e-01 -7.387637e-01 -7.532814e-01 -4.597928e-01 -7.439085e-02 3.180023e-01 -1.954478e-01 -2.322614e-01 5.129058e-02 -1.982612e-01 9.922870e-02 
-1.407382e+01 9.417433e+00 1.249084e-02 9.580781e+00 -7.984978e+00 -7.781159e+00 -1.098451e+01 -4.377618e+00 -1.012103e+01 -4.480961e+00 -5.548135e+00 -4.542556e+00 1.842437e+01 1.869235e+00 -3.654143e+00 7.182596e-01 -7.769543e-01 -2.814167e+00 -2.456371e+00 -1.154073e+00 1.205842e+00 -6.805253e-01 -4.343578e-01 8.983694e-01 -1.208397e+00 3.642187e-01 3.684979e-01 -8.519691e-01 5.329368e-01 -9.473345e-01 -6.461402e-01 -1.273778e-01 4.737386e-01 -1.348858e-01 -2.711466e-01 -5.173087e-02 9.781246e-03 -2.617667e-01 9.697232e-02 
-1.170779e+01 6.524985e+00 -2.078364e+00 8.947735e+00 -1.133367e+01 -1.123094e+01 -1.094858e+01 -3.515516e+00 -8.739440e+00 -5.701329e+00 -2.566739e+00 -4.070020e+00 1.889122e+01 2.055113e+00 -4.245142e+00 1.410946e+00 -2.379718e+00 -3.196702e+00 -1.937749e+00 -7.528356e-01 1.157035e+00 -1.330279e+00 -7.651213e-01 3.189036e-01 -3.484522e-01 4.658111e-01 -1.243859e-01 -2.851802e-01 6.983206e-01 -8.590890e-01 -1.239219e-01 7.120165e-01 3.741220e-01 -2.873437e-01 -1.787606e-01 -2.074347e-02 3.204840e-02 -2.449754e-01 4.321496e-02 
-8.677005e+00 -7.124546e-01 1.817513e+00 4.264817e+00 -1.484042e+01 -1.715333e+01 -6.323286e+00 -5.585919e+00 -1.224575e+01 -4.100424e+00 -4.149607e+00 -6.493738e+00 1.957211e+01 1.317625e+00 -3.958001e+00 1.925266e+00 -3.004989e+00 -3.483381e+00 -6.079941e-01 8.641835e-05 -1.186473e-01 -1.191966e+00 -3.461109e-01 5.261613e-01 -8.759727e-01 4.732674e-01 -5.547727e-01 3.958878e-01 5.544969e-01 -4.129503e-01 2.612355e-01 1.349081e+00 -1.603150e-01 -2.883824e-01 1.516350e-01 -2.741467e-01 2.425360e-01 -2.268925e-01 -3.912326e-02 
-8.216661e+00 -3.628665e+00 4.151891e+00 1.103883e+00 -1.902041e+01 -1.311699e+01 -9.992584e+00 -3.420057e+00 -1.497363e+01 -3.668487e+00 -4.864847e+00 -4.842617e+00 1.995391e+01 5.092584e-01 -3.094302e+00 3.029755e+00 -2.996877e+00 -2.323255e+00 1.577715e+00 -6.368904e-01 2.643582e-01 -7.592207e-01 -6.563398e-01 9.286938e-01 -1.151549e+00 3.671314e-01 -5.617168e-01 6.184807e-01 2.110311e-01 1.774427e-01 5.154583e-01 9.209139e-01 -2.504422e-01 -2.020258e-01 2.405565e-01 -2.401321e-01 3.571908e-01 -4.616477e-01 -9.278164e-02 
-9.231179e+00 -5.295577e+00 6.523657e+00 -1.521874e+00 -2.155804e+01 -9.877667e+00 -1.146193e+01 -5.018255e+00 -1.296377e+01 -7.228034e+00 -1.768546e+00 -8.535490e+00 2.025930e+01 -1.314809e-01 -2.250164e+00 2.681449e+00 -2.533197e+00 -1.944654e+00 2.531321e+00 -2.013679e+00 2.103161e-01 -2.078762e-01 -1.859435e+00 1.806146e+00 -1.941254e+00 2.179467e-01 -2.539107e-01 5.481465e-01 -2.553504e-01 6.491302e-01 6.064524e-01 -1.110729e-02 -8.907986e-02 3.125725e-01 -1.639788e-01 1.481186e-01 8.305278e-02 -9.143872e-03 -9.949142e-02 
-8.884490e+00 -6.654587e+00 1.071767e+01 -3.143159e+00 -1.959083e+01 -6.979867e+00 -1.156332e+01 -2.477345e+00 -1.217641e+01 -7.419131e+00 8.859527e-01 -8.806411e+00 2.038338e+01 -2.888466e-02 -2.006691e+00 2.087932e+00 -1.728327e+00 -1.388824e+00 1.097130e+00 -9.980764e-01 -1.762914e-02 -6.193178e-01 -1.209085e+00 1.464874e+00 -2.124009e+00 1.296359e-01 6.581370e-02 3.771999e-01 -8.957474e-01 9.914014e-01 4.727159e-01 -1.020627e+00 2.068667e-01 6.906718e-01 -4.916605e-01 5.380756e-01 -2.179739e-01 5.577237e-01 -6.497271e-02 
-9.000788e+00 -1.045051e+01 1.194168e+01 -6.277358e+00 -2.427834e+01 -7.565574e+00 -1.560633e+01 -5.005527e+00 -1.468396e+01 -1.152254e+01 2.005512e+00 -1.421774e+01 2.044717e+01 3.171784e-01 -1.760943e+00 1.119441e+00 -3.934201e-01 -9.181208e-01 -4.231454e-01 -2.646390e-01 1.585315e+00 -2.081620e+00 6.710031e-01 6.733816e-01 -4.354970e-01 9.456789e-02 3.334819e-01 3.782193e-01 -1.215965e+00 1.148665e+00 7.925722e-01 -1.350958e+00 2.959107e-01 1.171795e+00 -2.238565e-01 7.485479e-01 -4.062364e-01 1.137454e+00 -2.714859e-02 
-8.475687e+00 -1.108452e+01 1.188264e+01 -5.159740e+00 -2.460430e+01 -8.786937e+00 -1.291099e+01 -3.514668e+00 -1.721022e+01 -7.566702e+00 5.725744e-01 -1.262136e+01 2.050815e+01 6.139811e-01 -1.452764e+00 -6.680374e-01 8.903811e-01 -4.728128e-01 -2.048191e+00 -4.770448e-01 3.030320e+00 -2.280505e+00 7.687376e-01 4.051081e-01 8.840921e-01 1.039465e-01 4.070598e-01 4.660710e-01 -1.423625e+00 8.319431e-01 9.729930e-01 -9.057606e-01 -4.501520e-01 9.965318e-01 5.266068e-01 3.498946e-01 -4.246803e-01 9.528035e-01 -7.256782e-03 
-7.849267e+00 -1.188587e+01 1.153826e+01 -2.480991e+00 -2.364284e+01 -1.109007e+01 -1.211201e+01 3.426696e+00 -2.085519e+01 -3.799478e+00 1.755424e+00 -8.805623e+00 2.066961e+01 1.214497e+00 -6.360320e-01 -2.020508e+00 1.900809e+00 1.560224e+00 -2.650784e+00 -7.946913e-01 4.545331e+00 -4.965848e-01 8.942847e-01 3.048418e-01 2.242149e+00 9.503391e-02 3.776090e-01 5.026538e-01 -1.339380e+00 1.336596e-01 8.721682e-01 -1.996675e-01 -9.586341e-01 -1.252539e-01 1.300513e+00 -6.730714e-02 -3.874983e-01 3.175800e-02 6.656889e-05 
-6.390264e+00 -1.320089e+01 7.578924e+00 -5.894912e-01 -2.227284e+01 -1.545896e+01 -1.569613e+01 8.458029e+00 -2.049321e+01 -7.436955e+00 3.036588e+00 -7.092285e+00 2.079205e+01 1.557902e+00 -2.386967e-01 -3.460257e+00 1.284136e+00 2.237127e+00 -2.317790e+00 -2.983938e+00 3.485033e+00 1.221200e+00 4.286165e-01 -4.741784e-01 1.301330e+00 9.305332e-02 2.698030e-01 5.176419e-01 -7.946219e-01 -4.256464e-01 5.426236e-01 6.058013e-01 -7.785963e-01 -1.077443e+00 1.439958e+00 2.645829e-01 -1.479794e-01 -7.048523e-01 1.542581e-02 
-3.970926e+00 -1.257245e+01 3.991018e+00 9.415636e-01 -1.764276e+01 -1.748375e+01 -1.818694e+01 1.173461e+01 -1.552533e+01 -7.115696e+00 2.297999e+00 -5.771939e+00 2.078060e+01 1.733149e+00 1.452197e-01 -4.181229e+00 7.788566e-02 2.087618e+00 -1.286551e+00 -3.804455e+00 7.316328e-01 2.669989e+00 5.043867e-01 -8.243768e-01 -4.853869e-01 1.003349e-01 4.015498e-02 3.151337e-01 -3.383684e-01 -7.154615e-01 -1.468128e-01 9.028867e-01 -3.104115e-01 -1.518527e+00 7.607477e-01 3.256770e-01 1.636347e-01 -1.017967e+00 3.777193e-02 
-2.625136e+00 -1.193440e+01 -1.645434e+00 -4.500874e-01 -1.641879e+01 -1.717895e+01 -2.479319e+01 9.756698e+00 -1.376941e+01 -3.765901e+00 -2.069635e+00 -7.631764e+00 2.091799e+01 1.703734e+00 7.448616e-01 -3.560812e+00 -3.264152e-01 1.976560e+00 2.987880e-01 -2.865107e+00 -4.502278e-01 3.335958e+00 2.286741e+00 2.298867e-01 -1.276405e+00 1.783932e-01 -1.328567e-01 1.146641e-01 9.348626e-02 -3.883419e-01 -3.880705e-01 8.674213e-01 5.193222e-01 -8.504793e-01 1.171634e-01 1.201034e-01 5.166740e-01 -5.428594e-01 4.279931e-02 
-1.065694e+00 -1.179284e+01 -4.755641e+00 -2.160649e+00 -1.613166e+01 -1.666282e+01 -2.658583e+01 6.435568e+00 -1.086713e+01 -3.113020e+00 1.866889e-01 -1.096275e+01 2.110843e+01 1.342432e+00 4.478268e-01 -3.662060e+00 -8.710532e-01 9.564647e-01 5.553741e-01 -2.406137e+00 -1.079760e+00 2.249804e+00 1.593632e+00 7.710801e-01 -1.558808e+00 2.412477e-01 -3.034059e-01 -1.181600e-01 2.966194e-01 4.018940e-02 -3.201574e-01 5.807536e-01 8.466399e-01 1.884910e-01 -4.293000e-01 -4.057469e-01 2.356878e-01 1.061348e-01 1.748427e-02 
6.756834e-01 -9.866565e+00 -5.851741e+00 -6.696962e-01 -1.314556e+01 -1.437549e+01 -2.582219e+01 8.856412e+00 -6.142144e+00 1.995200e+00 5.241912e+00 -1.087927e+01 2.152014e+01 1.089220e+00 1.832019e-01 -3.252567e+00 -1.829955e-01 8.623956e-01 1.098242e+00 -1.086358e+00 1.382163e-01 2.017056e+00 4.845019e-01 1.311418e+00 -8.762352e-01 2.365875e-01 -4.434207e-01 -4.160328e-01 3.104686e-01 1.416012e-01 -3.088544e-01 1.039856e-01 6.863608e-01 5.581388e-01 -7.996525e-01 -1.245269e+00 -5.657616e-01 3.067693e-01 -3.965766e-02 
1.090654e+00 -1.136714e+01 -1.221581e+01 -3.304046e+00 -1.449751e+01 -1.610871e+01 -2.970355e+01 6.786009e+00 -8.089478e+00 -2.028202e+00 2.497700e+00 -1.194208e+01 2.168580e+01 5.234341e-01 -1.647792e-01 -2.852194e+00 2.073528e-01 1.043917e+00 1.217360e+00 -4.606874e-01 1.379876e+00 1.182885e+00 -6.231984e-01 -1.867076e-01 -1.548004e-01 1.587039e-01 -4.923742e-01 -3.946645e-01 6.683589e-01 2.556045e-01 -1.689440e-01 -5.776044e-02 7.514431e-01 6.328804e-01 -7.091141e-01 -1.216428e+00 -8.822913e-01 2.917001e-01 -7.857039e-02 
1.743064e+00 -1.123114e+01 -1.417826e+01 -7.938228e-01 -1.292407e+01 -1.196436e+01 -2.866586e+01 1.027260e+01 -5.072344e+00 -1.885605e+00 3.332147e+00 -1.152350e+01 2.181221e+01 -1.040156e-01 -1.029046e+00 -2.413377e+00 -1.575239e-01 3.886524e-01 4.876407e-01 -4.062028e-01 1.110713e+00 -1.287039e-01 -2.831191e+00 -2.120135e+00 -4.446872e-01 2.146099e-02 -4.821797e-01 -3.116452e-01 9.055970e-01 9.285455e-02 -3.262363e-01 -2.581878e-01 7.598491e-01 1.360822e-01 -6.662124e-01 -8.686867e-01 -8.099861e-01 1.230337e-01 -8.577498e-02 
1.018408e+00 -1.193440e+01 -1.485324e+01 -1.062127e+00 -1.102248e+01 -1.178122e+01 -2.746709e+01 1.262684e+01 -5.487928e+00 -4.288620e+00 2.081952e-01 -1.141402e+01 2.175590e+01 -5.229061e-01 -9.191931e-01 -7.398459e-01 3.942527e-01 3.485925e-01 5.719460e-01 1.010998e+00 1.598400e+00 -2.226614e-01 -2.830541e+00 -1.924738e+00 -3.158924e-01 -4.407309e-02 -3.440363e-01 -1.167631e-01 1.052566e+00 5.184052e-02 -4.546063e-01 -1.576797e-01 9.453899e-01 -2.874854e-01 -3.005369e-01 -1.693509e-01 -7.760682e-02 2.503071e-02 -5.675868e-02 
1.919920e-01 -1.472826e+01 -1.659972e+01 -2.578382e+00 -1.293993e+01 -1.410142e+01 -2.897120e+01 1.148981e+01 -8.086926e+00 -1.103008e+01 -4.214126e+00 -1.336639e+01 2.159234e+01 -7.986225e-01 -9.978868e-01 2.192943e-01 1.875596e-01 -4.211285e-01 1.301775e-01 1.976928e+00 7.093878e-01 -6.113688e-01 -2.755161e+00 -1.869592e+00 -1.805331e-01 -9.090810e-02 -1.786090e-01 1.557396e-01 9.626814e-01 -5.056656e-03 -3.332651e-01 9.972791e-02 1.022518e+00 -4.591126e-01 1.329268e-01 7.242753e-01 5.227240e-01 2.637617e-02 -1.178934e-02 
-7.489595e-01 -1.421459e+01 -1.470368e+01 -4.405392e-01 -1.274632e+01 -1.218037e+01 -2.449596e+01 1.416946e+01 -7.695587e+00 -1.160876e+01 -3.352643e+00 -1.260009e+01 2.157552e+01 -8.494776e-01 -7.643074e-01 1.094273e+00 2.939887e-01 -8.242306e-01 6.076478e-01 3.074678e+00 1.430578e-01 -7.862506e-02 -1.508007e+00 -6.998999e-01 -1.616274e-01 -6.894691e-02 -2.470592e-02 1.982875e-01 4.945352e-01 -2.574105e-01 -2.660644e-01 2.327573e-01 5.338379e-01 -6.727613e-01 2.986442e-01 9.787793e-01 5.012971e-01 -1.214087e-01 1.237772e-02 
-1.366129e+00 -1.508066e+01 -1.315694e+01 -1.665057e-01 -1.416773e+01 -1.111440e+01 -2.026697e+01 1.304855e+01 -7.025208e+00 -1.200132e+01 -4.235018e+00 -1.183301e+01 2.144770e+01 -8.338844e-01 -3.279664e-01 1.482986e+00 -1.327012e-01 -6.911747e-01 9.684477e-01 3.674610e+00 -4.572938e-01 4.639754e-01 1.289149e-01 -1.188444e-01 -3.899396e-01 -2.502451e-02 8.388807e-02 1.949274e-01 1.181538e-01 -4.206307e-01 -7.923221e-02 2.242873e-01 -2.161444e-02 -6.449044e-01 3.066703e-01 8.953390e-01 2.222855e-01 -2.532096e-01 2.997355e-02 
-2.449809e+00 -1.557967e+01 -1.110347e+01 -7.985970e-01 -1.453032e+01 -1.023669e+01 -1.644587e+01 1.256277e+01 -6.411827e+00 -1.134263e+01 -3.280750e+00 -1.298875e+01 2.148345e+01 -6.288691e-01 -2.628052e-01 1.101084e+00 -7.326629e-01 -8.465853e-01 1.316568e+00 2.831362e+00 -1.182086e+00 7.328115e-01 6.212261e-01 -2.935768e-01 -8.182054e-01 -1.506334e-02 1.818935e-01 1.465656e-01 -9.967248e-02 -4.051133e-01 8.727355e-02 8.278783e-02 -3.968556e-01 -4.532579e-01 2.688498e-01 5.281134e-01 -9.084107e-02 -1.165113e-01 2.451073e-02 
-3.126889e+00 -1.568533e+01 -1.098491e+01 -3.062477e+00 -1.550436e+01 -1.023071e+01 -1.462310e+01 1.000659e+01 -6.409275e+00 -1.051897e+01 -4.844570e+00 -1.512186e+01 2.151313e+01 -4.894161e-01 -2.740634e-01 8.065771e-01 -1.402225e+00 -8.061678e-01 8.971553e-01 1.990519e+00 -1.852575e+00 5.162800e-01 6.567068e-01 -9.612036e-01 -1.118070e+00 3.200469e-02 1.836665e-01 3.368346e-02 -1.249538e-01 -2.365116e-01 1.595559e-01 -1.796022e-01 -4.944357e-01 -2.019786e-01 2.415959e-01 2.670084e-02 -8.201823e-02 7.911805e-02 1.340694e-02 
-3.013234e+00 -1.522576e+01 -1.028435e+01 -2.655246e+00 -1.631104e+01 -6.038978e+00 -1.316129e+01 9.780032e+00 -4.339860e+00 -9.243880e+00 -4.515830e+00 -1.504665e+01 2.146756e+01 -1.121666e-01 -5.845162e-02 9.340315e-01 -1.096728e+00 -3.304574e-01 1.057202e+00 1.932426e+00 -1.425734e+00 1.239482e+00 8.685514e-01 -7.327921e-01 -3.800929e-01 2.513089e-02 1.066411e-01 -3.464985e-02 -6.257526e-02 -5.014597e-02 1.593659e-01 -5.047700e-01 -3.580316e-01 5.487202e-02 1.599497e-01 -2.672668e-01 1.128824e-01 1.945044e-01 1.847925e-03 
-3.531286e+00 -1.662774e+01 -9.533120e+00 -6.248713e+00 -1.730805e+01 -8.727597e+00 -1.195673e+01 5.176780e+00 -5.479846e+00 -9.767014e+00 -8.423842e+00 -1.639456e+01 2.161570e+01 -1.738307e-01 -2.616680e-01 9.417665e-01 -1.133232e+00 -1.514400e-01 2.001353e-01 1.651944e+00 -1.345521e+00 1.418494e+00 1.387923e-01 -3.093504e-01 -2.134867e-01 2.192701e-02 3.601806e-02 2.288604e-02 -1.553375e-01 2.326680e-01 -3.178804e-02 -5.836275e-01 -3.722440e-01 2.835824e-01 -9.445832e-02 -3.638616e-01 2.665257e-01 1.759909e-01 -2.778196e-02 
-2.808392e+00 -1.540069e+01 -7.158894e+00 -4.689491e+00 -1.528068e+01 -5.702154e+00 -8.117087e+00 7.849636e+00 -6.787189e-01 -7.375605e+00 -5.154876e+00 -1.425239e+01 2.155776e+01 -2.533915e-01 -4.422543e-01 7.205685e-01 -1.117982e+00 -3.769554e-01 -8.587968e-01 1.210535e+00 -1.161412e+00 1.081297e+00 -4.560622e-01 -5.513864e-02 -2.980371e-01 -7.914719e-04 -5.213761e-02 1.192700e-01 -2.977417e-01 3.304747e-01 -2.451681e-01 -6.603107e-01 -5.529317e-01 1.557237e-01 -6.211742e-01 -3.567615e-01 9.397629e-02 -3.923503e-03 -4.605075e-02 
-4.099117e+00 -1.690632e+01 -7.838790e+00 -7.711498e+00 -1.677646e+01 -9.398685e+00 -8.885364e+00 4.244675e+00 -1.147049e+00 -1.075898e+01 -6.071661e+00 -1.658633e+01 2.157762e+01 -2.386843e-01 3.229640e-02 1.367491e-01 -2.282603e-01 -9.417275e-01 -1.062998e+00 4.902074e-01 -5.669483e-01 1.231212e-01 -5.002506e-01 3.253323e-02 -2.791314e-01 -9.399549e-02 4.586786e-02 3.879596e-01 -2.917570e-01 6.629235e-01 -2.006209e-01 -2.402512e-01 -5.333897e-01 2.098323e-01 -7.165628e-01 8.432752e-02 6.578523e-02 8.950497e-02 -6.006408e-02 
-3.996476e+00 -1.729764e+01 -7.529344e+00 -7.513373e+00 -1.846202e+01 -9.997626e+00 -8.643757e+00 4.439412e+00 -1.099833e+00 -1.102884e+01 -5.967816e+00 -1.644063e+01 2.148252e+01 -3.405718e-01 3.909671e-01 -1.519858e-01 1.030328e-01 -1.161162e+00 -1.612873e+00 -2.512885e-01 -1.036317e+00 -1.218515e+00 -5.956457e-01 -4.339496e-01 -3.669639e-01 -1.471800e-01 1.562348e-01 5.235692e-01 -2.086240e-01 7.671043e-01 1.019459e-02 1.408551e-01 -5.001986e-01 1.094528e-01 -4.545906e-01 3.696539e-01 1.347714e-01 1.485974e-01 -4.482359e-02 
-4.130394e+00 -1.551748e+01 -8.664309e+00 -5.977544e+00 -2.042595e+01 -1.189477e+01 -9.242270e+00 4.047393e+00 -4.653782e+00 -1.044186e+01 -7.854846e+00 -1.669659e+01 2.118320e+01 9.905058e-02 1.261488e+00 -8.063903e-02 1.570976e+00 -7.625313e-01 -6.240100e-01 -2.841236e-01 -3.588927e-01 -1.014384e+00 6.303237e-01 2.089775e-01 2.686077e-01 -2.051995e-01 2.549790e-01 4.626355e-01 -1.000561e-01 5.048758e-01 3.058302e-01 2.090684e-01 -3.807367e-01 -6.231609e-02 1.788889e-01 3.200630e-01 2.620723e-01 1.157145e-01 -2.229401e-03 
-4.495145e+00 -1.413976e+01 -7.506222e+00 -5.041342e+00 -1.926214e+01 -1.251890e+01 -9.195339e+00 2.766968e+00 -5.017897e+00 -1.051233e+01 -6.432968e+00 -1.603228e+01 2.101893e+01 3.588194e-01 1.561025e+00 -2.139812e-01 1.817904e+00 -4.155845e-01 -3.740971e-01 -9.031794e-01 -7.179522e-01 -6.231333e-01 8.269623e-01 5.305632e-01 1.710597e-01 -1.693160e-01 3.353041e-01 3.388804e-01 -1.218081e-01 -1.937238e-02 4.114041e-01 -1.142543e-03 -2.994922e-01 -2.558039e-01 5.318612e-01 1.387657e-02 2.670299e-01 -1.589739e-01 2.536182e-02 
-3.354197e+00 -1.217759e+01 -8.253517e+00 -1.092682e+00 -2.018859e+01 -1.125826e+01 -1.003082e+01 3.286265e+00 -4.259466e+00 -7.865162e+00 -4.794183e+00 -1.544712e+01 2.078364e+01 6.866313e-01 1.760489e+00 -3.326615e-01 1.438751e+00 2.144636e-01 -6.370227e-01 -1.087681e+00 -1.037494e+00 7.199340e-01 3.887169e-01 8.607084e-01 3.031758e-02 -9.405374e-02 2.746294e-01 1.563814e-01 5.322146e-04 -8.553272e-01 5.611454e-01 -1.368443e-01 -3.308634e-01 -6.138368e-01 2.143997e-01 -1.839915e-01 -4.008877e-02 -3.944287e-01 2.728172e-02 
-2.590335e+00 -1.116288e+01 -8.804028e+00 -8.668666e-01 -2.065838e+01 -1.218635e+01 -1.276556e+01 1.229863e+00 -4.412173e+00 -8.181861e+00 -4.844570e+00 -1.620988e+01 2.083574e+01 1.042263e+00 1.835998e+00 -6.351348e-01 7.220727e-02 4.074304e-01 -1.612094e+00 -1.346994e+00 -1.976100e+00 5.735130e-01 -4.055054e-01 5.754386e-01 -1.042710e+00 -7.593721e-02 4.512912e-02 7.675987e-02 3.680901e-01 -9.583586e-01 7.833588e-01 1.799441e-01 -1.154247e-01 -6.858400e-01 -4.415411e-01 2.236333e-01 -1.518447e-01 -2.442220e-01 -3.773776e-02 
-1.649824e+00 -8.203697e+00 -9.678250e+00 -8.706859e-01 -1.865508e+01 -1.524594e+01 -1.289535e+01 -3.713045e-01 -1.357181e+00 -9.663796e+00 -4.345008e+00 -1.645599e+01 2.080443e+01 1.130329e+00 1.906049e+00 1.325930e-01 -1.832647e+00 1.631759e+00 -6.892965e-01 -1.716600e+00 -2.798901e+00 -5.406224e-01 3.265932e-01 -1.393164e-02 -1.096670e+00 -1.154907e-01 -5.376340e-01 -6.356882e-02 9.062492e-01 -4.403305e-02 1.061470e+00 7.423184e-01 3.164493e-01 -2.326213e-01 -8.125288e-01 5.533217e-01 -1.914214e-01 5.558401e-01 -1.488152e-01 
-1.357551e-01 -6.946815e+00 -9.969494e+00 -4.790702e+00 -1.799223e+01 -1.858516e+01 -1.449795e+01 -5.284692e+00 -3.601422e+00 -1.164068e+01 -3.780927e+00 -2.074150e+01 2.062896e+01 3.625405e-01 1.872047e+00 1.393975e+00 -1.338141e+00 2.792600e+00 5.519263e-01 -1.165740e+00 -3.266568e+00 -2.200538e+00 1.976252e+00 2.086106e-01 -4.865685e-01 -3.473356e-01 -1.294591e+00 -3.808846e-01 1.063500e+00 1.227141e+00 1.354731e+00 1.322086e+00 9.748113e-01 7.697573e-01 -1.452129e-01 6.862428e-01 1.203608e-01 1.668102e+00 -2.604072e-01 
1.070390e+00 -4.755107e+00 -7.008352e+00 -8.293939e+00 -1.336323e+01 -1.150544e+01 -1.774776e+01 -7.450978e+00 -7.368054e+00 -4.502931e+00 -5.396361e+00 -1.866510e+01 2.030954e+01 -1.661742e+00 1.424676e+00 3.184109e+00 1.923847e+00 4.329181e+00 1.992568e+00 4.039701e-01 -1.555278e+00 -1.955549e+00 1.964555e+00 8.706831e-02 2.531511e+00 -7.025012e-01 -1.734680e+00 -7.868448e-01 4.965301e-01 1.817952e+00 9.473950e-01 1.247984e+00 1.519821e+00 1.381713e+00 1.153331e+00 4.653681e-01 5.319250e-01 1.986114e+00 -2.814470e-01 
-2.137920e+00 -3.526537e+00 -3.169544e+00 -3.845907e+00 -9.341847e+00 -1.129711e+01 -1.616834e+01 -1.156336e+01 -1.240909e+01 -8.812050e-01 -3.275835e+00 -1.753810e+01 1.934662e+01 -4.034746e+00 1.721711e-01 3.156517e+00 4.329696e+00 5.832318e+00 3.657430e+00 2.466688e+00 1.250856e+00 5.550712e-01 2.206811e+00 1.126659e+00 5.483551e+00 -1.084463e+00 -1.329361e+00 -9.029360e-01 -4.600565e-01 8.548273e-01 7.107633e-03 7.383325e-01 1.404909e+00 1.500696e+00 1.970370e+00 1.684834e-01 4.816768e-01 1.227976e+00 -1.447972e-01 
-8.957617e+00 -2.790406e+00 2.842278e+00 8.275540e+00 -1.334626e+00 -8.927386e+00 -1.004009e+01 -5.008921e+00 -6.730853e+00 -5.220478e+00 -4.162511e+00 -5.399817e+00 1.793321e+01 -5.344399e+00 -1.178246e+00 1.733854e+00 4.423146e+00 4.848706e+00 3.997765e+00 4.066226e+00 1.850815e+00 3.848353e+00 2.538225e+00 2.186547e+00 5.848798e+00 -1.154191e+00 -2.529257e-01 -6.684130e-01 -1.259047e+00 -7.357334e-01 -1.167979e+00 -2.782090e-02 7.045162e-01 7.548845e-01 1.480550e+00 1.901691e-01 2.507707e-01 -4.649306e-01 9.214286e-02 
-1.529582e+01 -7.068155e+00 8.876979e-01 8.572490e+00 5.155483e+00 -1.586833e+00 -6.018525e+00 -2.512381e-01 -1.144497e+00 -2.482217e-01 1.235585e+00 4.380423e-02 1.639479e+01 -4.443005e+00 -1.341205e+00 -1.810786e-01 1.686328e+00 2.568336e+00 3.240909e+00 4.027617e+00 2.533735e+00 4.749454e+00 2.531727e+00 1.567219e+00 3.994599e+00 -8.454528e-01 8.329650e-01 -3.525390e-02 -1.212397e+00 -1.264632e+00 -1.757588e+00 -8.564352e-01 -3.470022e-02 -2.445195e-01 7.766841e-02 -2.191069e-01 -4.123703e-01 -1.540811e+00 2.891806e-01 
-1.907285e+01 -8.875619e+00 -3.673067e-01 7.612418e+00 3.632355e+00 3.628610e+00 -2.491757e+00 -3.852805e+00 6.240740e+00 7.871540e+00 3.281147e+00 1.787858e+00 1.601439e+01 -2.722258e+00 -1.160733e+00 -1.442346e+00 -4.333310e-01 1.211099e-01 2.061747e+00 3.146001e+00 1.577726e+00 3.349949e+00 2.752799e+00 1.120667e+00 9.513122e-01 -3.612580e-01 1.332054e+00 4.794734e-01 -7.909391e-01 -9.357356e-01 -1.335149e+00 -1.177481e+00 -7.696270e-01 -5.913624e-01 -1.210597e+00 -7.824393e-01 -6.975159e-01 -1.455724e+00 2.819364e-01 
-1.929531e+01 -7.190001e+00 -2.470460e+00 4.917437e+00 1.015967e+00 -1.370821e+00 1.954695e-01 5.277085e-01 4.851914e+00 5.231415e+00 8.386387e-01 -1.158801e+00 1.607888e+01 -1.181011e+00 -1.285017e-02 -1.317316e+00 4.348125e-01 -5.917404e-01 3.432763e-01 2.753303e+00 1.647794e-01 1.192424e+00 1.003976e+00 -4.022801e-01 2.281706e-01 -3.498570e-02 1.044145e+00 5.704209e-01 -1.335472e-01 -8.489034e-02 -6.478024e-01 -7.127616e-01 -9.917819e-01 -7.848030e-01 -1.577658e+00 -1.057803e+00 -3.192264e-01 -6.020595e-01 1.122128e-01 
-2.056841e+01 -8.533339e+00 -2.690369e+00 7.937057e+00 1.341375e+00 1.272973e+00 2.583150e+00 2.490348e+00 7.020865e+00 5.803463e+00 1.639290e+00 -4.164613e-02 1.628497e+01 -3.152328e-01 5.550641e-01 -1.652576e+00 3.700790e-01 -2.469398e-01 -4.408295e-01 8.552422e-01 7.841665e-02 -4.263155e-01 -6.100719e-01 -3.161978e-01 4.534631e-01 -1.497431e-01 5.129944e-01 5.698546e-01 3.790236e-01 1.725837e-01 -1.304757e-01 -1.236184e-01 -1.049411e+00 -4.185547e-01 -1.134205e+00 -1.074756e+00 6.754980e-02 1.480054e-01 -7.001988e-02 
-2.045300e+01 -7.303758e+00 -4.537209e+00 1.058430e+01 3.341949e+00 1.307125e+00 5.210699e+00 -2.598684e+00 4.428248e+00 5.805950e+00 4.536137e-02 2.099732e+00 1.608449e+01 -4.258029e-01 6.529764e-01 -7.437711e-01 8.602045e-01 -4.865834e-01 9.284083e-01 2.140558e-01 -6.404874e-01 -1.250629e+00 -1.075870e+00 6.895220e-01 1.233453e+00 -3.901512e-01 2.981269e-02 2.622414e-01 6.519395e-01 -1.283600e-01 -1.056851e-01 4.100393e-01 -5.911924e-01 2.460463e-01 -2.524962e-01 -4.688775e-01 3.605519e-01 1.443996e-01 -1.349998e-01 
-2.007018e+01 -6.043336e+00 -7.596743e+00 6.629430e+00 1.234729e+00 8.533632e-02 -7.228691e-01 -1.897378e+00 4.321480e+00 4.534181e+00 2.096453e+00 2.426176e+00 1.526294e+01 -5.347782e-01 1.355648e+00 1.659574e-01 2.169249e-01 -5.838715e-01 1.151072e+00 -8.313752e-01 -1.123664e-01 -1.099598e+00 -1.580918e+00 9.125534e-01 1.188683e+00 -5.337437e-01 -1.068040e-01 -9.506214e-03 7.338449e-01 -1.906909e-01 -1.609654e-01 4.840049e-01 2.388879e-01 4.311771e-01 2.765293e-01 8.014449e-02 -1.065961e-01 -2.636504e-01 -4.359644e-02 
-2.167368e+01 -5.170192e+00 -3.735796e+00 9.871524e+00 -1.364159e+00 3.865540e+00 2.918618e+00 -4.811885e-01 -5.172664e-02 4.867353e-01 4.057833e+00 3.774480e+00 1.463929e+01 -9.223050e-01 8.980415e-01 1.033086e+00 -1.305921e-01 -9.517424e-01 1.597512e+00 6.406715e-01 1.490447e+00 2.666806e-01 -8.550578e-01 7.861201e-01 5.825205e-01 -5.179573e-01 1.282122e-01 -3.508708e-01 2.113764e-01 -5.164520e-01 -6.147033e-02 -5.753397e-02 2.330816e-01 3.019964e-01 3.861800e-01 5.149589e-01 -6.439487e-01 -7.236887e-01 8.189017e-02 
-2.263225e+01 -2.822258e+00 -2.261375e+00 9.378359e+00 7.747824e-01 5.749452e+00 -4.279579e-01 8.696643e-01 3.762972e+00 5.580340e-01 4.196088e+00 5.064505e+00 1.433904e+01 -6.010494e-01 3.851674e-01 1.128215e+00 -8.792312e-02 -8.190442e-01 1.644669e+00 1.836446e+00 1.168942e+00 1.975241e-01 -3.198578e-01 -8.973755e-01 -5.394781e-01 -3.037628e-01 4.072076e-01 -4.097658e-01 -5.636042e-02 -5.732447e-01 -8.706833e-02 -7.960578e-01 -3.829032e-01 -4.149192e-01 -2.457982e-01 4.502872e-01 -7.022634e-01 -8.384292e-01 1.556581e-01 
-2.378333e+01 -4.423949e+00 -2.039990e+00 8.557213e+00 -1.186962e+00 6.462802e+00 8.266419e+00 3.469971e+00 6.040817e+00 3.518588e+00 2.925984e+00 3.693361e+00 1.395677e+01 2.484265e-01 -6.161311e-01 -1.680330e-01 -1.569819e+00 -6.763311e-01 3.938817e-01 4.543012e-02 2.286354e-01 3.170741e-02 8.685514e-01 -1.625162e+00 -1.521128e+00 -9.568481e-02 6.952156e-01 -1.211119e-02 -2.250434e-01 -4.500981e-01 1.591759e-01 -1.263812e+00 -1.319793e+00 -9.168167e-01 -7.147728e-01 -1.459590e-01 -3.417456e-01 -4.125654e-01 1.888111e-01 
-2.202081e+01 -4.490686e+00 -2.804013e+00 6.847607e+00 -2.948540e+00 7.010089e+00 5.785457e+00 1.971475e+00 2.263125e+00 1.419007e+00 -1.824463e+00 -2.302669e-01 1.408552e+01 9.160997e-01 6.391037e-02 4.848242e-01 -1.929504e+00 -1.156870e+00 -2.227367e+00 -2.448353e+00 -1.556063e+00 -2.211031e+00 -1.911914e-01 -1.393082e+00 -1.951757e+00 3.340275e-02 1.038136e+00 2.947469e-01 -2.721151e-01 -2.187998e-01 1.531920e-01 -1.303762e+00 -1.281012e+00 -7.155383e-01 -6.789732e-01 -6.914034e-01 1.285534e-01 1.869160e-01 2.785518e-01 
-2.073713e+01 -7.416503e+00 -4.304509e+00 3.288035e+00 -2.884552e+00 5.204727e+00 3.961263e-02 1.110824e-01 8.572845e-01 4.399459e+00 -1.057608e+00 -1.183609e+00 1.428740e+01 1.795167e+00 9.982283e-01 2.295692e-01 -1.460307e+00 1.291261e-02 -2.785473e+00 -3.815881e+00 -1.731013e+00 -2.102924e+00 -1.649020e+00 -6.747110e-01 -7.742234e-01 2.575584e-01 1.444243e+00 3.178519e-01 -4.303633e-01 -3.130015e-01 -3.767675e-01 -2.882632e-01 -1.669446e-01 -3.710562e-01 -5.405674e-01 -1.153352e+00 4.751647e-01 3.819533e-01 4.289180e-01 
-1.957504e+01 -1.006199e+00 1.295045e+00 2.365201e+00 -4.160479e+00 -4.758276e+00 -8.556268e+00 -5.231235e+00 -4.700147e+00 -8.380942e-01 -7.774104e-01 -2.255873e+00 1.434068e+01 3.816261e+00 1.051676e+00 -4.311385e-01 -1.236579e+00 -3.978795e-01 -3.284297e+00 -2.637907e+00 -1.428874e+00 -2.129951e+00 -2.518233e+00 -7.298574e-01 2.165248e-02 9.123166e-01 1.492803e+00 -2.441802e-01 -8.264251e-01 -8.966547e-01 -9.217818e-01 1.213560e+00 1.027241e+00 5.496645e-02 1.704009e-01 -7.472689e-01 8.656802e-01 2.455779e-01 5.195692e-01 
-1.603017e+01 -1.175064e+00 -2.941763e+00 3.496664e+00 -5.164579e-01 -1.580002e+00 -3.642432e+00 -1.583848e+00 -9.917896e-01 -3.598017e+00 -9.709676e-01 8.353029e-01 1.511690e+01 6.019511e+00 4.792133e-01 -1.861883e+00 -3.481162e+00 -2.939712e+00 -5.190176e-01 -6.945022e-01 -1.690187e+00 -2.711501e+00 -3.734585e+00 4.190476e-01 -5.979019e-01 1.609424e+00 8.039081e-01 -5.658376e-01 -6.496090e-01 -1.366305e+00 -1.569283e+00 1.617359e+00 1.110002e+00 -1.583990e-01 2.987020e-01 -2.909338e-01 1.075495e+00 -2.822177e-01 3.848790e-01 
-5.292927e+00 -2.353581e+00 -5.641180e+00 5.601128e-01 -6.121676e+00 -6.018914e+00 -5.563701e+00 -4.325434e+00 -7.462486e+00 -7.173316e+00 -5.516797e+00 -1.131630e+00 1.823253e+01 6.267939e+00 -8.974727e-01 -2.601557e+00 -5.402402e+00 -4.289227e+00 2.707272e+00 1.127064e+00 -1.301555e+00 -1.054606e+00 -2.884737e+00 2.388547e+00 -8.120348e-01 1.955328e+00 -5.439872e-01 -3.633671e-01 -1.034704e-01 -8.718373e-01 -1.225443e+00 1.349761e+00 4.400275e-01 -9.623935e-03 6.267879e-01 2.015623e-01 9.160123e-01 -4.190775e-01 1.155175e-03 
2.219267e+00 -4.347100e+00 -1.014611e+01 -1.321508e+01 -1.660309e+01 3.240131e+00 -4.929265e+00 -8.792497e+00 -1.131930e+01 -1.110635e+01 3.407112e+00 -4.734721e+00 2.038875e+01 4.588833e+00 -8.564200e-01 -1.933345e+00 -6.209057e+00 -5.887686e+00 2.305543e+00 -1.482127e-01 -2.586658e+00 -1.147133e+00 -2.920478e+00 3.143601e+00 -1.768346e+00 1.660512e+00 -1.532808e+00 1.048105e-01 6.576556e-01 6.449504e-01 -1.824791e-01 4.184176e-02 -2.698976e-01 4.592229e-01 8.926865e-01 6.812342e-01 -2.387156e-02 -2.510031e-01 -3.558681e-01 
2.639964e+00 -3.907748e+00 -8.110847e+00 -1.629152e+01 -1.756400e+01 6.368031e+00 -2.277961e+00 -8.134465e+00 -4.809041e+00 -1.150803e+01 8.975415e+00 -3.530934e+00 2.148135e+01 1.811824e+00 -9.734362e-02 -9.126712e-01 -4.231682e+00 -5.051079e+00 2.052182e+00 -7.109798e-01 -1.028727e+00 2.216891e-01 -1.917530e+00 2.487957e+00 -1.488569e+00 8.926272e-01 -1.520151e+00 5.099025e-01 9.907249e-01 1.719309e+00 4.871058e-01 -8.202903e-01 -4.851630e-01 7.451581e-01 6.513857e-01 8.000651e-01 -9.107764e-01 -1.850219e-01 -5.037602e-01 
2.947888e+00 -4.680280e+00 -1.137356e+01 -1.912304e+01 -2.423404e+01 3.754119e+00 -6.026637e+00 -1.261256e+01 -8.054173e+00 -1.603342e+01 7.500694e+00 -6.806794e+00 2.179492e+01 5.835034e-01 6.031674e-01 5.819158e-01 -8.416879e-01 -3.471220e+00 1.773337e-02 -1.124967e+00 4.695350e-01 1.113888e+00 -8.121690e-01 2.498176e-01 -1.514695e+00 3.614809e-01 -9.559056e-01 4.427773e-01 1.049843e+00 1.810062e+00 1.090535e+00 -6.898879e-01 -1.697809e-02 1.061547e+00 6.676687e-01 9.439391e-01 -9.532521e-01 -4.950756e-02 -4.135048e-01 
3.401623e+00 -2.674122e+00 -9.591172e+00 -1.764450e+01 -2.756141e+01 3.985072e+00 -8.570173e+00 -7.559165e+00 -7.986539e+00 -1.429780e+01 4.876304e+00 -7.538438e+00 2.199260e+01 6.699749e-01 9.222637e-01 1.094388e+00 5.105784e-01 -3.062037e+00 -2.504197e-01 -8.104473e-01 8.961145e-01 1.071917e+00 6.146250e-02 -7.184858e-01 -1.864056e+00 8.600476e-02 -3.831400e-01 1.184017e-01 8.046250e-01 8.761442e-01 1.150612e+00 -5.708545e-01 2.623296e-01 5.189030e-01 3.226646e-01 5.813369e-01 -3.798939e-01 -1.395993e-01 -2.268979e-01 
4.755783e+00 -1.948608e+00 -6.496708e+00 -1.674697e+01 -2.896039e+01 4.520833e+00 -7.407910e+00 -6.732701e+00 -4.161206e+00 -1.377176e+01 6.705573e+00 -1.030435e+01 2.194073e+01 3.802601e-01 8.475502e-01 2.312363e+00 4.700185e-01 -1.429599e+00 7.501069e-03 -1.833331e-01 1.758564e+00 1.766026e+00 8.098068e-01 -1.943406e-02 -1.828083e+00 -3.704097e-03 -3.044894e-01 -1.270320e-01 2.943177e-01 -1.206797e-01 9.936519e-01 -3.425258e-01 2.009304e-01 6.587316e-02 -7.217019e-02 1.820232e-01 1.747682e-01 -6.237012e-02 -9.295978e-02 
5.085733e+00 -6.618962e-01 -5.077387e+00 -1.492660e+01 -3.051031e+01 4.733002e+00 -5.639022e+00 -6.593967e+00 -1.395464e+00 -1.233169e+01 5.780799e+00 -1.110215e+01 2.183862e+01 -2.482513e-03 3.724309e-01 2.245172e+00 -5.068255e-01 -3.190117e-01 -7.969581e-01 1.299835e-01 9.212382e-01 1.508954e+00 1.780420e-01 7.231479e-01 -2.029743e+00 -5.933524e-02 -3.634404e-01 -1.403966e-01 -9.687196e-02 -3.873492e-01 8.389716e-01 -3.423899e-01 -4.325613e-03 -1.179828e-01 -2.257042e-01 -8.789203e-02 3.620644e-01 1.425698e-01 -2.239830e-02 
4.007339e+00 -1.448080e+00 -2.069016e+00 -1.813193e+01 -2.990708e+01 3.417722e+00 -8.408523e+00 -4.302524e+00 -2.519286e+00 -1.296716e+01 6.951360e+00 -1.416537e+01 2.185334e+01 -6.029985e-01 2.429046e-01 1.478137e+00 -9.364357e-01 1.254020e-01 -1.421462e+00 -5.904642e-01 7.861983e-01 5.345628e-01 3.975818e-02 4.027849e-01 -1.743795e+00 -3.061676e-02 -2.280057e-01 2.292379e-02 -4.904017e-01 -8.729371e-02 4.546691e-01 -2.513031e-01 4.147461e-02 -3.364947e-01 -2.094212e-01 -7.429719e-02 7.183518e-02 5.233338e-01 8.339976e-03 
3.763731e+00 -1.062319e+00 -5.793440e-01 -1.948635e+01 -2.868311e+01 5.519385e-01 -7.420077e+00 -4.168033e+00 -1.263174e+00 -1.380990e+01 8.368936e+00 -1.575664e+01 2.173954e+01 -6.556256e-01 5.225403e-01 1.027082e+00 -7.230908e-01 3.552096e-01 -1.247847e+00 -6.285914e-01 7.923484e-01 5.590458e-01 7.006742e-03 8.807616e-01 -1.193430e+00 -1.255848e-02 -2.588790e-02 1.509449e-01 -5.233941e-01 3.179354e-01 1.745157e-01 1.029891e-01 1.834683e-01 -2.827166e-01 -5.455910e-02 1.488342e-01 -1.685660e-01 8.903743e-01 2.567850e-02 
2.401642e+00 -5.334777e-01 -1.355174e+00 -1.914929e+01 -2.924642e+01 -4.965290e-01 -9.469392e+00 -4.014449e+00 -1.554551e+00 -1.283410e+01 7.425729e+00 -1.669580e+01 2.183698e+01 -4.330679e-01 8.870108e-01 4.693542e-01 1.414835e-01 5.068646e-01 -1.023515e+00 4.032485e-01 1.405716e-01 1.194014e+00 5.238816e-01 2.610670e-01 3.704882e-01 1.458719e-02 1.872617e-01 9.435287e-02 -3.895065e-01 4.475084e-01 1.712388e-01 2.985700e-01 4.371244e-01 -3.480625e-01 6.248246e-02 2.021677e-01 -9.651289e-02 1.045317e+00 2.472845e-02 
2.610449e+00 1.493410e+00 -2.984315e-01 -1.803406e+01 -2.906430e+01 4.507631e-01 -8.251507e+00 -2.776026e+00 9.176868e-01 -1.236278e+01 9.947503e+00 -1.580389e+01 2.178394e+01 -2.167120e-01 8.050191e-01 1.325930e-01 5.438375e-01 3.628996e-01 -4.809802e-01 5.504652e-01 -1.694181e-01 9.064182e-01 6.801007e-01 -4.878029e-02 1.364874e+00 4.639306e-02 1.965697e-01 -1.378294e-01 -4.264119e-01 2.932747e-01 1.935599e-01 3.178653e-01 3.068299e-01 -4.589237e-01 -1.752961e-01 6.027512e-02 -5.744034e-02 8.336499e-01 2.654939e-02 
2.418823e+00 1.709294e+00 1.374501e-01 -1.815055e+01 -2.718240e+01 -1.649587e+00 -5.976809e+00 -4.295735e+00 2.360535e+00 -1.107153e+01 7.467513e+00 -1.228940e+01 2.190404e+01 1.139350e-01 5.734866e-01 -2.222246e-02 6.676263e-01 9.779253e-01 -3.120359e-01 1.005706e+00 -4.731270e-01 6.735117e-01 7.140219e-01 3.850549e-01 2.203681e+00 6.351930e-02 1.382097e-01 -3.563072e-01 -4.900948e-01 7.367983e-02 1.361425e-01 4.315994e-01 -4.022300e-03 -3.610466e-01 -4.300506e-01 -2.494889e-01 2.727017e-01 2.777612e-01 1.950314e-02 
2.672122e+00 1.841252e+00 -6.624861e-01 -1.726639e+01 -2.789994e+01 -1.276476e+00 -6.414250e+00 -4.874854e+00 1.312003e+00 -1.129123e+01 8.104100e+00 -1.113562e+01 2.193816e+01 5.368850e-02 -9.666030e-03 -8.591034e-01 4.802396e-01 1.087553e+00 -1.418696e-02 6.042281e-01 -1.195302e+00 -5.700371e-02 2.132628e-01 5.316637e-01 2.058475e+00 9.567469e-02 7.842144e-02 -4.540880e-01 -5.148007e-01 -5.082518e-02 1.104020e-01 4.977744e-01 1.118667e-02 -1.764352e-01 -5.067887e-01 -3.226918e-01 2.986240e-01 -9.014034e-02 8.834797e-03 
2.940839e+00 2.160275e+00 -1.284331e+00 -1.619508e+01 -2.493955e+01 -1.192804e+00 -5.359755e+00 -5.330513e+00 1.615715e+00 -9.799761e+00 1.027256e+01 -8.011762e+00 2.207765e+01 1.227948e-01 -4.871734e-01 -1.485292e+00 5.418906e-01 8.253760e-01 9.009368e-01 3.563412e-01 -1.151729e+00 -4.744865e-01 -4.901133e-01 1.334283e+00 1.412532e+00 8.746108e-02 9.527922e-04 -4.766267e-01 -5.104274e-01 -1.383915e-01 -1.839988e-01 5.411663e-01 1.023340e-02 5.576911e-02 -6.244077e-01 -4.334869e-01 2.549429e-02 -3.909843e-01 -5.594183e-03 
2.617938e+00 1.219383e+00 -3.882894e+00 -1.661043e+01 -2.474813e+01 1.515059e-01 -5.538787e+00 -8.235440e+00 1.004887e+00 -1.193250e+01 1.120347e+01 -7.650665e+00 2.217556e+01 1.709920e-01 -9.352275e-01 -1.709838e+00 3.527194e-01 9.913382e-01 1.401430e+00 9.311358e-01 -7.123255e-01 -1.053494e+00 -3.312948e-01 9.697785e-01 1.309732e+00 7.860669e-02 -9.290995e-03 -3.852262e-01 -3.204527e-01 -9.068977e-02 -2.708611e-01 3.409202e-01 1.204226e-01 2.739033e-01 -5.891278e-01 -2.889524e-01 -2.873382e-01 -3.885625e-01 -1.948876e-02 
3.059780e+00 -4.156766e-01 -5.679061e+00 -1.576875e+01 -2.463219e+01 2.141289e+00 -4.632616e+00 -8.373750e+00 1.418157e-01 -1.320137e+01 1.258971e+01 -6.969425e+00 2.222276e+01 6.024474e-02 -1.346891e+00 -2.148886e+00 3.943489e-02 1.059086e-01 1.685932e+00 8.933694e-01 -4.357032e-01 -1.950303e+00 -1.181013e+00 2.935924e-01 6.230889e-01 4.412121e-02 -6.701080e-02 -3.229334e-01 -1.216162e-01 -2.104429e-02 -2.420336e-01 -1.409672e-02 -7.846391e-02 1.417480e-01 -4.040093e-01 -1.229524e-01 -5.560985e-01 -3.613843e-01 -3.003834e-02 
3.467261e+00 -1.546669e+00 -7.014256e+00 -1.571576e+01 -2.309758e+01 4.063195e+00 -2.122104e+00 -6.915134e+00 -3.218165e+00 -1.124646e+01 1.179459e+01 -5.108419e+00 2.225874e+01 3.862688e-02 -1.505985e+00 -2.129606e+00 2.779270e-01 9.285343e-02 1.297772e+00 9.377509e-01 -1.838119e-01 -2.264925e+00 -8.859897e-01 -3.846724e-01 5.103114e-01 1.994642e-02 -9.518121e-02 -1.767152e-01 1.761590e-01 2.533056e-01 -4.242617e-02 -3.019874e-01 -3.571216e-01 2.701506e-02 2.019854e-01 1.362301e-01 -3.427120e-01 -3.936214e-01 -4.745604e-02 
2.817494e+00 -3.191334e+00 -1.046343e+01 -1.644572e+01 -2.523488e+01 5.281142e+00 -2.601263e+00 -8.169255e+00 -6.023891e+00 -1.604793e+01 1.144496e+01 -6.167295e+00 2.225664e+01 -1.460110e-01 -1.816438e+00 -1.883472e+00 4.740745e-01 6.441811e-02 8.822517e-01 -3.936381e-02 -7.073531e-01 -1.888777e+00 -8.275050e-01 -7.689857e-01 5.110027e-03 -3.335463e-02 -1.057697e-01 -1.939756e-02 4.918498e-01 4.148539e-01 3.963018e-01 -4.932653e-01 -4.063450e-01 -2.973761e-02 8.170454e-01 5.818323e-01 5.213085e-02 -3.680578e-01 -5.877754e-02 
2.932029e+00 -4.922455e+00 -1.213906e+01 -1.488268e+01 -2.398301e+01 5.070680e+00 -1.866012e+00 -9.256216e+00 -7.237041e+00 -1.493949e+01 9.852261e+00 -5.499836e+00 2.225850e+01 -2.018276e-01 -1.583996e+00 -9.617365e-01 1.401922e+00 7.998021e-01 2.933382e-01 -3.880413e-01 -4.414607e-01 -7.433259e-02 1.732333e-01 -2.125078e-01 -3.493712e-01 -1.199179e-01 -1.427065e-01 6.611347e-02 5.324381e-01 2.409230e-01 5.045353e-01 -4.450269e-01 -3.783969e-01 3.886607e-02 9.712723e-01 4.985571e-01 5.525116e-01 -5.040565e-01 -5.244384e-02 
2.597233e+00 -7.810353e+00 -1.253411e+01 -1.381471e+01 -2.386707e+01 6.048709e+00 -4.957655e+00 -1.073986e+01 -7.293190e+00 -1.549205e+01 9.715849e+00 -6.747727e+00 2.205592e+01 -3.483684e-01 -1.404888e+00 -2.736677e-01 1.551669e+00 1.734055e+00 -2.781136e-01 -4.753610e-01 -4.557236e-01 1.039644e+00 1.198535e+00 4.680803e-01 -7.872211e-01 -1.798014e-01 -1.584169e-01 9.529670e-02 3.195223e-01 -2.841114e-02 4.007660e-01 -3.432958e-01 -2.708942e-01 3.072372e-01 6.922088e-01 2.150470e-01 6.635953e-01 -5.665395e-01 -1.574791e-02 
2.568159e+00 -7.157138e+00 -1.078763e+01 -1.002121e+01 -1.978224e+01 5.146242e+00 -2.884007e+00 -7.837057e+00 -2.955288e+00 -1.065825e+01 1.159673e+01 -6.565012e+00 2.175964e+01 -5.737612e-01 -1.381348e+00 -2.722824e-01 9.439201e-01 1.780731e+00 -3.471817e-01 -7.362376e-01 -1.151143e-01 1.127083e+00 5.938033e-01 1.759315e+00 -1.613950e+00 -1.690247e-01 -1.542307e-01 -2.985520e-02 -2.992817e-02 -2.575673e-01 -3.867433e-02 -2.056917e-01 -4.156610e-01 5.112541e-01 1.780805e-01 -3.028224e-01 2.283354e-01 -6.219723e-01 3.230910e-02 
1.257611e+00 -9.098076e+00 -1.250705e+01 -1.111830e+01 -1.866547e+01 3.852733e+00 -4.469227e+00 -1.115734e+01 -2.966347e+00 -1.219573e+01 1.291354e+01 -9.571133e+00 2.160706e+01 -7.521972e-01 -1.441392e+00 -6.306323e-01 5.610349e-01 1.577750e+00 -5.140127e-01 -1.219864e+00 6.656831e-01 9.716002e-01 3.728882e-02 1.563184e+00 -2.195299e+00 -8.747120e-02 -4.258331e-02 -4.491873e-02 -1.019359e-01 -9.873584e-02 -2.657320e-01 -1.680068e-01 -3.857197e-01 8.740084e-01 4.920197e-02 -3.002906e-01 -4.584591e-01 -3.886163e-01 6.100873e-02 
7.329511e-01 -1.118513e+01 -1.351411e+01 -1.151168e+01 -1.767994e+01 4.432891e+00 -5.791403e+00 -9.623204e+00 -3.764763e+00 -1.361839e+01 1.705013e+01 -1.215748e+01 2.163767e+01 -7.711571e-01 -1.715001e+00 -9.329900e-01 6.093823e-01 6.846302e-01 -6.171142e-01 -2.094143e+00 1.554041e+00 8.501391e-01 -7.604426e-01 3.817534e-01 -2.755117e+00 -4.519633e-03 5.108825e-02 -1.494268e-02 -2.682075e-02 1.470349e-01 -2.241293e-01 -2.416554e-01 -2.920827e-01 8.581441e-01 7.310685e-02 7.100789e-02 -1.084502e+00 -2.690389e-02 5.790125e-02 
-2.458852e-01 -1.300270e+01 -1.432388e+01 -1.026421e+01 -1.702913e+01 3.835657e+00 -9.603232e+00 -6.518024e+00 -2.030113e+00 -1.382524e+01 1.480548e+01 -1.492812e+01 2.167949e+01 -4.626596e-01 -1.462544e+00 -4.530736e-01 1.225243e+00 9.532456e-01 -9.831415e-01 -1.724899e+00 3.079782e+00 1.424377e+00 3.740308e-01 -1.135325e+00 -2.159720e+00 4.295616e-02 8.369108e-02 9.035103e-02 7.603101e-02 1.773905e-01 -6.427234e-02 -2.022493e-01 -5.554213e-02 5.682428e-01 -5.484781e-02 3.011843e-01 -1.037699e+00 3.874428e-01 3.290289e-02 
-5.357476e-01 -1.377928e+01 -1.454428e+01 -7.401182e+00 -1.717679e+01 2.069143e+00 -1.078809e+01 -2.386553e+00 8.270834e-01 -1.364575e+01 1.255960e+01 -1.766214e+01 2.170076e+01 -4.630139e-01 -1.445372e+00 -4.950966e-01 1.347085e+00 9.722025e-01 -1.320807e+00 -1.944040e+00 2.968558e+00 1.266191e+00 7.806944e-01 -2.313820e+00 -1.766377e+00 5.518919e-02 5.527442e-02 1.982497e-01 1.285119e-01 1.735477e-03 7.986486e-02 -2.831913e-02 1.397046e-01 1.746098e-01 -3.002482e-01 2.924330e-01 -5.797521e-01 7.201472e-01 3.134459e-03 
-4.212123e-01 -1.511402e+01 -1.425747e+01 -7.047421e+00 -1.415077e+01 1.190615e-01 -1.059573e+01 6.231676e-01 1.859026e+00 -1.031212e+01 9.481736e+00 -1.761764e+01 2.179025e+01 -4.878213e-01 -1.124343e+00 -4.693517e-01 1.079228e+00 1.112591e+00 -1.173440e+00 -1.572631e+00 2.799627e+00 4.894123e-01 7.726365e-01 -2.277504e+00 -7.524294e-01 4.720860e-02 6.512421e-02 2.265646e-01 1.073737e-01 -1.725089e-01 -7.058872e-02 1.654953e-01 1.578600e-01 -2.188817e-01 -4.760126e-01 -1.427117e-01 -4.534046e-02 7.312338e-01 -2.239830e-02 
-1.494761e+00 -1.735680e+01 -1.602264e+01 -6.384775e+00 -1.425797e+01 -3.129618e-01 -1.501535e+01 1.649035e+00 6.216307e-01 -1.147196e+01 8.142812e+00 -1.964443e+01 2.185848e+01 -4.821511e-01 -8.929240e-01 -2.823263e-01 6.909887e-01 1.004393e+00 -6.637157e-01 -1.471720e+00 2.567102e+00 -1.837112e-01 5.023072e-01 -1.945892e+00 1.420448e-01 9.053202e-03 2.933932e-01 2.909338e-01 1.668751e-01 -1.259566e-01 -1.276262e-01 1.778606e-01 4.112995e-01 -3.363059e-01 -3.756006e-01 -2.162999e-01 2.140508e-01 7.010955e-01 -3.892533e-02 
-2.205320e+00 -1.683604e+01 -1.593163e+01 -5.376962e+00 -1.292571e+01 -8.401839e-01 -1.535255e+01 5.462734e+00 5.195424e-01 -1.104873e+01 5.625954e+00 -1.769876e+01 2.183651e+01 -1.274054e-01 -6.060101e-01 -2.268425e-02 6.908265e-01 5.843017e-01 -4.843168e-01 -1.171754e+00 2.186059e+00 -2.309284e-01 -2.004190e-01 -1.546050e+00 5.420834e-01 -4.593717e-02 5.060011e-01 2.731521e-01 2.324323e-02 -1.357294e-02 -1.360322e-01 -8.611468e-02 5.011667e-01 -5.416920e-01 -3.319482e-01 -6.791258e-02 9.611897e-02 4.044493e-01 -4.824775e-02 
-2.054662e+00 -1.738309e+01 -1.511890e+01 -4.781631e+00 -1.276820e+01 -7.693185e-01 -1.576798e+01 8.029524e+00 5.782432e-01 -1.076561e+01 4.757711e+00 -1.691120e+01 2.172272e+01 8.237807e-01 -2.498412e-01 1.159685e-01 9.114722e-01 5.982511e-01 -7.761598e-01 -8.795494e-02 1.593820e+00 -2.514369e-01 1.855800e-01 -1.609266e+00 1.091923e+00 -9.288869e-02 5.558903e-01 3.707819e-01 -2.309130e-01 1.520506e-01 -3.131312e-02 -3.593300e-01 5.810246e-01 -6.359807e-01 -3.168200e-01 3.011331e-02 5.855891e-02 1.681872e-01 -4.981139e-02 
-7.784744e-01 -1.813034e+01 -1.482274e+01 -4.394929e+00 -1.197410e+01 -2.074353e+00 -1.607795e+01 8.363419e+00 7.266966e-01 -1.166762e+01 3.444595e+00 -1.627367e+01 2.162856e+01 1.389212e+00 -8.017200e-02 -5.522432e-01 9.009266e-01 6.356283e-01 -1.547809e+00 2.413582e-01 5.777501e-01 -1.136322e+00 5.913339e-01 -1.965334e+00 7.949467e-01 -1.431023e-01 2.975794e-01 5.074863e-01 -4.086497e-01 8.945848e-02 5.360197e-02 -4.211115e-01 3.230788e-01 -5.307380e-01 -3.752541e-01 -3.285222e-02 3.549350e-02 1.096330e-01 -5.283969e-02 
1.910462e+00 -1.795844e+01 -1.599657e+01 -2.318194e+00 -1.174275e+01 -3.576616e+00 -1.509183e+01 8.168258e+00 -7.391211e-01 -1.023460e+01 1.187042e+00 -1.489741e+01 2.149817e+01 1.538942e+00 6.980093e-01 -1.172082e+00 1.346112e+00 8.221570e-01 -1.928628e+00 7.267885e-01 1.912116e-01 -1.315017e+00 2.570614e-01 -1.443460e+00 8.566526e-01 -1.914519e-01 -1.486164e-01 5.489393e-01 -2.332532e-01 -1.354656e-01 -1.986763e-02 -6.636636e-02 -1.505224e-01 -2.374372e-01 -2.598871e-01 -2.986394e-01 4.099727e-02 1.724389e-01 -5.220632e-02 
2.758023e+00 -1.694879e+01 -1.825420e+01 -2.103837e+00 -1.026010e+01 -7.175814e+00 -1.448404e+01 8.282384e+00 -4.503201e+00 -8.357206e+00 -2.414966e+00 -1.473084e+01 2.123320e+01 1.002926e+00 1.457541e+00 -1.421911e+00 9.208821e-01 7.404277e-01 -2.013490e+00 3.616894e-02 2.336078e-01 -1.575268e+00 -4.005667e-01 -1.451530e+00 1.207983e+00 -2.608889e-01 -3.737334e-01 4.112533e-01 1.904684e-01 -2.838998e-01 -1.330878e-01 4.568736e-01 -3.789168e-01 -1.472318e-02 -1.383417e-01 -3.829604e-01 -8.920255e-02 1.730309e-01 -3.947952e-02 
3.871218e+00 -1.448356e+01 -1.926420e+01 8.031147e-01 -9.514668e+00 -7.862270e+00 -1.293127e+01 9.026117e+00 -3.381932e+00 -1.113578e+01 4.699583e-01 -1.339947e+01 2.096332e+01 2.739427e-01 1.726032e+00 -6.155086e-01 2.242257e-01 4.465961e-01 -8.751462e-01 -7.379215e-01 5.787969e-01 -1.331391e+00 -8.116491e-01 -1.661234e+00 1.747713e+00 -2.950249e-01 -3.976684e-01 8.514109e-02 5.607885e-01 -2.924684e-01 -1.855185e-01 8.072705e-01 -2.888763e-01 2.035771e-02 -1.654801e-01 -2.076036e-01 -2.038154e-01 -1.024109e-01 -1.459993e-02 
3.255371e+00 -1.258004e+01 -2.029881e+01 -1.351438e+00 -9.386693e+00 -9.999333e+00 -1.697775e+01 9.102485e+00 -5.828648e+00 -1.322003e+01 -3.454645e+00 -1.098283e+01 2.059157e+01 1.530952e-01 1.462089e+00 1.218564e-01 4.235521e-02 1.579507e-01 2.099227e-01 -9.209801e-01 3.105491e-01 -1.819939e+00 -7.890351e-01 -2.302449e+00 1.214679e+00 -2.887336e-01 -2.415984e-01 -2.751001e-01 8.286788e-01 -1.573572e-01 -1.553138e-01 9.489511e-01 2.687227e-02 -1.765769e-01 -1.189406e-01 -1.741394e-01 -1.088649e-01 -4.720884e-01 1.419866e-02 
3.031146e+00 -1.151275e+01 -1.805200e+01 -1.573911e+00 -9.947269e+00 -6.540586e+00 -1.753455e+01 1.065189e+01 -6.733405e+00 -1.186162e+01 -6.599489e+00 -8.032632e+00 2.034389e+01 -2.463197e-02 1.121500e+00 8.599141e-01 3.228673e-01 1.858495e-01 9.959192e-01 -2.389002e-01 2.548060e-01 -2.019936e+00 -5.868080e-01 -2.036988e+00 3.412107e-01 -2.505200e-01 -1.596481e-01 -3.271995e-01 8.234997e-01 -1.396976e-01 -1.225446e-01 7.129224e-01 1.837716e-01 -5.319184e-01 -1.590131e-01 -2.898881e-01 -1.354174e-01 -4.393669e-01 3.163615e-02 
3.943904e+00 -1.112395e+01 -1.825125e+01 -7.035923e-01 -9.254342e+00 -6.786908e+00 -1.678713e+01 9.021874e+00 -1.192672e+01 -1.193914e+01 -1.039260e+01 -1.134118e+01 2.009925e+01 -5.581840e-02 3.843714e-01 1.983683e+00 8.486196e-02 9.410530e-02 1.795818e+00 -7.905458e-02 -4.872591e-01 -1.825662e+00 -1.383759e+00 -1.808087e+00 -4.494136e-01 -2.121316e-01 -1.897885e-01 -1.322419e-01 6.984357e-01 -7.616506e-02 -1.152309e-01 2.395968e-01 1.115832e-01 -6.989185e-01 -2.938391e-02 -3.454783e-01 -2.587270e-01 -3.761372e-02 3.705939e-02 
3.403826e+00 -9.604166e+00 -1.598820e+01 2.094032e+00 -8.651654e+00 -4.488903e+00 -1.422100e+01 1.034048e+01 -1.043240e+01 -1.471025e+01 -6.246170e+00 -1.151444e+01 1.995671e+01 -4.199554e-01 6.288679e-01 2.570966e+00 -4.954687e-01 -1.342715e-01 1.896695e+00 -2.399826e-01 -1.681943e+00 -2.123591e+00 -1.963798e+00 -2.585518e+00 3.829607e-01 -1.751412e-01 -1.157673e-01 3.647720e-02 4.406349e-01 4.028893e-01 2.880875e-03 -3.064716e-01 -8.398670e-03 -7.772014e-01 -3.307935e-02 -1.218516e-01 -5.880287e-01 2.609699e-01 2.546078e-02 
2.790181e+00 -1.161235e+01 -1.141243e+01 -2.761231e+00 -9.563343e+00 -2.046178e+00 -1.902996e+01 6.822496e+00 -1.310712e+01 -1.871459e+01 -1.267165e+01 -1.148884e+01 1.972469e+01 -5.982142e-01 1.047241e+00 2.758453e+00 7.058488e-02 -2.580278e-01 9.575481e-01 -3.625429e-01 -2.215560e+00 -1.915009e+00 -1.827853e+00 -3.321741e+00 1.005666e+00 -1.411218e-01 -5.868772e-02 1.244799e-01 1.807626e-01 1.061256e+00 4.740931e-01 -6.384336e-01 3.700923e-01 -6.608159e-01 9.135309e-02 4.204556e-01 -3.003623e-01 2.730252e-01 -1.418428e-02 
1.508708e+00 -8.124321e+00 -8.616096e+00 -3.022374e+00 -1.046409e+01 5.724298e-01 -1.761277e+01 3.341844e+00 -1.676145e+01 -1.829301e+01 -1.838743e+01 -6.044041e+00 1.965552e+01 -3.324208e-01 9.724140e-01 2.675677e+00 2.344372e+00 3.763125e-01 -1.173998e-01 -1.391921e-01 -2.767104e+00 -2.140602e+00 -9.739767e-01 -4.220347e+00 9.184899e-01 -1.587140e-01 -9.198003e-02 -4.505015e-01 1.703661e-01 1.236232e+00 9.852934e-01 -4.533157e-01 4.832279e-01 -5.729012e-01 5.051271e-01 6.417156e-01 3.740802e-01 -2.142452e-01 -1.030937e-01 
1.900330e+00 -6.627791e+00 -8.144794e+00 2.207656e+00 -9.638816e+00 -4.529885e+00 -1.690359e+01 1.443268e+00 -1.833787e+01 -1.928663e+01 -2.093071e+01 -9.047798e+00 1.954453e+01 -3.928445e-01 8.350410e-01 2.835110e+00 3.971147e+00 2.209229e+00 -3.893343e-01 1.720982e+00 -3.248772e+00 -1.360485e+00 2.235301e-01 -2.492343e+00 6.479026e-01 -2.912385e-01 -3.370922e-01 -9.675695e-01 6.697729e-02 4.373724e-01 9.406987e-01 1.338798e-01 5.496101e-01 -3.311594e-01 7.493149e-01 7.236148e-01 1.044700e+00 -4.404433e-01 -2.165661e-01 
2.186668e+00 -7.234998e+00 -4.243505e+00 1.133144e+01 -6.733115e+00 -3.834037e+00 -1.598004e+01 -8.057496e-01 -1.851992e+01 -1.929410e+01 -2.321837e+01 -8.142497e+00 1.925316e+01 -9.825516e-01 -1.517470e+00 3.384526e+00 3.735575e+00 3.558387e+00 3.035705e-01 1.134401e+00 -4.029962e+00 1.248700e-01 2.189813e-01 -1.129822e+00 -5.092816e-01 -6.155302e-01 -5.781659e-01 -1.135383e+00 -4.272559e-01 -8.182317e-01 3.284362e-01 4.116246e-01 4.840512e-01 3.239514e-01 1.018736e+00 8.559855e-01 1.590833e+00 -5.654093e-01 -3.049213e-01 
4.867002e-01 -7.881640e+00 5.767756e-01 9.917832e+00 -3.824664e-01 -1.789611e+00 -1.124176e+01 -7.347882e+00 -1.903036e+01 -1.709627e+01 -2.271819e+01 -7.200181e+00 1.846970e+01 -1.958545e+00 -2.545607e+00 2.738827e+00 1.561890e+00 2.854299e+00 1.416556e+00 1.748766e+00 -3.240005e+00 6.986307e-01 1.193856e+00 3.564423e-01 -4.824986e-01 -9.955113e-01 -5.136005e-01 -8.040981e-01 -1.124008e+00 -1.606015e+00 -5.825489e-01 1.577046e-01 2.896278e-01 1.138744e+00 9.296986e-01 8.598383e-01 1.481346e+00 -3.986803e-01 -2.875630e-01 
-2.696941e+00 -1.508470e+01 3.945757e+00 1.180026e+01 2.699884e+00 7.201374e-01 -1.477142e+01 -1.241231e+01 -1.579076e+01 -1.829343e+01 -2.314279e+01 -9.514428e+00 1.711516e+01 -2.440340e+00 -3.014130e+00 5.875727e-01 -5.420315e-01 1.695783e+00 1.037849e+00 2.267272e+00 -1.151729e+00 1.923416e+00 2.820641e+00 2.309434e+00 -1.343231e+00 -1.331221e+00 -1.140928e-01 2.402690e-01 -1.450594e+00 -1.553820e+00 -8.755724e-01 -1.867587e-01 5.200588e-01 1.575673e+00 4.717526e-01 7.770034e-01 1.268379e+00 3.292653e-01 -1.571876e-01 
-5.451074e+00 -1.543052e+01 1.454934e+00 9.782725e+00 -8.385683e-02 2.757339e-01 -8.763691e+00 -8.953293e+00 -1.620890e+01 -1.381777e+01 -1.918624e+01 -1.077453e+01 1.563586e+01 -2.231958e+00 -2.437119e+00 -1.386469e+00 -1.920094e+00 2.278765e-01 3.208084e-02 2.602719e+00 1.005769e+00 2.388752e+00 3.221846e+00 3.194834e+00 -9.284884e-01 -1.371182e+00 3.717483e-01 9.301713e-01 -1.071835e+00 -7.690148e-01 -5.844010e-01 -2.075941e-01 1.283087e-01 1.079442e+00 1.860488e-01 1.811464e-02 5.412520e-01 8.434448e-01 1.182352e-02 
-7.046639e+00 -1.853127e+01 -1.744811e+00 8.688978e+00 1.596779e+00 3.222661e-01 -5.882947e+00 -5.761988e+00 -1.031373e+01 -6.830087e+00 -1.343728e+01 -1.307184e+01 1.401402e+01 -1.416149e+00 -3.703837e-01 -1.805775e+00 -2.292758e+00 4.936306e-01 6.199920e-02 3.307771e+00 1.725589e+00 1.638523e+00 3.090190e+00 3.792886e+00 1.360147e+00 -1.213609e+00 6.164173e-01 1.338737e+00 -2.473708e-01 7.467254e-02 -1.820517e-01 3.437737e-01 -3.442092e-01 3.299949e-01 -1.974687e-01 -7.427556e-01 -2.779272e-01 1.168399e+00 1.557571e-01 
-8.498594e+00 -1.834370e+01 -3.510476e+00 1.872514e+00 1.308014e+00 -1.430587e+00 -2.672528e+00 -5.644467e+00 -9.825404e+00 -6.718579e+00 -1.159695e+01 -1.006375e+01 1.316443e+01 -6.120355e-01 7.834125e-01 -1.423528e+00 -1.407904e+00 5.331539e-01 8.663471e-01 1.870123e+00 7.185475e-01 1.771431e+00 1.149668e+00 2.320928e+00 2.382891e+00 -9.952201e-01 5.541173e-01 1.088810e+00 3.756477e-01 7.708139e-01 1.275914e-02 7.149606e-01 -7.184538e-01 -8.379900e-02 -7.101537e-02 -8.493677e-01 -7.025155e-01 4.693003e-01 1.998951e-01 
-8.253665e+00 -1.548007e+01 -2.600831e+00 4.291552e+00 4.472400e+00 1.883868e+00 -1.277928e+00 -5.439124e+00 -1.079014e+01 -6.391932e+00 -7.972823e+00 -3.069030e+00 1.228283e+01 -1.683376e-01 2.069237e+00 -6.307477e-01 -4.247323e-01 6.329458e-01 2.339576e+00 9.126135e-01 6.417370e-01 1.244570e+00 1.429512e-01 1.356782e+00 2.843060e+00 -7.404236e-01 3.256513e-01 4.717717e-01 5.601363e-01 9.115677e-01 -3.508370e-01 2.069848e-01 -9.217600e-01 -2.603838e-01 5.838283e-02 -5.649220e-01 -8.228422e-01 -5.751504e-01 1.904737e-01 
-7.907416e+00 -1.303961e+01 -5.234816e+00 4.941307e+00 1.144489e+00 3.827119e+00 -1.715949e+00 -5.521855e+00 -7.113259e+00 -8.288395e+00 -1.031333e+01 -3.861316e+00 1.152530e+01 -8.541007e-02 1.787213e+00 -9.564725e-02 9.998927e-01 2.219748e-01 2.468036e+00 2.081623e-01 1.128639e+00 2.230726e+00 4.487612e-01 9.003258e-01 6.765237e-01 -6.082487e-01 1.331370e-01 1.091521e-01 4.862104e-01 5.456808e-01 -4.959715e-01 -4.794959e-01 -3.291302e-01 6.476447e-03 -1.972378e-01 -9.047890e-02 -4.193866e-01 -1.022703e+00 1.561133e-01 
-8.183622e+00 -1.083678e+01 -4.036387e+00 5.030583e+00 4.843201e+00 9.391340e+00 -1.798223e+00 -2.614382e+00 -5.446667e+00 -5.330742e+00 -7.295065e+00 -1.957782e+00 1.113135e+01 -5.121131e-02 1.486653e+00 3.309323e-01 1.061219e+00 -1.104828e+00 2.961187e-01 -4.700689e-01 2.185598e-01 1.700685e+00 6.160275e-01 3.888454e-01 -6.624962e-01 -4.546950e-01 6.118429e-02 -2.045465e-02 2.017472e-01 -2.653285e-03 -6.432432e-01 -1.040692e+00 6.820946e-02 -4.619124e-03 -3.321791e-01 -1.457389e-01 -1.934800e-01 -8.339623e-01 1.147463e-01 
-8.960700e+00 -1.172914e+01 -3.270889e+00 6.502439e+00 2.232281e+00 7.156089e+00 -1.371210e+00 -1.413718e+00 -1.343569e+00 -5.005338e+00 -7.433935e+00 -7.237196e+00 1.069861e+01 -4.963251e-03 1.620387e+00 5.266163e-01 5.774211e-01 -1.077645e+00 -5.093414e-01 9.158608e-01 9.625876e-01 5.572970e-01 4.605881e-01 7.078634e-01 -9.778532e-01 -3.575298e-01 2.508479e-02 1.163252e-01 -9.173129e-02 -5.006211e-01 -2.324878e-01 -6.781114e-01 2.407077e-01 -9.088128e-02 -6.565118e-01 -6.725210e-02 1.847254e-01 1.073726e-01 9.400339e-02 
-7.982745e+00 -8.702204e+00 -1.928314e+00 8.816924e+00 -1.595499e+00 1.699874e+00 -3.800607e+00 -6.400079e+00 -5.171454e+00 -4.953107e+00 -7.468345e+00 -4.693768e+00 1.042265e+01 9.727862e-02 2.050359e+00 6.678778e-02 -2.269624e-01 -1.933566e+00 -1.375083e+00 8.997440e-01 7.017984e-01 4.204148e-01 -5.917467e-01 4.855657e-01 -4.996974e-01 -2.921123e-01 -8.518367e-02 4.357480e-02 -2.591100e-01 -5.325441e-01 3.406416e-01 7.055836e-02 7.882541e-02 -1.369161e-01 -4.201191e-01 1.164708e-01 3.599217e-01 5.980874e-01 5.964302e-02 
-8.032964e+00 -6.004911e+00 -3.655606e+00 5.935276e+00 -1.024532e+00 5.125751e+00 3.864768e+00 1.183619e+00 -4.464493e+00 -6.174305e+00 -6.687972e+00 -7.382895e+00 1.009202e+01 -3.420053e-02 2.086977e+00 -4.222490e-01 -8.593720e-01 -5.261067e-01 -8.681407e-02 7.266682e-01 4.326346e-01 -4.118482e-01 7.163612e-01 1.775577e+00 1.131966e+00 -2.195879e-01 -1.786582e-01 -9.750895e-02 -5.996656e-02 -2.653521e-01 4.630276e-01 -1.830909e-02 -7.192771e-01 -6.599188e-01 -3.388773e-02 3.191273e-01 2.127904e-01 7.478636e-01 3.569368e-02 
-8.161156e+00 -3.447160e+00 -3.509984e+00 4.179360e+00 -3.195740e+00 3.531277e+00 8.248774e-02 -4.043970e-01 -1.783825e+00 -7.705154e+00 -5.240287e+00 -4.383863e+00 9.974257e+00 -4.624824e-01 1.471187e+00 -4.901323e-01 -8.830589e-01 3.226610e-01 4.377027e-01 1.860878e-02 -2.010845e-01 8.448894e-02 1.070389e+00 1.654646e+00 1.273102e+00 -2.254714e-01 -2.257403e-01 -1.615762e-01 2.726808e-01 6.955231e-02 6.896578e-01 -2.660237e-01 -8.290763e-01 -5.925899e-01 3.280344e-02 3.988250e-01 1.133865e-01 5.688103e-01 2.265020e-02 
-9.042637e+00 -3.921904e+00 -4.591324e+00 4.525005e+00 4.023408e-01 5.806230e+00 3.206184e-01 -2.248243e+00 -5.096590e+00 -4.759049e-02 3.292453e-01 -1.732539e+00 9.825182e+00 -6.182373e-01 1.422515e+00 5.052584e-01 -4.211631e-01 1.094854e-01 -1.507325e+00 -2.239917e+00 -1.885550e+00 5.558662e-01 1.225178e+00 1.187307e+00 1.874933e+00 -2.124228e-01 -1.572842e-01 -1.017373e-01 3.561592e-01 1.605669e-01 4.807895e-01 -4.537687e-01 -4.869828e-01 -2.289385e-01 1.178562e-02 -1.967608e-01 -2.119660e-01 7.443587e-02 2.037402e-02 
-9.791081e+00 -2.387961e+00 -3.911428e+00 5.106968e+00 -6.958423e-01 3.547926e+00 -1.934960e+00 -5.689863e+00 -4.433016e+00 -2.664087e+00 -2.703766e+00 -1.153288e+00 9.428893e+00 -7.394391e-01 1.574671e+00 9.663569e-01 -9.814420e-02 1.197181e+00 -1.994916e+00 -1.762304e+00 -1.102135e+00 1.007050e-01 1.147978e+00 1.346511e+00 1.972875e+00 -1.824228e-01 -1.480688e-02 -1.966183e-02 5.688776e-02 7.253040e-02 3.591158e-01 3.862587e-02 4.470904e-01 6.395378e-01 -9.901989e-02 -1.893304e-01 -1.134443e-01 -2.077870e-01 1.758323e-02 
-1.030957e+01 5.783022e-01 -9.286397e-01 3.365853e+00 -1.727303e+00 -2.418862e+00 -6.325603e+00 -5.601192e+00 -3.605437e-01 -2.568746e+00 -2.019863e+00 3.765487e-01 9.302483e+00 -6.823822e-01 1.526454e+00 6.302884e-01 -4.489060e-01 1.440581e+00 -1.139407e+00 -8.176638e-01 -2.614075e-01 -3.609745e-01 -3.062114e-01 8.697568e-01 1.154154e+00 -1.391412e-01 1.151612e-01 -9.596107e-02 -3.539822e-01 -9.189146e-02 2.567687e-02 8.254335e-01 1.248789e+00 1.177460e+00 -1.255231e-01 -2.012190e-01 -4.534046e-02 -4.934005e-01 1.267461e-02 
-1.122453e+01 2.176454e+00 -5.099768e-01 4.267681e+00 3.854398e+00 -2.330920e+00 -5.406106e+00 -4.238460e+00 -3.648212e+00 -7.050309e-01 2.666679e+00 4.426187e+00 9.323278e+00 -5.044777e-01 1.320850e+00 -2.682417e-01 -5.066633e-01 1.452742e+00 4.467115e-01 1.542855e+00 2.184620e+00 4.776445e-02 8.894759e-01 1.246245e+00 5.943366e-01 -1.742092e-01 1.904136e-01 -1.620670e-01 -3.412072e-01 -1.394886e-01 -8.193423e-01 6.589316e-01 8.518829e-01 9.411484e-01 3.209324e-01 -4.308962e-02 -2.699446e-01 -5.108914e-01 1.669255e-02 
-1.173730e+01 1.428189e+00 -3.140518e+00 2.700343e+00 5.330492e+00 3.048453e+00 -2.032298e+00 -4.281311e+00 -7.293615e+00 -2.558383e+00 1.993223e+00 1.249166e+00 9.182147e+00 -1.598322e-01 1.069758e+00 -6.473722e-01 -6.762035e-01 1.102008e-01 1.399205e+00 2.351344e+00 2.358392e+00 -4.539813e-02 3.484274e-01 1.010741e+00 9.727514e-02 -1.531218e-01 1.919403e-01 -1.939307e-01 6.210516e-02 1.119248e-01 -1.155441e+00 -1.087165e-01 1.058004e-02 2.315041e-01 4.777577e-01 9.428972e-02 -5.028674e-01 -4.438877e-01 3.363523e-02 
-1.159986e+01 3.791291e+00 -4.146096e+00 2.906107e+00 3.038965e+00 3.048026e+00 3.632431e+00 4.573479e+00 -7.276362e-01 1.777988e+00 1.520697e+00 1.382264e+00 8.618091e+00 -4.855338e-02 9.927697e-01 -1.007269e-01 -6.818819e-01 -2.234372e+00 3.030131e-02 9.126135e-01 2.293620e+00 1.547587e+00 6.051103e-01 -7.372459e-02 -5.305115e-02 -9.195665e-02 7.251155e-02 -3.290116e-01 3.069392e-01 1.446315e-01 -7.591703e-01 -4.402257e-01 -7.554146e-01 -7.401374e-01 1.386432e-01 -2.883470e-01 -7.033138e-01 -4.589030e-01 4.849965e-02 
-1.092102e+01 5.119461e+00 -2.347469e+00 6.651431e-01 -7.685806e-01 1.887283e+00 9.115997e-01 1.784799e+00 -2.047553e+00 -2.067997e+00 3.606814e+00 2.384435e+00 8.889370e+00 4.925861e-02 7.207531e-01 8.570278e-01 1.982674e-01 -2.492973e+00 -1.474848e+00 -4.495018e-01 8.415489e-01 1.277956e+00 3.073582e-01 -9.845583e-01 -7.415324e-01 -1.209246e-02 -5.775199e-02 -4.007050e-01 2.830772e-01 1.083197e-01 7.749028e-02 -1.951381e-01 -7.433254e-01 -1.064553e+00 2.292969e-02 -1.708920e-01 -6.654176e-01 -3.532039e-01 1.022030e-02 
-1.187562e+01 5.294899e+00 -1.410274e+00 1.875856e+00 -4.267672e+00 -1.599213e+00 -2.315042e+00 4.196733e+00 1.466837e+00 2.075619e+00 1.491203e+00 3.592947e+00 9.009939e+00 -2.466581e-01 -1.496545e-01 5.142634e-01 -2.207973e-01 -1.041698e+00 -3.173745e-01 -8.337807e-01 -7.577314e-01 7.924259e-02 -5.318323e-01 -1.272640e+00 -1.280738e+00 -2.247785e-03 -8.759687e-02 -3.402998e-01 8.005914e-02 -7.146282e-02 8.249615e-01 2.728428e-01 -3.349798e-01 -1.121117e+00 -3.365675e-01 -2.376003e-01 -2.485597e-01 -1.472953e-01 -1.560936e-02 
-1.135317e+01 4.280190e+00 -2.231608e-01 4.206573e+00 -3.481224e+00 -2.002634e+00 -1.306318e+00 1.149008e-01 -2.001188e+00 -1.170131e+00 -2.915142e+00 -3.564012e+00 8.925821e+00 -3.496087e-01 -3.625371e-01 4.604647e-01 -3.653527e-01 -9.868263e-02 5.971931e-01 -4.921995e-01 -1.438688e+00 8.035578e-01 6.224230e-02 -1.716869e+00 -1.054789e+00 -1.468888e-01 -6.745404e-02 -1.444362e-01 -2.536295e-02 -1.382347e-01 7.080845e-01 2.276843e-01 -5.558688e-04 -5.249305e-01 -2.223552e-01 -1.329146e-01 8.309479e-02 1.926207e-01 2.045853e-03 
-1.261702e+01 3.462661e+00 -2.637237e+00 3.161957e-02 -8.128798e-01 3.406195e+00 5.720752e-01 1.620185e+00 -3.550139e-01 -1.330138e+00 -1.581134e+00 -2.047170e+00 8.588649e+00 -2.870587e-01 -1.671673e-01 4.978698e-01 -7.574855e-01 6.932144e-01 3.585135e-01 -7.410486e-01 -2.171855e+00 1.021358e-01 -4.603510e-01 -9.503210e-01 -6.329561e-01 -1.025586e-01 5.941133e-02 7.683538e-02 4.971385e-02 2.627624e-01 2.398168e-01 -3.491841e-01 6.617294e-02 3.263366e-02 -3.210928e-01 -1.232826e-01 2.472835e-01 3.882501e-01 4.040438e-02 
-1.229808e+01 4.223060e+00 5.679201e-01 -2.395495e-01 -2.989558e+00 2.370961e+00 -2.993512e+00 -4.120515e+00 2.880759e+00 -5.380841e-02 -3.441126e+00 -6.960454e-02 8.365503e+00 -2.675672e-01 7.164428e-03 7.383475e-01 -2.245288e-01 1.799478e-01 -6.745042e-01 -4.986943e-01 -1.076096e+00 1.549173e-01 -3.928987e-01 -7.303466e-01 -1.022846e-01 4.831539e-02 6.172603e-02 9.514252e-04 -2.212839e-01 4.000157e-01 1.408442e-01 -4.698935e-01 1.127964e-01 5.787246e-01 -6.484281e-01 -1.848683e-02 6.093558e-01 3.601569e-01 4.990494e-02 
-1.283816e+01 4.487480e+00 6.835321e-01 3.118594e-01 -1.047502e+00 -1.993242e+00 -5.176666e+00 -4.545202e+00 -4.639081e-01 -7.842056e-01 -2.997481e+00 -1.319070e+00 8.777447e+00 9.566790e-03 4.958173e-02 6.237079e-01 1.022768e+00 1.809893e-02 -1.427468e+00 -4.997768e-01 -7.757890e-01 -1.201981e+00 -9.206907e-01 -5.295694e-01 1.841887e-01 1.020825e-01 3.670755e-02 -4.918484e-02 -3.483812e-01 3.245185e-01 1.501050e-01 -1.468554e-02 2.532302e-01 7.502102e-01 -2.699918e-01 2.710225e-01 5.893154e-01 3.691984e-01 -1.721258e-02 
-1.258046e+01 3.803425e+00 1.808166e+00 2.944300e+00 -2.463983e+00 -2.675002e+00 -9.250774e-01 -2.182482e+00 -1.172146e+00 -3.407335e+00 -5.858441e+00 -4.439386e+00 9.072794e+00 -1.894239e-01 -4.660216e-01 -7.090213e-01 7.445278e-01 9.430518e-01 -8.591304e-01 -4.898581e-02 7.568873e-01 -1.786394e+00 2.001362e-01 1.119444e+00 3.374033e-01 3.153258e-04 -1.854980e-02 -3.272444e-02 -3.418978e-01 -9.011506e-02 1.163385e-01 3.995310e-01 2.803551e-01 7.049780e-01 3.256672e-01 5.210683e-01 5.679725e-01 2.271720e-01 -2.924663e-02 
-1.242760e+01 3.920720e+00 -1.390346e-01 3.553475e+00 -9.851546e-01 -1.208172e+00 -2.961066e+00 -3.227866e+00 -4.338159e+00 -4.256701e+00 -3.020216e+00 1.058183e+00 8.745436e+00 -1.426443e-01 -1.763785e-01 -5.203797e-01 3.804623e-01 1.062158e+00 3.774211e-01 3.001727e-01 6.626735e-01 -2.771917e-01 5.982221e-01 1.071390e+00 9.933248e-01 -1.645975e-01 -7.434890e-02 -2.826956e-02 2.285960e-02 -4.636824e-01 -1.243493e-01 5.601900e-01 5.361777e-01 6.842033e-01 8.714377e-01 4.940438e-01 1.745162e-01 6.114276e-02 3.838551e-02 
-1.345004e+01 2.176454e+00 -2.565410e+00 1.862488e+00 1.694675e+00 -2.317260e+00 -4.346395e+00 -9.949708e-01 -4.114415e+00 2.682901e+00 2.167117e+00 4.285277e-01 8.383027e+00 -2.842236e-01 -4.344067e-02 -3.989286e-01 -3.539959e-01 2.396799e-01 4.206859e-01 5.029565e-01 1.729515e+00 1.320721e+00 1.453139e+00 1.309094e+00 6.291282e-01 3.538334e-02 -1.293542e-02 1.461809e-02 4.506477e-01 -3.932009e-01 -4.298156e-01 4.149311e-01 6.142157e-01 3.257928e-01 7.105128e-01 -6.059228e-02 -4.016569e-01 4.682710e-02 1.177350e-01 
-1.311657e+01 4.419226e+00 2.683130e-01 2.755245e+00 2.183607e+00 -2.852133e-01 -1.965668e+00 -1.825677e+00 -3.788345e-01 -8.385087e-01 -1.653026e+00 1.212938e+00 8.299376e+00 -3.148784e-01 -3.030619e-01 5.828394e-01 -7.462910e-01 -2.519473e-01 7.336609e-01 1.905123e+00 2.158842e+00 1.601640e+00 9.230072e-01 2.482280e-01 3.438365e-01 2.765487e-01 4.055478e-03 -1.273340e-01 3.415811e-01 -2.501481e-01 -3.200149e-01 1.273574e-01 3.991237e-01 6.724240e-02 -5.461684e-02 -2.633589e-01 -3.687183e-01 2.756017e-02 1.197737e-01 
-1.365709e+01 3.337276e+00 -3.904291e-01 1.573177e+00 -2.849550e+00 -1.033570e+00 1.092371e+00 5.763536e+00 3.452029e+00 2.149405e+00 3.577592e-03 -1.370655e+00 9.472821e+00 -1.678060e-01 -3.296722e-01 9.926790e-01 -6.580327e-01 -5.489981e-01 1.037405e+00 2.219522e+00 1.637656e+00 8.267689e-01 -2.651421e-01 -4.773576e-01 8.961707e-01 3.684129e-01 3.419585e-02 -1.619914e-01 1.690234e-01 -7.005214e-02 -6.583956e-02 5.425241e-02 1.401812e-01 -2.482967e-01 -5.153344e-01 -3.407999e-01 -2.503243e-01 1.390716e-01 4.559010e-02 
-1.389805e+01 1.825073e+00 1.688126e+00 -3.330823e-02 2.771158e-02 1.818125e+00 3.845648e+00 4.187399e+00 -1.129796e-01 6.256019e-01 -6.975297e-01 3.677216e+00 9.583109e+00 -1.805641e-01 -6.700341e-01 4.917511e-01 -7.183858e-01 -1.435711e-01 7.057445e-01 1.437614e+00 1.044894e+00 -3.034235e-01 1.404818e-01 1.210610e-01 9.976574e-01 2.677526e-01 2.557728e-02 -1.074380e-01 -6.832974e-02 -4.589039e-04 6.224545e-02 -3.873683e-02 -1.717109e-01 -2.820556e-01 -4.940279e-01 -1.159623e-01 3.440115e-02 1.409014e-01 -1.180913e-02 
