-1.482401e+01 3.543676e+00 3.190758e-01 3.188034e+00 -2.389533e+00 4.823746e+00 1.743877e+00 4.835214e+00 7.342832e+00 6.021032e+00 -2.342977e-02 -4.313387e+00 7.978967e+00 2.487787e-01 -9.406464e-02 -1.694763e-01 1.823271e-01 1.385921e+00 2.091318e-02 -6.307431e-01 -5.831524e-01 -1.303606e+00 -5.159065e-02 7.210587e-01 1.830167e+00 1.929155e-01 2.164225e-02 -2.003522e-01 -9.729795e-02 -2.209626e-01 -4.855305e-01 -3.662219e-01 1.441407e-01 -1.536472e-01 -2.688030e-01 -2.544560e-01 -6.097360e-02 -3.131190e-01 -2.123600e-02 
-1.526439e+01 1.825666e+00 1.046362e+00 1.967499e+00 -1.574422e-01 1.943554e+00 8.448940e-02 2.736480e+00 2.642140e+00 4.880965e+00 5.057529e+00 2.743923e+00 8.703516e+00 -3.055950e-02 -2.503932e-01 -7.893636e-02 2.406025e-01 8.545234e-01 -6.544374e-01 1.186759e-01 -2.947072e-01 -1.677736e+00 -4.380955e-01 9.194877e-01 2.253576e+00 1.698271e-01 1.882324e-01 -3.889190e-01 -1.735855e-01 -4.332812e-01 -9.100699e-01 -5.202919e-01 -2.408634e-02 -3.622535e-01 -3.765164e-01 -3.783751e-01 -4.606423e-01 -9.678968e-01 -4.535124e-02 
-1.335993e+01 3.932506e+00 -8.921707e-01 4.709521e+00 3.423523e+00 6.367662e+00 -5.801877e-01 2.968956e+00 3.175268e+00 6.333231e+00 1.041262e+00 1.309016e+00 8.581243e+00 4.966350e-01 -1.017416e+00 -7.011526e-01 -9.516798e-01 -7.760808e-01 -1.472598e+00 -2.847324e-01 -1.495476e+00 -2.460476e+00 -1.130564e+00 3.169258e-01 5.294155e-02 9.829870e-02 1.288853e-01 -2.768922e-01 5.852432e-02 -5.254713e-01 -7.103220e-01 -3.828861e-01 -1.872856e-01 -4.215932e-01 -2.925231e-01 -5.295081e-01 -6.909316e-01 -1.001759e+00 -5.809904e-02 
-1.570903e+01 2.097358e+00 5.297274e-01 3.630059e+00 -1.023956e+00 7.790489e-01 3.499316e+00 4.294631e+00 1.038132e+00 3.674452e+00 4.041541e+00 4.143513e+00 8.526924e+00 1.065999e+00 -1.576870e+00 -7.716210e-01 -1.417219e+00 -2.083550e+00 -1.833903e+00 -9.242294e-01 -1.938213e+00 -2.607702e+00 -1.403895e+00 -1.380107e+00 -2.120549e+00 1.351226e-02 -3.897922e-03 2.292926e-01 3.097562e-01 -9.941307e-02 3.454454e-03 2.957473e-01 -2.989939e-01 -5.537412e-02 4.865571e-01 -1.754960e-01 -6.389663e-01 -5.638561e-01 -6.228064e-02 
-1.211864e+01 -1.679227e+00 -2.928341e+00 -2.401901e+00 -5.836880e+00 -1.957664e+00 -1.387406e+00 -3.421782e+00 -4.157458e+00 9.714803e-01 2.069426e+00 -4.748106e+00 8.558743e+00 3.448966e-01 -8.152024e-01 4.695390e-01 -1.616085e+00 -6.967064e-01 -1.303760e+00 -1.045793e+00 -1.869383e+00 -2.301218e+00 -2.216249e+00 -1.583896e+00 -9.913970e-01 -1.947103e-02 -4.015076e-01 7.759740e-01 6.320642e-01 6.657744e-01 8.208113e-01 6.927348e-01 1.343163e-01 7.590821e-01 1.382582e+00 2.839947e-01 -1.611327e-01 5.869222e-01 -6.747719e-02 
-1.055521e+01 -3.252986e+00 -1.793206e+00 -1.562784e+00 -5.945110e+00 -3.063060e+00 -4.133329e+00 -3.759540e+00 -6.729836e+00 5.422858e-01 -2.357093e+00 -4.830390e+00 8.782380e+00 2.578800e-02 7.949815e-01 8.844953e-01 7.572383e-02 8.321279e-01 7.398715e-01 -9.957058e-01 -3.846773e-01 6.754400e-01 -7.728350e-01 -1.324876e+00 -4.351817e-02 -8.272132e-02 -5.423967e-01 8.466692e-01 3.744182e-01 7.413649e-01 8.025128e-01 6.843395e-01 4.004398e-01 1.040836e+00 1.601445e+00 6.226121e-01 7.091604e-01 1.070276e+00 -8.099634e-02 
-1.421235e+01 2.531742e+00 2.617407e+00 -7.741739e-01 2.400676e+00 1.770267e+00 -1.992531e+00 -2.351360e+00 -4.447339e+00 -3.181850e+00 -3.678825e+00 8.386036e-01 8.356241e+00 -9.907936e-01 1.676501e+00 1.631068e+00 1.630673e+00 1.869937e+00 7.041405e-01 4.225859e-01 1.523028e+00 2.810913e+00 -2.620940e-02 -5.164189e-01 1.949075e+00 -1.909841e-01 -2.265220e-01 2.044287e-01 -1.715410e-01 6.020667e-01 1.106771e-02 2.322547e-01 4.189904e-01 8.203006e-01 9.690735e-01 7.704012e-01 1.042379e+00 4.432448e-01 -6.971008e-02 
-1.453296e+01 3.966129e+00 2.178806e+00 3.195000e+00 -9.818659e-01 2.614976e+00 -1.176860e+00 1.835795e+00 4.560395e+00 1.887095e+00 2.914456e-01 1.132423e+00 8.214422e+00 -9.781427e-01 1.410597e+00 5.196086e-01 6.662695e-01 6.458036e-01 5.839336e-01 3.437994e-01 1.569616e+00 2.843472e+00 6.141081e-01 1.631841e+00 1.760570e+00 -3.056495e-01 6.942177e-03 -4.514035e-01 -4.227729e-01 -1.105702e-01 -3.983119e-01 -1.264263e-01 3.681929e-01 -2.666562e-02 -5.414810e-01 2.836636e-01 7.747095e-01 -2.675922e-01 -3.834808e-02 
-1.508397e+01 3.094108e+00 3.240905e+00 3.372298e+00 1.031091e+00 -1.275633e+00 -7.526965e-01 1.395765e+00 4.252029e+00 1.680918e-01 -1.836584e+00 2.015761e+00 7.887602e+00 -2.857592e-01 -1.008678e-01 -2.056922e-01 1.098983e+00 -5.481649e-01 -6.459013e-02 3.794022e-01 1.254921e+00 1.460102e+00 9.422901e-01 2.149690e+00 3.226907e-01 -2.565626e-01 2.064708e-01 -6.428928e-01 -5.378657e-01 -4.934815e-01 -5.337478e-01 -5.601478e-02 3.029415e-02 -5.494487e-01 -1.111427e+00 2.331094e-02 6.788827e-02 -6.962084e-01 -7.879237e-03 
-1.500991e+01 3.518730e+00 4.932093e-01 -3.049788e-01 -2.031436e+00 1.379741e+00 -3.034498e+00 2.215234e+00 3.137878e+00 1.937327e+00 4.880983e+00 3.383789e+00 7.488282e+00 -2.920846e-01 -5.734721e-01 -3.109584e-01 -2.112595e-01 4.950492e-02 4.920375e-01 8.667411e-01 -3.839760e-01 -1.356389e+00 1.612570e-01 1.215743e+00 -5.682703e-01 -2.417525e-01 1.729211e-01 -3.769973e-01 -3.267219e-01 -4.569864e-01 -4.356076e-02 -1.675594e-01 3.543747e-02 -3.926662e-01 -8.161047e-01 -1.297754e-01 -7.851833e-01 -3.323716e-01 1.767724e-02 
-1.540275e+01 2.250830e+00 2.432126e+00 6.470657e+00 1.846201e-01 2.064804e+00 8.333077e-01 3.733421e+00 3.564297e+00 1.504317e+00 4.774446e+00 1.326299e+00 7.436691e+00 -3.015364e-01 -5.458251e-01 -6.429017e-01 -3.981054e-01 -5.007840e-01 4.701194e-01 3.126639e-01 -2.473177e-01 -6.462497e-01 3.167076e-01 3.119939e-02 -3.676491e-01 -2.623186e-01 5.377655e-02 4.248851e-02 -2.125110e-01 -6.143053e-01 1.461029e-01 -2.464928e-01 -1.357946e-01 -2.330435e-01 -2.252953e-01 2.185423e-02 -7.831808e-01 3.324478e-01 2.244752e-02 
-1.583399e+01 1.520350e+00 1.028679e+00 5.898705e-01 -3.104349e-01 3.404616e+00 2.363986e+00 -1.252575e+00 -1.877902e+00 2.025391e+00 3.064108e+00 -1.364293e+00 7.231236e+00 -1.056653e-01 -2.519854e-01 -8.954316e-01 -8.701937e-01 4.041762e-01 -5.211024e-01 5.543028e-01 3.574252e-01 -1.838453e-01 2.779800e-01 -1.234803e+00 4.438523e-01 -2.144604e-01 5.477371e-02 1.248734e-01 -1.162596e-01 -3.361911e-02 1.369536e-01 -2.799900e-01 -2.658224e-01 2.329344e-01 4.738898e-01 2.368504e-01 -2.700362e-01 4.087788e-01 4.840997e-02 
-1.617959e+01 1.364167e+00 -2.409959e-01 9.347131e-01 -2.332745e+00 6.215837e-02 -1.888411e+00 1.892947e+00 3.528587e+00 1.707787e+00 -7.725694e-01 2.551926e+00 6.704414e+00 -1.100277e-01 -4.933731e-02 -9.760448e-01 -1.643026e+00 5.171018e-03 -7.905120e-01 -1.432688e-01 -2.809813e-01 -2.527055e-01 9.932840e-01 -5.409234e-01 1.478892e+00 -1.580008e-01 2.862237e-02 4.026189e-02 1.686863e-01 3.214143e-01 2.100142e-01 -2.218014e-02 -9.014043e-02 7.067958e-03 1.593186e-01 9.521912e-02 1.071709e-01 -1.222915e-01 8.283713e-02 
-1.515010e+01 2.702024e+00 -2.647728e+00 -1.888120e+00 1.248220e+00 -2.242947e-01 1.097642e+00 4.922446e+00 2.236306e+00 3.225546e+00 1.480261e+00 4.990405e+00 6.782142e+00 -1.139538e-01 -1.972704e-01 -7.256966e-01 2.431722e-01 4.812654e-01 -2.776064e-01 -2.342387e-01 7.975569e-01 8.161938e-01 1.007248e+00 1.515203e-01 5.523343e-01 -5.187225e-02 -5.764809e-02 -6.670862e-02 3.304015e-01 6.636276e-01 1.544508e-01 4.072191e-02 -8.118296e-02 -3.232327e-01 1.794989e-02 -1.536454e-01 2.621656e-01 -5.469817e-01 8.011706e-02 
-1.629509e+01 1.413517e+00 -6.100206e-01 -5.056145e-01 -5.683179e-01 -7.323743e-02 7.499350e-01 -7.588314e-01 2.436902e-01 5.870656e+00 2.861857e+00 5.543478e+00 6.871006e+00 -1.543059e-01 -3.719820e-01 1.156698e-01 6.523431e-01 5.108213e-01 2.374683e-01 2.562138e-01 -4.321670e-01 -3.496759e-01 4.281074e-01 -1.261655e-01 -1.033381e+00 7.055394e-02 -1.099440e-03 1.122306e-02 2.566796e-01 5.840157e-01 1.670727e-01 -8.221343e-02 1.131652e-01 -1.340712e-01 -1.450489e-02 -4.931567e-01 1.889403e-01 -3.771811e-01 6.290348e-02 
-1.634599e+01 5.095004e-01 -2.415166e+00 2.525518e+00 1.213480e+00 2.084002e+00 -1.264399e-01 4.060865e+00 3.845356e+00 4.980156e+00 2.004490e+00 -9.883938e-02 6.888506e+00 -3.716982e-01 -4.242363e-01 2.107913e-01 1.300169e+00 9.233857e-01 -8.316084e-01 -5.135124e-02 -1.183086e+00 -4.561950e-02 -2.076584e-01 -1.313344e-01 -1.034978e+00 7.184740e-02 2.350346e-01 1.419906e-01 2.050862e-01 1.586226e-01 -2.255444e-01 -4.168051e-01 -1.199601e-01 -3.035257e-01 -3.521753e-01 -5.112993e-01 -2.396044e-02 1.466789e-01 1.770043e-01 
-1.635299e+01 6.011493e-01 2.206693e-01 1.989444e+00 2.387354e-01 9.550212e-02 4.574458e-03 1.629097e-01 9.759545e-01 2.971208e+00 -1.665449e+00 -7.028400e-02 7.003962e+00 1.328249e-02 1.201634e-01 -1.608586e-01 7.485845e-01 6.195993e-01 -9.246460e-01 3.309391e-01 3.912364e-02 1.055492e-01 -8.651024e-01 5.453154e-01 3.867467e-01 9.467701e-02 6.091306e-01 3.214401e-02 2.365955e-01 7.244947e-02 -5.996626e-01 -5.870330e-01 -6.343499e-01 5.089539e-02 -5.458276e-01 -5.048103e-01 -1.228513e-01 -4.101528e-02 3.204373e-01 
-1.697959e+01 9.872679e-01 -2.009239e+00 3.364983e+00 5.461867e+00 -4.466528e+00 1.213672e+00 -1.454112e+00 1.642681e+00 3.636619e+00 3.087106e+00 2.622187e+00 7.074871e+00 9.775155e-01 2.666490e-01 4.379046e-01 9.882346e-01 -7.008198e-01 -1.780592e+00 -8.712990e-01 -9.557565e-01 -1.172357e+00 -9.026728e-01 -3.040146e-01 5.756274e-01 8.210853e-01 8.903298e-01 8.201101e-02 5.435898e-01 -7.464800e-03 -9.620270e-01 -3.547046e-01 -7.093036e-01 1.650739e-01 -9.692714e-01 -2.129730e-01 -3.725650e-01 -7.557405e-01 5.538355e-01 
-1.591170e+01 1.775232e+00 -1.617535e+00 2.817415e+00 4.050900e-01 -1.421133e+00 1.734656e+00 2.194178e+00 1.872905e+00 2.216462e+00 5.047383e+00 6.116464e+00 7.251235e+00 2.216724e+00 -5.566813e-01 1.185022e+00 1.170521e+00 -1.675404e+00 -2.223177e+00 -2.505509e+00 -2.914010e-01 -2.515484e+00 -1.748432e+00 -6.541610e-01 -2.043625e+00 1.298114e+00 7.094899e-01 3.734662e-01 2.878280e-01 -8.362978e-02 -6.421366e-01 -3.717907e-01 -4.379791e-01 -2.208085e-01 -9.591707e-01 9.333203e-02 -4.847726e-01 -1.185527e+00 6.490177e-01 
-1.167887e+01 1.255165e+00 6.934820e-01 7.052710e+00 -2.374166e+00 -6.060460e+00 -5.348190e+00 -1.733857e+00 -2.464806e+00 8.439936e-01 -2.871851e+00 -3.137562e-01 1.087035e+01 2.978179e+00 3.244037e-01 2.255793e+00 1.051898e+00 -2.739113e+00 -1.955709e+00 -2.179533e+00 -1.925141e-01 -3.581349e+00 -8.309264e-01 -1.394465e+00 -3.598439e+00 2.239237e+00 1.414747e-02 8.870267e-01 -4.958534e-01 -4.455571e-01 5.827858e-04 3.392967e-02 3.509715e-01 -1.829237e-01 -1.824915e-01 3.130956e-01 -1.373028e-01 -4.828818e-01 3.911388e-01 
-7.919636e+00 -2.316431e+00 4.794268e+00 5.998327e+00 -4.220768e+00 -1.022338e+01 -9.242123e+00 -1.154170e+00 -9.547983e+00 -4.374375e+00 -1.956650e+00 -8.820252e+00 1.159694e+01 2.560480e+00 1.958761e+00 3.693997e-01 2.986291e-01 -1.571958e+00 -2.696128e+00 -1.204991e+00 -1.446484e+00 -3.485795e+00 -4.343925e-01 -1.333395e+00 -3.453891e+00 2.630703e+00 -7.816187e-01 1.243611e+00 -1.164402e+00 -4.637895e-01 3.670210e-01 4.580861e-01 9.326867e-01 -1.057123e-01 6.091732e-01 4.710487e-01 -7.138667e-02 7.741256e-01 4.262475e-02 
-6.084668e+00 4.655394e+00 6.063559e+00 7.033900e+00 -5.921059e+00 -9.843965e+00 -4.195570e+00 -7.420725e-01 -1.055374e+01 2.777594e+00 -3.829492e-01 -7.901220e+00 1.609833e+01 8.764535e-01 3.444171e+00 -1.633604e+00 -8.037118e-01 -7.497242e-01 -1.374423e+00 2.333359e-01 -1.292794e+00 -1.599573e+00 5.806474e-03 -6.510022e-01 -1.133598e+00 2.110473e+00 -1.217667e+00 7.737938e-01 -1.143716e+00 -3.165090e-01 5.818618e-01 6.688144e-01 8.428230e-01 6.867980e-02 1.046568e+00 1.599431e-01 -2.406326e-01 1.288397e+00 -4.567923e-01 
-5.906382e+00 9.869078e+00 -2.455528e+00 4.319745e+00 -5.680546e+00 -1.300960e+01 -4.866779e+00 -5.534267e+00 -1.151119e+01 -9.220620e-01 -2.863734e+00 -7.359044e+00 1.779084e+01 -6.404212e-01 4.101475e+00 -2.692266e+00 -2.206267e-01 -8.350403e-01 -2.233820e-01 9.513486e-01 -2.697601e-01 -4.606003e-01 1.885670e-01 -1.382787e+00 5.945061e-01 1.575626e+00 -1.108012e+00 3.478812e-02 7.211607e-03 3.105612e-02 4.523028e-01 8.786144e-01 6.005669e-01 3.994612e-01 8.316789e-01 1.195527e-02 -2.509122e-01 1.034036e+00 -6.812590e-01 
-8.303331e+00 1.238264e+01 -3.849365e+00 3.873539e+00 -5.392599e+00 -1.153894e+01 -6.369411e+00 -6.007814e+00 -9.480764e+00 -8.530730e-01 -5.673262e+00 -6.712790e+00 1.832584e+01 -1.509700e+00 3.122105e+00 -1.931950e+00 -2.711098e-01 -1.982165e-01 1.520791e-01 9.563574e-01 -4.374771e-01 1.389176e-01 -3.426651e-01 -2.572978e+00 8.193596e-01 4.827803e-01 -6.093351e-01 -6.056897e-01 9.518867e-01 5.099673e-01 5.764524e-01 3.646401e-01 1.301491e-02 9.079016e-02 4.352670e-01 -2.237990e-01 -1.229181e-01 5.852989e-01 -5.940949e-01 
-1.001213e+01 1.432679e+01 -3.710596e+00 6.475533e+00 -8.659562e+00 -1.049265e+01 -3.398342e+00 1.298216e-01 -1.238756e+01 -1.616085e+00 -6.225224e+00 -6.441890e+00 1.836152e+01 -1.786566e+00 2.293709e+00 5.546247e-01 1.875495e-01 4.137743e-01 9.337094e-01 1.436386e+00 1.230823e-01 -1.965860e-01 -2.003295e-01 -1.626971e+00 7.398062e-01 3.821738e-02 -1.480359e-01 -9.323997e-01 1.074997e+00 5.141398e-01 6.640049e-01 -4.407563e-02 -4.106444e-01 -5.750548e-01 1.495904e-01 -3.806264e-01 1.978849e-01 2.813717e-01 -3.850961e-01 
-1.158043e+01 1.803668e+01 -2.968703e+00 4.600843e+00 -5.422663e+00 -1.034261e+01 -1.475713e-01 -5.761587e+00 -9.420688e+00 1.411484e+00 -1.156728e+01 -4.263040e+00 1.822697e+01 -1.597165e+00 1.319551e+00 1.502457e+00 1.542058e+00 1.508410e+00 -1.296594e-01 5.586332e-02 -1.035407e+00 4.447940e-01 -9.187194e-01 -1.143485e+00 1.720089e+00 -9.132285e-02 1.009648e-01 -8.824863e-01 4.863040e-01 4.444757e-01 2.366606e-01 -2.824791e-01 -6.304779e-01 -5.520268e-01 -1.122832e-01 -4.398215e-01 3.852202e-01 7.506670e-02 -1.023103e-01 
-1.320054e+01 1.851065e+01 -1.229849e-01 4.894134e+00 -3.597440e+00 -8.939137e+00 -7.957276e-01 -5.041812e+00 -1.252409e+01 -3.055953e+00 -8.051569e+00 -4.884495e+00 1.803152e+01 -1.336876e+00 3.407603e-01 9.655449e-01 1.443578e+00 1.631814e+00 -3.028350e-01 -6.515903e-01 -2.846229e+00 1.344684e-01 -1.426576e+00 -1.107973e+00 1.550932e+00 -6.280201e-02 2.504423e-01 -8.084976e-01 -2.698369e-01 1.832668e-02 -3.753386e-01 -2.270443e-01 -4.654294e-01 -2.509153e-01 -1.238328e-01 -3.408318e-01 2.242513e-01 -1.674031e-01 2.098599e-02 
-1.469509e+01 1.688863e+01 1.868979e+00 1.237478e+01 -3.819206e-01 -1.296413e+01 -7.391016e+00 -8.599003e+00 -7.188604e+00 -4.726950e+00 -1.047756e+01 1.109128e+00 1.803402e+01 -1.229634e+00 -3.140826e-01 2.939134e-01 1.323297e+00 3.758391e-01 -6.419943e-01 -1.152060e+00 -1.713088e+00 -5.880067e-01 -1.928647e+00 -9.062893e-01 7.891161e-01 2.172574e-02 3.773390e-01 -7.672588e-01 -3.219915e-01 -6.601434e-01 -8.589809e-01 4.165005e-02 8.369221e-02 6.608527e-01 -3.282896e-01 2.045050e-01 4.659883e-01 -6.215384e-01 6.633402e-02 
-1.513943e+01 1.660500e+01 -1.301557e+00 9.806574e+00 -3.020210e+00 -1.069625e+01 -3.034498e+00 -1.268260e+01 -1.283162e+01 -5.680080e+00 -1.231033e+01 -1.373311e+00 1.814402e+01 -7.180717e-01 -9.321592e-01 -1.903113e-01 3.885705e-01 -8.968945e-01 5.470354e-02 -2.867630e-01 -7.926483e-01 -2.994211e-01 -1.399498e+00 -6.242961e-01 3.682437e-01 8.665754e-02 5.560881e-01 -9.548050e-01 2.498646e-01 -8.565274e-01 -7.635480e-01 -3.120527e-01 1.670255e-01 1.262071e+00 5.779346e-03 6.800194e-01 7.951018e-01 -5.747659e-01 8.385208e-02 
-1.675955e+01 1.741954e+01 -9.094687e-01 8.760900e+00 -3.831272e+00 -1.267414e+01 -4.788785e+00 -1.050651e+01 -1.220732e+01 -6.919657e+00 -1.396926e+01 -2.073293e+00 1.827925e+01 -1.994436e-02 -1.880408e+00 4.704117e-01 -1.231120e+00 -1.522140e+00 -1.000928e-01 2.920873e-01 1.242097e+00 -9.796298e-01 9.020495e-02 9.445665e-01 -7.962233e-01 1.656234e-01 7.864643e-01 -1.230396e+00 6.148263e-01 -1.016235e+00 -4.703708e-01 -5.991409e-01 7.606392e-02 9.756411e-01 9.565093e-02 9.464968e-01 8.546432e-01 -4.407903e-01 9.515864e-02 
-1.575871e+01 1.358438e+01 3.148474e-01 8.644211e+00 -6.356654e+00 -8.810814e+00 -3.530893e+00 -8.051544e+00 -1.151203e+01 -8.956900e+00 -9.427415e+00 -1.451838e+00 1.834220e+01 8.386461e-01 -3.650105e+00 2.126637e+00 -1.561872e+00 -1.236940e+00 -2.134021e+00 -5.386901e-01 1.986604e+00 3.590475e-01 9.640454e-01 1.942072e+00 -5.301373e-01 2.844926e-01 7.651058e-01 -1.035242e+00 5.002145e-01 -8.860984e-01 -3.673914e-01 -7.732501e-01 -1.693707e-01 3.645478e-01 -3.565845e-02 6.718420e-01 5.354089e-01 -4.168189e-01 1.022024e-01 
-1.448511e+01 8.996515e+00 3.412732e+00 6.800173e+00 -6.324585e+00 -1.440701e+01 -5.682834e+00 -4.704485e+00 -1.274634e+01 -2.637568e+00 -7.196230e+00 -2.833017e+00 1.876334e+01 1.924299e+00 -5.106999e+00 2.209650e+00 -2.782670e+00 -1.805968e+00 -2.543273e+00 -6.457694e-01 1.775405e+00 -4.390626e-01 1.622107e+00 2.083739e+00 -9.656619e-01 3.985759e-01 4.883777e-01 -3.296816e-01 -1.575885e-02 -5.063016e-01 -4.530072e-01 -1.123355e-01 -1.210003e-01 -3.553058e-01 -2.688241e-02 -3.300390e-02 5.370378e-02 -2.988116e-01 7.179446e-02 
-1.208329e+01 2.565907e+00 7.170249e+00 2.977645e+00 -7.958735e+00 -2.049982e+01 -5.280570e+00 -5.650721e+00 -1.076674e+01 -3.000953e+00 -5.986446e+00 -3.644215e+00 1.932448e+01 2.135293e+00 -4.495147e+00 1.441043e+00 -3.266198e+00 -2.592095e+00 -2.589963e+00 -6.647214e-01 7.633924e-01 -7.479725e-01 1.193711e+00 1.483091e+00 -1.631018e+00 4.811635e-01 5.687684e-03 5.817479e-01 -4.095839e-01 -1.130194e-01 -4.443922e-01 9.409258e-01 4.115869e-02 -5.737439e-01 -1.963179e-01 -4.248241e-01 -2.003820e-01 -2.184036e-01 8.014904e-03 
-8.975635e+00 -2.606563e+00 6.710890e+00 -2.319348e+00 -1.206081e+01 -1.954598e+01 -7.142818e+00 -2.830063e+00 -1.477508e+01 -1.787445e+00 -5.271128e+00 -5.805406e+00 1.978107e+01 1.773506e+00 -3.106284e+00 7.342864e-01 -2.910494e+00 -3.109781e+00 -4.337726e-01 -2.499419e-01 7.709540e-02 -5.605031e-01 -1.896832e-01 1.442506e+00 -1.739969e+00 4.263207e-01 -4.611121e-01 1.068264e+00 -1.223530e-01 3.593910e-01 9.665270e-03 1.263452e+00 -4.113442e-02 -4.443590e-01 7.006795e-02 -4.425032e-01 -2.957685e-01 1.943952e-01 -5.866741e-02 
-7.837046e+00 -3.089753e+00 5.870975e+00 -3.127115e+00 -1.644883e+01 -1.919133e+01 -6.124287e+00 -5.172017e+00 -1.423775e+01 -3.413297e+00 -2.974330e+00 -8.121021e+00 2.023903e+01 9.424710e-01 -1.741883e+00 8.164268e-01 -2.062973e+00 -2.806909e+00 1.515794e+00 -5.308386e-01 -3.291249e-02 -5.618176e-01 -2.542550e-01 1.260828e+00 -1.235035e+00 3.107499e-01 -5.819293e-01 8.720434e-01 3.221835e-01 4.934583e-01 5.844663e-01 1.079724e+00 -1.472371e-01 -4.794574e-02 1.546822e-01 -1.443093e-02 -2.927648e-01 5.990400e-01 -1.031223e-01 
-7.740741e+00 -3.706892e+00 7.733780e+00 -4.699807e+00 -1.762868e+01 -1.723011e+01 -6.510414e+00 -4.558382e+00 -1.381343e+01 -3.379915e+00 -1.489917e+00 -9.294422e+00 2.043767e+01 2.151883e-01 -1.142334e+00 1.910214e+00 -1.587320e+00 -1.650419e+00 1.721048e+00 -9.182730e-01 -4.834165e-02 -1.817219e-01 1.335614e-01 7.160811e-01 -1.916360e-01 1.904579e-01 -4.398179e-01 4.650359e-01 3.971080e-01 4.499786e-01 7.899576e-01 2.557955e-01 -1.306513e-01 1.357100e-01 3.595732e-02 3.160753e-01 -3.134574e-01 6.521168e-01 -9.894069e-02 
-7.988513e+00 -5.593016e+00 1.074095e+01 -6.147101e+00 -1.920938e+01 -1.407862e+01 -8.250870e+00 -4.950713e+00 -1.405668e+01 -3.475928e+00 -1.572779e+00 -8.074806e+00 2.054994e+01 4.848541e-03 -1.116714e+00 2.464144e+00 -1.460491e+00 -3.996235e-01 1.731322e+00 -1.066641e+00 5.862576e-01 -1.639254e-01 9.599566e-01 3.823987e-01 5.900916e-01 8.348856e-02 -1.237502e-01 1.302544e-01 3.976311e-02 4.864133e-01 5.878723e-01 -5.461530e-01 1.979433e-01 2.508499e-01 -1.725977e-01 2.426773e-01 -1.714457e-01 3.754076e-01 -6.824856e-02 
-7.823941e+00 -7.066448e+00 1.382691e+01 -8.745961e+00 -1.893212e+01 -1.349713e+01 -1.067099e+01 -3.182001e+00 -1.577412e+01 -1.088335e+00 -2.391252e+00 -6.786809e+00 2.057767e+01 4.331025e-02 -1.093699e+00 1.896033e+00 -9.618759e-01 -3.638211e-01 7.375884e-01 -6.353457e-01 4.460928e-01 -5.797152e-01 7.835993e-01 3.143413e-01 6.080311e-01 4.526675e-02 1.822172e-01 9.228384e-03 -6.402506e-01 7.927967e-01 2.327204e-01 -1.037852e+00 4.686899e-01 3.998981e-01 -3.203415e-01 -1.845011e-01 6.398337e-02 1.067769e-01 -3.116222e-02 
-7.771218e+00 -6.993780e+00 1.514541e+01 -8.406343e+00 -1.779503e+01 -1.240082e+01 -9.376979e+00 -2.928898e+00 -1.407727e+01 2.405780e-01 -6.112423e-01 -6.424606e+00 2.058653e+01 4.096781e-01 -1.114977e+00 1.022378e+00 5.640924e-02 -5.106868e-01 -7.231596e-01 3.175372e-01 9.741908e-01 -1.225949e+00 6.340891e-01 6.044708e-01 2.422919e-01 4.216244e-02 4.138801e-01 -6.821831e-03 -1.149048e+00 9.652639e-01 2.549591e-01 -1.318401e+00 1.580681e-01 6.235797e-01 -2.178026e-01 -4.821321e-01 -1.182455e-01 1.616280e-01 -3.352553e-03 
-7.632856e+00 -8.474805e+00 1.501164e+01 -8.379522e+00 -2.015540e+01 -1.438073e+01 -9.124555e+00 -3.339277e+00 -1.670216e+01 -1.320100e+00 -3.988451e-01 -7.079126e+00 2.064562e+01 9.238581e-01 -1.097173e+00 -5.701425e-01 1.618238e+00 -4.313123e-01 -2.241100e+00 7.329937e-01 1.757170e+00 -1.252441e+00 -6.260248e-01 9.250395e-01 5.161737e-01 5.535576e-02 5.733936e-01 1.298833e-01 -1.294929e+00 7.636489e-01 7.581689e-01 -8.497788e-01 -5.438505e-01 8.123042e-01 3.232069e-01 -1.675835e-01 -4.889779e-01 3.553244e-01 6.330085e-03 
-6.035601e+00 -1.046342e+01 1.526034e+01 -6.048525e+00 -2.115152e+01 -1.725284e+01 -7.436352e+00 -1.241834e-03 -1.972238e+01 -1.895702e-01 4.531110e-01 -6.717299e+00 2.072676e+01 1.633982e+00 -1.148993e+00 -2.048015e+00 2.075737e+00 9.089124e-01 -3.371365e+00 -9.603737e-01 3.048611e+00 -9.167355e-01 -7.459880e-01 -5.141216e-01 1.444141e+00 6.169372e-02 4.870267e-01 3.341756e-01 -1.168531e+00 1.289609e-01 1.046538e+00 6.265958e-02 -1.118226e+00 4.087685e-01 8.188460e-01 4.175810e-01 -8.028388e-01 2.977931e-01 9.963611e-03 
-4.072328e+00 -1.081755e+01 1.091854e+01 -1.833781e+00 -1.941047e+01 -2.227663e+01 -7.976546e+00 4.140363e+00 -1.921362e+01 -4.003042e+00 1.701790e+00 -4.059395e+00 2.078449e+01 2.298156e+00 -4.271313e-01 -3.043518e+00 1.846615e+00 2.717157e+00 -2.187104e+00 -2.715606e+00 3.470408e+00 8.816159e-01 6.356320e-01 -1.571166e+00 1.783675e+00 6.712626e-02 1.959523e-01 3.909544e-01 -7.543412e-01 -5.516257e-01 7.000009e-01 9.846746e-01 -1.042810e+00 -3.069777e-01 8.618155e-01 9.464306e-01 -7.064844e-01 -1.885809e-01 1.203411e-02 
-1.381284e+00 -1.156755e+01 6.951909e+00 -1.300494e+00 -1.362281e+01 -2.530990e+01 -1.475280e+01 8.574604e+00 -1.740502e+01 -2.147651e+00 -4.232140e+00 -7.139071e-01 2.082562e+01 2.157541e+00 2.210532e-01 -3.583703e+00 5.870216e-01 3.147851e+00 -4.368548e-01 -3.549362e+00 2.161434e+00 1.801268e+00 2.091158e+00 -2.161667e+00 1.097562e+00 8.607548e-02 -1.986659e-01 2.542957e-01 -3.301695e-01 -6.681560e-01 -1.805994e-01 1.446336e+00 -1.804086e-01 -9.016412e-01 5.551509e-01 5.847046e-01 4.182220e-02 -7.061744e-01 8.908061e-03 
1.531016e+00 -1.005832e+01 3.948587e+00 -1.520288e+00 -1.033447e+01 -2.128794e+01 -1.904438e+01 9.724954e+00 -1.345297e+01 2.837045e+00 -5.912039e+00 -1.162527e+00 2.093176e+01 1.641834e+00 1.725624e-01 -3.573994e+00 -3.954527e-01 1.949007e+00 1.214991e+00 -3.186565e+00 6.659082e-01 1.697624e+00 2.687579e+00 -1.783666e+00 -2.535318e-01 1.033432e-01 -5.771686e-01 -1.278479e-01 -9.344759e-03 -4.633057e-01 -8.242537e-01 9.756464e-01 6.020694e-01 -8.765159e-01 -5.482498e-02 -3.914192e-01 4.732307e-01 -8.236910e-01 -8.082227e-03 
1.950368e+00 -9.737824e+00 8.268691e-01 -3.269581e+00 -9.950313e+00 -1.993146e+01 -1.964989e+01 8.013394e+00 -1.359665e+01 6.846039e+00 -6.548216e+00 -2.677841e+00 2.108335e+01 9.687907e-01 -1.774399e-01 -3.433494e+00 -1.440315e-01 3.898553e-01 2.159295e+00 -1.626945e+00 -5.735869e-02 1.451102e+00 1.151589e+00 -1.988175e-01 -1.068133e+00 8.814503e-02 -6.813880e-01 -3.083896e-01 3.549755e-01 -5.248650e-02 -6.961640e-01 3.299195e-01 1.148937e+00 -2.256151e-01 -1.882870e-01 -1.100569e+00 6.027935e-01 -5.103262e-01 -3.507994e-02 
2.470901e+00 -1.086961e+01 -3.888958e+00 -2.826510e+00 -1.150162e+01 -1.889073e+01 -2.146104e+01 7.749979e+00 -1.262996e+01 4.937873e+00 -6.058485e+00 -4.344949e+00 2.117245e+01 6.738908e-03 -8.673118e-01 -3.165365e+00 -1.044075e-01 -2.529902e-02 1.393076e+00 -6.664813e-01 1.971222e-01 7.825221e-01 -8.516789e-01 -1.863738e-01 -1.251942e+00 2.567080e-02 -6.608658e-01 -2.517500e-01 6.528698e-01 2.591596e-02 -2.427744e-01 -2.967385e-01 1.290465e+00 3.074366e-01 -2.159398e-01 -1.163505e+00 3.039181e-01 -1.435449e-01 -4.407241e-02 
2.992652e+00 -1.204911e+01 -6.296844e+00 -1.367721e+00 -1.109008e+01 -1.571196e+01 -2.167927e+01 9.275471e+00 -1.056047e+01 2.559818e+00 -5.153091e+00 -4.462927e+00 2.114585e+01 -4.318991e-01 -8.010170e-01 -2.013108e+00 1.790113e-01 6.543352e-01 1.123666e+00 9.351040e-01 1.267745e+00 1.317326e+00 -1.641969e+00 5.369376e-02 -9.549546e-01 -5.051412e-02 -5.572577e-01 -7.728506e-02 7.860824e-01 -1.146521e-01 -8.423159e-02 -5.081418e-01 1.056762e+00 4.622528e-01 -2.771236e-01 -6.022440e-01 -5.987221e-02 -5.605555e-03 -2.089091e-02 
1.043703e+00 -1.323946e+01 -8.316484e+00 -2.993358e+00 -9.890853e+00 -1.643238e+01 -2.136153e+01 1.007990e+01 -1.105830e+01 7.219116e-01 -7.541545e+00 -6.529810e+00 2.102903e+01 -9.621473e-01 -7.743832e-01 -1.019897e+00 -4.274503e-01 6.028408e-01 2.491122e-01 1.984643e+00 1.540561e+00 6.848438e-01 -1.733157e+00 -3.902589e-01 -1.027745e+00 -4.766850e-02 -2.990896e-01 6.939349e-02 7.481992e-01 -1.487888e-01 -2.984046e-01 -1.557468e-01 7.731860e-01 2.177280e-01 -2.638354e-01 2.172180e-02 -2.549570e-02 3.308844e-02 2.086419e-02 
5.045796e-01 -1.255833e+01 -7.025283e+00 -2.291133e+00 -7.484391e+00 -1.554271e+01 -1.502366e+01 1.318718e+01 -7.795674e+00 7.441661e-01 -5.538315e+00 -6.359981e+00 2.090244e+01 -1.333096e+00 -6.103830e-01 -5.758149e-01 -5.557721e-01 -3.453868e-01 1.904358e-01 2.331330e+00 1.582340e+00 1.142452e-01 -1.418938e+00 -3.962893e-01 -1.208267e+00 2.030293e-02 -1.465240e-01 2.931435e-02 4.279357e-01 -1.755478e-01 -5.673397e-01 2.147467e-01 2.018152e-01 -2.651603e-01 -4.168779e-01 3.674903e-01 -9.254659e-02 2.950216e-02 5.571762e-02 
-1.095723e+00 -1.448676e+01 -8.624005e+00 -4.501958e+00 -1.029037e+01 -1.773026e+01 -1.486537e+01 1.349700e+01 -1.058819e+01 -2.820055e+00 -7.817188e+00 -8.535074e+00 2.105585e+01 -1.038126e+00 -6.157387e-01 -1.429688e-01 -4.809177e-01 -1.017251e+00 1.080857e+00 2.501357e+00 1.128482e+00 6.490050e-02 -8.546104e-01 -8.883439e-02 -9.599325e-01 9.461233e-02 4.161763e-02 3.409230e-02 2.970482e-01 -4.075485e-02 -2.678180e-01 5.855356e-01 -3.200359e-02 -5.192982e-01 -1.667608e-01 6.120840e-01 6.031209e-02 1.838629e-01 5.115034e-02 
-2.603378e+00 -1.447754e+01 -9.022244e+00 -3.392540e+00 -1.261733e+01 -1.411095e+01 -1.327053e+01 1.547842e+01 -1.022437e+01 -2.763783e+00 -6.996686e+00 -9.501824e+00 2.123426e+01 -1.126537e+00 -7.338536e-01 -3.120493e-01 -6.719083e-01 -1.372227e+00 1.781436e+00 1.685877e+00 1.479293e-01 -4.569601e-01 -2.437630e-01 -5.597804e-01 -8.413068e-01 1.568925e-01 1.781321e-01 8.625342e-03 3.358936e-01 -1.045230e-01 2.705196e-01 4.227327e-01 -5.448394e-02 -6.871359e-01 6.232683e-02 6.039398e-01 3.538077e-02 3.050034e-01 1.570824e-02 
-2.593016e+00 -1.535823e+01 -8.032413e+00 -4.847149e+00 -1.241089e+01 -1.174405e+01 -9.731217e+00 1.457688e+01 -9.519415e+00 -1.796983e+00 -7.256432e+00 -9.758447e+00 2.133608e+01 -8.573046e-01 -5.420617e-01 3.334019e-01 -5.731801e-01 -2.227449e-01 2.381215e+00 2.147360e+00 -3.386904e-01 1.366930e-01 7.397029e-01 -6.897454e-03 -2.919466e-01 1.398188e-01 1.053394e-01 4.703453e-02 2.765633e-01 -1.714659e-01 5.100701e-01 -6.031794e-02 -1.647475e-01 -6.806251e-01 1.381236e-01 2.808826e-01 -5.089427e-02 2.440745e-01 -2.326590e-02 
-4.379223e+00 -1.579208e+01 -8.881169e+00 -5.477619e+00 -1.328609e+01 -9.628241e+00 -9.161439e+00 1.338700e+01 -1.061466e+01 -9.859643e-01 -8.617397e+00 -9.954953e+00 2.154676e+01 -5.328157e-01 -6.041588e-01 8.654056e-01 -1.032254e+00 6.100013e-01 1.653924e+00 2.235893e+00 -1.119766e+00 3.899890e-01 8.035803e-01 -2.602702e-01 -1.721951e-02 7.624517e-02 1.359940e-01 1.053441e-01 2.572809e-01 -1.680492e-01 4.820880e-01 -4.751931e-01 -1.692551e-01 -4.944787e-01 2.091599e-01 -6.246904e-02 -4.682249e-02 1.506427e-01 -5.109587e-02 
-4.494118e+00 -1.654045e+01 -7.027589e+00 -6.324748e+00 -1.107003e+01 -8.065632e+00 -6.182686e+00 1.284942e+01 -9.709308e+00 -1.058021e-02 -7.041329e+00 -9.768215e+00 2.159858e+01 -8.083732e-01 -4.455143e-01 6.511642e-01 -1.158006e+00 5.420531e-01 8.430691e-01 1.402679e+00 -1.640751e+00 3.320495e-01 2.625035e-02 -4.929673e-01 -1.515305e-01 1.855676e-02 7.519942e-02 2.003465e-01 4.064504e-02 -5.424020e-02 1.763556e-01 -6.180411e-01 -2.959310e-01 -2.535807e-01 1.017362e-01 -3.028582e-01 -8.463665e-02 5.373782e-02 -4.928926e-02 
-4.316747e+00 -1.690705e+01 -5.197843e+00 -7.814886e+00 -1.023826e+01 -7.680663e+00 -3.865921e+00 1.074338e+01 -8.179241e+00 3.604345e-01 -8.405677e+00 -9.583357e+00 2.148404e+01 -4.710879e-01 -2.554594e-01 8.155541e-01 -1.219763e+00 6.557063e-01 1.744538e-01 1.211804e+00 -1.673413e+00 4.913075e-01 -1.994037e-01 -5.508783e-01 -1.581991e-01 -3.790286e-02 3.344734e-02 3.002197e-01 -1.356221e-01 1.917010e-01 -2.686502e-02 -4.145270e-01 -2.894007e-01 1.115022e-01 2.622917e-02 -2.570052e-01 1.303000e-01 3.040817e-02 -3.404469e-02 
-6.666152e+00 -1.702852e+01 -6.618587e+00 -9.468737e+00 -1.122369e+01 -8.502637e+00 -5.365863e+00 7.694975e+00 -9.077031e+00 -2.339357e+00 -9.827182e+00 -1.070228e+01 2.146040e+01 -5.120943e-01 2.853215e-01 5.614970e-01 -7.506588e-01 6.360532e-01 3.073065e-02 1.179721e+00 -1.329763e+00 5.947493e-01 -2.730788e-01 -2.848704e-01 4.721220e-02 -4.954402e-02 8.529969e-02 2.951634e-01 -1.488111e-01 3.454521e-01 -9.358121e-02 -1.659985e-01 -1.705843e-01 3.884060e-01 4.330472e-03 -4.032053e-02 3.015818e-01 5.460607e-02 -1.877982e-02 
-5.648859e+00 -1.682516e+01 -5.007948e+00 -1.000446e+01 -9.930270e+00 -8.537497e+00 -3.510530e+00 7.597000e+00 -8.474584e+00 -8.184195e-01 -9.978701e+00 -1.027921e+01 2.142631e+01 -5.136939e-01 5.315390e-01 2.320627e-01 -2.774928e-01 4.285522e-01 -1.264886e-02 9.004487e-01 -7.177066e-01 3.897868e-01 -3.317102e-01 2.871566e-01 3.537780e-02 -5.995639e-02 -7.950897e-03 1.978880e-01 -2.220520e-01 3.160323e-01 -2.159944e-01 -8.984943e-02 -3.065644e-01 4.444247e-01 -1.068189e-01 -2.370086e-02 2.474805e-01 -3.346523e-02 -5.382455e-03 
-6.388515e+00 -1.515433e+01 -4.314874e+00 -8.983171e+00 -8.044250e+00 -7.483632e+00 -4.618522e-01 7.773613e+00 -6.587417e+00 -7.863094e-01 -7.678859e+00 -9.183958e+00 2.137995e+01 -3.605741e-01 6.367713e-01 1.986829e-01 9.810554e-02 1.878389e-01 1.067590e-01 7.055132e-01 -1.765840e-01 4.044487e-01 -1.092192e-01 5.959517e-01 2.467049e-02 -6.428949e-02 3.631016e-02 2.764438e-02 -1.881776e-01 1.456513e-01 -2.819760e-01 -1.651969e-01 -4.517331e-01 3.808028e-01 -2.263716e-01 1.592810e-02 2.396643e-02 -1.212345e-01 -4.091932e-04 
-7.023942e+00 -1.518578e+01 -5.189770e+00 -9.445051e+00 -9.685749e+00 -8.253570e+00 -1.815411e+00 7.115288e+00 -7.474704e+00 -2.074529e+00 -8.044128e+00 -1.016574e+01 2.122472e+01 -5.865458e-01 5.583175e-01 -1.132979e-01 -6.395465e-02 -2.000447e-01 -3.127666e-01 -8.384050e-02 -2.790303e-02 5.226097e-02 -3.997536e-01 2.460924e-01 -3.143004e-01 -5.743414e-02 1.098105e-01 -4.356105e-02 -7.540987e-02 3.468446e-02 -2.008347e-01 -2.097894e-01 -3.506005e-01 2.862876e-01 -1.625384e-01 1.010459e-01 -1.188797e-01 -9.009059e-02 8.562978e-03 
-7.781579e+00 -1.466463e+01 -5.534193e+00 -9.257999e+00 -1.040729e+01 -8.110595e+00 -2.686023e+00 7.052979e+00 -7.554106e+00 -2.257016e+00 -7.814820e+00 -1.063577e+01 2.123972e+01 -2.941204e-01 4.100949e-01 -2.066740e-01 -1.291932e-01 -4.594971e-01 -6.450765e-01 -5.868826e-01 2.293832e-01 -3.681801e-01 -1.595189e-01 -1.445439e-01 -3.840858e-01 -5.284235e-02 1.768133e-01 -8.271244e-02 5.728349e-03 1.548447e-02 -1.251696e-01 -2.073847e-01 -1.705265e-01 1.784013e-01 -1.032588e-01 1.233931e-01 -1.017915e-01 -3.444673e-02 1.274458e-02 
-7.884893e+00 -1.427905e+01 -4.965280e+00 -1.018664e+01 -9.749217e+00 -9.787887e+00 -2.818190e+00 7.817444e+00 -7.729715e+00 -2.081841e+00 -8.679967e+00 -1.112460e+01 2.120926e+01 2.085695e-03 4.271752e-01 5.763705e-02 9.573429e-03 -2.518438e-01 -6.858304e-01 -2.063521e-01 5.107149e-01 -3.651904e-02 1.985960e-01 6.297867e-02 -2.107964e-01 -2.283403e-02 2.583874e-01 -9.314972e-02 1.395824e-01 3.495659e-02 -3.207409e-02 -1.413186e-01 6.294556e-02 5.731875e-02 4.816926e-02 1.391189e-01 4.435872e-02 3.384344e-02 1.087707e-02 
-7.428666e+00 -1.355779e+01 -5.460388e+00 -9.258348e+00 -1.030975e+01 -9.941975e+00 -2.895032e+00 8.569448e+00 -8.301075e+00 -1.580160e+00 -8.083699e+00 -1.062488e+01 2.112335e+01 2.292207e-01 2.886508e-01 1.417410e-01 1.388071e-01 -4.119638e-01 -7.437078e-01 -8.600645e-02 4.460928e-01 -6.746060e-02 2.086251e-01 1.786093e-01 -1.992438e-01 -1.785420e-02 2.516325e-01 -5.070479e-02 2.521897e-01 1.871975e-02 8.546395e-02 -9.297132e-02 1.217759e-01 -3.828885e-02 1.745525e-01 6.797215e-02 1.424486e-01 5.551208e-02 -4.631391e-03 
-7.190038e+00 -1.360335e+01 -4.937987e+00 -9.396982e+00 -1.099387e+01 -1.076647e+01 -2.742886e+00 8.910642e+00 -7.283971e+00 -1.419928e+00 -7.594983e+00 -1.122492e+01 2.116858e+01 4.437774e-01 1.531660e-01 4.103063e-01 -2.317019e-02 -3.842361e-01 -9.699662e-01 -1.953883e-02 1.503338e-01 1.427600e-01 1.117289e-01 3.063008e-01 -2.374708e-01 -2.050580e-02 2.170214e-01 8.532566e-03 2.426087e-01 1.847786e-02 1.147817e-01 -1.174825e-01 -2.321949e-02 -1.827490e-01 1.317486e-01 -3.270594e-02 9.238571e-02 5.641808e-02 -3.193359e-02 
-6.982800e+00 -1.355888e+01 -4.838812e+00 -8.958788e+00 -1.184502e+01 -1.133989e+01 -3.153218e+00 8.736607e+00 -8.114122e+00 -1.544871e+00 -7.464095e+00 -1.158148e+01 2.117085e+01 7.431825e-01 2.935722e-01 8.780593e-01 -1.910832e-02 3.381285e-02 -9.679114e-01 -7.138629e-02 2.180618e-01 4.148636e-01 2.238230e-01 4.459573e-01 -9.320385e-02 -7.722411e-02 1.227093e-01 1.045555e-01 1.224247e-01 1.277515e-01 3.551028e-02 -2.180045e-02 -2.721793e-01 -1.939789e-01 -8.709393e-03 -3.929421e-02 -9.208572e-03 7.053667e-02 -5.073049e-02 
-5.888706e+00 -1.351278e+01 -3.224714e+00 -1.045241e+01 -1.090234e+01 -1.393868e+01 -2.786685e+00 8.485223e+00 -7.109202e+00 -1.541056e+00 -7.458007e+00 -1.183397e+01 2.108313e+01 8.302122e-01 4.672706e-01 9.026033e-01 1.808350e-01 9.901874e-02 -1.161179e+00 -3.296759e-01 -2.888963e-01 3.810908e-01 2.756184e-02 3.911093e-01 1.828368e-02 -1.528916e-01 -1.158571e-02 9.820039e-02 -9.553408e-02 3.081709e-01 -1.349867e-01 1.210054e-01 -5.024728e-01 -2.011451e-01 -2.460763e-01 -4.680948e-02 -1.282247e-01 5.328481e-02 -5.527747e-02 
-4.363375e+00 -1.213534e+01 -1.926977e+00 -8.826076e+00 -1.018615e+01 -1.319552e+01 -3.230444e+00 9.872347e+00 -6.313920e+00 -4.006703e-01 -5.922186e+00 -1.078644e+01 2.078017e+01 6.495367e-01 6.544306e-01 5.077184e-01 6.755538e-01 -4.759509e-01 -7.570642e-01 -1.291629e+00 -3.043254e-01 -2.300554e-01 5.417744e-02 9.016336e-02 2.551581e-02 -2.052769e-01 -9.628001e-02 -1.162506e-03 -2.732444e-01 3.155787e-01 -2.491855e-01 1.807855e-01 -5.746527e-01 -1.707762e-01 -4.538034e-01 -1.241141e-02 -2.513461e-01 -3.038539e-03 -3.201478e-02 
-4.348746e+00 -1.197861e+01 -1.880849e+00 -8.558909e+00 -1.132858e+01 -1.564477e+01 -4.352711e+00 6.898711e+00 -6.279050e+00 -1.854209e+00 -6.410564e+00 -1.153113e+01 2.059949e+01 4.326533e-01 4.636519e-01 1.176334e-01 1.170355e+00 -8.042656e-01 -4.704169e-01 -1.921920e+00 -5.940730e-01 -7.651623e-01 -3.747281e-02 -1.569875e-01 -3.046277e-02 -2.328923e-01 -6.633303e-02 -8.027916e-03 -3.641641e-01 2.877614e-01 -1.461394e-01 2.396375e-01 -3.662616e-01 -6.227814e-02 -2.977390e-01 -4.545210e-02 -8.647229e-02 -1.118347e-01 -5.220063e-03 
-4.505394e+00 -1.105399e+01 -2.971778e+00 -6.527822e+00 -1.401230e+01 -1.427262e+01 -8.828716e+00 8.008668e+00 -9.679899e+00 -1.117266e+00 -7.537148e+00 -1.160478e+01 2.038630e+01 4.604999e-01 2.895193e-01 -9.573533e-02 1.064084e+00 -7.605411e-01 -4.092290e-01 -2.148533e+00 -4.833638e-01 -1.280956e+00 1.941987e-01 -5.367116e-01 -8.399932e-02 -1.973221e-01 1.372930e-02 5.079195e-02 -2.804603e-01 3.160037e-02 2.995702e-01 4.953917e-02 9.657940e-02 -5.528673e-02 7.222056e-02 -1.306693e-01 1.546306e-01 -1.270481e-01 8.502081e-03 
-3.654500e+00 -1.173566e+01 -2.114180e+00 -5.750010e+00 -1.301150e+01 -1.575237e+01 -9.597129e+00 6.446650e+00 -9.252641e+00 -1.370332e+00 -7.435347e+00 -1.157697e+01 2.011562e+01 5.930437e-01 6.095585e-01 -6.165033e-01 1.425424e+00 -4.896624e-01 -1.369654e-01 -1.732671e+00 -5.107155e-01 -5.822431e-01 -2.696843e-01 2.721285e-01 -4.860870e-01 -1.829000e-01 -2.128767e-03 1.550720e-01 -1.378671e-01 -2.847610e-01 5.548147e-01 -6.255390e-02 2.875757e-01 3.385382e-02 1.902417e-01 -1.346421e-01 1.948811e-01 -1.202310e-02 1.073497e-02 
-2.408026e+00 -1.080941e+01 -2.289083e+00 -4.910544e+00 -1.314779e+01 -1.518806e+01 -1.135065e+01 7.681653e+00 -1.123223e+01 3.283244e-01 -8.092831e+00 -1.118321e+01 2.003562e+01 6.379763e-01 8.353664e-01 -5.274906e-01 7.059763e-01 8.647308e-01 -6.762413e-01 -9.035175e-01 -6.224266e-01 3.962145e-02 -4.829949e-01 6.488852e-01 -3.818316e-01 -1.876858e-01 -8.753073e-02 1.366096e-01 9.813132e-02 -4.881599e-01 4.973813e-01 1.065511e-05 2.832992e-01 7.392336e-02 1.308379e-01 -1.313976e-01 1.031993e-01 1.019449e-01 -1.769228e-03 
-2.432102e+00 -9.053440e+00 -5.304706e+00 -2.240278e+00 -1.420872e+01 -1.587160e+01 -1.175522e+01 4.508629e+00 -8.413666e+00 -3.925469e+00 -4.771927e+00 -1.417251e+01 1.986016e+01 3.334090e-01 9.659296e-01 -3.557921e-01 -7.431655e-02 1.157091e+00 -6.496428e-01 -1.106440e+00 -3.552216e-01 -4.742510e-01 -3.721351e-01 2.246510e-01 5.829521e-02 -1.839994e-01 -1.524105e-01 -2.523783e-02 3.734962e-01 -5.654436e-01 2.424707e-01 1.526462e-01 2.381652e-01 1.658168e-01 -2.821326e-01 -1.674841e-02 -3.043126e-01 1.195365e-01 -6.904883e-03 
-1.926807e+00 -8.217753e+00 -4.013888e+00 -4.752752e+00 -9.089812e+00 -1.759386e+01 -1.226736e+01 5.865243e+00 -9.900881e+00 -2.254790e+00 -5.624897e+00 -1.221646e+01 1.957562e+01 1.527335e-01 7.942578e-01 2.646789e-01 -6.268962e-01 9.029707e-01 -1.528332e-01 -1.044981e+00 -1.915122e-01 -6.808314e-01 -4.116342e-01 3.057501e-03 1.535339e-01 -2.056002e-01 -9.444652e-02 -1.017315e-01 2.923980e-01 -9.454505e-02 -2.585351e-01 4.833988e-01 3.011564e-01 6.959743e-02 -4.674643e-01 -1.991343e-01 -4.733917e-01 -2.067766e-01 3.621699e-04 
-2.227911e+00 -8.201485e+00 -3.030976e+00 -6.200395e+00 -9.254830e+00 -1.779746e+01 -1.467134e+01 5.578623e+00 -1.228925e+01 -1.939412e+00 -7.546280e+00 -1.076878e+01 1.942562e+01 7.362884e-02 5.040367e-01 8.550426e-01 -7.354061e-01 7.035443e-01 3.645246e-01 -4.711396e-01 1.028441e-01 -1.632638e+00 -3.891074e-01 -9.264864e-01 -1.560389e-01 -2.085105e-01 5.696103e-02 6.920794e-02 6.493841e-02 3.872688e-01 -8.970780e-02 4.403673e-01 4.584610e-01 -1.372611e-01 -1.347614e-01 -4.093632e-01 -3.390896e-01 -5.522290e-01 8.684772e-03 
-1.746084e+00 -7.263846e+00 -2.102648e+00 -6.064896e+00 -1.110945e+01 -1.498951e+01 -1.511741e+01 6.189250e+00 -1.269886e+01 -2.722771e+00 -6.690265e+00 -1.211727e+01 1.922493e+01 2.956016e-01 5.577385e-01 3.291476e-01 5.638110e-01 -2.011112e-01 1.233599e+00 2.846419e-01 -5.036020e-01 -1.718486e+00 -1.470241e+00 -1.142528e+00 -1.308671e+00 -1.736517e-01 8.436686e-02 4.144731e-01 -1.977586e-01 7.102518e-01 4.421518e-01 1.329982e-02 4.488679e-01 -2.188421e-01 1.964512e-01 -5.413604e-01 -3.389227e-01 -4.823910e-01 8.806567e-03 
-2.154159e+00 -7.010049e+00 -1.985406e+00 -5.261308e+00 -9.681072e+00 -1.535124e+01 -1.268538e+01 4.860567e+00 -1.517797e+01 -5.636842e+00 -8.871733e+00 -1.500212e+01 1.899311e+01 5.467297e-01 1.430139e+00 -6.333732e-02 1.266763e+00 1.260537e+00 8.590510e-01 5.211366e-01 -8.854236e-01 -6.293632e-01 -1.889688e+00 -8.979617e-01 -1.971679e+00 -1.565780e-01 -7.109367e-02 5.247836e-01 -1.585926e-01 7.162688e-01 8.774433e-01 -4.327406e-02 1.941869e-01 -1.815692e-01 6.183218e-01 -2.915357e-01 -1.989803e-01 -6.453367e-02 -3.238017e-02 
-4.858951e-01 -6.024687e+00 -2.890670e+00 -2.403294e+00 -9.882835e+00 -1.264939e+01 -1.183744e+01 3.706779e+00 -1.704876e+01 -7.757063e+00 -1.067440e+01 -1.664292e+01 1.892357e+01 3.379895e-01 2.403573e+00 -2.649249e-01 1.923210e+00 2.835228e+00 -3.336573e-01 7.032118e-01 -7.915462e-01 -2.003273e-01 -2.368151e+00 -1.705845e+00 -1.350655e+00 -1.874918e-01 -3.946883e-01 1.211160e-01 1.016190e-01 2.976789e-01 9.906404e-01 2.614487e-01 4.503063e-02 -6.765279e-02 6.222959e-01 7.075312e-02 -9.304722e-02 4.448303e-01 -1.411627e-01 
-1.247528e-01 -1.670008e+00 -2.954096e+00 -1.697586e+00 -3.565372e+00 -1.467224e+01 -1.370545e+01 2.392707e+00 -1.326098e+01 -8.870743e+00 -1.004398e+01 -1.836414e+01 1.879334e+01 -3.029906e-01 2.204978e+00 3.590367e-01 2.166259e+00 3.572603e+00 9.318830e-01 2.904629e-01 -6.610997e-01 6.999102e-01 -1.397877e+00 -1.639797e+00 -4.578160e-01 -3.634673e-01 -6.105574e-01 -8.373508e-01 1.658400e-01 -1.477003e-01 3.945356e-01 9.339648e-01 1.088887e-01 -1.241959e-01 1.969479e-01 6.046681e-01 1.834000e-01 5.662728e-01 -2.806373e-01 
-1.071037e+00 2.083801e+00 -2.942564e+00 1.769650e+00 8.244214e-03 -1.699670e+01 -1.109131e+01 3.465279e+00 -1.465871e+01 -1.294682e+01 -1.463317e+01 -1.718961e+01 1.838720e+01 -1.252900e+00 7.760195e-01 6.259657e-01 1.602488e+00 3.596065e+00 2.504276e+00 6.251023e-01 -9.539531e-01 7.285261e-01 -1.362390e+00 -1.236813e+00 1.585119e-01 -7.760170e-01 -5.537837e-01 -1.683142e+00 -2.810597e-02 -7.184690e-01 -3.064186e-01 1.157096e+00 3.537968e-02 -1.121794e-01 -1.040867e-01 1.006122e+00 7.853228e-01 4.029275e-01 -3.742158e-01 
-3.376253e+00 -3.985073e-02 -1.641158e-01 3.483762e+00 3.236457e+00 -8.518298e+00 -1.160614e+01 1.675940e+00 -1.287363e+01 -1.003148e+01 -1.509145e+01 -1.701752e+01 1.744402e+01 -1.710660e+00 -1.942939e+00 3.203118e-01 6.885684e-01 2.852901e+00 4.109775e+00 1.104725e+00 -1.425244e+00 -1.090193e-01 6.308489e-01 -2.155686e-01 1.050692e-01 -1.265528e+00 -2.580452e-01 -1.634573e+00 -4.281848e-01 -8.259889e-01 -9.069311e-01 2.730081e-01 3.010986e-01 1.443182e-01 -4.124071e-01 9.997327e-01 1.156356e+00 2.324474e-01 -3.218037e-01 
-5.124669e+00 -2.959601e+00 -1.155485e+00 3.018399e+00 4.696903e+00 -3.205023e+00 -9.761185e+00 -7.046872e-01 -1.360001e+01 -1.398865e+01 -1.433521e+01 -1.652344e+01 1.571832e+01 -1.727092e+00 -3.938299e+00 -3.858993e-01 -9.302928e-01 1.663198e+00 3.862968e+00 4.729442e-01 -9.703842e-01 -3.163075e-01 1.648105e+00 1.508649e+00 3.825201e-01 -1.607584e+00 8.655418e-02 -7.346017e-01 -4.139535e-01 -3.357392e-01 -1.105744e+00 -7.686938e-01 4.032715e-01 6.097280e-01 -1.473873e-01 9.491785e-01 1.285851e+00 3.549847e-01 -1.201735e-01 
-6.651219e+00 -8.863092e+00 -2.246414e+00 1.120719e+00 8.354699e+00 -1.019493e+00 -8.847158e+00 -2.648293e+00 -1.433522e+01 -5.195567e+00 -1.127101e+01 -1.817176e+01 1.380013e+01 -1.356144e+00 -3.610878e+00 -1.275917e+00 -6.972743e-01 4.561618e-03 1.617622e+00 1.872013e+00 6.867950e-02 -8.396849e-01 2.095479e+00 2.769291e+00 5.925337e-01 -1.556621e+00 3.684611e-01 5.634711e-01 -1.990414e-01 3.511668e-01 -9.825294e-01 -1.237401e+00 1.751162e-01 5.767372e-01 3.692397e-01 2.407571e-01 7.370955e-01 5.108554e-01 1.343967e-01 
-8.068970e+00 -1.319608e+01 -3.831298e+00 -1.700372e+00 5.765180e+00 -1.431237e+00 -1.010582e+01 7.752553e-01 -1.550945e+01 -7.124081e+00 -9.000254e+00 -1.470003e+01 1.217126e+01 -9.974099e-01 -2.063080e+00 -6.456288e-01 6.166981e-01 -5.084015e-01 -9.301512e-02 2.257823e+00 1.347596e+00 3.570252e-01 2.651243e+00 3.699983e+00 1.689657e+00 -1.231316e+00 4.479766e-01 1.356843e+00 8.085337e-02 8.406606e-01 -4.843952e-01 -9.198528e-01 -1.615690e-01 -5.498085e-02 7.025635e-01 -1.713907e-01 -1.411473e-02 4.939056e-01 3.103284e-01 
-8.684893e+00 -1.297536e+01 -5.205915e+00 2.356928e+00 2.724700e+00 -1.317060e+00 -2.073598e+00 1.278883e+00 -1.611736e+01 -2.986328e+00 -3.912530e+00 -1.496680e+01 1.143421e+01 -2.332651e-01 -6.323317e-02 -5.451623e-01 1.670960e+00 -9.739837e-01 -9.917958e-02 1.087803e+00 2.995158e-01 1.400544e+00 1.333038e+00 2.374251e+00 2.005711e+00 -7.816436e-01 3.526352e-01 1.331423e+00 2.121017e-01 4.739862e-01 -7.174318e-02 -1.350748e-01 -6.156259e-01 -5.778076e-01 7.756281e-01 -6.359468e-01 -5.899714e-01 4.384127e-01 3.232791e-01 
-9.094796e+00 -1.121831e+01 -2.903739e+00 5.483850e+00 4.969484e+00 -3.520778e+00 -1.859211e+00 4.069459e+00 -1.092387e+01 -1.837041e+00 4.855793e-01 -9.677665e+00 1.074466e+01 -4.859070e-02 1.072175e+00 -3.469563e-01 2.088917e+00 -2.695164e-01 1.220559e-01 5.721705e-02 -1.360822e+00 2.076304e+00 1.172419e+00 1.635574e+00 2.145375e+00 -4.434679e-01 1.817348e-01 8.884183e-01 8.806922e-02 -3.661250e-02 3.490924e-02 4.702362e-01 -3.746411e-01 -8.758604e-01 2.876474e-01 -7.035180e-01 -9.013625e-01 -1.255160e-02 2.434836e-01 
-7.304628e+00 -1.016787e+01 -5.435402e+00 5.883379e+00 3.882501e+00 -4.708363e-01 -7.531635e+00 -2.797405e+00 -9.625284e+00 -1.174174e+00 -4.142176e+00 -1.065418e+01 1.060512e+01 -6.742167e-02 1.478629e+00 -3.647370e-01 9.365909e-01 -4.738180e-01 8.347357e-01 -1.057708e-01 -1.466221e+00 2.178734e+00 -3.448252e-01 8.516217e-01 2.556762e+00 -3.342350e-01 -1.101438e-01 3.717498e-01 9.528507e-02 -2.251050e-01 4.390798e-01 4.273312e-01 1.407310e-01 -2.151717e-01 7.435201e-03 -3.301383e-01 -6.094626e-01 -3.422999e-01 1.883312e-01 
-9.002149e+00 -9.238907e+00 -5.451162e+00 6.980955e+00 3.839075e+00 -1.243805e+00 -7.090950e+00 -3.990297e+00 -8.373755e+00 -2.168316e+00 -7.076327e-01 -6.129284e+00 1.036852e+01 -1.716100e-01 1.608179e+00 -2.954685e-01 8.008085e-01 -5.839672e-01 1.791254e+00 9.814011e-01 -2.148711e+00 1.406207e+00 -2.744375e-02 -4.547291e-02 1.351532e+00 -2.376781e-01 -2.819770e-01 -2.118100e-01 -9.809972e-02 -2.320593e-01 1.190989e+00 2.519986e-01 -1.539407e-01 4.057097e-01 1.531919e-01 -1.190818e-01 -3.494026e-01 -5.290504e-01 1.804958e-01 
-9.068282e+00 -6.571869e+00 -5.755992e+00 6.291269e+00 9.215239e-01 1.718231e+00 1.341121e-02 -2.022197e+00 -6.498352e+00 -4.544781e+00 9.421656e-01 -3.957197e+00 9.951249e+00 -7.225068e-01 1.527554e+00 -9.442632e-02 1.189421e+00 1.378760e+00 1.202777e+00 1.329307e+00 -3.822727e-01 1.772955e+00 2.822230e-01 1.675057e-01 6.911536e-01 5.716660e-02 -2.502287e-01 -4.953792e-01 -1.808415e-01 -6.887452e-02 1.630288e+00 -3.239497e-01 -1.041077e+00 4.951998e-01 3.153830e-01 3.963264e-01 -2.526207e-02 -4.752940e-01 1.874786e-01 
-9.071025e+00 -4.975335e+00 -4.221080e+00 9.284085e+00 3.530417e+00 4.341272e+00 -7.246494e-01 -7.061479e+00 -5.456461e+00 -2.890797e-01 -2.284039e+00 -6.268679e+00 9.883295e+00 -1.130972e+00 -1.141316e-02 -9.726632e-01 8.021348e-01 4.759259e+00 1.197982e+00 -1.430114e+00 1.257874e-01 3.045199e+00 2.634764e-01 2.304899e-01 4.329572e-01 2.632798e-01 -6.588270e-02 -2.495950e-02 2.203197e-01 -4.666922e-01 6.314148e-01 -6.167755e-01 -1.013511e+00 7.261787e-01 2.136462e-03 1.215060e-01 1.043674e-01 -3.153997e-02 7.628054e-02 
-1.088253e+01 -4.661884e+00 -6.522871e+00 1.067913e+01 1.093086e+01 2.750371e+00 -4.068014e+00 -3.173407e+00 -2.219457e+00 -7.026960e-01 -2.516391e+00 -7.129098e+00 1.113353e+01 -8.388371e-01 -1.884407e-01 -9.303386e-01 5.915809e-01 5.006066e+00 -4.884536e-01 -4.105334e+00 -1.274912e-01 2.936196e+00 1.491266e+00 5.872411e-01 6.394956e-01 3.527227e-01 1.576742e-01 7.636812e-01 9.018167e-01 -7.119682e-01 -1.272100e+00 -4.313177e-01 1.957472e-01 4.484010e-01 -5.123380e-01 -2.102914e-01 -9.661837e-02 3.112699e-01 -9.999623e-02 
-1.374942e+01 -1.025084e+01 -9.930967e+00 8.797822e+00 2.263112e+01 4.230126e+00 -1.220090e+01 -2.785803e+00 4.712898e+00 -2.772049e+00 2.174272e+00 -2.378385e+00 1.109376e+01 -4.428051e-01 2.341187e+00 1.223965e+00 -1.233689e+00 7.594569e-01 -4.470148e-01 -1.368655e+00 1.354810e+00 8.353047e-01 -2.443502e-02 2.665766e-01 1.219569e+00 -4.078827e-03 2.902001e-01 1.313888e+00 1.332202e+00 -5.256830e-01 -2.746268e+00 -1.761234e-03 1.877555e+00 6.563957e-01 -8.262054e-01 -2.332344e-01 -2.603908e-01 4.036070e-01 -1.788174e-01 
-1.092306e+01 -4.876093e+00 -7.552681e+00 9.492384e+00 1.640185e+01 -6.683728e-01 -1.477508e+01 -4.797304e+00 3.097967e+00 4.152924e+00 1.649367e+00 -2.704517e+00 1.110966e+01 -2.781977e-01 4.169507e+00 3.316309e+00 -1.352478e+00 -2.981807e+00 -1.312576e-01 2.277452e+00 1.245303e+00 3.162753e-01 -6.252534e-01 -3.336880e-01 1.854118e+00 -3.092065e-01 7.610007e-02 6.413563e-01 8.672608e-01 -1.690168e-01 -2.148627e+00 5.932559e-01 2.234062e+00 8.279038e-01 -4.629935e-01 -1.565257e-01 -1.406737e-01 2.038328e-01 -1.442887e-01 
-1.126470e+01 6.838156e+00 2.413675e+00 3.708781e+00 4.592681e+00 3.815350e+00 -2.214602e+00 5.247307e-01 -3.938577e+00 -2.839131e+00 -3.034532e+00 -2.382894e+00 9.874659e+00 3.974764e-02 4.378958e+00 3.565021e+00 -8.542778e-01 -4.978052e+00 1.010651e+00 4.766129e+00 2.721393e+00 2.240574e-01 1.556253e-01 -6.109909e-01 1.843598e+00 -2.998936e-01 -7.466415e-02 -8.463965e-01 -2.472674e-01 4.425708e-01 -2.813749e-01 2.105701e-01 5.933431e-01 2.156743e-01 -2.748312e-03 4.373458e-01 2.953073e-01 -9.518687e-02 -9.787345e-03 
-1.351597e+01 7.641304e+00 3.886314e+00 6.461252e+00 5.040302e+00 2.301241e+00 2.325566e+00 1.397914e+00 3.687811e+00 -3.795121e+00 -1.580558e+00 2.143509e+00 1.019716e+01 -6.996043e-01 1.999580e+00 2.235503e+00 -4.432004e-01 -2.868306e+00 1.749016e+00 3.997623e+00 3.328741e+00 9.269160e-01 6.185825e-01 3.225733e-01 1.346742e+00 -2.207984e-01 -9.531502e-02 -1.665050e+00 -1.094969e+00 2.545923e-01 8.070540e-01 -1.966268e-01 -8.886841e-01 -5.013827e-01 -2.721147e-01 4.735979e-01 4.814411e-01 -5.336559e-01 2.362486e-02 
-1.225426e+01 5.384789e+00 2.174578e+00 6.041868e+00 3.421519e+00 7.798412e+00 3.079379e+00 7.723336e+00 5.538008e+00 1.980246e+00 7.341652e-01 4.415540e+00 1.005057e+01 -6.053767e-01 -8.056489e-01 5.281172e-01 5.246016e-01 -7.041715e-01 -3.344564e-01 7.378671e-01 1.391479e+00 5.162832e-01 1.540408e+00 1.414938e+00 9.973452e-01 -9.727277e-02 -1.474569e-01 -1.490724e+00 -1.191181e+00 -6.733247e-02 1.034116e+00 -7.104746e-01 -1.553155e+00 -1.555907e+00 -3.313943e-01 1.027675e-01 2.638344e-01 -5.475857e-01 -4.815251e-02 
-1.392649e+01 5.847914e+00 3.744086e+00 6.109443e+00 2.645865e+00 6.084746e+00 2.566079e+00 8.246731e+00 2.994198e+00 4.836138e+00 1.378121e+00 6.296985e-01 9.917840e+00 -4.322627e-01 -1.563408e+00 -6.399564e-01 -7.689787e-01 -1.083676e+00 -4.418777e-01 -1.519326e-01 -5.966779e-01 -1.190356e+00 1.050373e+00 1.060676e+00 -3.909422e-01 -2.923269e-01 -1.718267e-02 -7.012024e-01 -8.525970e-01 -2.132826e-01 6.276749e-01 -4.835041e-01 -1.047549e+00 -1.601526e+00 -2.278619e-01 -1.577507e-01 -2.699758e-02 -2.862408e-01 -9.646420e-02 
-1.408648e+01 3.705824e+00 5.125237e+00 6.507579e+00 2.269731e+00 2.511063e-01 1.354676e+00 4.057427e+00 -1.010780e+00 5.473726e-01 2.560848e+00 3.360870e+00 9.528066e+00 -8.312756e-01 -1.293162e+00 -9.531372e-01 -1.028026e+00 -6.999057e-01 -1.446228e+00 -9.249063e-01 -3.095400e+00 -3.742471e-01 4.535658e-01 3.392287e-01 -2.557873e-02 -5.048427e-01 7.649839e-03 9.987035e-02 -3.365435e-01 -3.232819e-01 2.902873e-01 2.622080e-01 -1.093268e-01 -5.108211e-01 2.126785e-01 -3.209346e-01 -2.014834e-01 -4.244979e-02 -6.824856e-02 
-1.476092e+01 6.635140e-01 -7.887669e-01 2.383401e+00 1.979819e-01 3.865366e+00 2.428533e+00 2.475638e-01 1.010404e+00 2.173225e+00 2.809434e+00 7.161160e-01 8.996699e+00 -6.725575e-01 -1.262765e+00 -1.286935e+00 -7.333337e-01 2.679751e-01 -1.127642e-01 -4.088685e-01 -2.435453e+00 2.328545e-01 3.732561e-01 7.255575e-01 4.269460e-01 -4.993455e-01 9.655795e-02 4.494496e-01 2.167519e-01 9.461261e-02 2.619046e-01 2.333937e-01 1.717065e-01 7.362289e-01 3.559101e-01 -3.432818e-01 -5.276328e-02 2.964718e-01 1.903728e-02 
-1.599338e+01 1.511673e+00 -3.244109e-01 2.764817e+00 1.146002e+00 1.676804e+00 -1.476541e+00 -3.753953e+00 4.659122e+00 5.579757e+00 1.714642e+00 4.244584e+00 7.986921e+00 -4.469494e-01 -4.566600e-01 -8.312901e-01 -1.109595e+00 7.144336e-02 8.119044e-01 3.198386e-01 -2.431097e-01 8.679653e-01 2.742769e-01 5.749888e-01 3.763211e-01 -3.350111e-01 2.023534e-01 4.707880e-01 4.465366e-01 1.510938e-01 -1.167549e-01 2.730618e-02 1.789881e-01 1.259580e+00 -2.407362e-01 -4.606126e-01 -1.466812e-01 -1.223670e-01 6.814063e-02 
-1.633593e+01 6.315182e-01 3.423493e-02 4.314519e+00 4.547251e+00 4.808084e+00 1.937133e+00 -2.487622e-02 1.323392e+00 4.186306e+00 5.428886e+00 2.322356e+00 8.191695e+00 -1.415823e-01 2.656357e-01 3.828171e-01 -2.551940e-01 -1.598243e-01 -4.039777e-01 8.415606e-02 1.658284e+00 -3.186769e-02 -5.763424e-01 6.789415e-01 8.905538e-01 -2.821085e-01 1.750120e-01 3.952221e-01 3.336086e-01 9.878520e-02 -3.527659e-01 -5.140902e-01 -7.280340e-02 7.469782e-01 -1.360447e-01 -2.150256e-01 -3.817098e-01 -3.130435e-01 4.361940e-02 
-1.553410e+01 1.439005e+00 5.570198e-01 -5.766852e-03 4.518563e-01 3.839600e+00 3.199635e+00 2.977980e+00 3.172748e+00 9.123468e-01 4.126094e+00 4.439211e+00 8.255332e+00 -8.508934e-02 2.966119e-01 4.446678e-01 -5.116718e-01 -1.069507e+00 -1.164147e+00 -2.764747e-01 1.155734e+00 -1.445573e+00 -1.374579e+00 -3.709234e-01 -8.692021e-01 -2.727309e-01 1.077519e-01 8.688173e-02 -5.368215e-02 2.299196e-01 1.540861e-02 -3.972300e-01 -7.771556e-02 4.276787e-02 1.889998e-01 1.458065e-01 -4.103792e-01 -4.472078e-01 4.047306e-02 
-1.569867e+01 2.027944e+00 6.842564e-01 2.492775e+00 -2.543153e-01 7.643978e-01 5.113428e-01 5.172971e+00 1.593947e+00 1.625128e+00 4.998343e+00 5.071938e+00 7.451918e+00 2.142561e-02 3.367073e-01 -2.568527e-01 -5.382812e-01 -9.255363e-01 -1.695089e+00 -4.747946e-01 6.000838e-01 7.095162e-01 1.226066e-01 -7.100619e-01 -5.154852e-01 -3.123108e-01 4.415878e-02 -1.629635e-01 -3.306105e-01 1.677237e-01 3.647504e-01 2.722487e-01 1.859229e-01 -4.939106e-01 5.619813e-01 5.408711e-01 -1.532228e-01 -3.631758e-01 9.739153e-02 
-1.673730e+01 2.296925e+00 1.573760e+00 1.116888e+00 -1.800945e+00 -2.121857e+00 -2.146213e+00 -5.744832e-01 -2.704273e+00 -1.280567e-02 7.532814e-02 -1.475885e+00 6.993052e+00 1.030152e-02 -5.773273e-02 -7.798023e-01 1.815811e-01 5.312362e-01 -5.286368e-01 2.108642e-01 4.997942e-01 1.442204e+00 6.539158e-01 -7.824268e-01 -1.156609e+00 -1.175155e-01 5.200740e-02 -8.637708e-02 -1.174622e-01 2.937784e-01 4.229851e-01 5.265148e-01 1.899104e-01 -4.098826e-01 3.658866e-01 4.945214e-01 2.758161e-01 2.375060e-01 1.458047e-01 
-1.562705e+01 1.885861e+00 -1.758610e+00 1.061504e+00 1.046457e+00 -6.865602e-01 2.236046e+00 4.751849e+00 7.809582e+00 5.261835e+00 3.903888e+00 2.702593e+00 7.261236e+00 3.153181e-02 -3.718373e-01 -6.580644e-01 2.368722e-01 8.635120e-01 6.396420e-01 7.702210e-01 -4.832636e-01 1.334010e+00 1.113633e+00 1.186881e-01 -7.816652e-01 1.272076e-01 1.652778e-02 6.081174e-02 2.454549e-01 2.516896e-01 1.384896e-01 5.328430e-01 -1.605989e-03 -4.163496e-01 -5.007884e-01 -5.114648e-02 4.385872e-01 4.469443e-01 1.333411e-01 
-1.551825e+01 1.221000e+00 -2.120715e+00 1.617432e+00 2.458132e+00 1.921830e+00 3.391354e+00 5.687341e+00 7.276033e+00 2.363660e+00 7.612221e-01 -1.593317e-01 7.763056e+00 1.698922e-01 2.191714e-01 5.785522e-02 5.695308e-01 1.506655e-01 3.011677e-01 5.071919e-02 -3.520156e-01 7.167528e-02 6.024589e-01 5.937501e-01 4.513662e-01 2.364404e-01 1.382580e-02 2.169998e-01 3.323658e-01 4.596256e-02 -1.653729e-01 2.221296e-01 -1.648052e-01 -2.451037e-01 -5.328292e-01 -1.919501e-01 5.130475e-01 7.728043e-01 4.709054e-02 
-1.615063e+01 7.063558e-01 -7.587836e-01 3.426985e+00 1.933681e+00 1.940523e+00 1.593652e+00 -3.742355e-01 3.273996e+00 6.005454e+00 5.248620e+00 5.053322e-01 7.703056e+00 2.418846e-02 5.021550e-01 5.515703e-01 5.260937e-01 -4.266695e-02 5.542529e-01 -4.029121e-01 -1.055745e+00 -1.109160e+00 -1.073677e-01 7.948593e-01 9.151618e-01 1.773939e-01 1.643128e-02 1.845283e-01 1.120419e-01 -8.378096e-02 -5.110724e-02 1.060287e-01 -3.194579e-02 2.304437e-01 -4.695966e-02 -2.697182e-01 2.283565e-01 6.148196e-01 -2.385457e-02 
-1.562614e+01 3.982940e+00 1.363108e+00 2.781885e+00 -1.490951e+00 -1.929372e+00 -1.571056e+00 2.290860e-01 -7.811966e-02 2.627853e+00 2.372126e+00 1.879372e+00 7.954421e+00 8.308069e-02 5.900174e-01 2.772236e-01 2.667974e-01 1.573689e-01 6.246875e-01 -2.671355e-02 -4.393806e-01 -3.194442e-04 3.045956e-01 1.444707e+00 1.859002e+00 9.286616e-02 1.073782e-02 1.553714e-02 -1.289675e-01 -1.756990e-01 1.555193e-01 1.867340e-01 2.249312e-01 3.897606e-01 4.371712e-01 -1.355691e-01 5.223528e-02 2.948108e-01 -4.110875e-02 
-1.545212e+01 3.016017e+00 -7.426388e-01 3.110008e+00 2.807543e+00 4.010361e+00 2.702856e+00 2.202343e+00 5.940900e+00 4.592927e+00 7.072935e+00 6.258865e+00 8.052604e+00 1.570958e-01 3.653675e-01 -2.074375e-01 -3.063076e-02 6.046690e-01 1.008025e+00 6.491985e-01 7.125964e-01 1.135215e+00 -8.599807e-02 8.349663e-01 1.588689e+00 7.973752e-02 3.396201e-02 -4.982342e-02 -2.002441e-01 -1.410786e-01 1.742185e-01 1.290632e-01 2.780403e-01 4.688946e-01 5.624367e-01 -3.479167e-02 -5.296353e-02 1.076829e-01 -2.085032e-02 
