-1.475938e+01 1.651062e+00 -2.267505e-01 3.364519e+00 1.148588e+00 -8.322570e-01 -1.851546e+00 3.209271e+00 3.633632e+00 4.441950e+00 3.271123e+00 1.695984e+00 8.062742e+00 -2.910756e-01 8.683509e-02 7.574940e-01 1.827321e-01 -5.704973e-01 -7.384493e-02 8.196369e-01 6.173022e-01 -8.032209e-02 -5.384303e-01 9.284432e-01 1.017440e+00 2.041577e-02 -4.346826e-02 1.375674e-01 -1.628309e-01 1.700244e-01 3.743514e-01 2.730295e-02 -1.525811e-01 -7.092608e-01 -1.891403e-01 1.209222e-01 -6.536978e-01 -2.631250e-01 -1.196594e-02 
-1.508360e+01 2.557704e+00 9.131757e-01 1.578542e+00 -5.149411e-01 -2.933203e-01 1.213942e+00 4.944262e+00 1.310516e-01 -7.230687e-01 6.231947e+00 5.009706e+00 8.114717e+00 -1.559415e-01 1.829814e-01 7.185636e-01 9.004645e-01 4.762093e-01 4.114848e-01 4.187686e-01 -1.020154e+00 -5.048422e-01 -5.077301e-01 -2.738882e-01 5.188856e-01 -1.278117e-02 -4.539011e-02 1.527880e-01 -3.993567e-01 2.860950e-02 4.098001e-01 -3.516848e-02 -1.591338e-01 -7.723686e-01 -5.871969e-02 4.725654e-01 -8.294082e-01 -3.884654e-01 -2.037076e-02 
-1.605253e+01 1.631542e+00 2.990846e+00 5.171118e+00 -8.723639e-01 -1.470554e+00 7.141396e-01 5.428293e+00 4.983323e+00 4.332244e+00 6.432806e+00 5.125986e+00 8.138791e+00 -5.759655e-01 7.265738e-01 -3.720349e-02 6.738757e-01 7.779895e-01 -1.798788e-01 2.572484e-01 -2.110235e+00 -8.136666e-01 5.074051e-02 -1.738874e+00 -4.888143e-02 -2.284910e-02 7.335534e-03 3.914393e-02 -4.831864e-01 -3.133169e-01 -2.049792e-02 2.781044e-02 -1.923105e-01 -2.881119e-01 -4.395424e-02 3.544483e-01 -5.661667e-01 -3.671245e-01 -2.947599e-02 
-1.489214e+01 2.575169e+00 1.757444e+00 6.963387e+00 4.540259e+00 1.544579e+00 -1.040135e+00 -3.000630e+00 4.344735e-01 1.958087e+00 3.205004e-01 2.575496e+00 7.960594e+00 -3.755049e-01 5.308725e-01 -8.417633e-01 8.019890e-02 8.043150e-01 -1.965583e-01 3.052646e-01 -1.880895e+00 -7.219239e-03 1.529902e+00 -1.884892e+00 -3.916842e-01 -5.985552e-02 5.621747e-02 -1.714129e-01 -2.237980e-01 -6.624044e-01 -7.130963e-01 7.952319e-02 -1.153283e-01 7.836689e-01 1.402773e-01 2.467859e-02 1.638092e-01 -1.696457e-01 -1.512982e-02 
-1.773465e+01 5.274549e+00 -8.350894e-01 4.041513e+00 2.510589e+00 -2.650388e+00 5.618818e-01 -3.369311e+00 -5.869919e-01 3.355067e+00 -2.467958e+00 2.668328e+00 8.025618e+00 -1.446214e-01 1.085908e-01 -8.782021e-01 -9.738294e-01 -8.369629e-01 3.693528e-01 -8.521844e-02 -3.929410e-01 -5.489456e-01 2.149288e-01 -1.096849e+00 -3.628999e-01 -1.035013e-01 2.779827e-01 -3.483561e-01 1.792389e-01 -3.821471e-01 -6.086948e-01 3.083991e-01 -2.515435e-01 1.130666e+00 2.535538e-01 -4.439568e-01 8.445543e-01 -1.060237e-01 9.009901e-03 
-1.611961e+01 3.390377e+00 -1.382804e+00 2.544228e+00 1.814717e+00 -6.860783e-01 2.815959e+00 -6.103801e-02 2.880038e+00 7.415065e+00 1.257608e+00 4.280448e+00 7.872170e+00 -9.037910e-02 -3.651226e-01 2.020575e-02 -1.587739e+00 -2.281870e+00 5.346314e-01 1.325758e-02 2.039662e+00 6.407115e-02 -4.664473e-01 2.240717e-01 -1.723091e-01 -4.815497e-02 2.542520e-01 -1.645769e-01 2.745869e-01 6.292033e-02 -1.011873e-01 1.681809e-01 -1.121809e-01 7.473341e-01 9.721972e-03 -7.183968e-01 8.382789e-01 -7.068923e-02 4.561195e-02 
-1.616200e+01 1.766640e+00 1.701481e-01 2.511374e+00 -3.694312e+00 1.492038e+00 -1.640182e+00 1.993719e+00 1.016101e+00 2.678253e+00 4.798509e-01 2.458739e+00 7.665849e+00 6.713713e-01 -5.672404e-01 4.279878e-01 -4.028034e-01 -7.224576e-01 9.965665e-01 -8.544554e-01 1.582779e+00 4.184085e-01 -1.170770e+00 1.429333e+00 -6.887488e-01 1.638860e-02 1.323814e-01 1.078440e-01 1.368891e-01 4.724950e-01 7.080268e-01 -1.785838e-01 1.154636e-01 -4.189584e-02 -2.429690e-02 -1.594341e-01 5.030032e-01 -6.067001e-02 5.965622e-02 
-1.613079e+01 2.503768e+00 1.355767e+00 -2.102322e-01 -3.766617e+00 2.146981e+00 1.268596e-01 4.516081e+00 -4.628903e-02 -3.563816e-02 -3.302557e-02 1.818484e+00 7.899845e+00 4.877730e-01 4.593030e-02 -1.218120e-01 1.092983e-01 2.410989e-01 3.307951e-01 1.288386e-01 8.680676e-01 -4.423121e-01 -1.369221e+00 1.043370e+00 -5.821819e-01 1.083060e-01 -2.450039e-02 1.143401e-01 -1.255268e-01 5.035034e-01 8.076518e-01 -3.384417e-01 1.128838e-01 -7.211174e-01 -1.335343e-01 2.089580e-01 -8.143114e-02 4.934100e-02 3.010650e-02 
-1.437274e+01 2.881835e+00 -6.458653e-02 3.404712e+00 1.689081e+00 9.161662e-01 -2.366007e+00 2.255811e+00 2.968088e+00 1.226421e+00 5.324036e+00 4.561498e-01 8.093567e+00 2.282354e-01 4.422455e-01 -1.227464e-01 5.402279e-01 1.441692e+00 -4.217314e-01 4.344075e-01 -1.649372e-02 -4.173403e-01 -1.307362e-01 1.008615e+00 -4.613626e-01 1.165781e-01 -2.404165e-01 -8.269575e-02 -1.356184e-01 4.227126e-02 1.694378e-01 -2.365894e-01 1.890405e-01 -5.244792e-01 -6.958059e-02 6.188473e-01 -5.088929e-01 2.544010e-01 -1.313730e-02 
-1.457537e+01 3.062136e+00 -1.874671e+00 2.644186e+00 3.286178e-01 1.255863e+00 3.823130e+00 4.148130e+00 -3.075461e-01 1.294544e+00 4.052398e+00 2.371170e+00 8.199765e+00 8.554123e-03 -2.982514e-01 -3.321396e-01 4.583304e-01 6.742927e-01 -4.485918e-01 -6.664728e-02 -7.662761e-01 -1.856466e-01 5.838935e-02 2.726436e-02 -3.928668e-02 5.230661e-02 -2.472266e-01 -3.209365e-01 7.585240e-02 -1.202098e-01 -1.879839e-01 -3.892387e-02 -2.067060e-01 -2.287810e-01 3.192578e-01 7.860028e-01 -3.456743e-01 1.947867e-01 -3.476523e-02 
-1.579818e+01 3.698584e+00 1.171503e+00 3.785325e+00 1.466525e+00 -1.710711e-01 -1.315807e+00 2.095198e+00 -9.400196e-01 1.359129e+00 3.480073e+00 -1.242898e-01 8.098742e+00 -2.911935e-01 -8.086588e-01 -1.450664e-01 -3.659656e-01 -9.182250e-02 2.032078e-01 1.884618e-01 -2.224924e-01 -5.786764e-02 1.209489e+00 -6.071095e-01 3.118998e-01 -2.132530e-02 -1.881087e-01 -2.988800e-01 2.185265e-01 -1.202446e-01 -4.847435e-01 4.983530e-02 -1.096526e-01 7.843926e-02 4.861657e-01 4.606078e-01 -2.658622e-01 3.281090e-01 -2.402976e-02 
-1.537521e+01 6.041859e-01 -9.228909e-01 1.891350e+00 -2.836675e-01 4.474577e-01 -7.313636e-01 7.650263e-01 9.793102e-01 1.895241e-01 1.025442e+00 1.911795e+00 8.158815e+00 -4.887062e-01 -9.333783e-01 2.685292e-01 -3.861709e-02 6.794980e-02 -1.764129e-01 -7.817591e-01 -1.726984e-01 9.741312e-01 1.890550e+00 1.228193e-01 5.054115e-03 3.436353e-03 -7.434326e-02 8.216172e-02 2.619551e-01 3.201625e-02 -2.686392e-01 9.033485e-03 -1.138320e-01 3.880565e-02 2.255488e-01 3.284471e-02 3.868476e-02 2.086800e-01 -9.417921e-03 
-1.542878e+01 6.790586e-02 -1.265735e+00 1.951465e+00 1.536266e+00 2.335817e+00 8.536304e-01 2.835115e+00 2.035500e+00 7.826461e+00 3.802291e+00 2.244842e+00 8.007393e+00 -4.637076e-01 -7.345690e-01 6.695634e-01 1.874073e-01 -6.789028e-01 -3.086574e-01 2.438087e-01 7.890484e-02 1.433793e+00 1.256220e+00 -3.683850e-01 1.156890e+00 2.085114e-02 1.828175e-02 3.378136e-01 8.552640e-02 1.045313e-01 -1.448244e-01 -1.335699e-01 -3.038625e-01 -3.286060e-01 -1.979816e-01 -8.058493e-01 9.159821e-02 9.746665e-02 -3.494637e-02 
-1.720360e+01 2.107084e-01 6.865045e-01 3.368014e+00 6.332220e-01 -8.795961e-01 -1.170169e+00 2.914692e+00 3.075567e+00 7.513711e+00 4.505474e+00 1.212205e+00 8.262539e+00 -2.768075e-01 7.550606e-02 5.703170e-01 3.416908e-01 -3.754103e-01 -1.473863e-01 -6.636123e-01 -7.228261e-01 1.963813e-01 1.992120e-01 1.013316e-01 5.814844e-01 -1.582876e-02 -2.858648e-03 1.604171e-01 -5.756526e-02 -2.242200e-01 1.952266e-02 -3.237731e-02 -2.238877e-01 -3.855465e-01 -7.164777e-01 -1.004211e+00 -8.864928e-02 5.966080e-02 -3.664907e-02 
-1.720267e+01 2.225230e-01 3.714760e+00 3.983845e+00 -2.386667e+00 -1.050745e+00 1.230768e-01 1.414781e+00 5.180919e+00 3.978354e+00 -1.019719e-01 6.010283e+00 8.150941e+00 -3.056974e-01 3.758755e-01 1.317022e-01 -3.353879e-02 -5.942545e-01 -4.791348e-01 -1.389842e+00 -1.590630e+00 -6.588013e-01 -1.974004e+00 -1.384510e-01 5.110608e-01 -1.864393e-01 -6.765855e-02 -1.372706e-01 2.706482e-02 -4.089492e-01 3.926387e-01 -5.485891e-02 -2.750716e-01 -1.805896e-01 -7.815983e-01 -5.339508e-01 -2.863553e-02 -2.203429e-01 6.643025e-03 
-1.587225e+01 9.046877e-01 -5.612324e-01 2.583372e+00 -1.990552e-01 1.404122e+00 -3.683368e+00 -2.139157e+00 3.885882e-01 3.109998e+00 3.484294e+00 2.936776e+00 8.007618e+00 -5.820972e-01 -6.864458e-01 2.497389e-01 -1.049198e+00 1.232762e-01 -2.529869e-01 -1.084396e+00 -1.265652e+00 -1.561913e+00 -1.515492e+00 -4.355339e-01 6.263841e-01 -7.618189e-02 6.582674e-02 -2.098230e-01 2.404496e-01 -2.396199e-01 2.572920e-01 -5.323496e-02 1.297043e-01 2.022644e-01 -3.549262e-01 -2.698463e-02 -1.157247e-01 -3.601444e-01 6.191441e-02 
-1.762238e+01 1.600722e+00 1.694343e-02 2.176198e+00 -1.019025e+00 -1.202126e+00 -4.838541e+00 -2.591065e+00 8.516626e-02 1.581164e-01 3.620780e+00 3.937831e+00 7.202581e+00 -6.495464e-01 -1.039951e+00 9.653299e-01 -1.161888e+00 1.035038e+00 -5.301480e-01 -9.210428e-01 -5.526169e-01 -1.595142e+00 -5.561379e-01 -2.432846e-01 3.272053e-02 8.425187e-02 3.441613e-01 -1.162338e-01 1.222737e-01 2.178231e-01 7.963884e-02 2.581072e-01 6.168285e-01 6.090707e-01 6.398162e-02 4.248602e-01 -6.773138e-02 -5.338109e-01 1.280903e-01 
-1.990402e+01 -3.910532e+00 3.784046e+00 -9.742532e-01 5.660450e-01 -2.068794e+00 -4.111770e+00 -1.410921e+00 -2.185951e+00 1.846612e+00 4.664837e-01 5.380077e+00 8.355912e+00 2.242262e-01 -2.656679e-01 1.355775e+00 -2.922900e-01 9.641560e-02 -3.881558e-01 -2.494266e-01 -2.305121e-01 -1.110206e+00 -6.445711e-01 -4.247901e-01 -9.800380e-01 1.583736e-01 3.014628e-01 2.709264e-01 -3.426003e-01 6.137013e-01 -2.382399e-01 1.079931e-01 7.683679e-01 4.678430e-01 2.152714e-01 2.748702e-01 4.551991e-02 -4.835812e-01 1.920201e-01 
-1.843432e+01 -2.569832e+00 6.368515e+00 -4.666320e-02 2.405978e+00 -1.965273e+00 -4.268283e+00 -1.712437e+00 -1.507179e+00 1.829360e+00 1.903466e-01 4.952284e+00 8.398211e+00 1.012037e+00 -4.157524e-01 1.900457e-01 6.771807e-01 -1.826776e-01 8.790519e-01 1.276829e+00 9.371328e-01 -5.647544e-01 -2.851801e-01 -4.824161e-01 -1.354699e+00 3.367119e-01 -2.054054e-01 4.286079e-01 -7.101426e-01 4.034215e-01 -3.887010e-01 -2.726208e-01 1.017219e+00 1.567503e-01 2.464179e-01 1.559198e-01 -1.440081e-01 -5.803162e-02 2.921535e-01 
-1.434572e+01 1.661849e+00 3.041914e+00 2.233516e+00 -1.429779e+00 -1.549446e-01 -5.215875e+00 -3.731421e+00 -4.366538e+00 -9.482310e-01 3.075189e+00 -2.470453e+00 8.202015e+00 9.439845e-02 3.561249e-01 -1.075657e+00 1.099808e+00 -4.590955e-01 -4.176156e-01 1.658516e+00 3.285929e-01 -1.000754e+00 -2.765882e-01 -8.831313e-02 -1.097783e+00 7.576600e-01 -9.189563e-01 4.309118e-01 -8.369485e-01 1.080771e-01 -2.558449e-01 -4.463838e-01 6.881351e-01 -2.250519e-01 1.748796e-01 3.090763e-01 -3.625560e-01 4.216551e-01 4.047854e-01 
-1.534120e+01 -3.263811e+00 1.338147e+00 3.958331e+00 -9.344130e-01 2.236457e+00 2.097699e+00 3.254900e+00 -1.648555e+00 1.298052e-01 -9.564012e-02 1.089705e+00 8.963178e+00 -1.611639e+00 7.922421e-01 -1.369658e+00 1.591946e-01 -6.307464e-01 -1.878587e+00 3.211162e+00 -4.845284e-02 -4.177431e-01 3.942440e-02 -1.131522e+00 -1.984850e-01 1.245383e+00 -9.582708e-01 6.953258e-01 -6.724210e-01 -9.351416e-03 -4.868589e-01 -1.426539e-01 -4.208837e-01 -5.694196e-01 -6.531702e-02 2.736203e-01 -5.191162e-01 3.190917e-01 3.540304e-01 
-2.097870e+01 -1.782877e+00 9.212391e-01 2.522209e+00 -5.957314e-02 -6.258039e+00 9.978498e-01 -2.251587e+00 -7.119245e+00 1.313124e+00 1.681852e-01 1.822312e+00 1.186158e+01 -3.058612e+00 1.285004e+00 -2.049018e+00 5.070981e-01 -9.587451e-01 -1.241301e+00 2.224081e+00 -8.631111e-01 -3.093978e-01 7.386128e-01 -1.913054e+00 5.501850e-01 1.727990e+00 -1.182952e-01 4.663004e-01 -3.909355e-01 4.651232e-02 -6.916019e-01 8.223801e-01 -1.422840e+00 -1.198722e-01 -4.705095e-02 6.424291e-01 -6.493669e-01 1.121949e-01 7.981090e-02 
-2.317603e+01 3.113504e+00 5.804856e-01 6.048167e-01 -1.432856e+00 -8.306623e+00 8.680720e+00 -2.694369e+00 -2.219435e+00 8.955338e-01 -4.013622e+00 1.813221e+00 1.279532e+01 -2.202763e+00 2.596364e+00 -2.685399e+00 9.267426e-01 -2.367160e+00 5.777381e-01 -1.110420e+00 -1.314010e+00 -1.236978e+00 5.752628e-01 -2.165615e+00 -5.831134e-01 1.621760e+00 8.579648e-01 4.258082e-02 9.551358e-02 2.346831e-01 -1.830368e-01 1.074803e+00 -1.835097e+00 2.026947e-01 -9.211025e-02 4.374011e-01 -1.331661e-01 9.185588e-02 -2.025115e-01 
-2.572133e+01 4.898023e+00 -6.824704e+00 6.445418e+00 -5.974229e+00 -1.089761e+00 2.612633e+00 -5.072178e+00 -5.628178e+00 2.361521e+00 -4.531072e+00 -8.170190e-02 1.492581e+01 -2.016937e-01 1.785486e+00 -2.372399e+00 9.485068e-01 -3.048841e+00 2.465986e+00 -3.294975e+00 3.621081e-01 -8.262531e-01 2.667694e+00 -2.818139e+00 -3.445488e-01 9.685423e-01 1.051237e+00 -4.365822e-01 7.294737e-01 -2.496663e-01 4.999403e-01 3.990867e-01 -6.952748e-01 4.015799e-01 -4.583919e-02 -1.338108e-01 4.084308e-01 1.704399e-01 -3.786385e-01 
-2.398378e+01 6.377416e+00 -8.216089e+00 6.630307e+00 -9.812550e+00 2.540780e+00 -4.261191e+00 -1.904808e+00 -8.578895e+00 2.481844e+00 -8.573932e+00 -8.741241e-01 1.553982e+01 1.249523e+00 7.548463e-01 -7.304745e-01 1.111899e+00 -5.009381e-01 1.641868e+00 -3.204807e+00 3.524126e-01 -6.197326e-01 1.261773e+00 -1.344771e+00 7.081724e-01 6.125731e-01 3.318782e-01 -7.184451e-01 9.419188e-01 -5.451844e-01 1.144261e+00 -3.817302e-01 7.836405e-01 1.538339e-01 2.836232e-01 -6.185285e-01 9.620481e-01 2.392386e-01 -3.128490e-01 
-2.158335e+01 5.512382e+00 -6.542485e+00 4.252265e+00 -1.111404e+01 6.482584e-01 -9.005770e+00 -8.356330e-01 -8.070848e+00 1.385895e+01 -1.164240e+01 1.443328e+00 1.533215e+01 4.713824e-01 2.287123e-02 6.208745e-01 -8.338136e-01 6.079438e-01 2.219452e-01 -2.050757e-01 3.117156e-01 -8.471972e-01 -2.737592e-01 -2.812950e-01 7.567982e-01 3.393785e-01 -4.201517e-01 -3.982854e-01 7.044883e-01 -3.667472e-01 1.042589e+00 -6.701848e-01 1.377054e+00 -3.313311e-01 2.259527e-01 -1.372770e+00 1.072383e+00 -7.840402e-02 -1.501504e-01 
-1.899705e+01 6.580319e+00 -3.212599e+00 7.261166e+00 -1.367730e+00 -9.664710e-01 -1.534263e+00 -3.050639e+00 -4.096600e+00 1.456007e+00 -7.181989e+00 4.591484e+00 1.565524e+01 -8.799582e-01 -1.145809e-01 5.275456e-01 -9.079729e-01 1.525805e+00 -2.090137e-01 1.262779e+00 -5.197002e-01 1.916487e-01 -1.046607e+00 1.376184e+00 6.243632e-02 3.720857e-01 -2.845774e-01 1.178525e-01 4.700156e-01 6.976860e-02 -1.393655e-01 -5.463076e-01 4.752988e-01 -4.649093e-01 9.721972e-03 -7.998081e-01 2.215249e-01 -6.737126e-01 -3.881066e-02 
-2.585736e+01 4.910864e+00 -6.222040e+00 1.960901e+00 -7.157775e+00 1.773991e+00 2.233211e-01 -2.940765e+00 -1.210504e+01 1.505551e+00 -6.633584e+00 9.695973e-01 1.656491e+01 -1.237604e+00 2.288990e-01 5.210053e-01 1.246944e-01 1.150827e+00 4.063700e-02 1.356368e+00 -8.584428e-01 -1.022731e-01 -3.041804e+00 1.183283e+00 -4.136683e-01 3.380724e-01 8.144724e-01 4.649408e-01 5.290340e-01 6.136665e-01 -6.586437e-01 -7.569140e-01 -7.180290e-01 -4.562081e-01 4.024022e-02 -3.165903e-01 -3.809401e-01 -6.152003e-01 4.235146e-02 
-2.624633e+01 6.105680e+00 -5.738832e+00 3.236250e+00 -4.161987e+00 9.333331e-01 -2.561767e+00 -3.451077e+00 -5.603375e+00 3.425402e+00 -4.197245e+00 -3.247879e-01 1.678405e+01 6.812764e-01 1.241092e+00 1.669501e+00 9.813948e-01 -1.469203e+00 -9.990149e-01 -1.609031e+00 -1.387025e+00 -9.434594e-01 -1.353294e+00 -9.694694e-01 -2.075237e+00 4.191600e-01 1.609869e+00 2.106108e-01 5.010560e-01 2.827600e-01 -1.002759e+00 -1.205379e+00 -9.548576e-01 -3.936196e-02 -2.783164e-01 -3.927547e-02 -6.223504e-01 -2.214785e-01 9.163320e-02 
-2.414729e+01 6.894176e+00 -2.674143e+00 6.887893e+00 -3.962507e+00 -9.876203e-02 -1.709691e+00 -4.927627e+00 -7.828608e+00 -2.335036e+00 -7.218573e+00 1.833318e+00 1.645803e+01 3.763182e+00 1.669790e+00 2.695081e+00 1.289881e+00 -1.187970e+00 -3.167565e+00 -2.359330e+00 -1.535689e+00 -7.850963e-02 -1.703255e+00 -1.013177e+00 -1.250461e+00 5.275671e-01 1.496104e+00 -5.558159e-01 9.690553e-02 -4.826810e-01 -8.087636e-01 -1.193504e+00 -5.077725e-01 4.102811e-01 -2.237426e-01 5.124794e-01 -8.072405e-02 9.041979e-02 1.297206e-01 
-1.644569e+01 1.179415e+01 3.360568e+00 9.704565e+00 -1.031099e+01 -5.025144e+00 -8.612831e+00 -8.992608e+00 -1.095253e+01 -3.390069e+00 -1.173702e+01 -6.216274e+00 1.780463e+01 4.669028e+00 2.180713e-01 1.945751e+00 -7.682522e-02 -2.318576e+00 -4.631894e+00 -1.653504e+00 -3.780985e-01 -1.211805e+00 -1.912289e+00 -6.373062e-01 -6.265227e-01 7.355106e-01 4.496962e-01 -1.413830e+00 -5.318000e-01 -9.856979e-01 -3.778173e-01 -2.276069e-01 3.220051e-01 8.762748e-01 -2.300258e-01 5.140209e-01 6.018477e-01 4.601957e-01 6.661194e-02 
-1.194156e+01 1.041493e+01 2.703550e+00 5.176360e+00 -1.002280e+01 -1.108454e+01 -8.548051e+00 -7.848602e+00 -9.823173e+00 -3.603288e+00 -7.929494e+00 -2.336947e+00 1.869247e+01 4.249122e+00 -2.038710e+00 8.674332e-01 -1.759595e+00 -2.468288e+00 -4.110497e+00 -1.160146e+00 6.884023e-01 -1.086745e+00 -1.998902e-01 6.135352e-01 -6.858611e-01 8.284621e-01 -6.315556e-01 -1.431959e+00 -6.451737e-01 -7.835873e-01 -4.397076e-01 1.141385e+00 4.584783e-01 8.007367e-01 -2.632817e-01 6.997585e-01 5.737116e-01 1.334690e-01 -2.898088e-02 
-9.004023e+00 5.435330e+00 1.300816e+00 3.707735e+00 -1.272475e+01 -1.673349e+01 -7.409901e+00 -3.881083e+00 -1.066523e+01 -5.501905e+00 -7.028267e+00 -1.372259e+00 1.934428e+01 2.686944e+00 -3.973867e+00 -7.571854e-02 -2.422433e+00 -2.718060e+00 -1.665544e+00 -5.987355e-01 1.882261e+00 -1.589403e+00 4.651404e-01 1.226340e+00 -5.661312e-02 6.017976e-01 -1.117952e+00 -6.359975e-01 -2.153419e-01 -2.501877e-01 -1.640330e-01 1.902816e+00 1.643773e-01 1.587583e-01 1.157280e-01 5.022300e-01 3.229031e-01 -1.004463e-01 -1.189584e-01 
-6.622690e+00 -1.201004e-01 2.693097e+00 1.088184e+00 -1.509748e+01 -1.479727e+01 -8.111610e+00 -4.041697e+00 -1.340595e+01 -2.278414e+00 -6.505189e+00 -4.017973e+00 1.983050e+01 1.596556e+00 -3.394082e+00 4.798949e-01 -1.455220e+00 -3.186675e+00 1.056244e+00 -5.944592e-01 1.337759e+00 -1.206167e+00 6.066964e-01 9.236410e-01 -8.680682e-01 4.495271e-01 -1.128104e+00 3.584349e-01 1.894349e-01 2.450424e-01 1.192159e-01 1.613651e+00 3.621116e-02 -3.032195e-01 3.791723e-01 2.471738e-03 -2.616073e-02 2.977013e-02 -1.493776e-01 
-5.670995e+00 -2.807665e+00 2.987262e+00 -3.636655e-01 -2.136392e+01 -1.149707e+01 -1.182443e+01 -1.485023e+00 -1.710819e+01 -1.726346e+00 -6.317697e+00 -5.658325e+00 2.024450e+01 4.055841e-01 -2.284239e+00 1.062708e+00 -1.480047e+00 -2.779593e+00 2.298866e+00 -1.114452e+00 9.099424e-02 -5.733132e-01 1.956495e-01 8.222259e-01 -1.037793e+00 3.302358e-01 -8.236575e-01 8.244925e-01 3.594258e-01 3.209990e-01 5.144064e-01 6.020808e-01 8.090978e-03 -6.024078e-01 5.557742e-01 -2.112223e-01 -1.447152e-01 8.624512e-02 -1.193448e-01 
-5.625343e+00 -2.433707e+00 4.260085e+00 -6.413852e-02 -2.163622e+01 -8.421590e+00 -9.313123e+00 -2.357446e+00 -1.263293e+01 -2.457128e+00 -3.666780e+00 -4.534291e+00 2.048997e+01 -2.508655e-01 -1.091483e+00 1.245421e+00 -1.005670e+00 -1.841506e+00 1.975457e+00 -7.211585e-01 6.801241e-02 3.011016e-01 -5.278088e-02 6.849166e-01 -4.645945e-02 2.173662e-01 -4.439242e-01 5.616270e-01 1.869990e-01 1.656095e-01 6.696439e-01 -2.913978e-01 8.982010e-02 -3.072354e-01 1.958833e-01 -9.468845e-02 -1.409440e-01 2.143575e-01 -1.010861e-01 
-7.474230e+00 -4.828989e+00 5.830955e+00 -3.116378e+00 -2.335308e+01 -8.426791e+00 -1.238145e+01 -4.268016e+00 -1.391854e+01 -4.434486e+00 -4.336545e+00 -6.302886e+00 2.066591e+01 -5.076910e-01 -1.002756e+00 1.338646e+00 -1.042185e+00 -8.185564e-01 8.852255e-01 -4.948836e-01 -4.949229e-01 4.357277e-01 -2.611858e-01 6.221628e-01 -3.621263e-02 1.211495e-01 -2.282922e-02 2.220545e-01 -4.305427e-02 3.579865e-01 4.768082e-01 -6.885558e-01 2.800054e-01 1.590451e-01 -3.223884e-01 2.312481e-01 -9.259717e-02 8.961826e-02 -7.718787e-02 
-6.975324e+00 -4.566499e+00 7.498586e+00 -2.563808e+00 -2.331052e+01 -6.454679e+00 -1.143906e+01 -2.309992e+00 -1.349483e+01 -1.188434e+00 -4.071312e+00 -3.928012e+00 2.070664e+01 -1.664362e-01 -1.226629e+00 1.276980e+00 -8.461466e-01 -8.188775e-01 3.061008e-01 -4.549311e-01 9.446546e-02 -7.314007e-01 3.617238e-01 3.189754e-01 -2.971340e-01 4.866039e-02 2.753506e-01 -1.032038e-01 -2.315232e-01 5.237005e-01 2.092878e-01 -8.434402e-01 2.730915e-01 4.245282e-01 -7.375264e-01 3.170341e-01 -5.537451e-03 -1.392207e-01 -4.557316e-02 
-7.534789e+00 -6.755282e+00 8.061233e+00 -4.324622e+00 -2.461970e+01 -8.054321e+00 -1.323589e+01 -3.983292e+00 -1.449810e+01 -3.666988e+00 -3.004754e+00 -6.142583e+00 2.074196e+01 2.493427e-01 -1.106321e+00 8.317211e-01 2.300489e-01 -9.069502e-01 -3.091990e-01 1.525413e-01 8.729752e-01 -1.668950e+00 1.144630e+00 5.421539e-01 -4.643435e-01 2.863338e-02 4.689147e-01 -1.404808e-01 -4.296314e-01 7.816402e-01 2.569509e-01 -8.408014e-01 1.371343e-01 8.908565e-01 -5.678807e-01 2.034583e-01 3.759467e-02 1.888085e-01 -1.186933e-02 
-6.427972e+00 -7.603879e+00 9.529668e+00 -3.690617e+00 -2.509763e+01 -7.077369e+00 -1.116055e+01 -2.027458e+00 -1.599992e+01 -1.032280e+00 -2.737763e+00 -6.099995e+00 2.069516e+01 7.473105e-01 -1.555773e+00 3.413030e-01 9.767195e-01 -7.509234e-01 -1.644424e+00 3.206591e-01 1.506771e+00 -2.334226e+00 8.294560e-01 6.972068e-01 -5.285258e-01 3.570814e-02 5.128667e-01 -1.629954e-02 -7.484210e-01 7.271321e-01 7.031479e-01 -8.093880e-01 -3.268746e-01 1.032706e+00 2.433212e-01 -1.571843e-01 -1.334607e-01 6.251454e-01 1.598977e-02 
-6.501107e+00 -8.841844e+00 8.974189e+00 -1.402748e+00 -2.699397e+01 -9.661768e+00 -1.175823e+01 -4.461163e-02 -2.101093e+01 1.210496e+00 -2.292426e+00 -7.538892e+00 2.081464e+01 1.379941e+00 -1.540634e+00 -3.416905e-01 1.954573e+00 4.321194e-01 -2.343338e+00 -1.968898e-01 3.253151e+00 -1.602191e+00 5.222448e-01 6.210234e-01 1.023588e+00 6.825203e-02 5.300798e-01 1.974675e-01 -1.011359e+00 3.166189e-01 1.104684e+00 -4.397357e-01 -8.092518e-01 7.174535e-01 1.181353e+00 -2.215966e-01 -4.243374e-01 7.458436e-01 3.263036e-02 
-3.755494e+00 -1.130185e+01 8.748414e+00 8.589079e-01 -2.587812e+01 -1.387338e+01 -1.057469e+01 3.254535e+00 -2.190962e+01 5.204108e-01 -9.412883e-01 -5.872700e+00 2.084883e+01 1.832510e+00 -1.090982e+00 -1.878348e+00 1.927247e+00 2.027274e+00 -2.723717e+00 -1.914722e+00 4.067810e+00 4.518385e-01 -1.129239e-01 -3.877565e-01 2.084693e+00 1.087958e-01 3.726131e-01 4.745716e-01 -1.166352e+00 -1.052618e-01 1.063094e+00 1.690436e-01 -9.260151e-01 -5.671661e-02 1.686924e+00 1.844179e-01 -5.568273e-01 3.052652e-01 4.073329e-02 
-1.971357e+00 -1.260916e+01 6.743613e+00 3.173689e+00 -2.206851e+01 -1.637299e+01 -1.451353e+01 9.641477e+00 -1.955376e+01 -1.832513e+00 -7.977673e-01 -1.138265e+00 2.100633e+01 2.357245e+00 -3.513875e-01 -3.115190e+00 1.337923e+00 3.227439e+00 -1.968375e+00 -2.776204e+00 3.179657e+00 2.844799e+00 5.078901e-01 -1.037025e+00 1.958378e+00 1.552716e-01 6.373777e-02 4.121788e-01 -9.758644e-01 -5.363547e-01 5.531304e-01 4.571937e-01 -3.021598e-01 -1.114920e+00 1.327123e+00 4.035283e-01 -3.331825e-01 -5.613637e-01 2.914042e-02 
4.700681e-01 -1.117497e+01 1.253033e+00 3.657406e+00 -1.742407e+01 -1.734058e+01 -1.935646e+01 1.346846e+01 -1.446958e+01 -7.545075e-02 -5.423857e+00 1.123201e+00 2.114335e+01 2.121763e+00 2.225828e-01 -4.103708e+00 7.587559e-01 3.166869e+00 -9.867760e-01 -3.019950e+00 1.259956e+00 3.876899e+00 1.758739e+00 -1.257925e+00 5.303435e-01 1.958698e-01 -3.555606e-01 4.344949e-02 -3.120471e-01 -6.295188e-01 -1.465986e-01 6.089318e-01 6.205950e-01 -1.385853e+00 2.622605e-01 1.385877e-01 1.422726e-01 -9.707490e-01 -4.853231e-03 
3.172359e+00 -1.066232e+01 -2.854524e+00 3.887730e+00 -1.508364e+01 -1.776975e+01 -2.124786e+01 1.074715e+01 -1.050691e+01 4.047805e+00 -5.236013e+00 -1.244974e+00 2.144373e+01 1.553988e+00 -1.365371e-01 -4.108276e+00 -1.429237e-01 2.627945e+00 -9.260150e-01 -1.155137e+00 -9.175732e-01 3.320974e+00 1.603980e+00 -6.097955e-01 -1.006121e+00 1.704006e-01 -7.851785e-01 -3.349107e-01 4.296145e-01 -5.645820e-01 -7.249012e-01 6.119767e-01 1.158748e+00 -7.418187e-01 -7.690319e-01 -7.255630e-01 3.747854e-01 -8.107086e-01 -5.320513e-02 
4.281506e+00 -1.116213e+01 -6.971339e+00 4.295604e+00 -1.353600e+01 -1.810841e+01 -2.230705e+01 9.001577e+00 -7.048557e+00 6.374187e+00 -5.011586e+00 -3.167650e+00 2.160955e+01 4.561709e-01 -9.812008e-01 -2.942132e+00 -4.798645e-01 1.593973e+00 -2.003491e-01 3.778388e-01 -8.128383e-01 1.525021e+00 3.198512e-02 1.099592e-01 -1.286791e+00 7.695942e-02 -9.050438e-01 -4.613203e-01 9.825984e-01 -4.073153e-01 -9.931039e-01 7.108349e-01 1.142599e+00 1.742962e-01 -1.133815e+00 -1.413434e+00 3.396374e-01 -3.531644e-01 -8.001363e-02 
3.892536e+00 -1.329800e+01 -9.685719e+00 2.139849e+00 -1.087251e+01 -2.061893e+01 -1.881410e+01 7.287394e+00 -6.659565e+00 2.962691e+00 -4.053020e+00 -4.023715e+00 2.162530e+01 -7.358624e-01 -1.424135e+00 -1.548011e+00 -8.657343e-01 3.894207e-01 6.981770e-01 1.318737e+00 5.070612e-01 1.757393e-01 -2.256592e+00 1.530159e-01 -1.186651e+00 -5.131139e-02 -7.275230e-01 -2.471755e-01 1.114137e+00 -1.846600e-01 -1.021695e+00 8.162903e-01 6.334426e-01 6.850390e-01 -7.920552e-01 -1.239529e+00 1.015858e-01 -2.229641e-02 -6.042652e-02 
2.390693e+00 -1.476353e+01 -1.004170e+01 2.132160e+00 -1.155967e+01 -1.691713e+01 -1.868407e+01 1.113409e+01 -8.768224e+00 6.270201e-01 -5.465717e+00 -3.921313e+00 2.143743e+01 -1.258475e+00 -1.440277e+00 -4.707314e-01 -9.164367e-01 -6.794379e-01 1.755375e+00 1.456188e+00 1.419153e+00 -2.195800e-01 -3.378143e+00 5.884469e-02 -1.145198e+00 -9.332457e-02 -2.773077e-01 2.902210e-02 9.199610e-01 -9.010528e-02 -6.641026e-01 6.017762e-01 3.707640e-01 4.161138e-01 -7.438273e-02 -3.834608e-01 -3.062657e-03 1.003388e-01 -4.986066e-03 
4.388574e-01 -1.598248e+01 -9.059462e+00 6.408159e-01 -1.412470e+01 -1.487426e+01 -1.646593e+01 1.221604e+01 -8.768637e+00 -4.361496e+00 -4.244030e+00 -6.801499e+00 2.127318e+01 -1.226283e+00 -1.142915e+00 2.267959e-01 -8.480006e-01 -1.343783e+00 2.177561e+00 1.472804e+00 1.391623e+00 2.329327e-01 -2.888617e+00 -7.642981e-02 -1.188514e+00 -4.663117e-02 1.372696e-01 1.007436e-01 5.657813e-01 -6.524991e-02 -2.414129e-01 2.623194e-01 1.895049e-01 -1.393304e-01 1.677886e-01 6.351795e-01 -1.672829e-01 1.922150e-01 4.789430e-02 
-2.836480e-01 -1.702166e+01 -9.638533e+00 4.632666e-01 -1.530722e+01 -1.220403e+01 -1.620019e+01 1.363272e+01 -7.091962e+00 -6.854648e+00 -4.621828e+00 -7.504439e+00 2.131908e+01 -6.850397e-01 -9.766893e-01 7.703669e-01 -9.393293e-01 -8.598639e-01 2.069036e+00 2.154561e+00 8.253357e-01 1.124465e+00 -1.569243e+00 2.094210e-01 -7.842306e-01 4.969439e-02 2.959479e-01 8.933765e-02 2.769881e-01 -6.622327e-02 9.403669e-02 3.938111e-02 1.086013e-01 -4.777221e-01 5.895509e-02 1.105773e+00 -2.128898e-01 2.138566e-01 5.728934e-02 
-9.013412e-01 -1.788361e+01 -8.753650e+00 -1.265392e+00 -1.571797e+01 -1.208802e+01 -1.269164e+01 1.299611e+01 -6.332994e+00 -7.739372e+00 -4.856808e+00 -8.174361e+00 2.145160e+01 -3.361202e-01 -1.152139e+00 6.603239e-01 -1.180508e+00 -7.274873e-01 1.852852e+00 1.917046e+00 1.072730e-01 3.424863e-01 1.480140e-02 -7.585812e-01 -4.060297e-01 1.166325e-01 2.411333e-01 3.276113e-02 1.185785e-02 -1.652971e-01 2.973126e-01 -9.307255e-02 -1.566572e-01 -6.053241e-01 -2.792589e-01 9.524084e-01 -2.794736e-01 1.215462e-01 2.781207e-02 
-3.642369e-01 -1.869625e+01 -6.342692e+00 -1.611753e+00 -1.506210e+01 -7.965366e+00 -9.798739e+00 1.487054e+01 -4.363231e+00 -5.530217e+00 -4.112469e+00 -7.155601e+00 2.159695e+01 -2.238623e-01 -9.890208e-01 6.973855e-01 -1.081360e+00 -5.174183e-01 2.114525e+00 1.777029e+00 -3.273470e-01 2.047124e-02 6.991113e-01 -6.644099e-01 -4.670449e-01 1.115169e-01 8.070023e-02 1.316001e-01 -2.063291e-01 -1.295610e-01 3.898410e-01 -2.787107e-01 -2.912213e-01 -6.508383e-01 -3.598181e-01 4.686490e-01 -2.232309e-01 -9.204629e-03 -1.469509e-02 
-1.201803e+00 -2.090558e+01 -7.405269e+00 -4.224663e+00 -1.788456e+01 -7.729191e+00 -1.008150e+01 1.213354e+01 -8.420569e+00 -4.949395e+00 -8.291814e+00 -9.006021e+00 2.171755e+01 -2.512193e-01 -9.730800e-01 3.226164e-01 -1.603377e+00 -2.836304e-02 1.689307e+00 8.784049e-01 -1.058576e+00 -6.113750e-01 7.393463e-01 -1.036781e+00 -7.393309e-01 6.155821e-02 9.048492e-03 3.714649e-01 -1.552448e-01 1.147147e-02 6.613191e-01 -4.505452e-01 -6.290604e-02 -4.483196e-01 -6.569387e-03 1.506285e-01 1.001716e-01 9.325857e-02 -4.537995e-02 
-1.252578e+00 -2.045560e+01 -6.825600e+00 -3.463787e+00 -1.681075e+01 -3.810455e+00 -8.619925e+00 1.242702e+01 -5.945655e+00 -4.753871e+00 -6.226589e+00 -9.423766e+00 2.174342e+01 -3.239747e-01 -4.081328e-01 -9.243263e-02 -1.375740e+00 7.397854e-01 7.572051e-01 1.217695e+00 -1.845944e+00 -1.977297e-01 4.118080e-01 -7.677785e-01 -6.635976e-01 3.817301e-03 -3.273094e-02 4.824274e-01 -1.165836e-01 9.855215e-02 6.269621e-01 -6.571424e-01 1.437902e-01 -2.578966e-01 1.337697e-01 2.030388e-02 9.681296e-02 2.331937e-01 -4.998086e-02 
-1.713286e+00 -2.186924e+01 -6.899067e+00 -8.356527e+00 -1.498569e+01 -5.718582e+00 -8.888976e+00 8.925286e+00 -8.598324e+00 -4.430947e+00 -8.983740e+00 -1.073681e+01 2.168605e+01 -2.408425e-01 4.147751e-01 2.791183e-01 -9.760865e-01 1.950545e+00 2.786987e-01 1.882103e+00 -1.374936e+00 4.187106e-01 9.116026e-01 -2.061696e-01 1.584770e-01 -5.637257e-02 -4.129573e-02 5.308838e-01 -2.997001e-02 3.133859e-01 2.374011e-01 -4.782539e-01 2.493054e-01 4.535547e-02 3.006776e-01 -8.560572e-02 2.089447e-01 2.350305e-01 -3.756684e-02 
-1.728193e+00 -2.025526e+01 -7.058244e+00 -6.424107e+00 -1.281244e+01 -5.184848e+00 -4.306111e+00 7.245050e+00 -5.263163e+00 -3.730246e+00 -7.605165e+00 -9.607994e+00 2.163160e+01 -3.926030e-01 7.292808e-01 1.362700e-01 -9.023303e-01 1.627897e+00 -4.659212e-01 1.994141e+00 -1.458724e+00 1.742289e-01 7.144090e-01 -5.956331e-01 2.499532e-01 -7.944717e-02 -3.022418e-02 3.444230e-01 -1.893887e-02 2.715664e-01 -2.414812e-01 -2.575485e-01 -9.618589e-02 2.997946e-01 9.373692e-02 -1.539762e-01 1.138714e-01 4.396402e-02 -2.489922e-02 
-2.167938e+00 -1.893151e+01 -5.893829e+00 -7.624661e+00 -1.013100e+01 -5.648354e+00 -2.827981e+00 7.849906e+00 -6.668246e+00 -9.031100e-01 -8.633380e+00 -8.121724e+00 2.149142e+01 -4.233796e-01 1.112763e+00 5.840936e-02 -2.731860e-01 7.146370e-01 -9.030780e-02 1.736710e+00 -1.025420e+00 7.060874e-01 1.599199e-01 -7.813904e-02 -2.093555e-02 -8.461718e-02 -1.852594e-02 1.217804e-01 -1.958895e-01 2.258881e-01 -6.419941e-01 -1.566605e-01 -4.577238e-01 2.726392e-01 -9.278344e-02 -3.652121e-01 7.070977e-02 -2.336351e-01 -1.434489e-02 
-2.988268e+00 -1.827811e+01 -6.647011e+00 -8.341498e+00 -1.109814e+01 -6.175326e+00 -1.679901e+00 5.671038e+00 -6.039493e+00 -2.945938e+00 -9.379830e+00 -9.481667e+00 2.144350e+01 -3.838771e-01 9.649846e-01 -7.675669e-02 -3.691899e-01 1.503508e-01 -3.461321e-01 8.094960e-01 -5.216153e-01 1.273061e-01 1.773521e-02 -2.624119e-01 -3.539573e-01 -1.065489e-01 9.064373e-02 5.689491e-02 -2.166991e-01 2.436171e-01 -4.899636e-01 -4.075082e-02 -6.561130e-01 5.058990e-01 -1.978470e-01 -2.128889e-01 1.799837e-01 -2.135633e-01 -1.107232e-02 
-3.200222e+00 -1.729391e+01 -6.812758e+00 -8.764051e+00 -1.226938e+01 -5.674885e+00 -1.519132e+00 4.585437e+00 -4.679881e+00 -4.023974e+00 -8.487045e+00 -1.090477e+01 2.135710e+01 -3.378890e-01 9.059333e-01 -5.938550e-01 -1.131794e-01 -5.207357e-01 -5.643734e-01 1.858961e-01 -4.803198e-01 -2.181967e-02 -5.660919e-01 -1.921081e-02 -7.077520e-01 -1.145488e-01 1.230228e-01 -3.836093e-03 -1.549316e-01 9.365060e-02 -1.693554e-01 -1.180408e-01 -6.082829e-01 4.745363e-01 -2.953259e-01 -2.744293e-02 8.461576e-02 -4.123273e-02 -4.865307e-03 
-3.131745e+00 -1.624908e+01 -6.982388e+00 -7.700504e+00 -1.099148e+01 -6.902058e+00 -9.134109e-01 6.268958e+00 -5.620737e+00 -2.081120e+00 -8.990424e+00 -9.986022e+00 2.116608e+01 1.798757e-02 1.117174e+00 -6.211582e-01 2.356915e-01 -2.042945e-01 -4.327788e-01 -5.111333e-01 7.982842e-01 -4.510724e-01 1.302016e-02 2.747793e-01 -4.744971e-01 -1.198821e-01 1.070630e-01 1.179987e-02 -4.242789e-02 5.454251e-02 -2.254501e-02 -4.785561e-02 -3.477713e-01 2.195234e-01 1.596026e-02 -8.935547e-02 1.715576e-01 3.915480e-02 3.925947e-03 
-3.785307e+00 -1.541693e+01 -8.695414e+00 -8.511009e+00 -1.278783e+01 -8.106863e+00 -2.282312e+00 5.149409e+00 -6.986963e+00 -4.165972e+00 -8.924292e+00 -1.140817e+01 2.105741e+01 -9.133580e-03 1.017419e+00 -4.441550e-01 -1.073756e-01 4.515576e-02 -6.371567e-01 -6.445525e-01 6.872053e-01 -4.814816e-01 2.506972e-02 7.626271e-02 -1.668130e-01 -1.023041e-01 1.094027e-01 -4.024448e-02 8.848427e-02 4.147172e-02 7.561290e-02 -2.532327e-02 -1.880280e-01 1.168776e-01 2.085843e-01 -1.147288e-01 3.132101e-01 -4.514022e-02 5.942623e-03 
-2.605820e+00 -1.363087e+01 -8.811288e+00 -7.289484e+00 -1.186017e+01 -7.123667e+00 -3.853594e+00 9.380480e+00 -7.141568e+00 -2.809690e+00 -7.787380e+00 -1.160293e+01 2.099396e+01 -1.302487e-02 9.681928e-01 -3.638029e-01 -9.939542e-02 -2.453880e-01 -5.488853e-01 -5.140656e-01 -7.875532e-03 4.368353e-01 -7.246221e-01 5.476886e-01 -4.287590e-01 -9.305247e-02 1.000441e-01 -1.038836e-01 1.231088e-01 1.196879e-01 5.674556e-02 -1.237754e-01 2.011300e-02 -5.948953e-02 3.427748e-01 -1.480182e-01 3.911956e-01 -1.588250e-01 2.247398e-03 
-3.508603e+00 -1.351580e+01 -8.119030e+00 -9.506403e+00 -1.160941e+01 -8.749842e+00 -3.271515e+00 6.465710e+00 -6.327206e+00 -3.534279e+00 -8.707252e+00 -1.093061e+01 2.093163e+01 2.244620e-01 7.792087e-01 -2.800248e-01 2.616472e-01 -1.220005e-01 -6.328243e-01 -7.528027e-01 5.071809e-01 5.769994e-01 -7.709343e-01 1.410450e+00 -9.564704e-01 -9.822249e-02 1.923767e-01 -5.066846e-02 1.593689e-01 3.887516e-01 1.261419e-01 -2.080687e-01 1.509106e-01 1.086545e-01 2.647289e-01 1.478787e-01 3.787332e-01 -1.173454e-01 -1.149498e-02 
-3.334847e+00 -1.235848e+01 -9.089326e+00 -7.699805e+00 -1.280783e+01 -9.325192e+00 -2.988751e+00 5.571385e+00 -3.766308e+00 -6.019911e+00 -6.360964e+00 -1.236855e+01 2.076356e+01 4.014570e-01 7.169492e-01 -8.755336e-02 6.496128e-01 1.629785e-01 -1.053711e+00 -3.563329e-01 5.908492e-01 7.334758e-01 -3.290824e-01 1.563712e+00 -8.738437e-01 -1.106849e-01 1.971813e-01 -3.760072e-02 2.306712e-01 4.122164e-01 2.042042e-01 -4.365386e-01 2.778384e-01 -6.063694e-02 2.227049e-03 4.042782e-01 2.672326e-02 8.367352e-02 -3.191532e-02 
-2.298371e+00 -1.215661e+01 -9.956590e+00 -6.997646e+00 -1.292423e+01 -1.017001e+01 -6.478385e+00 9.589642e+00 -5.789397e+00 -6.415383e+00 -2.585096e+00 -1.580764e+01 2.068144e+01 7.455418e-01 8.897920e-01 2.146497e-01 1.461818e+00 4.718217e-01 -1.425100e+00 3.109567e-02 9.312676e-01 6.938029e-01 5.666710e-01 1.461972e+00 -5.310410e-01 -1.509566e-01 1.229810e-01 -4.560754e-02 2.443122e-01 3.479053e-01 -5.622412e-03 -4.258306e-01 3.365038e-01 -6.242565e-01 -1.686303e-01 3.577814e-01 -3.784654e-01 2.096151e-01 -4.925631e-02 
-1.203666e+00 -1.072602e+01 -8.330470e+00 -5.295900e+00 -1.038791e+01 -1.168226e+01 -4.031858e+00 1.077271e+01 -3.742746e+00 -3.014504e+00 -3.029730e+00 -1.353374e+01 2.056557e+01 7.124068e-01 7.248695e-01 5.422872e-01 1.361541e+00 4.787776e-01 -2.335323e+00 4.832790e-01 -5.231714e-01 3.896104e-01 6.278617e-01 6.554524e-01 -2.230774e-01 -2.262756e-01 3.742503e-03 -1.302457e-01 2.031803e-01 1.317853e-01 -3.231259e-01 7.663275e-03 -1.366377e-01 -8.211337e-01 -4.219766e-01 6.234274e-02 -4.811104e-01 1.516038e-01 -5.037937e-02 
-8.463730e-01 -9.883583e+00 -7.424980e+00 -3.399128e+00 -1.046022e+01 -1.469687e+01 -2.594866e+00 8.521197e+00 -2.869684e+00 -2.203212e+00 -3.062796e+00 -1.300354e+01 2.027599e+01 6.839886e-01 5.472144e-01 6.265843e-01 1.645120e+00 -3.079913e-01 -2.121198e+00 5.099139e-01 -2.057089e+00 -9.421767e-02 5.394285e-01 -2.775703e-02 -2.337900e-01 -2.866832e-01 -1.586959e-01 -1.487143e-01 2.606675e-01 -2.720883e-01 -3.060327e-01 5.804111e-01 -6.986286e-01 -4.244629e-01 -6.084521e-01 -1.805994e-01 -3.771396e-01 1.712415e-01 -2.861860e-02 
-4.988624e-01 -9.870741e+00 -7.644185e+00 -2.691378e+00 -1.164582e+01 -1.873838e+01 -2.514482e+00 3.489615e+00 -3.278105e+00 -4.986554e+00 -2.844700e+00 -1.488650e+01 1.983500e+01 4.509825e-01 2.369195e-01 7.224048e-01 1.216850e+00 -1.062656e+00 -6.674830e-01 -1.279026e+00 -2.020701e+00 -9.823267e-01 -3.849211e-03 -9.702213e-02 -2.644373e-01 -2.947375e-01 -2.289272e-01 6.637469e-02 2.711767e-01 -5.533537e-01 -1.500490e-02 1.000812e+00 -1.021933e+00 4.142970e-01 -6.134338e-01 -1.070210e-01 -3.622908e-01 3.303467e-01 1.142508e-02 
7.691323e-01 -9.848139e+00 -7.166951e+00 -7.392470e-02 -1.383497e+01 -1.724798e+01 -4.687229e+00 2.945719e+00 -6.492558e+00 -2.731834e+00 -2.816559e+00 -1.630004e+01 1.961338e+01 8.284248e-02 3.901120e-01 1.427926e+00 1.737846e-01 -2.876586e-01 6.430480e-01 -2.580840e+00 -4.423759e-01 -1.662506e+00 -2.050903e-02 -4.761682e-02 3.458075e-01 -2.598535e-01 -2.066587e-01 3.328660e-01 1.789953e-01 -6.553476e-01 4.019189e-01 8.763258e-01 -7.579132e-01 8.266491e-01 -4.027681e-01 -1.377689e-01 -5.566211e-01 3.130802e-01 4.352282e-02 
2.432080e-01 -9.558938e+00 -4.847379e+00 -8.742943e-01 -1.401342e+01 -1.374385e+01 -9.380740e+00 3.457127e+00 -6.843106e+00 -2.769435e+00 -3.638287e+00 -1.320739e+01 1.942326e+01 -1.316504e-01 1.135421e+00 1.497585e+00 -6.694542e-01 3.937013e-01 1.286400e+00 -3.080918e+00 7.410690e-01 -1.893494e+00 3.728303e-01 -1.146091e+00 1.138818e+00 -1.825754e-01 -8.040128e-02 5.503343e-01 -8.808360e-02 -1.730492e-01 5.384256e-01 4.233952e-01 -1.461156e-02 5.570067e-01 -1.544931e-01 -2.386372e-01 -7.450884e-01 -2.079352e-02 5.958376e-02 
-8.035165e-01 -8.088791e+00 -1.684136e+00 -3.438972e+00 -1.071457e+01 -1.397898e+01 -1.206606e+01 6.325538e+00 -9.399870e+00 -3.414399e+00 -2.904149e+00 -1.211398e+01 1.918251e+01 -5.806956e-02 1.762427e+00 1.134028e+00 -6.884776e-01 9.733976e-01 1.283475e+00 -2.378512e+00 6.954644e-01 -1.652537e+00 -3.375695e-01 -2.286239e+00 6.299239e-01 -1.251066e-01 6.365421e-02 5.350760e-01 -4.582358e-01 3.446029e-01 4.947543e-01 1.973105e-01 5.586790e-01 -5.819868e-02 -1.985202e-01 -6.052794e-01 -5.734143e-01 -5.914214e-01 5.669763e-02 
-3.712244e-01 -5.073500e+00 -2.897827e+00 -4.356077e+00 -1.123763e+01 -1.394101e+01 -1.423029e+01 5.505314e+00 -1.129233e+01 -2.781379e+00 -8.531367e+00 -1.128567e+01 1.913729e+01 1.193971e-01 2.302511e+00 4.290259e-01 7.826964e-01 9.989740e-01 1.129353e+00 -1.453131e+00 1.954898e-01 -1.759775e+00 -1.038434e+00 -2.703213e+00 -5.105473e-01 -6.415480e-02 4.405966e-02 1.080706e-01 -4.065948e-01 7.889751e-01 7.044786e-01 1.341794e-01 6.680124e-01 -5.044473e-01 -1.849216e-01 -9.362573e-01 1.485014e-02 -1.060521e+00 2.173790e-02 
7.859022e-01 -3.279222e+00 -2.471662e+00 -1.775671e+00 -1.035612e+01 -1.073236e+01 -1.415511e+01 5.399090e+00 -1.253082e+01 -4.414137e+00 -1.180104e+01 -1.411131e+01 1.913076e+01 2.754026e-01 2.481971e+00 -3.290251e-01 1.170743e+00 1.883554e+00 1.708152e+00 -6.014234e-01 -4.605698e-01 -2.721893e+00 -2.341253e+00 -2.136070e+00 -1.786556e+00 -3.552924e-02 -9.773974e-02 -4.753700e-01 -2.231368e-01 8.660441e-01 8.167955e-01 1.730527e-01 4.814904e-01 -8.139623e-01 4.243933e-02 -5.776145e-01 6.473957e-01 -7.946779e-01 -5.099524e-02 
4.522937e-02 -4.514228e-01 -2.308303e+00 2.207653e+00 -9.198214e+00 -9.720551e+00 -1.560156e+01 4.897903e+00 -1.407645e+01 -7.461569e+00 -1.270579e+01 -1.476161e+01 1.912829e+01 -7.823354e-02 1.315984e+00 1.960669e-01 2.345844e+00 3.460944e+00 1.744977e+00 -6.294023e-01 -1.203290e+00 -2.283477e+00 -3.306580e+00 -1.146987e+00 -2.955532e+00 -1.186849e-01 -2.010603e-01 -9.276045e-01 3.294578e-02 4.676978e-01 6.210938e-01 1.466127e-01 3.721571e-01 -1.015812e+00 6.155092e-01 -1.686030e-02 8.286449e-01 -7.008807e-02 -1.584224e-01 
3.657218e-01 2.010123e+00 -3.623832e+00 -8.669547e-01 -2.316926e+00 -7.548158e+00 -1.438775e+01 4.326265e+00 -2.161694e+01 -1.278053e+01 -1.149747e+01 -1.930894e+01 1.900949e+01 -4.477886e-01 -1.211978e-01 1.348166e-01 2.860122e+00 3.826398e+00 1.840830e+00 -3.829679e-01 -2.674846e+00 -1.178476e+00 -2.091461e+00 1.727129e-01 -2.120975e+00 -3.528050e-01 -3.147421e-01 -1.049860e+00 2.279569e-01 4.564325e-02 -1.583693e-01 -1.649302e-02 5.164730e-01 -8.043050e-01 1.320032e+00 7.785450e-01 6.744711e-01 7.164539e-01 -2.695207e-01 
-5.519672e-01 -1.137697e+00 -1.341591e+00 6.918650e+00 2.047529e+00 -6.807900e+00 -1.726079e+01 2.510922e-02 -1.816645e+01 -1.513080e+01 -1.441854e+01 -2.346438e+01 1.860472e+01 -5.243174e-01 -1.033836e+00 3.617544e-01 2.276441e+00 3.132946e+00 1.796207e+00 2.984226e-01 -3.776418e+00 5.460868e-01 -1.247573e+00 2.856044e-01 -6.937791e-01 -6.976178e-01 -3.914492e-01 -7.875229e-01 -6.685648e-02 -7.954762e-01 -9.893168e-01 -7.102315e-04 9.467892e-01 1.375311e-01 1.372137e+00 1.304843e+00 5.017954e-01 1.128144e+00 -3.688208e-01 
-1.154754e+00 -3.541711e+00 -2.280828e+00 1.016976e+01 3.153130e+00 -2.984363e+00 -1.524030e+01 -5.539053e+00 -1.637857e+01 -1.103674e+01 -1.008125e+01 -2.036503e+01 1.762846e+01 -1.075230e+00 -1.592467e+00 7.279069e-01 1.433685e+00 1.255594e+00 1.600061e+00 1.516911e+00 -3.195528e+00 2.463476e+00 5.220352e-01 5.199338e-01 6.648563e-01 -1.093641e+00 -4.557477e-01 -5.056600e-01 -3.289940e-01 -1.180126e+00 -1.091637e+00 3.669143e-02 1.304612e+00 1.375304e+00 1.041688e+00 1.316967e+00 3.122379e-01 9.381458e-01 -3.865966e-01 
-1.816235e+00 -2.844650e+00 -1.171064e+00 8.071671e+00 3.732083e+00 -3.021297e+00 -1.368320e+01 -9.051377e+00 -1.396525e+01 -1.457121e+01 -1.198537e+01 -1.770257e+01 1.633046e+01 -1.721657e+00 -1.885918e+00 -4.348117e-01 -9.182907e-01 -2.002280e-01 1.861842e+00 3.154594e+00 -2.552894e-01 2.756290e+00 1.910877e+00 1.188411e+00 1.292241e+00 -1.592357e+00 -3.584852e-01 -1.977750e-01 -5.260930e-01 -7.483379e-01 -6.878489e-01 4.526793e-02 1.076864e+00 1.747258e+00 4.298865e-01 1.186393e+00 5.223008e-01 7.432386e-01 -2.608382e-01 
-4.378311e+00 -5.098670e+00 -6.966349e-02 5.725085e+00 3.119285e+00 -1.441422e+00 -8.592026e+00 -7.112700e+00 -1.140022e+01 -1.045061e+01 -1.011432e+01 -1.886584e+01 1.467831e+01 -2.127885e+00 -2.223383e+00 -1.111992e+00 -1.443209e+00 3.477538e-02 1.991487e+00 4.711883e+00 2.441007e+00 2.924850e+00 2.914134e+00 1.282501e+00 1.576637e+00 -1.838450e+00 1.631811e-02 3.099785e-01 -4.550692e-01 -1.198274e-01 -2.619520e-01 -4.506444e-02 4.438249e-01 8.869362e-01 -3.915481e-01 3.526150e-01 3.367796e-01 6.242771e-01 -1.206254e-02 
-7.548298e+00 -9.788552e+00 -4.621006e+00 4.549346e+00 1.063463e+00 1.729773e+00 -4.812061e+00 -4.640318e-01 -6.874110e+00 -5.869508e+00 -8.459959e+00 -1.775281e+01 1.211808e+01 -1.790403e+00 -1.707160e+00 -1.348792e+00 -2.676773e-02 3.041303e-01 1.826750e+00 4.085106e+00 2.141644e+00 2.464785e+00 3.488426e+00 2.515843e+00 2.566480e+00 -1.629418e+00 3.688948e-01 8.326504e-01 1.182306e-02 2.443471e-01 -3.334296e-01 -5.199692e-01 -3.481324e-01 -3.907577e-01 -1.034945e+00 -5.766146e-01 -1.666053e-01 4.051902e-01 2.657073e-01 
-8.928092e+00 -1.118678e+01 -6.115722e+00 4.714663e+00 4.661280e+00 4.597167e+00 3.883655e+00 2.372256e+00 -5.299540e+00 -8.168495e-01 -5.431596e+00 -1.245660e+01 1.054243e+01 -9.594349e-01 -1.319253e-01 -1.090294e+00 3.887658e-01 -3.063861e-01 1.392217e+00 3.270908e+00 4.072148e-02 6.514113e-01 1.496268e+00 1.540109e+00 3.149152e+00 -1.135437e+00 4.712962e-01 1.043132e+00 3.606438e-01 8.078839e-02 -6.197491e-01 -9.082461e-01 -1.266914e+00 -1.174585e+00 -1.254227e+00 -1.179074e+00 -5.548533e-01 -5.118515e-02 3.791362e-01 
-8.493005e+00 -8.336898e+00 -4.892176e+00 8.443196e+00 4.481799e+00 3.093242e+00 5.046670e-01 -3.085682e+00 -4.691456e+00 -1.945757e+00 -1.747539e+00 -8.074830e+00 1.025128e+01 -4.614671e-01 1.231568e+00 -3.865381e-01 -6.124644e-01 -1.696823e+00 -4.383025e-01 2.134524e+00 -1.008902e+00 -1.281787e+00 -2.631766e-01 2.266762e-01 2.531920e+00 -6.153329e-01 2.928562e-01 7.403075e-01 4.835523e-01 -6.990812e-02 -2.786699e-01 -9.018010e-01 -1.414120e+00 -7.197787e-01 -8.414679e-01 -1.061457e+00 -8.583692e-01 -5.754908e-01 3.278740e-01 
-8.703095e+00 -6.484574e+00 -5.385536e+00 5.721940e+00 -1.216222e-01 4.838544e+00 5.104081e+00 -5.598553e+00 -9.234517e+00 -4.931258e+00 -5.769996e+00 -7.959029e+00 9.934262e+00 -4.359968e-01 1.522914e+00 2.100819e-01 -7.464347e-01 -2.063453e+00 -1.417085e+00 -6.473625e-01 -1.856716e+00 -1.473002e+00 -1.105388e+00 -3.471416e-01 1.337979e+00 -4.497836e-01 7.489288e-02 3.147373e-01 4.734259e-01 4.881383e-01 4.813118e-01 -5.687385e-01 -1.559622e+00 6.165832e-02 8.938358e-02 -2.154721e-01 -4.560973e-01 -6.964562e-01 2.215336e-01 
-9.968295e+00 -5.982197e+00 -6.918478e+00 9.833322e-01 -5.029135e+00 -5.825566e-01 5.250192e+00 -1.523351e+00 -1.131548e+01 -5.128109e+00 -7.157365e+00 -7.342222e+00 9.345672e+00 -5.878752e-01 1.166902e+00 4.186445e-01 1.914377e-01 -2.106083e-01 -1.277476e+00 -1.026361e+00 -5.085683e-01 -6.803495e-01 -5.179985e-01 -8.324043e-01 5.947121e-01 -3.328868e-01 -1.568493e-02 1.093169e-01 4.376878e-01 9.778758e-01 1.121198e+00 1.331644e-01 -9.382951e-01 7.173101e-01 9.558775e-01 6.240136e-01 1.351133e-01 -2.872713e-01 1.607677e-01 
-1.037077e+01 -4.749883e+00 -4.052088e+00 4.712216e+00 -9.010808e-01 -6.501838e-01 -1.726241e+00 -7.692369e+00 -9.352745e+00 -4.752544e+00 -4.462125e+00 -6.133013e+00 8.746507e+00 -5.217232e-01 1.474189e+00 8.741811e-01 2.427419e+00 1.357044e+00 -1.031832e+00 -2.946765e+00 9.877455e-02 7.976170e-01 5.462391e-01 -2.108904e-01 6.355131e-01 -1.689701e-01 7.510178e-02 1.493133e-01 2.333159e-01 3.904897e-01 6.112678e-01 3.741184e-01 3.878941e-01 1.211463e+00 1.189387e+00 7.126327e-01 4.307923e-01 3.229992e-01 1.694382e-01 
-1.059857e+01 -3.369629e+00 -3.465550e+00 9.905182e+00 3.818234e+00 -5.503036e-01 -1.211779e+00 -4.581943e+00 -8.034058e+00 -4.625586e+00 -6.563582e+00 -6.013862e+00 9.180974e+00 -4.970784e-01 1.802430e+00 1.469867e+00 2.689959e+00 2.198818e+00 3.478835e-02 -1.407192e+00 1.599776e+00 2.362381e+00 2.031059e+00 8.341092e-01 1.446782e+00 4.817060e-02 1.382723e-01 2.515514e-01 2.686364e-01 -5.989624e-01 -2.811606e-01 4.809948e-01 1.109938e+00 8.564340e-01 6.906379e-01 3.040349e-01 5.514680e-01 4.881828e-01 1.590892e-01 
-1.099639e+01 -4.195748e-01 -2.741039e+00 1.339815e+01 2.239830e+00 -3.370179e-01 -6.398474e+00 -3.575188e+00 -6.886925e+00 -2.451377e+00 -7.121485e+00 -5.445385e+00 9.171749e+00 -1.058264e-01 1.951712e+00 8.511344e-01 -4.321174e-02 -2.117855e-01 -2.026236e-01 1.482578e+00 3.146381e+00 2.952641e+00 1.183189e+00 9.736161e-01 2.526890e+00 2.068629e-01 1.020495e-01 4.156109e-02 1.279806e-01 -1.300266e+00 -7.306330e-01 6.221772e-01 1.546239e+00 4.710940e-01 -6.585558e-02 -2.839675e-01 1.380301e-01 2.170293e-01 1.180915e-01 
-1.214093e+01 8.651345e-01 -2.249586e-01 1.009007e+01 4.395136e+00 -5.648695e-01 5.505335e-01 4.417158e+00 -7.362226e-01 3.876611e+00 -1.657134e+00 -4.515946e-01 9.373571e+00 -1.045293e-01 2.185812e+00 1.773316e+00 -1.568071e+00 -8.319332e-01 7.129070e-01 2.308629e+00 2.249731e+00 1.695392e+00 6.836040e-01 1.332720e+00 2.089817e+00 2.746173e-01 2.187478e-02 -2.604699e-01 -1.730617e-01 -1.042778e+00 -6.518201e-01 4.173054e-01 4.251985e-01 -5.822324e-01 -7.594277e-01 -6.778579e-01 -2.313329e-01 -3.344618e-01 3.986382e-02 
-1.012854e+01 2.891595e+00 -1.416550e+00 4.403602e+00 -2.248211e+00 -1.655748e+00 4.805713e+00 3.539989e+00 1.761428e+00 -3.087494e+00 -2.047244e+00 3.720106e+00 9.684516e+00 -2.078255e-01 1.490230e+00 1.362315e+00 -1.944912e+00 -7.806734e-01 1.739887e+00 2.926608e+00 2.129316e+00 8.018461e-01 -1.998902e-01 2.299319e-01 1.399088e+00 3.082496e-01 -1.469141e-01 -5.701301e-01 -3.527962e-01 -1.432575e-01 2.410518e-01 2.040093e-01 -6.469287e-01 -1.170521e+00 -6.490683e-01 -1.252281e-01 -2.004275e-01 -8.302127e-01 -6.348172e-02 
-1.155492e+01 5.903804e+00 4.738812e+00 6.562153e+00 1.902406e+00 3.673795e+00 4.729111e+00 3.109253e+00 -3.881642e+00 -8.893968e-01 -2.437002e+00 -1.477371e-01 1.029763e+01 -3.368278e-01 7.307847e-01 3.488814e-01 -1.573149e+00 -7.758577e-01 1.150039e+00 -3.236542e-03 -8.027837e-01 -3.594421e-01 -6.666794e-01 4.924037e-02 3.384484e-01 1.967949e-01 -1.773714e-01 -7.629359e-01 -7.192946e-01 2.523078e-01 3.940375e-01 -5.133718e-01 -1.013059e+00 -1.116354e+00 -1.673288e-01 1.524617e-01 -1.189655e-01 -6.912128e-01 -1.511286e-01 
-1.232867e+01 4.512250e+00 1.588710e+00 5.437791e+00 -4.180216e-01 6.243109e+00 6.144825e+00 7.725065e+00 -1.305449e+00 -1.068111e+00 -5.581800e+00 1.397869e+00 1.025083e+01 -7.243064e-01 -1.713262e-01 -2.007108e-01 -7.569943e-01 9.653715e-01 5.988582e-01 -5.960475e-01 -1.180069e+00 7.345834e-01 1.232121e+00 6.132910e-01 -7.484599e-01 -7.161051e-02 -2.068676e-01 -7.857100e-01 -5.436315e-01 2.280782e-01 5.725437e-01 -3.448867e-01 -1.307727e+00 -1.097756e+00 -1.501398e-01 1.065065e-01 3.340102e-01 -4.354556e-01 -2.076559e-01 
-1.272509e+01 3.708344e+00 1.694343e-02 1.707160e+00 -3.995607e-01 1.236095e+00 -1.355723e-01 -1.689440e+00 -9.995465e-01 -4.664987e-01 3.563806e-01 2.401795e+00 1.007443e+01 -7.332681e-01 -7.980316e-01 -1.041606e+00 -9.004763e-01 2.652841e-01 -1.283324e+00 -9.952053e-01 -1.677410e+00 8.923688e-01 7.300210e-01 5.462236e-01 -2.923832e-01 -2.910913e-01 -1.743632e-01 -6.269332e-01 -3.144830e-01 7.105482e-02 4.974155e-01 2.903326e-01 -7.288126e-01 -1.664859e-01 -1.579489e-01 1.780405e-02 5.127846e-01 1.992285e-01 -1.876220e-01 
-1.316483e+01 3.131997e+00 -5.921093e-02 3.046119e+00 3.729006e+00 2.557946e+00 4.257206e+00 3.898039e-02 3.993687e+00 2.861391e+00 -3.777574e-01 -1.296654e+00 9.438145e+00 -1.043982e+00 -1.673975e+00 -6.605037e-01 -1.140930e+00 1.561441e+00 1.232245e+00 -3.116105e+00 -2.922260e+00 -5.748236e-01 -3.656501e-01 1.651454e+00 -4.627599e-01 -4.860825e-01 1.343533e-02 -1.701287e-01 -8.331620e-02 1.405455e-01 -1.037121e-01 3.204264e-01 -4.419868e-01 4.215640e-01 -4.422623e-01 -3.380889e-01 1.530851e-01 2.555699e-01 -9.650930e-02 
-1.480270e+01 2.603422e+00 3.547104e-01 3.255473e+00 1.155254e+00 -8.998842e-01 6.966442e-01 -1.434648e+00 -2.068964e+00 7.960024e-01 -2.307552e+00 -2.625809e-01 9.248473e+00 -1.048817e+00 -1.652621e+00 -9.935396e-01 -1.025983e+00 1.413119e+00 2.285003e+00 -2.387309e+00 -7.642413e-01 -4.943702e-01 2.213203e-01 2.094067e+00 1.191729e+00 -5.340821e-01 2.116788e-01 3.793584e-01 2.342554e-01 4.933179e-01 -4.625326e-01 -1.907127e-01 3.149880e-01 1.001056e+00 -8.564755e-02 -5.144133e-02 -3.523327e-01 -2.158009e-01 -1.363296e-03 
-1.650951e+01 -3.304906e+00 -1.882734e+00 -1.041009e+00 6.611978e+00 1.347246e+01 -9.851699e+00 -7.013412e+00 -3.644774e+00 -3.527644e+00 4.007723e+00 4.164330e-01 8.233290e+00 -4.992009e-01 -5.947108e-01 -6.412981e-01 8.538510e-03 -1.271372e-01 4.169002e-01 -2.109841e+00 4.710324e-01 -7.833581e-01 -2.038718e-01 6.048262e-01 -2.127374e-01 -4.326953e-01 3.393985e-01 8.228307e-01 3.836456e-01 6.260073e-01 -1.059976e+00 -1.422938e+00 1.247701e+00 1.306316e+00 4.630077e-01 2.341229e-01 -8.238399e-01 -1.898845e-01 6.452281e-02 
-1.629662e+01 -1.335463e+00 -4.038948e+00 -1.379331e+00 5.224849e+00 7.203935e+00 -5.017278e+00 -1.984384e+00 3.480768e-01 3.834587e+00 8.634165e+00 7.504209e+00 8.006269e+00 5.277338e-02 5.590447e-01 1.200750e-01 9.913095e-01 -1.203059e+00 -1.829198e+00 7.642396e-02 1.631256e+00 5.684406e-01 3.920048e-01 -6.920020e-01 -1.496385e+00 -3.246692e-01 2.344485e-01 6.149176e-01 4.343819e-01 3.292030e-01 -8.361946e-01 -1.216239e+00 1.198891e+00 5.568633e-01 4.129219e-01 7.971372e-03 -5.995175e-01 -1.903521e-01 9.809381e-02 
-1.491403e+01 2.128269e+00 -1.068630e+00 5.406335e+00 1.058848e+00 5.905152e-01 -3.435121e+00 2.669026e+00 -1.131829e+00 3.226750e-01 -2.824298e+00 -6.244029e+00 7.895795e+00 1.020631e-01 1.334431e+00 7.008114e-01 9.805081e-01 -2.430405e+00 -3.825321e+00 1.890411e+00 2.411561e+00 1.208846e+00 7.195432e-01 -1.074710e+00 -6.807093e-02 -2.681800e-01 9.858182e-02 2.068340e-01 2.810247e-01 -2.181017e-01 -1.238077e-01 1.143874e-01 9.447253e-01 -8.353742e-02 3.105063e-01 3.180025e-03 1.898534e-01 7.171553e-01 1.374371e-01 
-1.533654e+01 2.681501e+00 5.479334e-01 4.988326e+00 -2.083602e+00 -3.604452e+00 -2.129109e+00 1.880560e+00 -4.832332e-01 8.305066e-01 -2.351523e+00 -4.414662e+00 7.794096e+00 -1.771668e-01 4.573843e-01 5.073018e-01 1.341256e-01 -1.616241e+00 -1.675076e+00 1.606956e+00 1.049768e+00 5.741801e-01 -2.006237e-01 -6.373256e-02 1.676991e-01 -1.258685e-01 9.381896e-02 -8.877640e-02 7.787072e-02 -3.120654e-01 4.988144e-01 1.105506e+00 -7.836496e-04 -6.382645e-01 -2.177736e-01 -2.345958e-01 3.422006e-01 7.626425e-01 1.765388e-01 
-1.647923e+01 1.358266e+00 -6.720295e-01 6.778635e-01 -1.886173e+00 -2.501429e-01 -1.843507e+00 3.111808e+00 2.815137e+00 1.571905e+00 4.126973e+00 6.035644e+00 6.998509e+00 1.085486e-01 4.902685e-01 5.703170e-01 -6.534132e-01 -5.395702e-01 9.117610e-01 1.848626e+00 3.440338e-01 7.662009e-01 1.082640e-01 1.239933e+00 2.540956e+00 1.551627e-01 1.314205e-01 -1.720927e-01 -1.893887e-02 -9.389442e-02 8.162496e-01 1.052525e+00 -7.352107e-01 -8.910304e-01 -4.983171e-01 -1.117290e-01 -7.659940e-02 -1.028509e-01 1.587510e-01 
-1.640004e+01 1.336177e+00 -1.700860e+00 1.655433e+00 -1.384140e+00 -7.511044e-01 2.221586e+00 3.043183e+00 1.245114e+00 2.206695e+00 4.839653e+00 2.203211e+00 7.825596e+00 5.186675e-01 5.371887e-01 5.745734e-01 2.479438e-01 3.455448e-01 1.329831e+00 9.352897e-02 -5.262835e-01 -2.991272e-01 -4.754583e-01 -1.382882e-01 1.012410e+00 3.463444e-01 8.901433e-02 -1.120038e-01 5.420121e-03 2.641945e-02 6.335810e-01 1.943671e-01 -9.802948e-01 -6.036030e-01 -3.104953e-01 1.530450e-01 -2.915529e-01 -2.020746e-01 4.940378e-02 
-1.383936e+01 5.252460e+00 2.907524e+00 3.805946e+00 -1.988221e+00 3.722695e+00 3.632571e+00 3.807557e+00 1.835423e+00 1.758109e-01 -2.205175e-01 3.152108e+00 8.655832e+00 4.112442e-01 4.340245e-01 5.723933e-01 4.542194e-01 6.699051e-01 -6.518026e-02 -1.028804e+00 -1.255598e+00 -8.459889e-01 2.982279e-01 -1.420466e+00 -1.004537e+00 2.894743e-01 -6.849414e-02 -2.486863e-01 -2.775618e-01 1.842188e-03 3.324543e-01 -2.664295e-01 -6.660195e-01 -1.467886e-01 -1.026570e-01 2.704955e-01 -3.557208e-01 -6.083205e-01 -9.159441e-02 
-1.406296e+01 3.420684e+00 1.631416e+00 4.663984e+00 -3.046924e-01 1.058183e+00 -4.399736e+00 -1.098820e+00 -1.488990e+00 -8.482571e-01 -8.695278e-01 2.088846e+00 8.697232e+00 1.165670e-01 -7.447814e-02 5.333592e-01 -2.875341e-01 9.469650e-01 -2.147541e-01 -1.855954e+00 -1.168458e+00 -1.721538e-01 4.696459e-01 -1.912748e-01 9.300627e-01 5.399366e-02 -1.189219e-01 -1.984926e-01 -3.754849e-01 -2.548459e-01 1.648615e-02 -7.104769e-02 2.689638e-01 3.646235e-01 2.816934e-01 3.268251e-01 1.131472e-02 -3.208023e-01 -1.243080e-01 
-1.559135e+01 2.486303e+00 5.237432e-01 1.444331e+00 9.239807e-01 -1.480438e+00 -3.676748e+00 -1.094805e+00 -4.752917e-02 4.591026e+00 -1.209674e-01 1.069607e+00 8.010093e+00 -3.283510e-02 -4.472330e-01 -7.968118e-01 -3.764446e-01 8.219724e-01 3.519152e-01 -5.068571e-01 -6.892104e-02 1.895342e-01 9.881958e-01 -5.121244e-01 -4.594064e-01 -1.566164e-01 -1.756501e-02 -5.837314e-02 -3.253750e-01 -1.756912e-01 -1.839580e-01 2.350167e-01 6.851941e-01 5.086241e-01 2.664343e-01 -3.044273e-02 1.152266e-01 -2.195748e-01 -5.116430e-02 
-1.494105e+01 2.347096e+00 2.157926e+00 1.398546e+00 1.894202e+00 7.762299e-01 -3.403440e+00 -3.475870e-01 1.326137e+00 2.347366e+00 3.833247e+00 7.894678e+00 8.418462e+00 1.460465e-01 -1.452456e-02 -6.181476e-01 -6.108523e-01 3.519657e-01 7.660863e-01 1.177498e+00 7.033644e-01 5.915999e-01 8.137392e-01 -5.358910e-01 -8.641558e-01 -5.218213e-02 1.895022e-02 7.475919e-02 -1.660324e-01 -2.495989e-02 -2.786699e-01 6.445311e-03 5.950031e-01 2.474917e-01 -9.217294e-03 -1.342691e-01 -9.100623e-02 -5.758248e-01 2.267982e-02 
-1.356452e+01 3.553213e+00 -1.340097e+00 3.556398e+00 1.021926e+00 5.623019e+00 6.006556e-01 3.087716e+00 1.375743e+00 3.519183e+00 -5.132594e+00 -2.047445e+00 8.012118e+00 3.085376e-01 1.123003e-01 -4.787251e-01 -2.626263e-01 4.761709e-02 6.195451e-01 8.804818e-01 3.516944e-01 1.041468e-01 -2.606230e-02 -6.720608e-01 -1.205375e+00 8.675524e-02 4.202077e-03 9.677795e-02 8.444764e-02 -4.380344e-03 -2.173596e-01 -2.419180e-01 1.112327e-01 -9.893190e-02 -1.497359e-01 -1.873906e-01 -1.387515e-02 -2.945519e-01 5.024910e-02 
-1.434618e+01 2.814543e+00 -5.274855e-01 5.537888e-01 1.406527e+00 1.337015e+00 -6.509790e-01 3.266245e-01 7.577378e-01 3.756289e+00 -1.042949e+00 -6.731474e-01 8.435336e+00 4.074574e-02 1.956276e-02 -4.557822e-01 -4.692243e-01 -5.918315e-02 -3.164556e-01 4.253663e-01 -1.412181e-01 -1.754766e-01 3.054576e-01 -5.663319e-01 -1.576124e+00 4.572164e-02 -4.785510e-02 -2.438675e-03 3.475530e-02 7.682330e-03 -9.289663e-02 -3.101240e-01 -1.959223e-01 -2.182152e-01 -1.813761e-01 -6.848186e-02 4.479573e-03 -1.794645e-01 1.547051e-02 
