-7.917340180232026602e-05
3.592015362992544494e-03
2.155542563802872666e-02
3.300395050630970661e-02
4.157606686882170388e-02
4.905375982953032871e-02
5.447619963359261880e-02
5.450557070081449990e-02
5.538253264119692709e-02
5.197785114207709167e-02
5.699291040274484521e-02
5.023793583408771996e-02
5.474285970278888053e-02
5.216663054665223592e-02
4.804506393080217042e-02
5.066705688108593536e-02
5.425175945874816108e-02
6.583393654667853145e-02
5.750354059324295358e-02
5.337479640635404976e-02
4.780916248289668324e-02
4.320471497139415085e-02
4.448463853754719421e-02
5.344942250803233486e-02
4.690625543707551554e-02
4.329532247918257970e-02
4.062859607937727852e-02
4.210283831908103597e-02
4.377485545813596807e-02
4.214004447839794776e-02
3.934384067488261999e-02
4.183413228757441177e-02
4.313701084859229012e-02
4.302614728237639380e-02
4.836473650083267239e-02
4.408865621200071944e-02
4.338105112997485413e-02
4.567262350445060182e-02
4.667646793533811178e-02
4.251199796741593484e-02
4.275610669348218346e-02
3.847685190056206184e-02
3.739024977560489321e-02
3.809003217757683801e-02
4.225237312567967085e-02
4.357349582831922946e-02
4.833863662933893246e-02
4.549563893271870579e-02
4.441133290180902804e-02
4.451878883369442957e-02
4.648146088336398835e-02
4.522724684387643274e-02
4.574670141260965550e-02
4.765877360667961776e-02
4.346920236353083583e-02
4.552574789330554594e-02
4.943434811639793591e-02
4.854987638623604190e-02
4.605881818045215459e-02
4.550991704586415665e-02
4.320310682438109617e-02
4.339100067208243733e-02
4.324196256402720179e-02
4.264750179546757114e-02
4.844272625852776015e-02
4.650024800758926352e-02
4.736523686394367161e-02
4.880030839065058884e-02
4.966129691724148476e-02
4.725892836899461824e-02
4.747771902088630813e-02
4.572189673708258045e-02
4.598312606091785326e-02
4.315017359742264608e-02
4.379238428145682677e-02
4.307483235889050799e-02
4.250975960005366067e-02
4.314025770353148437e-02
4.250402543811125644e-02
4.748239400289329393e-02
4.289392268382076490e-02
4.447728797909761972e-02
4.800528425837437274e-02
4.860924036601948356e-02
5.008525002354314443e-02
5.049254873073379113e-02
5.192066791593333286e-02
5.035930341241569297e-02
4.853556320744463470e-02
5.025640498964860370e-02
4.727411032430850479e-02
4.771776884351695142e-02
4.623724684257225076e-02
4.712442077351381570e-02
4.989673038374039388e-02
5.068206204512076124e-02
4.886284997088029963e-02
4.926347727029484896e-02
5.110576305446498657e-02
5.072176527298594140e-02
