iter0:: 0:(16, 6, 7, 16, 6) 1:(4, 16, 11, 2, 7) 2:(25, 11, 7, 5) 3:(4, 7, 11, 20) 4:(12, 9, 14, 12, 23, 4) 5:(16, 17, 7, 11, 28, 11, 7) 6:(4, 7) 7:(18,) 8:(29, 5, 14, 11, 7) 9:(4, 7) 10:(4, 20, 23, 29, 7) 11:(2, 7, 16, 11, 28) 12:(26, 7, 11, 7) 13:(26, 16, 11, 18, 9, 5) 14:(10, 17, 18, 17) 15:(14, 7) 16:(10,) 17:(26, 28) 18:(4, 16, 11) 19:(14, 21, 11, 20, 5, 8) 20:(4, 16, 11) 21:(26, 11, 16) 22:(4, 11, 7) 23:(26, 20, 16, 11) 24:(26, 11, 7, 16) 25:(16, 11, 7, 5, 16) 26:(27, 14, 16) 27:(27, 20, 14, 5) 28:(27, 20, 11) 29:(4, 16, 11, 2, 11, 5, 14, 7) 
iter1:: 0:(10, 17, 16) 1:(18, 17, 18) 2:(10,) 3:(10, 17, 18, 17) 4:(18, 10, 17, 18, 17) 5:(10, 7, 18, 17) 6:(10, 17) 7:(18,) 8:(10, 16) 9:(18, 17, 18, 17, 10) 10:(28, 7, 18) 11:(18, 17) 12:(10, 17, 10, 7, 18, 17, 10) 13:(18,) 14:(17, 18, 17) 15:(18, 17, 7, 10, 7, 17, 18, 17, 18) 16:(10,) 17:(17, 18, 17, 18) 18:(10, 17, 18, 17) 19:(17, 12, 10, 17) 20:(10, 17) 21:(10, 17, 18, 17) 22:(17, 18) 23:(16, 17) 24:(17, 12, 10) 25:(10, 17, 7) 26:(18, 17) 27:(16, 17, 18, 17, 16, 17) 28:(10, 7, 18, 17) 29:(10, 17, 18) 
iter2:: 0:(10, 17, 16) 1:(18, 17, 18) 2:(10,) 3:(10, 17, 18, 17) 4:(17, 16) 5:(10, 7, 18, 17) 6:(10, 7) 7:(18,) 8:(10, 16, 10) 9:(18, 17, 18, 17, 10) 10:(18, 17, 18, 17, 7) 11:(18, 17, 18, 17) 12:(10,) 13:(18,) 14:(17, 18, 17) 15:(10, 17, 7) 16:(10,) 17:(18,) 18:(10, 17, 18, 17) 19:(17, 10, 7) 20:(10, 17) 21:(10, 17, 18, 7, 17) 22:(17, 18) 23:(16, 7) 24:(17, 10) 25:(10, 7) 26:(18, 7, 17) 27:(16, 7, 18, 17, 18, 17, 16, 17) 28:(10, 7, 18, 17) 29:(10, 17, 18) 
iter3:: 0:(17, 16) 1:(18, 17, 18, 17, 18) 2:(17,) 3:(10, 17, 18, 17) 4:(10, 17, 10, 7) 5:(10, 7, 18, 17) 6:(10, 7) 7:(18,) 8:(10, 16, 10) 9:(18, 17, 18, 17, 10) 10:(18, 17, 18, 17, 7, 17) 11:(18, 17, 18, 17) 12:(17, 10) 13:(18,) 14:(17, 18, 17) 15:(18, 7, 18, 2) 16:(10,) 17:(10, 7, 17) 18:(10, 17, 18, 17) 19:(17, 10, 7) 20:(10, 17) 21:(10, 17, 18, 7, 17) 22:(17, 18) 23:(16, 7) 24:(17, 10) 25:(10, 7) 26:(18, 7, 17) 27:(16, 7, 18, 17, 18, 17, 10, 16) 28:(10, 7, 18, 17) 29:(10, 17, 18) 
iter4:: 0:(17, 16) 1:(18, 17, 18, 17, 18) 2:(17,) 3:(10, 17, 18, 17) 4:(17, 18, 17) 5:(10, 7, 18, 17) 6:(10, 7) 7:(18,) 8:(10, 16, 10) 9:(18, 17, 18, 17, 10) 10:(18, 17, 18, 17, 7, 17) 11:(18, 17, 18, 17) 12:(17, 10, 16) 13:(18,) 14:(17, 18, 17) 15:(10, 7, 18) 16:(10,) 17:(10, 7, 17) 18:(10, 17, 10, 7, 17) 19:(17, 10, 7) 20:(10, 17) 21:(10, 17, 18, 7, 17) 22:(17, 18) 23:(16, 7) 24:(17, 10) 25:(10, 7) 26:(18, 7, 17) 27:(16, 7, 18, 17, 18, 17, 10, 16) 28:(10, 7, 18, 17) 29:(10, 17, 18) 
iter5:: 0:(17, 16) 1:(18, 17, 18, 17, 18) 2:(17,) 3:(10, 17, 18, 17) 4:(10, 18, 17, 18, 17, 10) 5:(10, 7, 18, 17) 6:(10, 7) 7:(18,) 8:(10, 16, 10) 9:(18, 17, 18, 17, 10) 10:(18, 17, 18, 17, 7, 17) 11:(18, 17, 18, 17) 12:(17, 10, 16) 13:(18,) 14:(17, 18, 17) 15:(18, 17, 18, 7, 17, 10, 7) 16:(10,) 17:(10, 7, 17) 18:(18, 7, 17) 19:(17, 10, 7) 20:(10, 17) 21:(10, 17, 18, 7, 17) 22:(17, 18) 23:(16, 7) 24:(17, 10) 25:(10, 7) 26:(18, 7, 17) 27:(16, 7, 18, 17, 18, 17, 10, 16) 28:(10, 7, 18, 17) 29:(10, 17, 18) 
iter6:: 0:(17, 16) 1:(18, 17, 18, 17, 18) 2:(17,) 3:(10, 17, 18, 17) 4:(17, 18, 7, 17) 5:(10, 7, 18, 17) 6:(10, 7) 7:(18,) 8:(10, 16, 10) 9:(18, 17, 18, 17, 10) 10:(18, 17, 18, 17, 7, 17) 11:(18, 17, 18, 17) 12:(17, 10, 16) 13:(18,) 14:(17, 18, 17) 15:(16, 10, 7) 16:(10,) 17:(10, 7, 17) 18:(18, 17) 19:(17, 10, 7) 20:(10, 17) 21:(10, 17, 18, 7, 17) 22:(17, 18) 23:(16, 7) 24:(17, 10) 25:(10, 7) 26:(18, 7, 17) 27:(16, 7, 18, 17, 18, 17, 10, 16) 28:(10, 7, 18, 17, 12) 29:(10, 17, 18) 
iter7:: 0:(17, 16) 1:(18, 17, 18, 17, 18) 2:(17,) 3:(10, 17, 18, 17) 4:(16, 7, 18) 5:(10, 7, 18, 17) 6:(10, 7) 7:(18,) 8:(10, 16, 10) 9:(18, 17, 18, 17, 10) 10:(18, 17, 18, 17, 7, 17) 11:(18, 17, 18, 17) 12:(17, 10, 16) 13:(18,) 14:(17, 18, 17) 15:(9, 7, 18) 16:(10,) 17:(10, 7, 17) 18:(18, 17) 19:(17, 10, 7) 20:(10, 17) 21:(10, 17, 18, 7, 17) 22:(17, 18) 23:(16, 7) 24:(17, 10) 25:(10, 7) 26:(18, 7, 17) 27:(16, 7, 18, 17, 18, 17, 10, 16) 28:(10, 7, 18, 17, 12) 29:(10, 17, 18) 
iter8:: 0:(17, 10, 17, 16) 1:(18, 17, 18, 17, 18) 2:(17,) 3:(10, 17, 18, 17) 4:(16, 7, 18) 5:(10, 7, 18, 17, 12) 6:(10, 7) 7:(18,) 8:(10, 16, 10) 9:(18, 17, 18, 17, 10) 10:(18, 17, 18, 17, 7, 17) 11:(18, 17, 18, 17) 12:(17, 10, 16) 13:(18,) 14:(17, 18, 17) 15:(16,) 16:(10,) 17:(10, 7, 17) 18:(18, 17) 19:(17, 10, 7) 20:(10, 17) 21:(10, 17, 18, 7, 17) 22:(17, 18) 23:(16, 7) 24:(17, 10) 25:(10, 7) 26:(18, 7, 17) 27:(16, 7, 18, 17, 18, 17, 10, 16) 28:(10, 7, 18, 17, 12) 29:(10, 17, 18) 
iter9:: 0:(17, 10, 17, 16) 1:(18, 17, 18, 17, 18) 2:(17,) 3:(10, 17, 18, 17) 4:(16, 7, 18) 5:(10, 7, 18, 17, 12) 6:(10, 7) 7:(18,) 8:(10, 16, 10) 9:(18, 17, 18, 17, 10) 10:(18, 17, 18, 17, 7, 17) 11:(18, 17, 18, 17) 12:(17, 10, 16) 13:(18,) 14:(17, 18, 17) 15:(10, 7, 17, 18) 16:(10,) 17:(10, 7, 17) 18:(18, 17) 19:(17, 10, 7) 20:(10, 17) 21:(10, 17, 18, 7, 17) 22:(17, 18) 23:(16, 7) 24:(17, 10) 25:(10, 7) 26:(18, 7, 17) 27:(16, 7, 18, 17, 18, 17, 10, 16) 28:(10, 7, 18, 17, 12) 29:(10, 17, 18) 
iter10:: 0:(17, 10, 16) 1:(18, 17, 18, 17, 18) 2:(17,) 3:(10, 17, 18, 17) 4:(16, 7, 18) 5:(10, 7, 18, 17, 12) 6:(10, 7) 7:(18,) 8:(10, 16, 10) 9:(18, 17, 18, 17, 10) 10:(18, 17, 18, 17, 7, 17) 11:(18, 17, 18, 17) 12:(17, 10, 16) 13:(18,) 14:(17, 18, 17) 15:(17, 18, 17, 7) 16:(10,) 17:(10, 7, 17) 18:(18, 17) 19:(17, 10, 7) 20:(10, 17) 21:(10, 17, 18, 7, 17) 22:(17, 18) 23:(16, 7) 24:(17, 10) 25:(10, 7) 26:(18, 7, 17) 27:(16, 7, 18, 17, 18, 17, 10, 16) 28:(10, 7, 18, 17, 12) 29:(10, 17, 18) 
iter11:: 0:(17, 10, 16) 1:(18, 17, 18) 2:(17,) 3:(10, 17, 18, 17) 4:(16, 7, 18) 5:(10, 7, 18, 17, 12) 6:(10, 7) 7:(18,) 8:(10, 16, 10) 9:(18, 17, 18, 17, 10) 10:(18, 17, 12, 18, 17, 7, 17) 11:(18, 17, 18, 17) 12:(17, 10, 16) 13:(18,) 14:(17, 18, 17) 15:(17, 18, 7, 17, 7) 16:(10,) 17:(10, 7, 17) 18:(18, 17) 19:(17, 10, 7) 20:(10, 17) 21:(10, 17, 18, 7, 17) 22:(17, 18) 23:(16, 7) 24:(17, 10) 25:(10, 7) 26:(18, 7, 17) 27:(16, 7, 18, 17, 18, 17, 10, 16) 28:(10, 7, 18, 17, 12) 29:(10, 17, 18) 
iter12:: 0:(18,) 1:(18, 17, 18) 2:(17,) 3:(10, 17, 18, 17) 4:(16, 7, 18) 5:(10, 7, 18, 17, 12) 6:(10, 7) 7:(18,) 8:(10, 16, 10) 9:(18, 17, 18, 17, 10) 10:(18, 17, 12, 18, 17, 7, 17) 11:(18, 17, 18, 17) 12:(17, 10, 16) 13:(18,) 14:(17, 18, 17) 15:(17, 18, 7, 17, 7) 16:(10,) 17:(10, 7, 17) 18:(18, 17) 19:(17, 10, 7) 20:(10, 17) 21:(10, 17, 18, 7, 17) 22:(17, 18) 23:(16, 7) 24:(17, 10) 25:(10, 7) 26:(18, 7, 17) 27:(16, 7, 18, 17, 18, 17, 10, 16) 28:(12, 7, 18, 17, 12) 29:(10, 17, 18) 
iter13:: 0:(10, 7, 18, 7) 1:(17, 18, 7) 2:(17,) 3:(10, 17, 18, 17) 4:(16, 7, 18) 5:(10, 7, 18, 17, 12) 6:(10, 7) 7:(18,) 8:(10, 16, 10) 9:(18, 17, 18, 17, 10) 10:(18, 17, 12, 18, 17, 7, 17) 11:(18, 17, 18, 17) 12:(17, 10, 16) 13:(18,) 14:(17, 18, 17) 15:(17, 18, 17, 7, 17, 7) 16:(10,) 17:(10, 7, 17) 18:(18, 17) 19:(17, 10, 7) 20:(10, 17) 21:(10, 17, 18, 7, 17) 22:(17, 18) 23:(16, 7) 24:(17, 10) 25:(10, 7) 26:(18, 7, 17) 27:(16, 7, 18, 17, 18, 17, 10, 16) 28:(12, 7, 18, 17, 12) 29:(10, 17, 18) 
iter14:: 0:(17,) 1:(17, 18, 7) 2:(17,) 3:(10, 17, 18, 17) 4:(16, 7, 18) 5:(10, 17, 18, 17, 12) 6:(10, 7) 7:(18,) 8:(10, 16, 10) 9:(18, 17, 18, 17, 10) 10:(18, 17, 12, 18, 17, 7, 17) 11:(18, 17, 18, 17) 12:(17, 10, 16) 13:(18,) 14:(17, 18, 17) 15:(17, 18, 17, 7, 17, 7) 16:(10,) 17:(10, 7, 17) 18:(18, 17) 19:(17, 10, 7) 20:(10, 17) 21:(10, 17, 18, 7, 17) 22:(17, 18) 23:(16, 7, 18) 24:(17, 10) 25:(10, 7) 26:(18, 7, 17) 27:(16, 7, 18, 17, 18, 17, 10, 16) 28:(12, 7, 18, 17, 12) 29:(10, 17, 18) 
iter15:: 0:(17,) 1:(17, 18, 7) 2:(17,) 3:(10, 17, 18, 17) 4:(16, 7, 18) 5:(10, 7, 18, 17, 12) 6:(10, 7) 7:(18,) 8:(10, 16, 10) 9:(18, 17, 18, 17, 10, 7) 10:(18, 17, 12, 18, 17, 7, 17) 11:(18, 17, 18, 17) 12:(17, 10, 16) 13:(18,) 14:(17, 18, 17) 15:(17, 18, 17, 7, 17, 7) 16:(10,) 17:(10, 7, 17) 18:(18, 17) 19:(17, 10, 7) 20:(10, 17) 21:(10, 17, 18, 7, 17) 22:(17, 18) 23:(16, 7, 18) 24:(17, 10) 25:(10, 7) 26:(18, 7, 17) 27:(16, 7, 18, 17, 18, 17, 10, 16) 28:(12, 7, 18, 17, 12) 29:(10, 17, 18) 
iter16:: 0:(18, 7, 18) 1:(17, 18, 7) 2:(17,) 3:(10, 17, 18, 17) 4:(16, 7, 18) 5:(12, 7, 18, 17, 12) 6:(10, 7) 7:(18,) 8:(10, 16, 10) 9:(18, 17, 10) 10:(18, 17, 12, 18, 17, 7, 17) 11:(18, 17, 18, 17) 12:(17, 10, 16) 13:(18,) 14:(17, 18, 17) 15:(17, 18, 17, 7, 17, 7) 16:(10,) 17:(10, 7, 17) 18:(18, 17) 19:(17, 10, 7) 20:(10, 17) 21:(10, 17, 18, 7, 17) 22:(17, 18) 23:(16, 7, 18, 7) 24:(17, 10) 25:(10, 7) 26:(18, 7, 17) 27:(16, 7, 18, 17, 18, 17, 10, 16) 28:(12, 7, 18, 17, 12) 29:(10, 17, 18) 
iter17:: 0:(17, 18) 1:(17, 18, 7) 2:(17,) 3:(10, 17, 18, 17) 4:(16, 7, 18, 7) 5:(12, 7, 18, 17, 12) 6:(10, 7) 7:(18,) 8:(10, 16, 10) 9:(18, 17, 10) 10:(18, 17, 10, 18, 17, 7, 17) 11:(18, 17, 18, 17) 12:(17, 10, 16) 13:(18,) 14:(17, 18, 17) 15:(17, 18, 17, 7, 17, 7) 16:(10,) 17:(10, 7, 17) 18:(18, 17) 19:(17, 10, 7) 20:(10, 17) 21:(10, 17, 18, 7, 17) 22:(17, 18) 23:(16, 7, 18, 7) 24:(17, 10) 25:(10, 7) 26:(18, 7, 17) 27:(16, 7, 18, 17, 18, 17, 10, 16) 28:(12, 7, 18, 17, 12) 29:(10, 17, 18) 
iter18:: 0:(17,) 1:(17, 18, 7) 2:(17,) 3:(10, 17, 18, 17) 4:(16, 7, 18, 7) 5:(12, 7, 18, 17, 12) 6:(10, 7) 7:(18,) 8:(10, 16, 10) 9:(18, 17, 10) 10:(17, 10, 17, 7, 17) 11:(18, 17, 18, 17) 12:(17, 10, 16) 13:(18,) 14:(17, 18, 17) 15:(17, 18, 17, 7, 17, 7) 16:(10,) 17:(10, 7, 17) 18:(18, 17) 19:(17, 10, 7) 20:(12, 10, 17) 21:(10, 17, 18, 7, 17) 22:(17, 18) 23:(16, 7, 18, 7) 24:(17, 10) 25:(10, 7) 26:(18, 7, 17) 27:(16, 7, 18, 17, 18, 17, 10, 16) 28:(12, 7, 18, 17, 12) 29:(10, 17, 18) 
iter19:: 0:(7, 18, 17) 1:(17, 18, 7) 2:(17,) 3:(10, 17, 18, 17) 4:(16, 7, 18, 7) 5:(12, 7, 18, 17, 12) 6:(10, 7) 7:(18,) 8:(10, 16, 10) 9:(18, 17, 10) 10:(17, 10, 17, 7, 17) 11:(18, 17, 18, 17) 12:(17, 10, 16) 13:(18,) 14:(17, 18, 17) 15:(17, 18, 7, 17, 7) 16:(10,) 17:(10, 7, 17) 18:(18, 17) 19:(17, 10, 7) 20:(12, 10, 17) 21:(10, 17, 18, 7, 17) 22:(17, 18) 23:(16, 7, 18, 7) 24:(17, 10) 25:(10, 7) 26:(18, 7, 17) 27:(16, 7, 18, 17, 18, 17, 10, 16) 28:(12, 7, 18, 17, 10, 12) 29:(10, 17, 18) 
iter20:: 0:(10, 7, 17, 18) 1:(17, 18, 7) 2:(17,) 3:(10, 17, 18, 17) 4:(16, 7, 18, 7) 5:(12, 7, 18, 17, 12) 6:(10, 7) 7:(18,) 8:(10, 12, 10, 16, 10) 9:(18, 17, 10) 10:(17, 10, 17, 7, 17) 11:(18, 17, 18, 17) 12:(17, 10, 16) 13:(18,) 14:(17, 18, 17) 15:(17, 18, 7, 17, 7) 16:(10,) 17:(10, 7, 17) 18:(18, 17) 19:(17, 12, 10, 7) 20:(12, 10, 17) 21:(10, 17, 18, 7, 17) 22:(17, 18) 23:(16, 7, 18, 7) 24:(17, 10) 25:(10, 7) 26:(18, 7, 17) 27:(16, 7, 18, 17, 18, 17, 16) 28:(12, 10, 7, 18, 17, 10, 12) 29:(10, 17, 18) 
iter21:: 0:(10, 7, 17) 1:(17, 18, 7) 2:(17,) 3:(10, 17, 18, 17) 4:(16, 7, 18, 7) 5:(12, 7, 18, 17, 12) 6:(10, 7) 7:(18,) 8:(10, 12, 10, 16, 10) 9:(18, 17, 10) 10:(17, 10, 17, 7, 17) 11:(18, 17, 18, 17) 12:(17, 10, 16) 13:(18,) 14:(17, 18, 17) 15:(17, 18, 7, 17, 7) 16:(10,) 17:(10, 7, 17) 18:(18, 17) 19:(17, 12, 10, 7) 20:(12, 10, 17) 21:(10, 17, 18, 7, 17) 22:(17, 18) 23:(16, 7, 18, 7) 24:(17, 10) 25:(10, 7) 26:(18, 7, 17) 27:(16, 7, 18, 17, 18, 17, 16) 28:(12, 10, 7, 18, 17, 10, 12) 29:(10, 17, 18) 
iter22:: 0:(10, 16, 10, 7, 18, 7, 18, 17) 1:(17, 18, 7) 2:(17,) 3:(10, 17, 18, 17) 4:(16, 7, 18, 7) 5:(12, 10, 7, 18, 17, 10, 12) 6:(10, 7) 7:(18,) 8:(10, 12, 10, 16, 10) 9:(18, 17, 10) 10:(17, 10, 17, 7, 17) 11:(18, 17, 18, 17) 12:(17, 10, 16) 13:(18,) 14:(17, 18, 17) 15:(17, 18, 7, 17, 7) 16:(10,) 17:(10, 7, 17) 18:(18, 17) 19:(10, 12, 10, 7) 20:(12, 10, 17) 21:(10, 17, 18, 7, 17) 22:(17, 18) 23:(16, 7, 18, 7) 24:(17, 10) 25:(10, 7) 26:(18, 7, 17) 27:(16, 7, 18, 17, 18, 17, 16) 28:(12, 10, 7, 18, 17, 10) 29:(10, 17, 18) 
iter23:: 0:(17, 12, 7, 17, 18, 17) 1:(17, 18, 7) 2:(17,) 3:(10, 17, 18, 17) 4:(16, 10, 7, 18, 7) 5:(12, 10, 7, 18, 17, 10, 12) 6:(10, 7) 7:(18,) 8:(10, 12, 10, 16, 10) 9:(18, 17, 10) 10:(17, 10, 17, 7, 17) 11:(18, 17, 18, 17) 12:(17, 10, 16) 13:(18,) 14:(17, 18, 17) 15:(17, 18, 7, 17, 7) 16:(10,) 17:(10, 7, 17) 18:(18, 17) 19:(10, 12, 10, 7) 20:(12, 10, 17) 21:(10, 17, 18, 7, 17) 22:(17, 18) 23:(16, 10, 7, 18, 7) 24:(17, 10) 25:(10, 7) 26:(18, 7, 17) 27:(16, 10, 7, 18, 17, 18, 17, 10, 16) 28:(12, 10, 7, 18, 17, 10) 29:(10, 17, 18) 
iter24:: 0:(17, 18, 7, 18) 1:(17, 18, 7) 2:(17,) 3:(10, 17, 18, 17) 4:(16, 10, 7, 18, 7) 5:(12, 10, 7, 18, 17, 10, 12) 6:(10, 7) 7:(18,) 8:(10, 12, 10, 16) 9:(18, 17, 10) 10:(17, 10, 17, 7, 17) 11:(18, 17, 18, 17) 12:(17, 16) 13:(18,) 14:(17, 18, 17) 15:(17, 16) 16:(10,) 17:(10, 7, 17) 18:(18, 17) 19:(10, 12, 10, 7) 20:(12, 10, 17) 21:(10, 17, 18, 7, 17) 22:(17, 18) 23:(16, 10, 7, 18, 7) 24:(17, 10) 25:(10, 7) 26:(18, 7, 17) 27:(16, 10, 7, 18, 17, 18, 17, 10, 16) 28:(12, 10, 7, 18, 17, 10) 29:(12, 10, 12, 17, 18) 
iter25:: 0:(17, 10, 17, 7, 18, 17) 1:(17, 18, 7) 2:(17,) 3:(10, 17, 18, 17) 4:(16, 10, 7, 18, 7) 5:(12, 10, 7, 18, 17, 12) 6:(10, 7) 7:(18,) 8:(10, 16) 9:(18, 17, 10) 10:(17, 10, 17, 7, 17) 11:(18, 17, 18, 17) 12:(17, 16) 13:(18,) 14:(17, 18, 17) 15:(18, 17, 16, 7) 16:(10,) 17:(10, 7, 17) 18:(18, 17) 19:(10, 12, 10, 7) 20:(10, 12, 10, 17) 21:(10, 17, 18, 7, 17) 22:(17, 18) 23:(16, 10, 7, 18, 7) 24:(17, 10) 25:(10, 7) 26:(18, 7, 17) 27:(16, 10, 7, 18, 17, 18, 17, 10, 16) 28:(10, 12, 10, 7, 18, 17, 10, 12) 29:(12, 10, 12, 17, 18) 
iter26:: 0:(10, 12, 10) 1:(17, 18, 7) 2:(17,) 3:(10, 17, 18, 17) 4:(16, 10, 7, 18, 7) 5:(12, 10, 7, 18, 17, 10, 12) 6:(10, 7) 7:(18,) 8:(10, 16) 9:(18, 17, 10) 10:(17, 10, 17, 7, 17) 11:(18, 17, 18, 17) 12:(17, 16) 13:(18,) 14:(17, 18, 17) 15:(12, 7, 17, 18) 16:(10,) 17:(10, 7, 17) 18:(18, 17) 19:(10, 12, 10, 7) 20:(10, 12, 10, 17) 21:(10, 17, 18, 7, 17) 22:(17, 18) 23:(16, 10, 7, 18, 7) 24:(17, 10) 25:(10, 7) 26:(18, 7, 17) 27:(16, 10, 18, 17, 18, 17, 10, 16) 28:(10, 12, 10, 7, 18, 17, 10, 12) 29:(12, 10, 12, 17, 18) 
iter27:: 0:(10, 12, 10) 1:(17, 18, 7) 2:(17,) 3:(10, 17, 18, 17) 4:(16, 10, 7, 18, 7) 5:(12, 10, 7, 18, 17, 10, 12) 6:(10, 7) 7:(18,) 8:(10, 16) 9:(18, 17, 10) 10:(17, 10, 17, 7, 17) 11:(18, 17, 18, 17) 12:(17, 16) 13:(18,) 14:(17, 18, 17) 15:(17, 7, 18) 16:(10,) 17:(10, 7, 17) 18:(18, 17) 19:(10, 12, 10, 7) 20:(10, 12, 10, 17) 21:(10, 17, 18, 7, 17) 22:(17, 18) 23:(16, 10, 7, 18, 7) 24:(17, 10) 25:(10, 7) 26:(18, 7, 17) 27:(16, 10, 18, 17, 18, 17, 10, 12, 10, 16) 28:(10, 12, 10, 7, 18, 17, 10, 12) 29:(12, 10, 12, 17, 18) 
iter28:: 0:(10, 12, 10) 1:(17, 18, 7) 2:(17,) 3:(10, 17, 18, 17) 4:(16, 10, 7, 18, 7) 5:(12, 10, 12, 10, 7, 18, 17, 10, 12) 6:(10, 7) 7:(18,) 8:(10, 16) 9:(18, 17, 10) 10:(17, 10, 17, 7, 17) 11:(18, 17, 18, 17) 12:(17, 16) 13:(18,) 14:(17, 18, 17) 15:(10, 12, 10) 16:(10,) 17:(10, 7, 17) 18:(18, 17) 19:(10, 12, 10, 7) 20:(10, 12, 10, 17) 21:(10, 17, 18, 7, 17) 22:(17, 18) 23:(16, 10, 7, 18, 7) 24:(17, 10) 25:(10, 7) 26:(18, 7, 17) 27:(16, 10, 18, 17, 18, 17, 10, 12, 16) 28:(10, 12, 10, 7, 18, 17, 10, 12) 29:(12, 10, 12, 17, 18) 
iter29:: 0:(10, 12, 10) 1:(17, 18, 7) 2:(17,) 3:(10, 17, 18, 17) 4:(16, 10, 7, 18, 7) 5:(12, 10, 18, 17, 10, 12) 6:(10, 7) 7:(18,) 8:(10, 16) 9:(18, 17, 10) 10:(17, 10, 17, 7, 17) 11:(18, 17, 18, 17) 12:(17, 16) 13:(18,) 14:(17, 18, 17) 15:(10, 7, 18, 7) 16:(10,) 17:(10, 7, 17) 18:(18, 17) 19:(10, 12, 10, 7) 20:(10, 12, 10, 17) 21:(10, 17, 18, 7, 17) 22:(17, 18) 23:(16, 10, 7, 18, 7) 24:(17, 10) 25:(10, 7) 26:(18, 7, 17) 27:(16, 10, 18, 17, 18, 17, 10, 16) 28:(10, 12, 10, 7, 18, 17, 10, 12) 29:(12, 10, 12, 17, 18) 
iter30:: 0:(10, 12, 10) 1:(17, 18, 7) 2:(17,) 3:(10, 17, 18, 17) 4:(16, 10, 7, 18, 7) 5:(12, 10, 18, 17, 10, 12) 6:(10, 7) 7:(18,) 8:(10, 16) 9:(18, 17, 10) 10:(17, 10, 17, 7, 17) 11:(18, 17, 18, 17) 12:(17, 16) 13:(18,) 14:(17, 18, 17) 15:(10, 16, 10, 16, 10) 16:(10,) 17:(10, 7, 17) 18:(18, 17) 19:(10, 12, 10, 7) 20:(10, 12, 10, 17) 21:(10, 17, 18, 7, 17) 22:(17, 18) 23:(16, 10, 7, 18, 7) 24:(17, 10) 25:(10, 7) 26:(18, 7, 17) 27:(16, 10, 18, 17, 18, 17, 10, 12, 16) 28:(10, 12, 10, 17, 18, 17, 10, 12) 29:(12, 10, 12, 17, 18) 
iter31:: 0:(10, 12, 10) 1:(17, 18, 7) 2:(17,) 3:(10, 17, 18, 17) 4:(16, 10, 7, 18, 7) 5:(10, 12, 10, 18, 17, 10, 12) 6:(10, 7) 7:(18,) 8:(10, 16) 9:(18, 17, 10) 10:(17, 10, 12, 10, 17, 7, 17) 11:(18, 17, 18, 17) 12:(17, 16) 13:(18,) 14:(17, 18, 17) 15:(10, 12) 16:(10,) 17:(10, 7, 17) 18:(18, 17) 19:(10, 12, 10, 7) 20:(10, 12, 10, 17) 21:(10, 17, 18, 7, 17) 22:(17, 18) 23:(16, 10, 7, 18, 7) 24:(17, 10) 25:(10, 7) 26:(18, 7, 17) 27:(16, 10, 18, 17, 18, 17, 10, 12, 16) 28:(10, 12, 10, 17, 18, 17, 10, 12) 29:(12, 10, 12, 17, 18) 
iter32:: 0:(10, 12, 10) 1:(17, 18, 7) 2:(17,) 3:(10, 17, 18, 17) 4:(16, 10, 7, 18, 7) 5:(10, 12, 10, 18, 17, 10, 12) 6:(10, 7) 7:(18,) 8:(10, 16) 9:(18, 17, 10) 10:(17, 10, 12, 10, 17, 7, 10) 11:(18, 17, 18, 17) 12:(17, 16) 13:(18,) 14:(17, 18, 17) 15:(10, 12) 16:(10,) 17:(10, 7, 17) 18:(18, 17) 19:(10, 12, 10, 7) 20:(10, 12, 10, 17) 21:(10, 17, 18, 7, 17) 22:(17, 18) 23:(16, 10, 7, 18, 7) 24:(17, 10) 25:(10, 7) 26:(18, 7, 17) 27:(16, 10, 18, 17, 18, 17, 10, 12, 16) 28:(10, 12, 10, 17, 18, 17, 10, 12) 29:(12, 10, 12, 17, 18) 
iter33:: 0:(10, 12, 10) 1:(17, 18, 7) 2:(17,) 3:(10, 17, 18, 17) 4:(16, 10, 7, 18, 7) 5:(10, 12, 10, 18, 17, 10, 12) 6:(10, 7) 7:(18,) 8:(10, 16) 9:(18, 17, 10) 10:(17, 10, 12, 10, 17, 7, 10) 11:(18, 17, 18, 17) 12:(17, 16) 13:(18,) 14:(17, 18, 17) 15:(10, 12) 16:(10,) 17:(10, 7, 17) 18:(18, 17) 19:(10, 12, 10, 7) 20:(10, 12, 10, 17) 21:(10, 17, 18, 7, 17) 22:(17, 18) 23:(16, 10, 7, 18, 7) 24:(17, 10) 25:(10, 7) 26:(18, 7, 17) 27:(16, 10, 18, 17, 18, 17, 10, 12, 16) 28:(10, 12, 10, 17, 18, 17, 10, 12) 29:(12, 10, 12, 17, 18) 
iter34:: 0:(10, 12, 10) 1:(17, 18, 7) 2:(17,) 3:(10, 17, 18, 17) 4:(16, 10, 7, 18, 7) 5:(10, 12, 10, 18, 17, 10, 12, 10, 12) 6:(10, 7) 7:(18,) 8:(10, 16) 9:(18, 17, 10) 10:(17, 10, 12, 10, 17, 7, 17) 11:(18, 17, 18, 17) 12:(17, 16) 13:(18,) 14:(17, 18, 17) 15:(10, 12) 16:(10,) 17:(10, 7, 17) 18:(18, 17) 19:(10, 12, 10, 7) 20:(10, 12, 10, 17) 21:(10, 17, 18, 7, 17) 22:(17, 18) 23:(16, 10, 7, 18, 7) 24:(17, 10) 25:(10, 7) 26:(18, 7, 17) 27:(16, 10, 18, 17, 18, 17, 10, 12, 16) 28:(10, 12, 10, 17, 18, 17, 10, 12) 29:(12, 10, 12, 17, 18) 
iter35:: 0:(10, 12, 10) 1:(17, 18, 7) 2:(17,) 3:(10, 17, 18, 17) 4:(16, 10, 7, 18, 7) 5:(10, 12, 10, 18, 17, 10, 12, 10, 12) 6:(10, 7) 7:(18,) 8:(10, 16) 9:(18, 17, 10) 10:(17, 10, 12, 10, 17, 7, 17) 11:(18, 17, 18, 17) 12:(17, 16) 13:(18,) 14:(17, 18, 17) 15:(10, 12) 16:(10,) 17:(10, 7, 17) 18:(18, 17) 19:(10, 12, 10, 7) 20:(10, 12, 10, 17) 21:(10, 17, 18, 7, 17) 22:(17, 18) 23:(16, 10, 7, 18, 7) 24:(17, 10) 25:(10, 7) 26:(18, 7, 17) 27:(16, 10, 18, 17, 18, 17, 10, 12, 16) 28:(10, 12, 10, 17, 18, 17, 10, 12) 29:(12, 10, 12, 17, 18) 
iter36:: 0:(10, 12, 10) 1:(17, 18, 7) 2:(17,) 3:(10, 17, 18, 17) 4:(16, 10, 7, 18, 7) 5:(10, 12, 10, 18, 17, 10, 12, 10, 12) 6:(10, 7) 7:(18,) 8:(10, 16) 9:(18, 17, 10) 10:(17, 10, 12, 10, 17, 7, 17) 11:(18, 17, 18, 17) 12:(17, 16) 13:(18,) 14:(17, 18, 17) 15:(10, 12) 16:(10,) 17:(10, 7, 17) 18:(18, 17) 19:(10, 12, 10, 7) 20:(10, 12, 10, 17) 21:(10, 17, 18, 7, 17) 22:(17, 18) 23:(16, 10, 7, 18, 7) 24:(17, 10) 25:(10, 7) 26:(18, 7, 17) 27:(16, 10, 18, 17, 18, 17, 10, 16) 28:(10, 12, 10, 17, 18, 17, 10, 12) 29:(12, 10, 12, 17, 18) 
iter37:: 0:(10, 12, 10) 1:(17, 18, 7) 2:(17,) 3:(10, 17, 18, 17) 4:(16, 10, 7, 18, 7) 5:(10, 12, 10, 18, 10, 12, 10, 12) 6:(10, 7) 7:(18,) 8:(10, 16) 9:(18, 17, 10) 10:(17, 10, 12, 10, 17, 7, 17) 11:(18, 17, 18, 17) 12:(17, 16) 13:(18,) 14:(17, 18, 17) 15:(10, 12) 16:(10,) 17:(10, 7, 17) 18:(18, 17) 19:(10, 12, 10, 7) 20:(10, 12, 10, 17) 21:(10, 17, 18, 7, 17) 22:(17, 18) 23:(16, 10, 7, 18, 7) 24:(17, 10) 25:(10, 7) 26:(18, 7, 17) 27:(16, 10, 18, 17, 18, 17, 10, 12, 16) 28:(10, 12, 10, 17, 18, 17, 10, 12) 29:(12, 10, 12, 17, 18) 
iter38:: 0:(10, 12, 10) 1:(17, 18, 7) 2:(17,) 3:(10, 17, 18, 17) 4:(16, 10, 7, 18, 7) 5:(10, 12, 10, 18, 17, 10, 12, 10, 12) 6:(10, 7) 7:(18,) 8:(10, 16) 9:(18, 17, 10) 10:(17, 10, 12, 10, 17, 7, 17) 11:(10, 16) 12:(17, 16) 13:(18,) 14:(17, 18, 17) 15:(10, 12) 16:(10,) 17:(10, 7, 17) 18:(18, 17) 19:(10, 12, 10, 7) 20:(10, 12, 10, 17) 21:(10, 17, 18, 7, 17) 22:(17, 18) 23:(16, 10, 7, 18, 7) 24:(17, 10) 25:(10, 7) 26:(18, 7, 17) 27:(16, 10, 18, 17, 18, 17, 10, 12, 16) 28:(10, 12, 10, 17, 18, 17, 10, 12) 29:(12, 10, 12, 17, 18) 
iter39:: 0:(10, 12, 10) 1:(17, 18, 7) 2:(17,) 3:(10, 17, 18, 17) 4:(16, 10, 7, 18, 7) 5:(10, 12, 10, 18, 10, 12) 6:(10, 7) 7:(18,) 8:(10, 16) 9:(18, 17, 10) 10:(17, 10, 12, 10, 17, 7, 17) 11:(7, 17, 7, 17) 12:(17, 16) 13:(18,) 14:(17, 18, 17) 15:(10, 12) 16:(10,) 17:(10, 7, 17) 18:(18, 17) 19:(10, 12, 10, 7, 17) 20:(10, 12, 10, 17) 21:(10, 17, 18, 7, 17) 22:(17, 18) 23:(16, 10, 7, 18, 7) 24:(17, 10) 25:(10, 7) 26:(18, 7, 17) 27:(16, 10, 18, 17, 18, 17, 10, 12, 16) 28:(10, 12, 10, 17, 18, 17, 10, 12) 29:(12, 10, 12, 17, 18) 
iter40:: 0:(10, 12, 10) 1:(17, 18, 7) 2:(17,) 3:(10, 17, 18, 17) 4:(16, 10, 7, 18, 7) 5:(10, 12, 10, 18, 10, 12) 6:(10, 7) 7:(18,) 8:(10, 16) 9:(18, 17, 10) 10:(17, 10, 12, 10, 17, 7, 17) 11:(10, 12, 16, 7, 17) 12:(17, 16) 13:(18,) 14:(17, 18, 17) 15:(10, 12, 10, 12) 16:(10,) 17:(10, 7, 17) 18:(18, 17) 19:(10, 12, 10, 7, 17) 20:(10, 12, 10, 17) 21:(10, 17, 18, 7, 17) 22:(17, 18) 23:(16, 10, 7, 18, 7) 24:(17, 10) 25:(10, 7) 26:(18, 7, 17) 27:(16, 10, 18, 17, 18, 17, 10, 12, 16) 28:(10, 12, 10, 17, 18, 17, 10, 12) 29:(12, 10, 12, 17, 18) 
iter41:: 0:(10, 12, 10) 1:(17, 18, 7) 2:(17,) 3:(10, 17, 18, 17) 4:(16, 10, 7, 18, 7) 5:(10, 12, 10, 18, 17, 10, 12) 6:(10, 7) 7:(18,) 8:(10, 16) 9:(18, 17, 10) 10:(17, 12, 10, 17, 7, 10) 11:(10, 12, 10, 7, 17, 7, 17, 10) 12:(17, 16) 13:(18,) 14:(17, 18, 17) 15:(10, 12, 10, 12) 16:(10,) 17:(10, 7, 17) 18:(18, 17) 19:(10, 12, 10, 7, 17) 20:(10, 12, 10, 17) 21:(10, 17, 18, 7, 17) 22:(17, 18) 23:(16, 10, 7, 18, 7) 24:(7, 10) 25:(10, 7) 26:(18, 7, 17) 27:(16, 10, 18, 17, 18, 17, 10, 12, 16) 28:(10, 12, 10, 17, 18, 17, 10, 12) 29:(12, 10, 12, 17, 18) 
iter42:: 0:(10, 12, 10) 1:(17, 18, 7) 2:(17,) 3:(10, 17, 18, 17) 4:(16, 10, 7, 18, 7) 5:(10, 12, 10, 18, 17, 10, 12) 6:(10, 7) 7:(18,) 8:(10, 16) 9:(18, 17, 10) 10:(17, 10, 12, 10, 17, 7, 10) 11:(10, 12, 10, 12) 12:(17, 16) 13:(18,) 14:(17, 18, 17) 15:(10, 12, 10, 12) 16:(10,) 17:(10, 7, 17) 18:(18, 17) 19:(10, 12, 10, 7, 17) 20:(10, 12, 10, 17) 21:(10, 17, 18, 7, 17) 22:(17, 18) 23:(16, 10, 7, 18, 7) 24:(7, 10) 25:(10, 7) 26:(18, 7, 17, 7) 27:(16, 10, 18, 17, 18, 17, 10, 12, 16) 28:(10, 12, 10, 17, 18, 17, 10, 12) 29:(12, 10, 12, 17, 18) 
iter43:: 0:(10, 12, 10) 1:(17, 18, 7) 2:(17,) 3:(10, 17, 18, 17) 4:(16, 10, 7, 18, 7) 5:(10, 12, 10, 18, 17, 10, 12) 6:(10, 7) 7:(18,) 8:(10, 16) 9:(18, 17, 10) 10:(17, 10, 12, 10, 17, 7, 10) 11:(18, 7, 18, 7, 17) 12:(17, 16) 13:(18,) 14:(17, 18, 17) 15:(10, 12, 10, 12) 16:(10,) 17:(10, 7, 17) 18:(18, 17) 19:(10, 12, 10, 7, 17) 20:(10, 12, 10, 17) 21:(10, 7, 17, 18, 7, 17) 22:(17, 18) 23:(16, 10, 7, 18, 7) 24:(7, 10) 25:(10, 7) 26:(18, 7, 17, 7) 27:(16, 10, 18, 17, 18, 17, 10, 12, 16) 28:(10, 12, 10, 17, 18, 17, 10, 12) 29:(12, 10, 12, 17, 18) 
iter44:: 0:(10, 12, 10) 1:(17, 18, 7) 2:(17,) 3:(10, 17, 18, 17) 4:(16, 10, 7, 18, 7) 5:(10, 12, 10, 18, 17, 10, 12) 6:(10, 7) 7:(10, 18) 8:(10, 16) 9:(18, 17, 10) 10:(17, 10, 12, 10, 17, 7, 10) 11:(10, 16, 17, 18, 10, 12) 12:(17, 16) 13:(18,) 14:(17, 18, 17) 15:(10, 12, 10, 12, 10) 16:(10,) 17:(10, 7, 17) 18:(18, 17) 19:(10, 12, 10, 7, 17) 20:(10, 12, 10, 17) 21:(10, 7, 17, 18, 7, 17) 22:(17, 18) 23:(16, 10, 7, 18, 7) 24:(7, 10) 25:(10, 7) 26:(18, 7, 17, 7) 27:(16, 10, 18, 17, 18, 17, 10, 12, 16) 28:(10, 12, 10, 17, 18, 17, 10, 12) 29:(12, 10, 12, 17, 18) 
iter45:: 0:(10, 12, 10) 1:(17, 18, 10, 7) 2:(17,) 3:(10, 17, 18, 17) 4:(16, 10, 7, 18, 7) 5:(10, 12, 10, 18, 17, 10, 12) 6:(10, 7) 7:(10, 18) 8:(10, 16) 9:(18, 17, 10) 10:(17, 10, 12, 10, 17, 7, 10) 11:(7, 18) 12:(17, 16) 13:(18,) 14:(17, 18, 17) 15:(10, 12, 10, 12, 10) 16:(10,) 17:(10, 7, 17) 18:(18, 17, 10, 17) 19:(10, 12, 10, 7, 17) 20:(10, 12, 10, 17) 21:(10, 7, 17, 18, 7, 17) 22:(17, 18) 23:(16, 10, 7, 18, 7) 24:(7, 10) 25:(10, 7) 26:(18, 7, 17, 7) 27:(16, 10, 18, 17, 18, 17, 10, 12, 16) 28:(10, 12, 10, 17, 18, 17, 10, 12) 29:(12, 10, 12, 17, 18) 
iter46:: 0:(10, 12, 10) 1:(17, 18, 10, 7) 2:(17,) 3:(10, 17, 18, 17) 4:(16, 10, 7, 18, 7) 5:(10, 12, 10, 18, 17, 10, 12) 6:(10, 7) 7:(10, 18) 8:(10, 16) 9:(18, 17, 10) 10:(17, 10, 12, 10, 17, 7, 10) 11:(7, 18) 12:(17, 16) 13:(18,) 14:(17, 18, 17) 15:(10, 12, 10, 12, 10) 16:(10,) 17:(10, 7, 17) 18:(18, 17, 10, 17) 19:(10, 12, 10, 7, 17) 20:(10, 12, 10, 17) 21:(10, 7, 17, 10, 18, 7, 17) 22:(17, 18) 23:(16, 10, 7, 18, 7) 24:(7, 10) 25:(10, 7) 26:(18, 7, 17, 7) 27:(16, 10, 18, 17, 10, 18, 17, 10, 16) 28:(10, 12, 10, 17, 18, 17, 10, 12) 29:(12, 10, 12, 17, 18) 
iter47:: 0:(10, 12, 10) 1:(17, 18, 10, 7) 2:(17,) 3:(10, 17, 18, 17) 4:(16, 10, 7, 18, 7) 5:(10, 12, 10, 18, 17, 10, 12) 6:(10, 7) 7:(10, 18) 8:(10, 16) 9:(18, 17, 10) 10:(17, 10, 12, 10, 17, 7, 10) 11:(7, 18) 12:(17, 16) 13:(18,) 14:(17, 18, 17) 15:(10, 12, 10, 12, 10) 16:(10,) 17:(10, 7, 17) 18:(18, 17, 10, 17) 19:(10, 12, 10, 7, 17) 20:(10, 12, 10, 17) 21:(10, 7, 17, 18, 7, 17) 22:(17, 18) 23:(16, 10, 7, 18, 7) 24:(7, 10) 25:(10, 7) 26:(18, 7, 17, 7) 27:(16, 10, 18, 17, 18, 17, 10, 12, 16) 28:(10, 12, 10, 17, 18, 17, 10, 12) 29:(12, 10, 17, 18) 
iter48:: 0:(10, 12, 10) 1:(17, 10, 18, 10, 7) 2:(17,) 3:(10, 17, 18, 17) 4:(16, 10, 7, 18, 7) 5:(10, 12, 10, 18, 17, 10, 12) 6:(10, 7) 7:(10, 18) 8:(10, 16) 9:(18, 17, 10) 10:(17, 10, 12, 10, 17, 7, 10) 11:(7, 18) 12:(17, 16) 13:(18,) 14:(17, 18, 17) 15:(10, 12, 10, 12, 10) 16:(10,) 17:(10, 7, 17) 18:(18, 17, 10, 17) 19:(10, 12, 10, 7, 17) 20:(10, 12, 10, 17) 21:(10, 7, 17, 10, 18, 7, 17) 22:(17, 18) 23:(16, 10, 7, 18, 7) 24:(7, 10) 25:(10, 7) 26:(18, 7, 17, 7) 27:(16, 10, 18, 17, 18, 17, 10, 12, 16) 28:(10, 12, 10, 17, 18, 17, 10, 12) 29:(12, 10, 17, 18) 
iter49:: 0:(10, 12, 10) 1:(17, 10, 18, 7) 2:(17,) 3:(10, 17, 18, 17) 4:(16, 10, 7, 18, 7) 5:(10, 12, 10, 18, 17, 10, 12) 6:(10, 7) 7:(10, 18) 8:(10, 16) 9:(18, 17, 10) 10:(17, 10, 12, 10, 17, 7, 10) 11:(7, 18) 12:(17, 16) 13:(18,) 14:(17, 18, 17) 15:(10, 12, 10, 12, 10) 16:(10,) 17:(10, 7, 17) 18:(18, 17, 10, 17) 19:(10, 12, 10, 7, 17) 20:(10, 12, 10, 17) 21:(10, 7, 17, 10, 18, 7, 17) 22:(17, 18) 23:(16, 10, 7, 18, 7) 24:(7, 10) 25:(10, 7) 26:(18, 7, 17, 7) 27:(16, 10, 18, 17, 18, 17, 10, 12, 16) 28:(10, 12, 10, 17, 18, 17, 10, 12) 29:(12, 10, 17, 18) 
iter50:: 0:(10, 12, 10) 1:(17, 10, 18, 7) 2:(17,) 3:(10, 17, 18, 17) 4:(16, 10, 7, 18, 7) 5:(10, 12, 10, 18, 17, 10, 12) 6:(10, 7) 7:(10, 18) 8:(10, 16) 9:(18, 17, 10) 10:(17, 10, 12, 10, 17, 7, 10) 11:(7, 18) 12:(17, 16) 13:(18,) 14:(17, 7, 18, 17) 15:(10, 12, 10, 12, 10) 16:(10,) 17:(10, 7, 17) 18:(18, 17, 10, 17) 19:(10, 12, 10, 7, 17) 20:(10, 12, 10, 17) 21:(10, 7, 17, 10, 18, 7, 17) 22:(17, 18) 23:(16, 10, 7, 18, 7) 24:(7, 10) 25:(10, 7) 26:(18, 7, 17, 7) 27:(16, 10, 18, 17, 10, 18, 17, 10, 12, 16) 28:(10, 12, 10, 17, 18, 17, 10, 12) 29:(12, 10, 17, 18) 
iter51:: 0:(10, 12, 10) 1:(17, 10, 18, 7) 2:(17,) 3:(10, 17, 18, 17) 4:(16, 10, 7, 18, 7) 5:(10, 12, 10, 18, 17, 10, 12) 6:(10, 7) 7:(10, 18) 8:(10, 16) 9:(18, 17, 10) 10:(17, 10, 12, 10, 17, 7, 10) 11:(7, 18) 12:(17, 16) 13:(18,) 14:(17, 7, 18, 17) 15:(10, 12, 10, 12, 10) 16:(10,) 17:(10, 7, 17) 18:(18, 17, 10, 17) 19:(10, 12, 10, 7, 17) 20:(10, 12, 10, 17) 21:(10, 7, 17, 10, 18, 7, 17) 22:(17, 18) 23:(16, 10, 7, 18, 7) 24:(7, 10) 25:(10, 7) 26:(18, 7, 17, 7) 27:(16, 10, 18, 17, 18, 17, 10, 12, 16) 28:(10, 12, 10, 17, 18, 17, 10, 12) 29:(12, 10, 17, 18) 
iter52:: 0:(10, 12, 10) 1:(17, 10, 18, 7) 2:(17,) 3:(10, 17, 18, 17) 4:(16, 10, 7, 18, 7) 5:(10, 12, 10, 18, 17, 10, 12) 6:(10, 7) 7:(10, 18) 8:(12, 10, 16) 9:(18, 17, 10) 10:(17, 10, 12, 10, 17, 7, 10) 11:(7, 18) 12:(17, 16) 13:(18,) 14:(17, 7, 18, 17) 15:(10, 12, 10, 12, 10) 16:(10,) 17:(10, 7, 17) 18:(18, 17, 10, 17) 19:(10, 12, 10, 7, 17) 20:(10, 12, 10, 17) 21:(10, 7, 17, 10, 18, 7, 17) 22:(17, 18) 23:(16, 10, 7, 18, 7) 24:(7, 10) 25:(10, 7) 26:(18, 7, 17, 7) 27:(16, 10, 18, 17, 10, 18, 17, 10, 12, 16) 28:(10, 12, 10, 17, 18, 17, 10, 12) 29:(12, 10, 17, 18) 
iter53:: 0:(10, 12, 10) 1:(17, 10, 18, 7) 2:(17,) 3:(10, 17, 18, 17) 4:(16, 10, 7, 18, 7) 5:(10, 12, 10, 18, 17, 10, 12) 6:(10, 7) 7:(10, 18) 8:(10, 16) 9:(18, 17, 10) 10:(17, 10, 12, 10, 17, 7, 10) 11:(7, 18) 12:(17, 16) 13:(18,) 14:(17, 18, 17) 15:(10, 12, 10, 12, 10) 16:(10,) 17:(10, 7, 17) 18:(18, 17, 10, 17) 19:(10, 12, 10, 7, 17) 20:(10, 12, 10, 17) 21:(10, 17, 7, 10, 16, 10) 22:(17, 18, 17) 23:(16, 10, 7, 18, 7) 24:(7, 10) 25:(10, 7) 26:(18, 7, 17, 7) 27:(16, 10, 18, 17, 18, 17, 10, 12, 10, 16) 28:(10, 12, 10, 17, 18, 17, 10, 12) 29:(12, 10, 17, 18) 
iter54:: 0:(10, 12, 10) 1:(17, 10, 18, 7) 2:(17,) 3:(10, 17, 18, 17) 4:(16, 10, 7, 18, 7) 5:(10, 12, 10, 18, 17, 10, 12) 6:(10, 7) 7:(10, 18) 8:(10, 16) 9:(18, 17, 10) 10:(17, 10, 12, 10, 17, 7, 10) 11:(7, 18) 12:(17, 16) 13:(18,) 14:(17, 18, 17) 15:(10, 12, 10, 12, 10) 16:(10,) 17:(10, 7, 17) 18:(18, 17, 10, 17) 19:(10, 12, 10, 7, 17) 20:(10, 12, 10, 17) 21:(17, 10, 12) 22:(17, 18, 17) 23:(16, 10, 7, 18, 7) 24:(7, 10) 25:(10, 7) 26:(18, 7, 17, 7) 27:(16, 10, 18, 17, 10, 18, 17, 10, 12, 10, 16) 28:(12, 10, 12, 10, 17, 18, 17, 10, 12) 29:(12, 10, 17, 18) 
iter55:: 0:(10, 12, 10) 1:(17, 10, 18, 10, 7) 2:(17,) 3:(10, 17, 18, 17) 4:(16, 10, 7, 18, 7) 5:(10, 12, 10, 18, 17, 10, 12) 6:(10, 7) 7:(10, 18) 8:(10, 16) 9:(18, 17, 10) 10:(17, 10, 12, 10, 17, 7, 10) 11:(7, 18) 12:(17, 16) 13:(18,) 14:(17, 18, 17) 15:(10, 12, 10, 12, 10) 16:(10,) 17:(10, 7, 17) 18:(18, 17, 10, 17) 19:(10, 12, 10, 7, 17) 20:(10, 12, 10, 17) 21:(17, 10, 12) 22:(17, 18, 17) 23:(16, 10, 7, 18, 7) 24:(7, 10) 25:(10, 7) 26:(18, 7, 17, 7) 27:(16, 10, 18, 17, 10, 18, 17, 10, 12, 16) 28:(10, 12, 10, 17, 18, 17, 10, 12) 29:(12, 10, 17, 18) 
iter56:: 0:(10, 12, 10) 1:(17, 10, 18, 10, 7) 2:(17,) 3:(10, 17, 18, 17) 4:(16, 10, 7, 18, 7) 5:(10, 12, 10, 18, 17, 10, 12) 6:(10, 7) 7:(10, 18) 8:(10, 16) 9:(18, 17, 10) 10:(17, 10, 12, 10, 17, 7, 10) 11:(7, 18) 12:(17, 16) 13:(18,) 14:(17, 18, 17) 15:(10, 12, 10, 12, 10) 16:(10,) 17:(10, 7, 17) 18:(18, 17, 10, 17) 19:(10, 12, 10, 7, 17) 20:(10, 12, 10, 17) 21:(17, 10, 12) 22:(17, 18, 17) 23:(16, 10, 7, 18, 7) 24:(7, 10) 25:(10, 7) 26:(18, 7, 17, 7) 27:(16, 10, 18, 17, 10, 18, 17, 10, 12, 16) 28:(10, 12, 10, 17, 18, 17, 10, 12) 29:(12, 10, 17, 18) 
iter57:: 0:(10, 12, 10) 1:(17, 10, 18, 10, 7) 2:(17,) 3:(10, 17, 18, 17) 4:(16, 10, 7, 18, 7) 5:(10, 12, 10, 18, 17, 10, 12) 6:(10, 7) 7:(10, 18) 8:(10, 16) 9:(18, 17, 10) 10:(17, 10, 12, 10, 17, 7, 10) 11:(7, 18) 12:(17, 16) 13:(18,) 14:(17, 18, 17) 15:(10, 12, 10, 12, 10) 16:(10,) 17:(10, 7, 17) 18:(18, 17, 10, 17) 19:(10, 12, 10, 7, 17) 20:(10, 12, 10, 17) 21:(17, 10, 12) 22:(17, 18, 17) 23:(16, 10, 7, 18, 7) 24:(7, 10) 25:(10, 7) 26:(18, 7, 17, 7) 27:(16, 10, 18, 17, 10, 18, 17, 10, 12, 16) 28:(10, 12, 10, 17, 18, 17, 10, 12) 29:(12, 10, 17, 18) 
iter58:: 0:(10, 12, 10) 1:(17, 10, 18, 10, 17, 7) 2:(17,) 3:(10, 17, 18, 17) 4:(16, 10, 7, 18, 7) 5:(10, 12, 10, 18, 17, 10, 12) 6:(10, 7) 7:(10, 18) 8:(10, 16) 9:(18, 17, 10) 10:(17, 10, 12, 10, 17, 7, 10) 11:(7, 18) 12:(17, 16) 13:(18,) 14:(17, 18, 17) 15:(10, 12, 10, 12, 10) 16:(10,) 17:(10, 7, 17) 18:(18, 17, 10, 17) 19:(10, 12, 10, 7, 17) 20:(10, 12, 10, 17) 21:(17, 10, 12) 22:(17, 18, 17) 23:(16, 10, 7, 18, 7) 24:(7, 10) 25:(10, 7) 26:(18, 7, 17, 7) 27:(16, 10, 18, 17, 10, 18, 17, 10, 12, 16) 28:(12, 10, 17, 18, 17, 10, 12) 29:(12, 10, 17, 18) 
iter59:: 0:(10, 12, 10) 1:(17, 10, 18, 10, 17, 7) 2:(17,) 3:(10, 17, 18, 17) 4:(16, 10, 7, 18, 7) 5:(10, 12, 10, 18, 17, 10, 12) 6:(10, 7) 7:(10, 18) 8:(10, 16) 9:(18, 17, 10) 10:(17, 10, 12, 10, 17, 7, 10) 11:(7, 18) 12:(17, 16) 13:(18,) 14:(17, 18, 17) 15:(10, 12, 10, 12, 10) 16:(10,) 17:(10, 7, 17) 18:(18, 17, 10, 17) 19:(10, 12, 10, 7, 17) 20:(10, 12, 10, 17) 21:(17, 10, 12) 22:(17, 18, 17) 23:(16, 10, 7, 18, 7) 24:(7, 10) 25:(10, 7) 26:(18, 7, 17, 7) 27:(16, 10, 18, 17, 10, 18, 17, 10, 12, 16) 28:(12, 10, 17, 18, 17, 10, 12) 29:(12, 10, 17, 18) 
iter60:: 0:(10, 12, 10) 1:(17, 10, 18, 10, 17, 7) 2:(17,) 3:(10, 17, 18, 17) 4:(16, 10, 7, 18, 7) 5:(10, 12, 10, 18, 17, 10, 12) 6:(10, 7) 7:(10, 18) 8:(10, 16) 9:(18, 17, 10) 10:(17, 10, 12, 10, 17, 7, 10) 11:(7, 18) 12:(17, 16) 13:(18,) 14:(17, 18, 17) 15:(10, 12, 10, 12, 10) 16:(10,) 17:(10, 7, 17) 18:(18, 17, 10, 17) 19:(10, 12, 10, 7, 17) 20:(10, 12, 10, 17) 21:(17, 10, 12) 22:(17, 18, 17) 23:(16, 10, 7, 18, 7) 24:(7, 10) 25:(10, 7) 26:(18, 7, 17, 7) 27:(16, 10, 18, 17, 10, 18, 17, 10, 12, 16) 28:(12, 10, 17, 18, 17, 10, 12) 29:(12, 10, 17, 18) 
iter61:: 0:(10, 12, 10) 1:(17, 10, 18, 10, 17, 7) 2:(17,) 3:(10, 17, 18, 17) 4:(16, 10, 7, 18, 7) 5:(10, 12, 10, 18, 17, 10, 12) 6:(10, 7) 7:(10, 18) 8:(10, 16) 9:(18, 17, 10) 10:(17, 10, 12, 10, 17, 7, 10) 11:(7, 18) 12:(17, 16) 13:(18,) 14:(17, 18, 17) 15:(10, 12, 10, 12, 10) 16:(10,) 17:(10, 7, 17) 18:(18, 17, 10, 17) 19:(10, 12, 10, 7, 17) 20:(10, 12, 10, 17) 21:(17, 10, 12) 22:(17, 18, 17) 23:(16, 10, 7, 18, 7) 24:(7, 10) 25:(10, 7) 26:(18, 7, 17, 7) 27:(16, 10, 18, 17, 10, 18, 17, 10, 12, 16) 28:(10, 12, 10, 17, 18, 17, 10, 12) 29:(12, 10, 17, 18) 
iter62:: 0:(10, 12, 10) 1:(17, 10, 18, 10, 17, 7) 2:(17,) 3:(10, 17, 18, 17) 4:(16, 10, 7, 18, 7) 5:(10, 12, 10, 18, 17, 10, 12) 6:(10, 7) 7:(10, 18) 8:(10, 16) 9:(18, 17, 10) 10:(17, 10, 12, 10, 17, 7, 10) 11:(7, 18) 12:(17, 16) 13:(18,) 14:(17, 18, 17) 15:(10, 12, 10, 12, 10) 16:(10,) 17:(10, 7, 17) 18:(18, 17, 10, 17) 19:(10, 12, 10, 7, 17) 20:(10, 12, 10, 17) 21:(17, 10, 12) 22:(7, 18, 17) 23:(16, 10, 7, 18, 7) 24:(7, 10) 25:(10, 7) 26:(18, 7, 17, 7) 27:(16, 10, 18, 17, 10, 18, 17, 10, 12, 16) 28:(10, 12, 10, 17, 18, 17, 10, 12) 29:(12, 10, 17, 18) 
iter63:: 0:(10, 12, 10) 1:(17, 10, 18, 10, 17, 7) 2:(17,) 3:(10, 17, 18, 17) 4:(16, 10, 7, 18, 7) 5:(10, 12, 10, 18, 17, 10, 12) 6:(10, 7) 7:(10, 18) 8:(10, 16) 9:(18, 17, 10) 10:(17, 10, 12, 10, 17, 7, 10) 11:(7, 18) 12:(17, 16) 13:(18,) 14:(17, 18, 17) 15:(12, 10) 16:(10,) 17:(10, 7, 17) 18:(18, 17, 10, 17) 19:(10, 12, 10, 7, 17) 20:(10, 12, 10, 17) 21:(17, 10, 12) 22:(7, 18, 17) 23:(16, 10, 7, 18, 7) 24:(7, 10) 25:(10, 7) 26:(18, 7, 17, 7) 27:(16, 10, 18, 17, 10, 18, 17, 10, 12, 16) 28:(10, 12, 10, 17, 18, 17, 10, 12) 29:(12, 10, 17, 18) 
iter64:: 0:(10, 12, 10) 1:(17, 10, 18, 10, 17, 7) 2:(17,) 3:(10, 17, 18, 17) 4:(16, 10, 7, 18, 7) 5:(10, 12, 10, 18, 17, 10, 12) 6:(10, 7) 7:(10, 18) 8:(10, 16) 9:(18, 17, 10) 10:(17, 10, 12, 10, 17, 7, 10) 11:(7, 18) 12:(17, 16) 13:(18,) 14:(17, 18, 17) 15:(12, 10) 16:(10,) 17:(10, 7, 17) 18:(18, 17, 10, 17) 19:(10, 12, 10, 7, 17) 20:(10, 12, 10, 17) 21:(17, 10, 12) 22:(7, 18, 17) 23:(16, 10, 7, 18, 7) 24:(7, 10) 25:(10, 7) 26:(18, 7, 17, 7) 27:(16, 10, 18, 17, 10, 18, 17, 10, 12, 16) 28:(10, 12, 10, 17, 18, 17, 10, 12) 29:(12, 10, 17, 18) 
iter65:: 0:(10, 12, 10) 1:(17, 10, 18, 10, 17, 7) 2:(17,) 3:(10, 17, 18, 17) 4:(16, 10, 7, 18, 7) 5:(10, 12, 10, 18, 17, 10, 12) 6:(10, 7) 7:(10, 18) 8:(10, 16) 9:(18, 17, 10) 10:(17, 10, 12, 10, 17, 7, 10) 11:(7, 18) 12:(17, 16) 13:(18,) 14:(17, 18, 17) 15:(12, 10) 16:(10,) 17:(10, 7, 17) 18:(18, 17, 10, 17) 19:(10, 12, 10, 7, 17) 20:(10, 12, 10, 17) 21:(17, 10, 12) 22:(7, 18, 17) 23:(16, 10, 7, 18, 7) 24:(7, 10) 25:(10, 7) 26:(18, 7, 17, 7) 27:(16, 10, 18, 17, 10, 18, 17, 10, 12, 16) 28:(12, 10, 17, 18, 17, 10, 12) 29:(12, 10, 17, 18) 
iter66:: 0:(10, 12, 10) 1:(17, 10, 18, 10, 17, 7) 2:(17,) 3:(10, 17, 18, 17) 4:(16, 10, 7, 18, 7) 5:(10, 12, 10, 18, 17, 10, 12) 6:(10, 7) 7:(10, 18) 8:(10, 16) 9:(18, 17, 10) 10:(17, 10, 12, 10, 17, 7, 10) 11:(7, 18) 12:(17, 16) 13:(18,) 14:(17, 18, 17) 15:(12, 10) 16:(10,) 17:(10, 7, 17) 18:(18, 17, 10, 17) 19:(10, 12, 10, 7, 17) 20:(10, 12, 10, 17) 21:(17, 10, 12) 22:(7, 18, 17) 23:(16, 10, 7, 18, 7) 24:(7, 10) 25:(10, 7) 26:(18, 7, 17, 7) 27:(16, 10, 18, 17, 10, 18, 17, 10, 12, 16) 28:(10, 12, 10, 17, 18, 17, 10, 12) 29:(12, 10, 17, 18) 
iter67:: 0:(10, 12, 10) 1:(17, 10, 18, 10, 17, 7) 2:(17,) 3:(10, 17, 18, 17) 4:(16, 10, 7, 18, 7) 5:(10, 12, 10, 18, 17, 10, 12) 6:(10, 7) 7:(10, 18) 8:(10, 16) 9:(18, 17, 10) 10:(17, 10, 12, 10, 17, 7, 10) 11:(7, 18) 12:(17, 16) 13:(18,) 14:(17, 18, 17) 15:(12, 10) 16:(10,) 17:(10, 7, 17) 18:(18, 17, 10, 17) 19:(10, 12, 10, 7, 17) 20:(10, 12, 10, 17) 21:(17, 10, 12) 22:(7, 18, 17) 23:(16, 10, 7, 18, 7) 24:(7, 10) 25:(10, 7) 26:(18, 7, 17, 7) 27:(16, 10, 18, 17, 10, 18, 17, 10, 12, 16) 28:(10, 12, 10, 17, 18, 17, 10, 12) 29:(12, 10, 17, 18) 
iter68:: 0:(10, 12, 10) 1:(17, 10, 18, 10, 17, 7) 2:(17,) 3:(10, 17, 18, 17) 4:(16, 10, 7, 18, 7) 5:(10, 12, 10, 18, 17, 10, 12) 6:(10, 7) 7:(10, 18) 8:(10, 16) 9:(18, 17, 10) 10:(17, 10, 12, 10, 17, 7, 10) 11:(7, 18) 12:(17, 16) 13:(18,) 14:(17, 18, 17) 15:(12, 10) 16:(10,) 17:(10, 7, 17) 18:(18, 17, 10, 17) 19:(10, 12, 10, 7, 17) 20:(10, 12, 10, 17) 21:(17, 10, 12) 22:(7, 18, 17) 23:(16, 10, 7, 18, 7) 24:(7, 10) 25:(10, 7) 26:(18, 7, 17, 7) 27:(16, 10, 18, 17, 10, 18, 17, 10, 12, 16) 28:(10, 12, 10, 12, 10, 17, 18, 17, 10, 12) 29:(12, 10, 17, 18) 
iter69:: 0:(10, 12, 10) 1:(17, 10, 18, 10, 17, 7) 2:(17,) 3:(10, 17, 18, 17) 4:(16, 10, 7, 18, 7) 5:(10, 12, 10, 18, 17, 10, 12) 6:(10, 7) 7:(10, 18) 8:(10, 16) 9:(18, 17, 10) 10:(17, 10, 12, 10, 17, 7, 10) 11:(7, 18) 12:(17, 16) 13:(18,) 14:(17, 18, 17) 15:(12, 10) 16:(10,) 17:(10, 7, 17) 18:(18, 17, 10, 17) 19:(10, 12, 10, 7, 17) 20:(10, 12, 10, 17) 21:(17, 10, 12) 22:(7, 18, 17) 23:(16, 10, 7, 18, 7) 24:(7, 10) 25:(10, 7) 26:(18, 7, 17, 7) 27:(16, 10, 18, 17, 10, 18, 17, 10, 12, 16) 28:(10, 12, 10, 17, 18, 17, 10, 12) 29:(12, 10, 17, 18) 
iter70:: 0:(10, 12, 10) 1:(17, 10, 18, 10, 17, 7) 2:(17,) 3:(10, 17, 18, 17) 4:(16, 10, 7, 18, 7) 5:(10, 12, 10, 18, 17, 10, 12) 6:(10, 7) 7:(10, 18) 8:(10, 16) 9:(18, 17, 10) 10:(17, 10, 12, 10, 17, 7, 10) 11:(7, 18) 12:(17, 16) 13:(18,) 14:(17, 18, 17) 15:(12, 10) 16:(10,) 17:(10, 7, 17) 18:(18, 17, 10, 17) 19:(10, 12, 10, 7, 17) 20:(10, 12, 10, 17) 21:(17, 10, 12) 22:(7, 18, 17) 23:(16, 10, 7, 18, 7) 24:(7, 10) 25:(10, 7) 26:(18, 7, 17, 7) 27:(16, 10, 18, 17, 10, 18, 17, 10, 12, 16) 28:(10, 12, 10, 17, 18, 17, 10, 12) 29:(12, 10, 17, 18) 
iter71:: 0:(10, 12, 10) 1:(17, 10, 18, 10, 17, 7) 2:(17,) 3:(10, 17, 18, 17) 4:(16, 10, 7, 18, 7) 5:(10, 12, 10, 18, 17, 10, 12) 6:(10, 7) 7:(10, 18) 8:(10, 16) 9:(18, 17, 10) 10:(17, 10, 12, 10, 17, 7, 10) 11:(7, 18) 12:(17, 16) 13:(18,) 14:(17, 18, 17) 15:(12, 10) 16:(10,) 17:(10, 7, 17) 18:(18, 17, 10, 17) 19:(10, 12, 10, 7, 17) 20:(10, 12, 10, 17) 21:(17, 10, 12) 22:(7, 18, 17) 23:(16, 10, 7, 18, 7) 24:(7, 10) 25:(10, 7) 26:(18, 7, 17, 7) 27:(16, 10, 18, 17, 10, 18, 17, 10, 12, 16) 28:(10, 12, 10, 17, 18, 17, 10, 12) 29:(12, 10, 17, 18) 
iter72:: 0:(10, 12, 10) 1:(17, 10, 18, 10, 17, 7) 2:(17,) 3:(10, 17, 18, 17) 4:(16, 10, 7, 18, 7) 5:(10, 12, 10, 18, 17, 10, 12) 6:(10, 7) 7:(10, 18) 8:(10, 16) 9:(18, 17, 10) 10:(17, 10, 12, 10, 17, 7, 10) 11:(7, 18) 12:(17, 16) 13:(18,) 14:(17, 18, 17) 15:(12, 10) 16:(10,) 17:(10, 7, 17) 18:(18, 17, 10, 17) 19:(10, 12, 10, 7, 17) 20:(10, 12, 10, 17) 21:(17, 10, 12) 22:(7, 18, 17) 23:(16, 10, 7, 18, 7) 24:(7, 10) 25:(10, 7) 26:(18, 7, 17, 7) 27:(16, 10, 18, 17, 10, 18, 17, 10, 12, 16) 28:(10, 12, 10, 17, 18, 17, 10, 12) 29:(12, 10, 17, 18) 
iter73:: 0:(10, 12, 10) 1:(17, 10, 18, 10, 17, 7) 2:(17,) 3:(10, 17, 18, 17) 4:(16, 10, 7, 18, 7) 5:(10, 12, 10, 18, 17, 10, 12) 6:(10, 7) 7:(10, 18) 8:(10, 16) 9:(18, 17, 10) 10:(17, 10, 12, 10, 17, 7, 10) 11:(7, 18) 12:(17, 16) 13:(18,) 14:(17, 18, 17) 15:(12, 10) 16:(10,) 17:(10, 7, 17) 18:(18, 17, 10, 17) 19:(10, 12, 10, 7, 17) 20:(10, 12, 10, 17) 21:(17, 10, 12) 22:(7, 18, 17) 23:(16, 10, 7, 18, 7) 24:(7, 10) 25:(10, 7) 26:(18, 7, 17, 7) 27:(16, 10, 18, 17, 10, 18, 17, 10, 12, 16) 28:(10, 12, 10, 17, 18, 17, 10, 12) 29:(12, 10, 17, 18) 
iter74:: 0:(10, 12, 10) 1:(17, 10, 18, 10, 17, 7) 2:(17,) 3:(10, 17, 18, 17) 4:(16, 10, 7, 18, 7) 5:(10, 12, 10, 18, 17, 10, 12) 6:(10, 7) 7:(10, 18) 8:(10, 16) 9:(18, 17, 10) 10:(17, 10, 12, 10, 17, 7, 10) 11:(7, 18) 12:(17, 16) 13:(18,) 14:(17, 18, 17) 15:(12, 10) 16:(10,) 17:(10, 7, 17) 18:(18, 17, 10, 17) 19:(10, 12, 10, 7, 17, 10) 20:(10, 12, 10, 17) 21:(17, 10, 12) 22:(7, 18, 17) 23:(16, 10, 7, 18, 7) 24:(7, 10) 25:(10, 7) 26:(18, 7, 17, 7) 27:(16, 10, 18, 17, 10, 18, 17, 10, 12, 16) 28:(10, 12, 10, 17, 18, 17, 10, 12) 29:(12, 10, 17, 18) 
iter75:: 0:(10, 12, 10) 1:(17, 10, 18, 10, 17, 7) 2:(17,) 3:(10, 17, 18, 17) 4:(16, 10, 7, 18, 7) 5:(10, 12, 10, 18, 17, 10, 12) 6:(10, 7) 7:(10, 18) 8:(10, 16) 9:(18, 17, 10) 10:(17, 10, 12, 10, 17, 7, 10) 11:(7, 18) 12:(17, 16) 13:(18,) 14:(17, 18, 17) 15:(12, 10) 16:(10,) 17:(10, 7, 17) 18:(18, 17, 10, 17) 19:(10, 12, 10, 7, 17, 10) 20:(10, 12, 10, 17) 21:(17, 10, 12) 22:(7, 18, 17) 23:(16, 10, 7, 18, 7) 24:(7, 10) 25:(10, 7) 26:(18, 7, 17, 7) 27:(16, 10, 18, 17, 10, 18, 17, 10, 12, 16) 28:(10, 12, 10, 17, 18, 17, 10, 12) 29:(12, 10, 17, 18) 
iter76:: 0:(10, 12, 10) 1:(17, 10, 18, 10, 17, 7) 2:(17,) 3:(10, 17, 18, 17) 4:(16, 10, 7, 18, 7) 5:(10, 12, 10, 18, 17, 10, 12) 6:(10, 7) 7:(10, 18) 8:(10, 16) 9:(18, 17, 10) 10:(17, 10, 12, 10, 17, 7, 10) 11:(7, 18) 12:(17, 16) 13:(18,) 14:(17, 18, 17) 15:(12, 10) 16:(10,) 17:(10, 7, 17) 18:(18, 17, 10, 17) 19:(10, 12, 10, 7, 17, 10) 20:(10, 12, 10, 17) 21:(17, 10, 12) 22:(7, 18, 17) 23:(16, 10, 7, 18, 7) 24:(7, 10) 25:(10, 7) 26:(18, 7, 17, 7) 27:(16, 10, 18, 17, 10, 18, 17, 10, 12, 16) 28:(10, 12, 10, 17, 18, 17, 10, 12) 29:(12, 10, 17, 18) 
iter77:: 0:(10, 12, 10) 1:(17, 10, 18, 10, 17, 7) 2:(17,) 3:(10, 17, 18, 17) 4:(16, 10, 7, 18, 7) 5:(10, 12, 10, 18, 17, 10, 12) 6:(10, 7) 7:(10, 18) 8:(10, 16) 9:(18, 17, 10) 10:(17, 10, 12, 10, 17, 7, 10) 11:(7, 18) 12:(17, 16) 13:(18,) 14:(17, 18, 17) 15:(12, 10) 16:(10,) 17:(10, 7, 17) 18:(18, 17, 10, 17) 19:(10, 12, 10, 7, 17, 10) 20:(10, 12, 10, 17) 21:(17, 10, 12) 22:(7, 18, 17) 23:(16, 10, 7, 18, 7) 24:(7, 10) 25:(10, 7) 26:(18, 7, 17, 7) 27:(16, 10, 18, 17, 10, 18, 17, 10, 12, 16) 28:(10, 12, 10, 17, 18, 17, 10, 12) 29:(12, 10, 17, 18) 
iter78:: 0:(10, 12, 10) 1:(17, 10, 18, 10, 17, 7) 2:(17,) 3:(10, 17, 18, 17) 4:(16, 10, 7, 18, 7) 5:(10, 12, 10, 18, 17, 10, 12) 6:(10, 7) 7:(10, 18) 8:(10, 12, 10, 16) 9:(18, 17, 10) 10:(17, 10, 12, 10, 17, 7, 10) 11:(7, 18) 12:(17, 16) 13:(18,) 14:(17, 18, 17) 15:(12, 10) 16:(10,) 17:(10, 7, 17) 18:(18, 17, 10, 17) 19:(10, 12, 10, 7, 17, 10) 20:(10, 12, 10, 17) 21:(17, 10, 12) 22:(7, 18, 17) 23:(16, 10, 7, 18, 7) 24:(7, 10) 25:(10, 7) 26:(18, 7, 17, 7) 27:(16, 10, 18, 17, 10, 18, 17, 10, 12, 16) 28:(10, 12, 10, 17, 18, 17, 10, 12) 29:(12, 10, 17, 18) 
iter79:: 0:(10, 12, 10) 1:(17, 10, 18, 10, 17, 7) 2:(17,) 3:(10, 17, 18, 17) 4:(16, 10, 7, 18, 7) 5:(10, 12, 10, 18, 17, 10, 12) 6:(10, 7) 7:(10, 18) 8:(10, 16) 9:(18, 17, 10) 10:(17, 10, 12, 10, 17, 7, 10) 11:(7, 18) 12:(17, 16) 13:(18,) 14:(17, 18, 17) 15:(12, 10) 16:(10,) 17:(10, 7, 17) 18:(18, 17, 10, 17) 19:(10, 12, 10, 7, 17, 10) 20:(10, 12, 10, 17) 21:(17, 10, 12) 22:(7, 18, 17) 23:(16, 10, 7, 18, 7) 24:(7, 10) 25:(10, 7) 26:(18, 7, 17, 7) 27:(16, 10, 18, 17, 10, 18, 17, 10, 12, 16) 28:(12, 10, 17, 18, 17, 10, 12) 29:(12, 10, 17, 18) 
iter80:: 0:(10, 12, 10) 1:(17, 10, 18, 10, 17, 7) 2:(17,) 3:(10, 17, 18, 17) 4:(16, 10, 7, 18, 7) 5:(10, 12, 10, 18, 17, 10, 12) 6:(10, 7) 7:(10, 18) 8:(10, 16) 9:(18, 17, 10) 10:(17, 10, 12, 10, 17, 7, 10) 11:(7, 18) 12:(17, 16) 13:(18,) 14:(17, 18, 17) 15:(12, 10) 16:(10,) 17:(10, 7, 17) 18:(18, 17, 10, 17) 19:(10, 12, 10, 7, 17, 10) 20:(10, 12, 10, 17) 21:(17, 10, 12) 22:(7, 18, 17) 23:(16, 10, 7, 18, 7) 24:(7, 10) 25:(10, 7) 26:(18, 7, 17, 7) 27:(16, 10, 18, 17, 10, 18, 17, 10, 12, 16) 28:(12, 10, 17, 18, 17, 10, 12) 29:(12, 10, 17, 18) 
iter81:: 0:(10, 12, 10) 1:(17, 10, 18, 10, 17, 7) 2:(17,) 3:(10, 17, 18, 17) 4:(16, 10, 7, 18, 7) 5:(10, 12, 10, 18, 17, 10, 12) 6:(10, 7) 7:(10, 18) 8:(10, 16) 9:(18, 17, 10) 10:(17, 10, 12, 10, 17, 7, 10) 11:(7, 18) 12:(17, 16) 13:(18,) 14:(17, 18, 17) 15:(12, 10) 16:(10,) 17:(10, 7, 17) 18:(18, 17, 10, 17) 19:(10, 12, 10, 7, 17, 10) 20:(10, 12, 10, 17) 21:(17, 10, 12) 22:(7, 18, 17) 23:(16, 10, 7, 18, 7, 17) 24:(7, 10) 25:(10, 7) 26:(18, 7, 17, 7) 27:(16, 10, 18, 17, 10, 18, 17, 10, 12, 16) 28:(12, 10, 17, 18, 17, 10, 12) 29:(12, 10, 17, 18) 
iter82:: 0:(10, 12, 10) 1:(17, 10, 18, 10, 17, 7) 2:(17,) 3:(10, 17, 18, 17) 4:(16, 10, 7, 18, 7) 5:(10, 12, 10, 18, 17, 10, 12) 6:(10, 7) 7:(10, 18) 8:(10, 16) 9:(18, 17, 10) 10:(17, 10, 12, 10, 17, 7, 10) 11:(7, 18) 12:(17, 16) 13:(18, 7) 14:(17, 18, 17) 15:(12, 10) 16:(10,) 17:(10, 7, 17) 18:(18, 17, 10, 17) 19:(10, 12, 10, 7, 17, 10) 20:(10, 12, 10, 17) 21:(17, 10, 12) 22:(7, 18, 17) 23:(16, 10, 7, 18, 7, 17) 24:(7, 10) 25:(10, 7) 26:(18, 7, 17, 7) 27:(16, 10, 18, 17, 10, 18, 17, 10, 12, 16) 28:(12, 10, 12, 10, 17, 18, 17, 10, 12) 29:(12, 10, 17, 18, 17) 
iter83:: 0:(10, 12, 10) 1:(17, 10, 18, 10, 17, 7) 2:(17,) 3:(10, 17, 18, 17) 4:(16, 10, 7, 18, 7) 5:(10, 12, 10, 18, 17, 10, 12) 6:(10, 7) 7:(10, 18) 8:(10, 16) 9:(18, 17, 10) 10:(17, 10, 12, 10, 17, 7, 10) 11:(7, 18) 12:(17, 16) 13:(18, 7) 14:(17, 18, 17) 15:(12, 10) 16:(10,) 17:(10, 7, 17) 18:(18, 17, 10, 17) 19:(10, 12, 10, 7, 17, 10) 20:(10, 12, 10, 17) 21:(17, 10, 12) 22:(7, 18, 17) 23:(16, 10, 7, 18, 7, 17) 24:(7, 10) 25:(18, 12, 10, 16, 10, 7) 26:(10, 12, 10, 16, 10) 27:(16, 10, 18, 17, 10, 18, 17, 10, 12, 16) 28:(12, 10, 17, 18, 17, 10, 12) 29:(12, 10, 17, 18, 17) 
iter84:: 0:(10, 12, 10) 1:(17, 10, 18, 10, 17, 7) 2:(17,) 3:(10, 17, 18, 17) 4:(16, 10, 7, 18, 7) 5:(10, 12, 10, 18, 17, 10, 12) 6:(10, 7) 7:(10, 18) 8:(10, 16) 9:(18, 17, 10) 10:(17, 10, 12, 10, 17, 7, 10) 11:(7, 18) 12:(17, 16) 13:(18, 7) 14:(17, 18, 17) 15:(12, 10) 16:(10,) 17:(10, 7, 17) 18:(18, 17, 10, 17) 19:(10, 12, 10, 7, 17, 10) 20:(10, 12, 10, 17) 21:(17, 10, 12) 22:(7, 18, 17) 23:(16, 10, 7, 18, 7, 17) 24:(7, 10) 25:(12, 10, 7, 10, 7) 26:(10, 12, 16, 10) 27:(16, 10, 18, 17, 10, 18, 17, 10, 12, 16) 28:(12, 10, 17, 18, 17, 10, 12) 29:(12, 10, 17, 18, 17) 
iter85:: 0:(10, 12, 10) 1:(17, 10, 18, 10, 17, 7) 2:(17,) 3:(10, 17, 18, 17) 4:(16, 10, 7, 18, 7) 5:(10, 12, 10, 18, 17, 10, 12) 6:(10, 7) 7:(10, 18) 8:(10, 16) 9:(18, 17, 10) 10:(17, 10, 12, 10, 17, 7, 10) 11:(7, 18) 12:(17, 16) 13:(18, 7) 14:(17, 18, 17) 15:(12, 10) 16:(10,) 17:(10, 7, 17) 18:(18, 17, 10, 17) 19:(10, 12, 10, 7, 17, 10) 20:(10, 12, 10, 17) 21:(17, 10, 12) 22:(7, 18, 17) 23:(16, 10, 7, 18, 7, 17) 24:(7, 10) 25:(10, 17, 7, 10) 26:(10, 12, 16, 10) 27:(16, 10, 18, 17, 10, 18, 17, 10, 12, 16) 28:(12, 10, 17, 18, 17, 10, 12) 29:(12, 10, 17, 18, 17) 
iter86:: 0:(10, 12, 10) 1:(17, 10, 18, 10, 17, 7) 2:(17,) 3:(10, 17, 18, 17) 4:(16, 10, 7, 18, 7) 5:(10, 12, 10, 18, 17, 10, 12) 6:(10, 7) 7:(10, 18) 8:(10, 16) 9:(18, 17, 10) 10:(17, 10, 12, 10, 17, 7, 10) 11:(7, 18) 12:(17, 16) 13:(18, 7) 14:(17, 18, 17) 15:(12, 10) 16:(10,) 17:(10, 7, 17) 18:(18, 17, 10, 17) 19:(10, 12, 10, 7, 17, 10) 20:(10, 12, 10, 17) 21:(17, 10, 12) 22:(7, 18, 17) 23:(16, 10, 7, 18, 7, 17) 24:(7, 10) 25:(10, 7, 10, 17, 10, 12) 26:(10, 12, 16, 10) 27:(16, 10, 18, 17, 10, 18, 17, 10, 12, 16) 28:(12, 10, 17, 18, 17, 10, 12) 29:(12, 10, 17, 18, 17) 
iter87:: 0:(10, 12, 10) 1:(17, 10, 18, 10, 17, 7) 2:(17,) 3:(10, 17, 18, 17) 4:(16, 10, 7, 18, 7) 5:(10, 12, 10, 18, 17, 10, 12) 6:(10, 7) 7:(10, 18) 8:(10, 16) 9:(18, 17, 10) 10:(17, 10, 12, 10, 17, 7, 10) 11:(7, 18) 12:(17, 16) 13:(18, 7) 14:(17, 18, 17) 15:(12, 10) 16:(10,) 17:(10, 7, 17) 18:(18, 17, 10, 17) 19:(10, 12, 10, 7, 17, 10) 20:(10, 12, 10, 17) 21:(17, 10, 12) 22:(7, 18, 17) 23:(16, 10, 7, 18, 7, 17) 24:(7, 10) 25:(17, 10, 18, 7) 26:(10, 12, 16, 10) 27:(16, 10, 18, 17, 10, 18, 17, 10, 12, 16) 28:(12, 10, 17, 18, 17, 10, 12) 29:(12, 10, 17, 18, 17) 
iter88:: 0:(10, 12, 10) 1:(17, 10, 18, 10, 17, 7) 2:(17,) 3:(10, 17, 18, 17) 4:(16, 10, 7, 18, 7) 5:(10, 12, 10, 18, 17, 10, 12) 6:(10, 7) 7:(10, 18) 8:(10, 16) 9:(18, 17, 10) 10:(17, 10, 12, 10, 17, 7, 10) 11:(7, 18) 12:(17, 16) 13:(18, 7) 14:(17, 18, 17) 15:(12, 10) 16:(10,) 17:(10, 7, 17) 18:(18, 17, 10, 17) 19:(10, 12, 10, 7, 17, 10) 20:(10, 12, 10, 17) 21:(17, 10, 12) 22:(7, 18, 17) 23:(16, 10, 7, 18, 7, 17) 24:(7, 10) 25:(10, 12, 10) 26:(10, 12, 16, 10) 27:(16, 10, 18, 17, 10, 18, 17, 10, 12, 16) 28:(12, 10, 17, 18, 17, 10, 12) 29:(12, 10, 17, 18, 17) 
iter89:: 0:(10, 12, 10) 1:(17, 10, 18, 10, 17, 7) 2:(17,) 3:(10, 17, 18, 17) 4:(16, 10, 7, 18, 7) 5:(10, 12, 10, 18, 17, 10, 12) 6:(10, 7) 7:(10, 18) 8:(10, 16) 9:(18, 17, 10) 10:(17, 10, 12, 10, 17, 7, 10) 11:(7, 18) 12:(17, 16) 13:(18, 7) 14:(17, 18, 17) 15:(12, 10) 16:(10,) 17:(10, 7, 17) 18:(18, 17, 10, 17) 19:(10, 12, 10, 7, 17, 10) 20:(10, 12, 10, 17) 21:(17, 10, 12) 22:(7, 18, 17) 23:(16, 10, 7, 18, 7, 17) 24:(7, 10) 25:(7, 10, 12, 10, 16, 7, 17, 10) 26:(10, 12, 16, 10) 27:(16, 10, 18, 17, 10, 18, 17, 10, 12, 16) 28:(12, 10, 17, 18, 17, 10, 12) 29:(12, 10, 17, 18, 17) 
iter90:: 0:(10, 12, 10) 1:(17, 10, 18, 10, 17, 7) 2:(17,) 3:(10, 17, 18, 17) 4:(16, 10, 7, 18, 7) 5:(10, 12, 10, 18, 17, 10, 12) 6:(10, 7) 7:(10, 18) 8:(10, 16) 9:(18, 17, 10) 10:(17, 10, 12, 10, 17, 7, 10) 11:(7, 18) 12:(17, 16) 13:(18, 7) 14:(17, 18, 17) 15:(12, 10) 16:(10,) 17:(10, 7, 17) 18:(18, 17, 10, 17) 19:(10, 12, 10, 7, 17, 10) 20:(10, 12, 10, 17) 21:(17, 10, 12) 22:(7, 18, 17) 23:(16, 10, 7, 18, 7, 17) 24:(7, 10) 25:(12, 10) 26:(10, 12, 16, 10) 27:(16, 10, 18, 17, 10, 18, 17, 10, 12, 16) 28:(12, 10, 17, 18, 17, 10, 12) 29:(12, 10, 17, 18, 17) 
iter91:: 0:(10, 12, 10) 1:(17, 10, 18, 10, 17, 7) 2:(17,) 3:(10, 17, 18, 17) 4:(16, 10, 7, 18, 7) 5:(10, 12, 10, 18, 17, 10, 12) 6:(10, 7) 7:(10, 18) 8:(10, 16) 9:(18, 17, 10) 10:(17, 10, 12, 10, 17, 7, 10) 11:(7, 18) 12:(17, 16) 13:(18, 7) 14:(17, 18, 17) 15:(12, 10) 16:(10,) 17:(10, 7, 17) 18:(18, 17, 10, 17) 19:(10, 12, 10, 7, 17, 10) 20:(10, 12, 10, 17) 21:(17, 10, 12) 22:(7, 18, 17) 23:(16, 10, 7, 18, 7, 17) 24:(7, 10) 25:(10, 12, 10) 26:(10, 12, 16, 10) 27:(16, 10, 18, 17, 10, 18, 17, 10, 12, 16) 28:(12, 10, 17, 18, 17, 10, 12) 29:(12, 10, 17, 18, 17) 
iter92:: 0:(10, 12, 10) 1:(17, 10, 18, 10, 17, 7) 2:(17,) 3:(10, 17, 18, 17) 4:(16, 10, 7, 18, 7) 5:(10, 12, 10, 18, 17, 10, 12) 6:(10, 7) 7:(10, 18) 8:(10, 16) 9:(18, 17, 10) 10:(17, 10, 12, 10, 17, 7, 10) 11:(7, 18) 12:(17, 16) 13:(18, 7) 14:(17, 18, 17) 15:(12, 10) 16:(10,) 17:(10, 7, 17) 18:(18, 17, 10, 17) 19:(10, 12, 10, 7, 17, 10) 20:(10, 12, 10, 17) 21:(17, 10, 12) 22:(7, 18, 17) 23:(16, 10, 7, 18, 7, 17) 24:(7, 10) 25:(16, 10, 16, 10, 12) 26:(10, 12, 16, 10) 27:(16, 10, 18, 17, 10, 18, 17, 10, 12, 16) 28:(12, 10, 17, 18, 17, 10, 12) 29:(12, 10, 17, 18, 17) 
iter93:: 0:(10, 12, 10) 1:(17, 10, 18, 10, 17, 7) 2:(17,) 3:(10, 17, 18, 17) 4:(16, 10, 7, 18, 7) 5:(10, 12, 10, 18, 17, 10, 12) 6:(10, 7) 7:(10, 18) 8:(10, 16) 9:(18, 17, 10) 10:(17, 10, 12, 10, 17, 7, 10) 11:(7, 18) 12:(17, 16) 13:(18, 7) 14:(17, 18, 17) 15:(12, 10) 16:(10,) 17:(10, 7, 17) 18:(18, 17, 10, 17) 19:(10, 12, 10, 7, 17, 10) 20:(10, 12, 10, 17) 21:(17, 10, 12) 22:(7, 18, 17) 23:(16, 10, 7, 18, 7, 17) 24:(7, 10) 25:(10, 12) 26:(10, 12, 16, 10) 27:(16, 10, 18, 17, 10, 18, 17, 10, 12, 16) 28:(12, 10, 17, 18, 17, 10, 12) 29:(12, 10, 17, 18, 17) 
iter94:: 0:(10, 12, 10) 1:(17, 10, 18, 10, 17, 7) 2:(17,) 3:(10, 17, 18, 17) 4:(16, 10, 7, 18, 7) 5:(10, 12, 10, 18, 17, 10, 12) 6:(10, 7) 7:(10, 18) 8:(10, 16) 9:(18, 17, 10) 10:(17, 10, 12, 10, 17, 7, 10) 11:(7, 18) 12:(17, 16) 13:(18, 7) 14:(17, 18, 17) 15:(12, 10) 16:(10,) 17:(10, 7, 17) 18:(18, 17, 10, 17) 19:(10, 12, 10, 7, 17, 10) 20:(10, 12, 10, 17) 21:(17, 10, 12) 22:(7, 18, 17) 23:(16, 10, 7, 18, 7, 17) 24:(7, 10) 25:(10, 17, 16, 10) 26:(10, 12, 16, 10) 27:(16, 10, 18, 17, 10, 18, 17, 10, 12, 16) 28:(12, 10, 17, 18, 17, 10, 12) 29:(12, 10, 17, 18, 17) 
iter95:: 0:(10, 12, 10) 1:(17, 10, 18, 10, 17, 7) 2:(17,) 3:(10, 17, 18, 17) 4:(16, 10, 7, 18, 7) 5:(10, 12, 10, 18, 17, 10, 12) 6:(10, 7) 7:(10, 18) 8:(10, 16) 9:(18, 17, 10) 10:(17, 10, 12, 10, 17, 7, 10) 11:(7, 18) 12:(17, 16) 13:(18, 7) 14:(17, 18, 17) 15:(12, 10) 16:(10,) 17:(10, 7, 17) 18:(18, 17, 10, 17) 19:(10, 12, 10, 7, 17, 10) 20:(10, 12, 10, 17) 21:(17, 10, 12) 22:(7, 18, 17) 23:(16, 10, 7, 18, 7, 17) 24:(7, 10) 25:(12, 10, 12, 10, 12) 26:(10, 12, 16, 10) 27:(16, 10, 18, 17, 10, 18, 17, 10, 12, 16) 28:(12, 10, 17, 18, 17, 10, 12) 29:(12, 10, 17, 18, 17) 
iter96:: 0:(10, 12, 10) 1:(17, 10, 18, 10, 17, 7) 2:(17,) 3:(10, 17, 18, 17) 4:(16, 10, 7, 18, 7) 5:(10, 12, 10, 18, 17, 10, 12) 6:(10, 7) 7:(10, 18) 8:(10, 16) 9:(18, 17, 10) 10:(17, 10, 12, 10, 17, 7, 10) 11:(7, 18) 12:(17, 16) 13:(18, 7) 14:(17, 18, 17) 15:(12, 10) 16:(10,) 17:(10, 7, 17) 18:(18, 17, 10, 17) 19:(10, 12, 10, 7, 17, 10) 20:(10, 12, 10, 17) 21:(17, 10, 12) 22:(7, 18, 17) 23:(16, 10, 7, 18, 7, 17) 24:(7, 10) 25:(10, 17) 26:(10, 12, 16, 10) 27:(16, 10, 18, 17, 10, 18, 17, 10, 16) 28:(12, 10, 17, 18, 17, 10, 12) 29:(12, 10, 17, 18, 17) 
iter97:: 0:(10, 12, 10) 1:(17, 10, 18, 10, 17, 7) 2:(17,) 3:(10, 17, 18, 17) 4:(16, 10, 7, 18, 7) 5:(10, 12, 10, 18, 17, 10, 12) 6:(10, 7) 7:(10, 18) 8:(10, 16) 9:(18, 17, 10) 10:(17, 10, 12, 10, 17, 7, 10) 11:(7, 18) 12:(17, 16) 13:(18, 7) 14:(17, 18, 17) 15:(12, 10) 16:(10,) 17:(10, 7, 17) 18:(18, 17, 10, 17) 19:(10, 12, 10, 7, 17, 10) 20:(10, 12, 10, 17) 21:(17, 10, 12) 22:(7, 18, 17) 23:(16, 10, 7, 18, 7, 17) 24:(7, 10) 25:(18, 17, 7) 26:(10, 12, 16, 10) 27:(16, 10, 18, 17, 10, 18, 17, 10, 12, 16) 28:(12, 10, 17, 18, 17, 10, 12) 29:(12, 10, 17, 18, 17) 
iter98:: 0:(10, 12, 10) 1:(17, 10, 18, 10, 17, 7) 2:(17,) 3:(10, 17, 18, 17) 4:(16, 10, 7, 18, 7) 5:(10, 12, 10, 18, 17, 10, 12) 6:(10, 7) 7:(10, 18) 8:(10, 16) 9:(18, 17, 10) 10:(17, 10, 12, 10, 17, 7, 10) 11:(7, 18) 12:(17, 16) 13:(18, 7) 14:(17, 18, 17) 15:(12, 10) 16:(10,) 17:(10, 7, 17) 18:(18, 17, 10, 17) 19:(10, 12, 10, 7, 17, 10) 20:(10, 12, 10, 17) 21:(17, 10, 12) 22:(7, 18, 17) 23:(16, 10, 7, 18, 7, 17) 24:(7, 10) 25:(17, 10, 7, 10) 26:(10, 12, 16, 10) 27:(16, 10, 18, 17, 10, 18, 17, 10, 12, 16) 28:(12, 10, 17, 18, 17, 10, 12) 29:(12, 10, 17, 18, 17) 
iter99:: 0:(10, 12, 10) 1:(17, 10, 18, 10, 17, 7) 2:(17,) 3:(10, 17, 18, 17) 4:(16, 10, 7, 18, 7) 5:(10, 12, 10, 18, 17, 10, 12) 6:(10, 7) 7:(10, 18) 8:(10, 16) 9:(18, 17, 10) 10:(17, 10, 12, 10, 17, 7, 10) 11:(7, 18) 12:(17, 16) 13:(18, 7) 14:(17, 18, 17) 15:(12, 10) 16:(10,) 17:(10, 7, 17) 18:(18, 17, 10, 17) 19:(10, 12, 10, 7, 17, 10) 20:(10, 12, 10, 17) 21:(17, 10, 12) 22:(7, 18, 17) 23:(16, 10, 7, 18, 7, 17) 24:(7, 10) 25:(10, 18, 7, 10, 12, 10) 26:(10, 12, 16, 10) 27:(16, 10, 18, 17, 10, 18, 17, 10, 12, 16) 28:(12, 10, 17, 18, 17, 10, 12) 29:(12, 10, 17, 18, 17) 
