0.012803	0.020096	0.126614	0.242405	0.064149	-0.198554	0.223019	0.072851
-0.020541	-0.032104	-0.201767	-0.380734	-0.102278	0.314491	-0.351433	-0.116826
-0.000341	-0.000565	-0.003530	-0.007347	-0.001849	0.005685	-0.006730	-0.001853
0.009330	0.014664	0.092463	0.177837	0.046840	-0.145276	0.163452	0.053091
0.026485	0.041107	0.257931	0.476994	0.130426	-0.398794	0.441761	0.151331
0.034413	0.052952	0.331512	0.594994	0.166989	-0.506185	0.553999	0.198249
0.030869	0.047684	0.298800	0.543947	0.150827	-0.458971	0.505203	0.177033
0.015573	0.024405	0.153649	0.292685	0.077840	-0.240455	0.269552	0.088636
0.010267	0.016134	0.101705	0.195410	0.051526	-0.159727	0.179646	0.058421
0.005683	0.008933	0.056370	0.108640	0.028536	-0.088655	0.099784	0.032363
0.002477	0.003881	0.024509	0.047041	0.012375	-0.038507	0.043200	0.014149
-0.003882	-0.006149	-0.038756	-0.075619	-0.019719	0.061187	-0.069414	-0.021964
-0.031186	-0.048172	-0.301790	-0.549442	-0.152419	0.463551	-0.510442	-0.178633
-0.000381	-0.000628	-0.003932	-0.008128	-0.002054	0.006320	-0.007447	-0.002082
-0.001658	-0.002642	-0.016635	-0.032771	-0.008498	0.026341	-0.030069	-0.009331
-0.002412	-0.003832	-0.024141	-0.047322	-0.012305	0.038169	-0.043428	-0.013616
-0.003601	-0.005707	-0.035966	-0.070221	-0.018304	0.056794	-0.064456	-0.020370
-0.004418	-0.006994	-0.044081	-0.085911	-0.022420	0.069567	-0.078869	-0.025008
-0.005940	-0.009390	-0.059185	-0.115048	-0.030081	0.093322	-0.105647	-0.033653
-0.005358	-0.008475	-0.053412	-0.103924	-0.027153	0.084247	-0.095421	-0.030347
-0.000881	-0.001416	-0.008904	-0.017775	-0.004576	0.014156	-0.016301	-0.004919
-0.001198	-0.001917	-0.012057	-0.023891	-0.006175	0.019126	-0.021917	-0.006718
-0.003068	-0.004867	-0.030670	-0.059970	-0.015617	0.048454	-0.055042	-0.017344
0.000054	0.000057	0.000394	0.000267	0.000141	-0.000500	0.000260	0.000386
0.002156	0.003374	0.021316	0.040851	0.010755	-0.033475	0.037517	0.012325
-0.001877	-0.002989	-0.018824	-0.037015	-0.009608	0.029790	-0.033965	-0.010581
-0.001563	-0.002493	-0.015695	-0.030948	-0.008021	0.024860	-0.028395	-0.008794
-0.001389	-0.002219	-0.013962	-0.027585	-0.007141	0.022128	-0.025308	-0.007805
-0.001047	-0.001679	-0.010558	-0.020983	-0.005415	0.016763	-0.019247	-0.005863
0.000015	-0.000004	0.000009	-0.000480	-0.000054	0.000107	-0.000426	0.000167
-0.000410	-0.000675	-0.004223	-0.008693	-0.002201	0.006779	-0.007965	-0.002248
-0.000798	-0.001287	-0.008085	-0.016185	-0.004160	0.012865	-0.014842	-0.004452
0.000090	0.000114	0.000752	0.000961	0.000323	-0.001065	0.000898	0.000590
-0.000787	-0.001269	-0.007973	-0.015969	-0.004103	0.012689	-0.014644	-0.004388
-0.000163	-0.000284	-0.001756	-0.003906	-0.000949	0.002889	-0.003570	-0.000841
0.000102	0.000133	0.000874	0.001198	0.000385	-0.001256	0.001114	0.000660
-0.000298	-0.000498	-0.003111	-0.006534	-0.001637	0.005024	-0.005983	-0.001614
-0.000305	-0.000508	-0.003170	-0.006650	-0.001667	0.005118	-0.006089	-0.001648
-0.000927	-0.001489	-0.009364	-0.018666	-0.004809	0.014881	-0.017120	-0.005181
0.018600	0.029084	0.182947	0.346155	0.092659	-0.285522	0.319214	0.105922
-0.016145	-0.025335	-0.159421	-0.304225	-0.080876	0.249603	-0.280234	-0.091705
-0.002028	-0.003227	-0.020325	-0.039924	-0.010369	0.032155	-0.036636	-0.011437
0.000839	0.001297	0.008211	0.015435	0.004107	-0.012822	0.014184	0.004847
0.022352	0.034836	0.218874	0.410024	0.110793	-0.340206	0.378829	0.127440
0.026253	0.040757	0.255757	0.473339	0.129336	-0.395558	0.438313	0.149985
0.020199	0.031542	0.198313	0.373717	0.100421	-0.308995	0.344898	0.115078
0.018119	0.028342	0.178306	0.337763	0.090313	-0.278409	0.311406	0.103170
0.003482	0.005466	0.034506	0.066404	0.017446	-0.054253	0.060980	0.019858
-0.005486	-0.008676	-0.054685	-0.106379	-0.027799	0.086249	-0.097677	-0.031076
0.000690	0.001062	0.006730	0.012562	0.003356	-0.010488	0.011546	0.004002
0.000907	0.001405	0.008893	0.016758	0.004453	-0.013897	0.015398	0.005236
-0.031285	-0.048320	-0.302711	-0.550903	-0.152876	0.464890	-0.511834	-0.179223
-0.002994	-0.004749	-0.029926	-0.058529	-0.015240	0.047281	-0.053718	-0.016919
-0.004047	-0.006409	-0.040393	-0.078783	-0.020549	0.063763	-0.072321	-0.022900
-0.003781	-0.005991	-0.037758	-0.073687	-0.019212	0.059615	-0.067640	-0.021393
-0.003125	-0.004957	-0.031236	-0.061065	-0.015904	0.049344	-0.056048	-0.017667
-0.004961	-0.007849	-0.049473	-0.096324	-0.025155	0.078051	-0.088437	-0.028092
-0.006456	-0.010203	-0.064304	-0.124898	-0.032677	0.101364	-0.114703	-0.036586
-0.004372	-0.006922	-0.043625	-0.085031	-0.022189	0.068851	-0.078061	-0.024748
-0.001785	-0.002843	-0.017902	-0.035228	-0.009140	0.028338	-0.032324	-0.010054
-0.000676	-0.001093	-0.006863	-0.013814	-0.003540	0.010939	-0.012666	-0.003754
-0.001943	-0.003093	-0.019480	-0.038287	-0.009941	0.030824	-0.035133	-0.010955
0.000414	0.000626	0.003978	0.007222	0.001960	-0.006150	0.006644	0.002431
0.002351	0.003682	0.023259	0.044618	0.011741	-0.036537	0.040975	0.013435
-0.003042	-0.004827	-0.030413	-0.059472	-0.015487	0.048049	-0.054585	-0.017197
-0.001771	-0.002822	-0.017770	-0.034972	-0.009074	0.028130	-0.032089	-0.009979
-0.001433	-0.002288	-0.014401	-0.028438	-0.007364	0.022820	-0.026091	-0.008056
-0.000759	-0.001225	-0.007695	-0.015428	-0.003962	0.012250	-0.014147	-0.004229
0.000399	0.000602	0.003829	0.006931	0.001884	-0.005914	0.006377	0.002346
0.000038	0.000033	0.000238	-0.000037	0.000062	-0.000254	-0.000019	0.000297
-0.000263	-0.000442	-0.002756	-0.005845	-0.001457	0.004464	-0.005350	-0.001411
0.000330	0.000494	0.003148	0.005610	0.001538	-0.004841	0.005165	0.001957
-0.001065	-0.001708	-0.010740	-0.021335	-0.005507	0.017049	-0.019570	-0.005966
-0.000018	-0.000056	-0.000322	-0.001124	-0.000222	0.000629	-0.001016	-0.000023
0.000758	0.001169	0.007407	0.013875	0.003699	-0.011555	0.012752	0.004388
-0.000203	-0.000346	-0.002155	-0.004679	-0.001151	0.003517	-0.004280	-0.001068
-0.000458	-0.000750	-0.004701	-0.009620	-0.002444	0.007532	-0.008816	-0.002521
-0.000841	-0.001354	-0.008506	-0.017003	-0.004374	0.013529	-0.015593	-0.004692
0.010366	0.016289	0.102680	0.197260	0.052019	-0.161251	0.181352	0.058985
-0.027735	-0.043013	-0.269737	-0.497461	-0.136447	0.416535	-0.461092	-0.158359
-0.009057	-0.014287	-0.090024	-0.174156	-0.045719	0.141699	-0.160034	-0.051363
-0.001906	-0.003035	-0.019113	-0.037575	-0.009754	0.030245	-0.034479	-0.010745
0.010506	0.016507	0.104056	0.199870	0.052717	-0.163400	0.183758	0.059779
0.015347	0.024054	0.151448	0.288623	0.076726	-0.237055	0.265787	0.087345
0.014798	0.023202	0.146103	0.278734	0.074020	-0.228788	0.256626	0.084215
0.012405	0.019476	0.122715	0.235087	0.062173	-0.192489	0.216258	0.070586
0.010164	0.015972	0.100691	0.193485	0.051011	-0.158142	0.177871	0.057836
-0.001605	-0.002560	-0.016116	-0.031763	-0.008234	0.025522	-0.029143	-0.009034
0.006079	0.009557	0.060300	0.116212	0.030530	-0.094833	0.106745	0.034614
0.006932	0.010899	0.068755	0.132473	0.034818	-0.108114	0.121697	0.039461
-0.036347	-0.055818	-0.349292	-0.622378	-0.175793	0.531676	-0.580365	-0.209755
-0.004430	-0.007014	-0.044206	-0.086154	-0.022484	0.069765	-0.079093	-0.025080
-0.004944	-0.007823	-0.049304	-0.095998	-0.025069	0.077785	-0.088137	-0.027996
-0.004500	-0.007125	-0.044905	-0.087503	-0.022838	0.070864	-0.080332	-0.025479
-0.001314	-0.002100	-0.013216	-0.026139	-0.006763	0.020952	-0.023980	-0.007380
-0.003745	-0.005933	-0.037394	-0.072983	-0.019028	0.059041	-0.066993	-0.021185
-0.007206	-0.011382	-0.071735	-0.139174	-0.036446	0.113033	-0.127833	-0.040849
-0.002959	-0.004695	-0.029583	-0.057864	-0.015066	0.046741	-0.053108	-0.016723
-0.001909	-0.003039	-0.019138	-0.037624	-0.009767	0.030286	-0.034524	-0.010760
0.000183	0.000262	0.001682	0.002766	0.000795	-0.002530	0.002554	0.001121
-0.000670	-0.001085	-0.006812	-0.013715	-0.003514	0.010858	-0.012575	-0.003725
0.000835	0.001291	0.008175	0.015366	0.004089	-0.012766	0.014120	0.004826
0.002989	0.004688	0.029603	0.056911	0.014959	-0.046532	0.052263	0.017057
-0.003472	-0.005504	-0.034683	-0.067738	-0.017653	0.054773	-0.062176	-0.019637
-0.001035	-0.001660	-0.010441	-0.020757	-0.005355	0.016579	-0.019039	-0.005796
-0.000368	-0.000608	-0.003799	-0.007869	-0.001986	0.006109	-0.007209	-0.002006
-0.000045	-0.000098	-0.000586	-0.001635	-0.000356	0.001045	-0.001486	-0.000173
0.000414	0.000626	0.003981	0.007228	0.001961	-0.006155	0.006650	0.002433
0.000818	0.001263	0.008001	0.015027	0.004000	-0.012491	0.013809	0.004727
0.000442	0.000670	0.004259	0.007766	0.002102	-0.006593	0.007144	0.002591
0.000135	0.000185	0.001201	0.001832	0.000551	-0.001772	0.001697	0.000847
-0.000881	-0.001418	-0.008912	-0.017790	-0.004580	0.014169	-0.016316	-0.004924
-0.000515	-0.000841	-0.005271	-0.010725	-0.002732	0.008429	-0.009831	-0.002846
0.000685	0.001054	0.006678	0.012460	0.003329	-0.010406	0.011453	0.003972
-0.000329	-0.000547	-0.003416	-0.007125	-0.001791	0.005505	-0.006525	-0.001787
-0.000817	-0.001316	-0.008271	-0.016547	-0.004255	0.013159	-0.015174	-0.004558
-0.000329	-0.000547	-0.003416	-0.007127	-0.001791	0.005506	-0.006527	-0.001788
0.001679	0.002622	0.016574	0.031657	0.008350	-0.026002	0.029075	0.009619
-0.032187	-0.049660	-0.311035	-0.564032	-0.157001	0.476961	-0.524361	-0.184581
-0.012303	-0.019364	-0.121953	-0.234603	-0.061903	0.191543	-0.215788	-0.069822
0.001849	0.002890	0.018264	0.034934	0.009207	-0.028665	0.032084	0.010583
0.013960	0.021898	0.137926	0.263542	0.069879	-0.216119	0.242563	0.079438
0.018554	0.029012	0.182499	0.345347	0.092433	-0.284836	0.318462	0.105656
0.022077	0.034417	0.216261	0.405448	0.109476	-0.336253	0.374546	0.125861
0.010925	0.017164	0.108185	0.207689	0.054810	-0.169845	0.190970	0.062166
0.009415	0.014797	0.093300	0.179430	0.047264	-0.146586	0.164920	0.053573
0.002080	0.003255	0.020565	0.039397	0.010374	-0.032292	0.036181	0.011897
0.005183	0.008147	0.051411	0.099078	0.026021	-0.080859	0.090996	0.029524
0.004900	0.007701	0.048598	0.093648	0.024595	-0.076434	0.086007	0.027915
-0.038050	-0.058330	-0.364930	-0.645249	-0.183377	0.553655	-0.602479	-0.220339
-0.004752	-0.007521	-0.047400	-0.092323	-0.024103	0.074791	-0.084761	-0.026907
-0.004715	-0.007463	-0.047036	-0.091621	-0.023919	0.074218	-0.084115	-0.026698
-0.002706	-0.004295	-0.027061	-0.052981	-0.013787	0.042770	-0.048624	-0.015283
-0.000302	-0.000504	-0.003148	-0.006607	-0.001656	0.005084	-0.006050	-0.001635
-0.002117	-0.003367	-0.021208	-0.041637	-0.010818	0.033548	-0.038208	-0.011941
-0.004170	-0.006604	-0.041619	-0.081154	-0.021171	0.065693	-0.074499	-0.023601
-0.002465	-0.003916	-0.024670	-0.048348	-0.012574	0.039003	-0.044370	-0.013918
-0.003235	-0.005130	-0.032329	-0.063181	-0.016458	0.051066	-0.057991	-0.018292
0.000474	0.000721	0.004578	0.008386	0.002264	-0.007096	0.007713	0.002774
0.001974	0.003088	0.019509	0.037348	0.009838	-0.030627	0.034300	0.011294
0.001105	0.001716	0.010856	0.020566	0.005449	-0.016991	0.018894	0.006356
0.001902	0.002973	0.018786	0.035946	0.009471	-0.029488	0.033013	0.010881
-0.002827	-0.004487	-0.028272	-0.055326	-0.014401	0.044677	-0.050777	-0.015975
0.000149	0.000208	0.001342	0.002106	0.000622	-0.001994	0.001948	0.000927
0.000673	0.001035	0.006559	0.012228	0.003269	-0.010217	0.011240	0.003903
0.000901	0.001394	0.008828	0.016633	0.004420	-0.013795	0.015283	0.005199
0.000125	0.000170	0.001107	0.001650	0.000503	-0.001624	0.001530	0.000793
0.000859	0.001328	0.008410	0.015821	0.004208	-0.013136	0.014538	0.004960
0.001051	0.001632	0.010325	0.019536	0.005179	-0.016154	0.017948	0.006053
-0.000474	-0.000775	-0.004858	-0.009924	-0.002523	0.007778	-0.009095	-0.002610
-0.000600	-0.000974	-0.006110	-0.012354	-0.003158	0.009752	-0.011326	-0.003325
-0.001209	-0.001934	-0.012172	-0.024115	-0.006234	0.019307	-0.022121	-0.006784
-0.000051	-0.000107	-0.000643	-0.001746	-0.000385	0.001135	-0.001588	-0.000206
-0.000275	-0.000461	-0.002875	-0.006076	-0.001517	0.004652	-0.005563	-0.001479
-0.001093	-0.001751	-0.011014	-0.021869	-0.005646	0.017483	-0.020060	-0.006123
0.000228	0.000333	0.002133	0.003641	0.001023	-0.003241	0.003357	0.001378
0.001910	0.002987	0.018871	0.036111	0.009515	-0.029622	0.033165	0.010930
-0.031711	-0.048954	-0.306645	-0.557127	-0.154827	0.470602	-0.517770	-0.181750
-0.014989	-0.023544	-0.148189	-0.283526	-0.075191	0.232256	-0.261044	-0.085116
0.004758	0.007476	0.047184	0.090918	0.023877	-0.074209	0.083498	0.027106
0.015831	0.024806	0.156161	0.297314	0.079112	-0.244334	0.273843	0.090110
0.008377	0.013169	0.083051	0.159872	0.042068	-0.130538	0.146908	0.047672
0.019305	0.030170	0.189736	0.358375	0.096090	-0.295907	0.330594	0.109959
0.012375	0.019429	0.122423	0.234539	0.062026	-0.192035	0.215752	0.070416
0.010634	0.016709	0.105322	0.202269	0.053359	-0.165377	0.185970	0.060511
0.001008	0.001564	0.009898	0.018707	0.004963	-0.015480	0.017187	0.005809
0.006835	0.010747	0.067798	0.130633	0.034332	-0.106610	0.120005	0.038912
0.011420	0.017936	0.113042	0.216869	0.057271	-0.177421	0.199439	0.064977
-0.038709	-0.059304	-0.370997	-0.653963	-0.186299	0.562118	-0.610932	-0.224497
-0.002220	-0.003530	-0.022232	-0.043621	-0.011337	0.035160	-0.040030	-0.012526
-0.000706	-0.001141	-0.007166	-0.014402	-0.003694	0.011416	-0.013205	-0.003927
-0.000722	-0.001167	-0.007328	-0.014716	-0.003776	0.011671	-0.013494	-0.004020
-0.000493	-0.000804	-0.005043	-0.010283	-0.002617	0.008070	-0.009425	-0.002716
0.000694	0.001069	0.006774	0.012645	0.003378	-0.010556	0.011623	0.004026
-0.002439	-0.003874	-0.024407	-0.047837	-0.012440	0.038588	-0.043901	-0.013768
-0.003194	-0.005065	-0.031920	-0.062389	-0.016251	0.050422	-0.057264	-0.018058
-0.002107	-0.003351	-0.021108	-0.041442	-0.010766	0.033389	-0.038030	-0.011884
-0.001896	-0.003019	-0.019008	-0.037373	-0.009701	0.030081	-0.034293	-0.010686
0.000849	0.001313	0.008314	0.015633	0.004159	-0.012984	0.014366	0.004905
0.000517	0.000788	0.005004	0.009213	0.002480	-0.007767	0.008472	0.003017
0.000751	0.001157	0.007332	0.013729	0.003661	-0.011437	0.012618	0.004345
-0.001178	-0.001885	-0.011860	-0.023509	-0.006075	0.018815	-0.021565	-0.006606
0.000524	0.000799	0.005075	0.009350	0.002516	-0.007879	0.008598	0.003057
0.000817	0.001263	0.007998	0.015021	0.003999	-0.012486	0.013804	0.004725
0.001273	0.001981	0.012528	0.023809	0.006297	-0.019626	0.021871	0.007310
-0.000249	-0.000420	-0.002618	-0.005577	-0.001386	0.004247	-0.005105	-0.001332
0.000366	0.000552	0.003511	0.006315	0.001722	-0.005413	0.005811	0.002164
0.001475	0.002301	0.014548	0.027729	0.007322	-0.022811	0.025469	0.008463
-0.000515	-0.000840	-0.005266	-0.010716	-0.002730	0.008422	-0.009821	-0.002843
-0.000477	-0.000780	-0.004889	-0.009985	-0.002539	0.007828	-0.009151	-0.002628
-0.001627	-0.002594	-0.016328	-0.032174	-0.008341	0.025856	-0.029521	-0.009156
-0.000848	-0.001365	-0.008578	-0.017143	-0.004410	0.013643	-0.015721	-0.004733
-0.000299	-0.000498	-0.003113	-0.006539	-0.001638	0.005029	-0.005988	-0.001615
-0.001379	-0.002203	-0.013864	-0.027396	-0.007092	0.021974	-0.025134	-0.007749
0.000326	0.000487	0.003105	0.005527	0.001517	-0.004774	0.005089	0.001933
0.001979	0.003096	0.019562	0.037452	0.009865	-0.030712	0.034396	0.011324
-0.032409	-0.049990	-0.313080	-0.567234	-0.158012	0.479918	-0.527421	-0.185903
