-0.241793	0.306677	-0.179878	0.230300	0.208978	0.129654	-0.182323	-0.137312
0.342567	-0.430387	0.256380	-0.327151	-0.297270	-0.185484	0.260011	0.196334
0.218675	-0.279686	0.161584	-0.207424	-0.188152	-0.115951	0.163647	0.122925
0.053252	-0.069553	0.038730	-0.050041	-0.045332	-0.027511	0.039151	0.029223
-0.135841	0.173511	-0.100594	0.129104	0.117043	0.072300	-0.101914	-0.076604
-0.184963	0.235721	-0.137159	0.175893	0.159517	0.098663	-0.138978	-0.104527
-0.208030	0.264671	-0.154437	0.197936	0.179546	0.111170	-0.156503	-0.117763
-0.077459	0.098825	-0.057435	0.073697	0.066798	0.041316	-0.058200	-0.043765
-0.204777	0.260599	-0.151996	0.194824	0.176717	0.109400	-0.154026	-0.115891
-0.108256	0.138305	-0.080170	0.102903	0.093277	0.057623	-0.081224	-0.061050
-0.122008	0.155878	-0.090344	0.115960	0.105119	0.064930	-0.091530	-0.068795
-0.091842	0.117283	-0.068045	0.087332	0.079159	0.048923	-0.068945	-0.051829
0.478007	-0.584261	0.365191	-0.461350	-0.420374	-0.267859	0.371131	0.282597
0.073750	-0.095908	0.053829	-0.069458	-0.062932	-0.038326	0.054439	0.040690
0.046987	-0.061489	0.034118	-0.044108	-0.039956	-0.024209	0.034482	0.025722
-0.031956	0.040270	-0.023934	0.030605	0.027744	0.017327	-0.024283	-0.018328
-0.041785	0.052934	-0.031164	0.039909	0.036175	0.022502	-0.031602	-0.023816
-0.029747	0.037422	-0.022309	0.028514	0.025849	0.016164	-0.022638	-0.017095
0.025535	-0.033854	0.018337	-0.023801	-0.021554	-0.012915	0.018506	0.013744
0.043157	-0.056558	0.031299	-0.040481	-0.036669	-0.022192	0.031629	0.023582
-0.008796	0.010412	-0.006904	0.008687	0.007883	0.005142	-0.007044	-0.005406
0.019226	-0.025721	0.013698	-0.017830	-0.016143	-0.009596	0.013810	0.010224
-0.007480	0.008715	-0.005936	0.007442	0.006755	0.004451	-0.006065	-0.004672
0.013342	-0.018136	0.009372	-0.012262	-0.011098	-0.006501	0.009431	0.006942
0.022399	-0.029812	0.016031	-0.020833	-0.018865	-0.011265	0.016172	0.011995
0.025555	-0.033881	0.018352	-0.023820	-0.021572	-0.012926	0.018521	0.013756
0.005454	-0.007965	0.003572	-0.004798	-0.004335	-0.002352	0.003561	0.002542
0.011137	-0.015293	0.007750	-0.010175	-0.009207	-0.005341	0.007790	0.005712
0.015576	-0.021016	0.011014	-0.014376	-0.013014	-0.007676	0.011094	0.008188
0.010013	-0.013843	0.006924	-0.009111	-0.008243	-0.004749	0.006953	0.005085
0.005471	-0.007987	0.003585	-0.004814	-0.004349	-0.002361	0.003573	0.002551
-0.000458	-0.000341	-0.000774	0.000797	0.000734	0.000757	-0.000839	-0.000756
0.000315	-0.001337	-0.000206	0.000066	0.000072	0.000351	-0.000264	-0.000325
0.008801	-0.012280	0.006033	-0.007965	-0.007204	-0.004112	0.006051	0.004408
0.016720	-0.022490	0.011855	-0.015458	-0.013995	-0.008278	0.011945	0.008826
0.019941	-0.026644	0.014224	-0.018507	-0.016757	-0.009973	0.014343	0.010623
0.012831	-0.017476	0.008995	-0.011778	-0.010660	-0.006232	0.009050	0.006656
0.002179	-0.003741	0.001164	-0.001698	-0.001527	-0.000630	0.001123	0.000715
0.010577	-0.014570	0.007339	-0.009645	-0.008727	-0.005046	0.007373	0.005400
-0.044687	0.056672	-0.033300	0.042657	0.038665	0.024030	-0.033764	-0.025437
0.405163	-0.503156	0.305824	-0.388645	-0.353559	-0.222496	0.310428	0.235223
0.064985	-0.084644	0.047370	-0.061153	-0.055404	-0.033698	0.047898	0.035784
-0.074756	0.095353	-0.055443	0.071136	0.064476	0.039889	-0.056183	-0.042251
-0.275404	0.348005	-0.205412	0.262658	0.238439	0.148303	-0.208261	-0.157016
-0.160675	0.205049	-0.119045	0.152735	0.138488	0.085587	-0.120613	-0.090680
-0.042182	0.053446	-0.031456	0.040285	0.036516	0.022711	-0.031898	-0.024037
-0.126201	0.161227	-0.093449	0.119942	0.108732	0.067162	-0.094675	-0.071160
-0.235802	0.299258	-0.175349	0.224548	0.203744	0.126357	-0.177725	-0.133827
-0.204353	0.260068	-0.151678	0.194419	0.176349	0.109170	-0.153703	-0.115647
-0.163509	0.208637	-0.121154	0.155434	0.140939	0.087108	-0.122751	-0.092291
-0.025181	0.031538	-0.018951	0.024193	0.021934	0.013762	-0.019239	-0.014547
0.504303	-0.612475	0.387212	-0.487956	-0.444902	-0.284994	0.393696	0.300381
0.071508	-0.093027	0.052177	-0.067334	-0.061006	-0.037142	0.052765	0.039435
0.055320	-0.072214	0.040252	-0.051999	-0.047107	-0.028601	0.040692	0.030379
-0.017839	0.022073	-0.013553	0.017245	0.015638	0.009899	-0.013774	-0.010451
-0.031292	0.039414	-0.023445	0.029977	0.027175	0.016978	-0.023788	-0.017957
-0.039480	0.049965	-0.029469	0.037728	0.034198	0.021288	-0.029886	-0.022529
-0.001052	0.000426	-0.001211	0.001359	0.001244	0.001070	-0.001281	-0.001087
0.032754	-0.043158	0.023647	-0.030634	-0.027746	-0.016715	0.023881	0.017774
0.000190	-0.001176	-0.000298	0.000184	0.000179	0.000416	-0.000357	-0.000394
0.042210	-0.055339	0.030603	-0.039586	-0.035858	-0.021694	0.030924	0.023054
0.007461	-0.010552	0.005047	-0.006696	-0.006055	-0.003407	0.005054	0.003661
0.015272	-0.020623	0.010790	-0.014088	-0.012753	-0.007516	0.010867	0.008018
0.014409	-0.019511	0.010156	-0.013272	-0.012013	-0.007062	0.010225	0.007537
0.029891	-0.039468	0.021541	-0.027924	-0.025290	-0.015208	0.021749	0.016176
-0.002278	0.002006	-0.002112	0.002519	0.002295	0.001714	-0.002193	-0.001770
0.005216	-0.007657	0.003397	-0.004572	-0.004130	-0.002227	0.003383	0.002409
0.016343	-0.022005	0.011578	-0.015101	-0.013671	-0.008079	0.011664	0.008616
0.009066	-0.012622	0.006228	-0.008216	-0.007432	-0.004252	0.006249	0.004557
0.011636	-0.015936	0.008117	-0.010648	-0.009635	-0.005604	0.008161	0.005990
-0.002074	0.001743	-0.001962	0.002326	0.002120	0.001607	-0.002042	-0.001657
-0.010751	0.012933	-0.008342	0.010537	0.009560	0.006171	-0.008499	-0.006497
0.009422	-0.013081	0.006490	-0.008553	-0.007737	-0.004439	0.006514	0.004755
0.021354	-0.028465	0.015262	-0.019844	-0.017969	-0.010716	0.015394	0.011412
0.029887	-0.039463	0.021537	-0.027920	-0.025287	-0.015205	0.021746	0.016173
0.014267	-0.019328	0.010051	-0.013137	-0.011891	-0.006987	0.010119	0.007458
-0.003999	0.004226	-0.003377	0.004148	0.003770	0.002620	-0.003474	-0.002731
0.009610	-0.013324	0.006628	-0.008730	-0.007898	-0.004538	0.006654	0.004860
-0.028671	0.036036	-0.021518	0.027496	0.024927	0.015598	-0.021837	-0.016495
0.452646	-0.556499	0.344267	-0.435881	-0.396933	-0.251741	0.349715	0.265809
0.098688	-0.127889	0.072229	-0.093102	-0.084367	-0.051518	0.073071	0.054677
-0.135724	0.173363	-0.100508	0.128993	0.116943	0.072238	-0.101827	-0.076539
-0.247166	0.313319	-0.183945	0.235464	0.213677	0.132618	-0.186453	-0.140445
-0.118332	0.151184	-0.087622	0.112468	0.101952	0.062975	-0.088773	-0.066723
-0.127257	0.162573	-0.094231	0.120946	0.109642	0.067724	-0.095467	-0.071756
-0.140818	0.179845	-0.104287	0.133836	0.121337	0.074956	-0.105656	-0.079419
-0.140729	0.179731	-0.104220	0.133751	0.121260	0.074909	-0.105589	-0.079369
-0.140136	0.178978	-0.103781	0.133188	0.120749	0.074592	-0.105143	-0.079034
-0.080080	0.102192	-0.059368	0.076182	0.069050	0.042702	-0.060157	-0.045234
-0.059238	0.075404	-0.044011	0.056436	0.051152	0.031699	-0.044608	-0.033568
0.514921	-0.623695	0.396206	-0.498760	-0.454875	-0.292046	0.402920	0.307678
0.056731	-0.074030	0.041291	-0.053336	-0.048319	-0.029345	0.041744	0.031167
0.052917	-0.069122	0.038483	-0.049723	-0.045045	-0.027334	0.038901	0.029036
-0.006690	0.007696	-0.005356	0.006694	0.006078	0.004035	-0.005477	-0.004232
-0.042519	0.053879	-0.031704	0.040604	0.036804	0.022888	-0.032149	-0.024225
-0.043022	0.054528	-0.032074	0.041081	0.037236	0.023153	-0.032524	-0.024506
-0.008989	0.010661	-0.007046	0.008870	0.008049	0.005244	-0.007188	-0.005514
0.004448	-0.006667	0.002833	-0.003846	-0.003472	-0.001823	0.002812	0.001981
-0.014824	0.018185	-0.011336	0.014392	0.013052	0.008313	-0.011530	-0.008769
0.045732	-0.059873	0.033195	-0.042920	-0.038879	-0.023548	0.033547	0.025021
0.039204	-0.051466	0.028391	-0.036739	-0.033278	-0.020110	0.028684	0.021375
0.030982	-0.040874	0.022343	-0.028956	-0.026226	-0.015782	0.022561	0.016784
-0.008246	0.009703	-0.006500	0.008167	0.007412	0.004853	-0.006635	-0.005100
0.030724	-0.040541	0.022153	-0.028712	-0.026004	-0.015646	0.022369	0.016640
-0.002833	0.002722	-0.002520	0.003044	0.002771	0.002006	-0.002607	-0.002080
-0.008428	0.009937	-0.006633	0.008338	0.007568	0.004949	-0.006770	-0.005201
0.007769	-0.010949	0.005274	-0.006988	-0.006319	-0.003569	0.005283	0.003833
0.006013	-0.008685	0.003983	-0.005326	-0.004814	-0.002646	0.003977	0.002854
0.012840	-0.017488	0.009002	-0.011786	-0.010668	-0.006237	0.009057	0.006662
0.006427	-0.009219	0.004288	-0.005718	-0.005169	-0.002864	0.004285	0.003085
-0.007850	0.009192	-0.006209	0.007792	0.007073	0.004645	-0.006340	-0.004879
0.012570	-0.017140	0.008804	-0.011531	-0.010436	-0.006095	0.008856	0.006511
0.020129	-0.026886	0.014362	-0.018685	-0.016918	-0.010071	0.014482	0.010728
0.027597	-0.036512	0.019854	-0.025753	-0.023323	-0.014000	0.020041	0.014895
0.007262	-0.010296	0.004902	-0.006508	-0.005885	-0.003303	0.004906	0.003551
-0.001737	0.001308	-0.001714	0.002007	0.001831	0.001430	-0.001791	-0.001469
0.008402	-0.011765	0.005739	-0.007586	-0.006862	-0.003902	0.005754	0.004186
