-0.260851	0.076027	-0.196218	0.142226	0.331488	0.136491	0.043979	-0.304033
0.262430	-0.076261	0.197005	-0.142579	-0.334148	-0.136878	-0.043853	0.306173
0.009313	-0.002540	0.006705	-0.004701	-0.012440	-0.004543	-0.001296	0.011135
0.024025	-0.006747	0.017642	-0.012559	-0.031449	-0.012094	-0.003668	0.028433
-0.270182	0.078847	-0.203394	0.147513	0.342967	0.141554	0.045684	-0.314723
-0.305794	0.089719	-0.230954	0.167917	0.386394	0.161080	0.052344	-0.355332
-0.290684	0.085084	-0.219225	0.159214	0.368046	0.152754	0.049487	-0.338141
-0.185418	0.053600	-0.138783	0.100220	0.237343	0.096225	0.030692	-0.216948
-0.088962	0.025606	-0.066423	0.047878	0.114358	0.045976	0.014606	-0.104327
-0.012688	0.003750	-0.009648	0.007048	0.015991	0.006746	0.002249	-0.014735
-0.041190	0.011903	-0.030841	0.022276	0.052806	0.021380	0.006849	-0.048241
-0.017150	0.005025	-0.012965	0.009430	0.021757	0.009036	0.002969	-0.019982
0.383083	-0.113808	0.291471	-0.213137	-0.478848	-0.204320	-0.067407	0.442538
0.056762	-0.016119	0.041994	-0.030064	-0.073702	-0.028914	-0.008958	0.066903
0.073514	-0.020923	0.054472	-0.039041	-0.095286	-0.037538	-0.011678	0.086571
0.070685	-0.020111	0.052364	-0.037524	-0.091644	-0.036080	-0.011218	0.083251
0.006828	-0.001830	0.004858	-0.003374	-0.009229	-0.003268	-0.000895	0.008213
0.020360	-0.005699	0.014917	-0.010601	-0.026713	-0.010212	-0.003076	0.024124
0.041626	-0.011783	0.030731	-0.021966	-0.054176	-0.021132	-0.006509	0.049121
0.051711	-0.014671	0.038235	-0.027361	-0.067189	-0.026316	-0.008140	0.060970
0.019385	-0.005420	0.014193	-0.010080	-0.025454	-0.009712	-0.002919	0.022978
-0.035295	0.010216	-0.026456	0.019125	0.045195	0.018352	0.005897	-0.041313
-0.009470	0.002829	-0.007256	0.005329	0.011833	0.005095	0.001731	-0.010951
0.001269	-0.000241	0.000726	-0.000406	-0.002045	-0.000416	0.000001	0.001677
0.003491	-0.000876	0.002378	-0.001592	-0.004916	-0.001555	-0.000358	0.004289
0.055893	-0.015869	0.041348	-0.029599	-0.072582	-0.028467	-0.008817	0.065882
0.007217	-0.001941	0.005148	-0.003582	-0.009731	-0.003468	-0.000958	0.008671
0.005224	-0.001371	0.003666	-0.002518	-0.007156	-0.002445	-0.000637	0.006327
0.005457	-0.001438	0.003839	-0.002642	-0.007457	-0.002564	-0.000674	0.006601
0.010127	-0.002773	0.007311	-0.005136	-0.013492	-0.004961	-0.001427	0.012092
0.003841	-0.000976	0.002638	-0.001779	-0.005369	-0.001736	-0.000414	0.004701
0.008021	-0.002171	0.005745	-0.004011	-0.010770	-0.003880	-0.001087	0.009616
0.007039	-0.001890	0.005015	-0.003487	-0.009501	-0.003376	-0.000929	0.008461
0.008270	-0.002242	0.005930	-0.004144	-0.011092	-0.004008	-0.001128	0.009909
0.025610	-0.007201	0.018821	-0.013406	-0.033496	-0.012907	-0.003923	0.030297
0.005300	-0.001393	0.003722	-0.002558	-0.007254	-0.002484	-0.000649	0.006416
-0.002078	0.000716	-0.001761	0.001381	0.002280	0.001302	0.000540	-0.002259
-0.002053	0.000709	-0.001742	0.001368	0.002247	0.001289	0.000536	-0.002229
0.005192	-0.001363	0.003642	-0.002500	-0.007115	-0.002429	-0.000632	0.006290
-0.165667	0.047817	-0.123887	0.089402	0.212356	0.085845	0.027332	-0.193982
0.430087	-0.129219	0.329461	-0.242210	-0.532792	-0.232020	-0.077713	0.494418
0.212502	-0.061342	0.158869	-0.114624	-0.272144	-0.110090	-0.034959	0.248682
-0.001286	0.000490	-0.001173	0.000959	0.001258	0.000896	0.000412	-0.001328
-0.198338	0.057400	-0.148557	0.107333	0.253620	0.103047	0.032913	-0.231938
-0.166704	0.048120	-0.124668	0.089968	0.213671	0.086389	0.027507	-0.195190
-0.103161	0.029694	-0.077023	0.055518	0.132593	0.053313	0.016931	-0.120969
-0.122931	0.035402	-0.091805	0.066185	0.157918	0.063558	0.020189	-0.144109
-0.229963	0.066770	-0.172585	0.124878	0.293210	0.119869	0.038439	-0.268507
-0.094337	0.027153	-0.070434	0.050768	0.121264	0.048751	0.015485	-0.110629
-0.134173	0.038657	-0.100227	0.072270	0.172283	0.069400	0.022053	-0.157250
-0.014242	0.004194	-0.010803	0.007878	0.018000	0.007544	0.002500	-0.016563
0.490403	-0.149871	0.379504	-0.281300	-0.599635	-0.269165	-0.092270	0.559730
0.060264	-0.017122	0.044602	-0.031940	-0.078218	-0.030716	-0.009526	0.071016
0.081888	-0.023328	0.060714	-0.043535	-0.106062	-0.041855	-0.013041	0.096396
0.075866	-0.021599	0.056224	-0.040302	-0.098314	-0.038750	-0.012060	0.089331
0.013968	-0.003872	0.010166	-0.007187	-0.018456	-0.006932	-0.002046	0.016609
0.031507	-0.008888	0.023206	-0.016557	-0.041112	-0.015935	-0.004875	0.037229
0.057876	-0.016438	0.042824	-0.030661	-0.075139	-0.029487	-0.009139	0.068211
0.063037	-0.017918	0.046667	-0.033425	-0.081791	-0.032142	-0.009976	0.074272
0.011603	-0.003195	0.008407	-0.005924	-0.015399	-0.005718	-0.001665	0.013828
-0.005864	0.001799	-0.004575	0.003403	0.007172	0.003244	0.001150	-0.006710
-0.032351	0.009373	-0.024267	0.017551	0.041393	0.016840	0.005421	-0.037852
-0.024193	0.007040	-0.018201	0.013193	0.030857	0.012651	0.004105	-0.028263
-0.012797	0.003781	-0.009729	0.007105	0.016132	0.006802	0.002267	-0.014863
0.059785	-0.016985	0.044245	-0.031683	-0.077600	-0.030469	-0.009448	0.070453
0.002313	-0.000539	0.001502	-0.000963	-0.003394	-0.000951	-0.000168	0.002904
-0.004608	0.001439	-0.003642	0.002732	0.005550	0.002600	0.000947	-0.005234
-0.009668	0.002886	-0.007403	0.005435	0.012089	0.005197	0.001763	-0.011184
0.006968	-0.001870	0.004962	-0.003449	-0.009409	-0.003340	-0.000918	0.008378
-0.002253	0.000766	-0.001891	0.001475	0.002507	0.001392	0.000568	-0.002465
0.005089	-0.001333	0.003565	-0.002446	-0.006981	-0.002376	-0.000615	0.006168
0.000669	-0.000069	0.000281	-0.000085	-0.001269	-0.000108	0.000097	0.000971
0.008655	-0.002352	0.006217	-0.004350	-0.011590	-0.004206	-0.001190	0.010362
0.035622	-0.010065	0.026265	-0.018756	-0.046425	-0.018048	-0.005539	0.042065
0.009070	-0.002471	0.006525	-0.004572	-0.012127	-0.004419	-0.001256	0.010850
0.004250	-0.001093	0.002942	-0.001998	-0.005898	-0.001945	-0.000480	0.005182
-0.002332	0.000789	-0.001951	0.001518	0.002609	0.001433	0.000581	-0.002559
