-0.409894	0.546300	0.159515	-0.511007	0.516832	-0.142230	-0.075024	-0.408422
0.023591	-0.032683	-0.008835	0.030321	-0.030660	0.007699	0.004093	0.023559
0.181724	-0.250865	-0.068259	0.232979	-0.235611	0.059498	0.031627	0.181515
-0.101412	0.141116	0.037788	-0.130858	0.132337	-0.032751	-0.017449	-0.101362
-0.162438	0.224966	0.060809	-0.208810	0.211173	-0.052868	-0.028130	-0.162306
-0.048813	0.068162	0.018125	-0.063167	0.063882	-0.015666	-0.008356	-0.048805
-0.040035	0.055949	0.014853	-0.051842	0.052430	-0.012828	-0.006844	-0.040032
-0.026578	0.037213	0.009840	-0.034472	0.034864	-0.008483	-0.004529	-0.026583
-0.092011	0.128114	0.034265	-0.118786	0.120130	-0.029684	-0.015818	-0.091971
-0.164021	0.227126	0.061411	-0.210821	0.213206	-0.053396	-0.028409	-0.163886
0.098032	-0.136080	-0.036629	0.126228	-0.127651	0.031826	0.016940	0.097946
-0.012162	0.017132	0.004473	-0.015857	0.016039	-0.003832	-0.002051	-0.012176
0.314329	-0.426558	-0.120091	0.397542	-0.402052	0.105818	0.056021	0.313620
0.036088	-0.050085	-0.013490	0.046453	-0.046975	0.011733	0.006242	0.036048
-0.009811	0.013856	0.003598	-0.012820	0.012967	-0.003074	-0.001648	-0.009826
-0.002671	0.003906	0.000940	-0.003598	0.003640	-0.000771	-0.000420	-0.002689
0.036048	-0.050030	-0.013475	0.046402	-0.046924	0.011720	0.006236	0.036009
0.003376	-0.004518	-0.001310	0.004212	-0.004257	0.001178	0.000619	0.003354
-0.014933	0.020992	0.005504	-0.019436	0.019657	-0.004726	-0.002528	-0.014944
0.034165	-0.047408	-0.012773	0.043971	-0.044465	0.011112	0.005911	0.034126
0.026283	-0.036432	-0.009838	0.033795	-0.034174	0.008567	0.004556	0.026248
-0.006978	0.009908	0.002543	-0.009161	0.009267	-0.002160	-0.001160	-0.006994
0.033242	-0.046123	-0.012429	0.042780	-0.043260	0.010813	0.005753	0.033204
0.017779	-0.024587	-0.006671	0.022815	-0.023070	0.005824	0.003094	0.017750
0.005909	-0.008049	-0.002253	0.007484	-0.007566	0.001995	0.001054	0.005886
0.000988	-0.001192	-0.000422	0.001128	-0.001139	0.000408	0.000208	0.000968
0.016433	-0.022712	-0.006170	0.021077	-0.021313	0.005389	0.002863	0.016405
0.002666	-0.003530	-0.001046	0.003296	-0.003330	0.000949	0.000497	0.002645
0.005206	-0.007069	-0.001991	0.006576	-0.006648	0.001769	0.000933	0.005184
0.007874	-0.010787	-0.002985	0.010023	-0.010134	0.002629	0.001392	0.007850
0.000546	-0.000576	-0.000257	0.000557	-0.000561	0.000266	0.000132	0.000526
0.002714	-0.003597	-0.001064	0.003358	-0.003393	0.000965	0.000505	0.002693
0.013551	-0.018697	-0.005097	0.017355	-0.017548	0.004460	0.002367	0.013524
0.013210	-0.018221	-0.004970	0.016914	-0.017102	0.004350	0.002309	0.013183
0.008041	-0.011019	-0.003047	0.010237	-0.010351	0.002683	0.001420	0.008016
0.007785	-0.010663	-0.002951	0.009907	-0.010017	0.002600	0.001376	0.007761
0.007020	-0.009597	-0.002666	0.008919	-0.009018	0.002353	0.001245	0.006996
0.010767	-0.014818	-0.004061	0.013759	-0.013912	0.003562	0.001889	0.010741
0.006195	-0.008447	-0.002360	0.007853	-0.007940	0.002087	0.001103	0.006172
-0.378312	0.507634	0.146187	-0.474199	0.479600	-0.129751	-0.068527	-0.377163
-0.018107	0.025414	0.006686	-0.023534	0.023802	-0.005749	-0.003073	-0.018116
0.171868	-0.237468	-0.064503	0.220497	-0.222987	0.056194	0.029877	0.171680
-0.011853	0.016702	0.004358	-0.015458	0.015635	-0.003733	-0.001998	-0.011867
-0.102943	0.143232	0.038363	-0.132823	0.134325	-0.033251	-0.017715	-0.102892
-0.084323	0.117466	0.031386	-0.108904	0.110135	-0.027181	-0.014486	-0.084289
-0.036580	0.051140	0.013565	-0.047384	0.047921	-0.011712	-0.006250	-0.036580
-0.022505	0.031541	0.008323	-0.029214	0.029545	-0.007168	-0.003829	-0.022512
-0.185334	0.256110	0.069530	-0.237824	0.240516	-0.060536	-0.032191	-0.185156
-0.139650	0.193784	0.052179	-0.179796	0.181830	-0.045308	-0.024120	-0.139555
0.083950	-0.116584	-0.031354	0.108131	-0.109350	0.027238	0.014499	0.083877
-0.059697	0.083292	0.022184	-0.077199	0.078073	-0.019188	-0.010232	-0.059681
0.302151	-0.410846	-0.115207	0.382745	-0.387085	0.101384	0.053698	0.301512
0.063745	-0.088549	-0.023803	0.082121	-0.083046	0.020679	0.011007	0.063687
-0.015476	0.021750	0.005707	-0.020137	0.020367	-0.004901	-0.002621	-0.015488
-0.002702	0.003951	0.000952	-0.003639	0.003682	-0.000782	-0.000426	-0.002721
0.048011	-0.066678	-0.017933	0.061838	-0.062534	0.015586	0.008295	0.047964
-0.003988	0.005743	0.001431	-0.005299	0.005362	-0.001196	-0.000647	-0.004006
-0.028325	0.039648	0.010491	-0.036729	0.037146	-0.009047	-0.004830	-0.028330
0.053676	-0.074555	-0.020045	0.069143	-0.069921	0.017418	0.009271	0.053625
0.052249	-0.072572	-0.019514	0.067304	-0.068061	0.016956	0.009025	0.052199
0.000301	-0.000235	-0.000166	0.000241	-0.000242	0.000187	0.000090	0.000281
0.044445	-0.061716	-0.016604	0.057237	-0.057881	0.014433	0.007681	0.044400
0.037021	-0.051384	-0.013837	0.047657	-0.048193	0.012034	0.006403	0.036981
0.023120	-0.032027	-0.008660	0.029712	-0.030045	0.007546	0.004012	0.023087
0.002529	-0.003339	-0.000995	0.003118	-0.003151	0.000905	0.000473	0.002508
0.015528	-0.021452	-0.005834	0.019908	-0.020130	0.005098	0.002707	0.015500
0.005443	-0.007400	-0.002080	0.006882	-0.006958	0.001845	0.000974	0.005420
0.006832	-0.009335	-0.002597	0.008677	-0.008772	0.002293	0.001213	0.006809
0.006918	-0.009455	-0.002629	0.008788	-0.008884	0.002321	0.001227	0.006895
0.001262	-0.001573	-0.000523	0.001482	-0.001496	0.000497	0.000256	0.001241
0.005232	-0.007104	-0.002001	0.006609	-0.006682	0.001777	0.000937	0.005209
0.010109	-0.013902	-0.003817	0.012910	-0.013053	0.003350	0.001776	0.010084
0.008234	-0.011288	-0.003118	0.010487	-0.010603	0.002745	0.001453	0.008210
0.013883	-0.019159	-0.005221	0.017784	-0.017982	0.004567	0.002424	0.013856
0.007835	-0.010733	-0.002970	0.009973	-0.010083	0.002616	0.001385	0.007812
0.001098	-0.001344	-0.000463	0.001270	-0.001282	0.000444	0.000227	0.001077
0.012414	-0.017113	-0.004674	0.015886	-0.016063	0.004093	0.002172	0.012388
0.007133	-0.009754	-0.002709	0.009065	-0.009165	0.002390	0.001264	0.007109
-0.309916	0.421182	0.118210	-0.392438	0.396896	-0.104036	-0.055096	-0.309271
-0.030622	0.042845	0.011346	-0.039694	0.040144	-0.009788	-0.005225	-0.030625
0.149417	-0.206815	-0.055980	0.191962	-0.194128	0.048717	0.025913	0.149267
0.007145	-0.009772	-0.002713	0.009081	-0.009181	0.002394	0.001266	0.007122
-0.199860	0.275761	0.075092	-0.256152	0.259052	-0.065443	-0.034786	-0.199649
-0.130221	0.180833	0.048621	-0.167755	0.169652	-0.042197	-0.022469	-0.130138
0.102403	-0.142123	-0.038268	0.131839	-0.133325	0.033253	0.017699	0.102313
0.076528	-0.106293	-0.028579	0.098583	-0.099693	0.024826	0.013215	0.076461
-0.104152	0.144903	0.038816	-0.134374	0.135894	-0.033646	-0.017925	-0.104100
-0.039402	0.055068	0.014617	-0.051026	0.051604	-0.012624	-0.006736	-0.039400
0.165649	-0.228995	-0.062137	0.212605	-0.215006	0.054116	0.028776	0.165472
0.015181	-0.020967	-0.005704	0.019460	-0.019677	0.004985	0.002647	0.015153
0.303135	-0.412119	-0.115601	0.383943	-0.388297	0.101741	0.053885	0.302490
0.078057	-0.108414	-0.029150	0.100551	-0.101683	0.025323	0.013480	0.077989
-0.019674	0.027598	0.007269	-0.025559	0.025850	-0.006255	-0.003343	-0.019683
-0.002650	0.003878	0.000933	-0.003571	0.003614	-0.000765	-0.000417	-0.002669
0.043361	-0.060208	-0.016200	0.055839	-0.056466	0.014083	0.007494	0.043317
-0.016246	0.022822	0.005993	-0.021131	0.021372	-0.005149	-0.002753	-0.016257
-0.020684	0.029005	0.007646	-0.026864	0.027169	-0.006581	-0.003517	-0.020693
0.065943	-0.091601	-0.024624	0.084953	-0.085909	0.021391	0.011387	0.065884
0.053199	-0.073893	-0.019868	0.068529	-0.069300	0.017264	0.009189	0.053149
0.003554	-0.004768	-0.001377	0.004443	-0.004491	0.001236	0.000649	0.003533
0.040501	-0.056228	-0.015134	0.052149	-0.052735	0.013158	0.007002	0.040459
0.017215	-0.023802	-0.006461	0.022087	-0.022334	0.005642	0.002997	0.017186
0.025100	-0.034786	-0.009397	0.032269	-0.032631	0.008186	0.004353	0.025067
0.005163	-0.007009	-0.001976	0.006521	-0.006592	0.001755	0.000926	0.005140
0.011313	-0.015578	-0.004264	0.014464	-0.014625	0.003738	0.001982	0.011287
