0.297335	0.169334	-0.197685	0.359965	-0.535647	-0.073107	0.345776	0.118409
0.046287	0.025628	-0.030326	0.057228	-0.089999	-0.010847	0.054382	0.018426
0.080161	0.044400	-0.052534	0.099073	-0.155595	-0.018796	0.094166	0.031919
-0.097287	-0.053798	0.063712	-0.120365	0.189399	0.022743	-0.114342	-0.038759
-0.017862	-0.009793	0.011649	-0.022235	0.035517	0.004113	-0.021055	-0.007124
-0.006757	-0.003664	0.004384	-0.008474	0.013764	0.001525	-0.007994	-0.002701
-0.044977	-0.024773	0.029396	-0.055809	0.088486	0.010442	-0.052935	-0.017924
0.020758	0.011523	-0.013616	0.025621	-0.040141	-0.004887	0.024369	0.008258
0.002509	0.001450	-0.001677	0.003008	-0.004394	-0.000634	0.002905	0.000989
-0.056562	-0.031183	0.036985	-0.070137	0.111015	0.013153	-0.066548	-0.022538
-0.050697	-0.027937	0.033142	-0.062885	0.099619	0.011780	-0.059657	-0.020202
-0.020265	-0.011120	0.013221	-0.025212	0.040221	0.004673	-0.023881	-0.008081
-0.222358	-0.124772	0.146726	-0.272117	0.415963	0.053301	-0.259970	-0.088575
0.000333	0.000249	-0.000254	0.000312	-0.000130	-0.000127	0.000346	0.000123
-0.002418	-0.001269	0.001546	-0.003098	0.005262	0.000514	-0.002890	-0.000973
-0.010033	-0.005472	0.006527	-0.012535	0.020184	0.002288	-0.011847	-0.004006
0.019698	0.010937	-0.012922	0.024307	-0.038065	-0.004640	0.023122	0.007836
0.012166	0.006780	-0.007995	0.014975	-0.023316	-0.002884	0.014264	0.004836
0.013370	0.007444	-0.008782	0.016466	-0.025673	-0.003165	0.015679	0.005315
-0.007334	-0.003982	0.004761	-0.009190	0.014895	0.001659	-0.008672	-0.002931
0.002317	0.001344	-0.001552	0.002770	-0.004017	-0.000589	0.002679	0.000913
0.011846	0.006603	-0.007785	0.014578	-0.022688	-0.002810	0.013887	0.004708
0.020968	0.011639	-0.013753	0.025881	-0.040552	-0.004936	0.024616	0.008342
0.007276	0.004080	-0.004796	0.008915	-0.013735	-0.001745	0.008512	0.002888
-0.006537	-0.003542	0.004240	-0.008202	0.013333	0.001473	-0.007735	-0.002614
-0.008050	-0.004377	0.005230	-0.010077	0.016298	0.001826	-0.009514	-0.003216
-0.011806	-0.006451	0.007687	-0.014732	0.023657	0.002702	-0.013932	-0.004712
-0.000638	-0.000287	0.000382	-0.000893	0.001775	0.000099	-0.000797	-0.000264
-0.005414	-0.002922	0.003505	-0.006810	0.011132	0.001212	-0.006414	-0.002166
0.004593	0.002600	-0.003041	0.005590	-0.008477	-0.001120	0.005356	0.001820
0.008209	0.004596	-0.005406	0.010072	-0.015564	-0.001962	0.009609	0.003260
0.002429	0.001406	-0.001625	0.002909	-0.004237	-0.000615	0.002811	0.000958
0.002456	0.001420	-0.001642	0.002941	-0.004288	-0.000622	0.002842	0.000968
-0.002169	-0.001132	0.001383	-0.002789	0.004774	0.000456	-0.002598	-0.000874
0.009767	0.005455	-0.006425	0.012002	-0.018616	-0.002325	0.011442	0.003880
0.011953	0.006662	-0.007856	0.014711	-0.022899	-0.002835	0.014013	0.004751
0.009744	0.005443	-0.006410	0.011974	-0.018571	-0.002320	0.011415	0.003871
0.012309	0.006858	-0.008088	0.015151	-0.023594	-0.002917	0.014431	0.004893
-0.002277	-0.001192	0.001453	-0.002924	0.004986	0.000481	-0.002725	-0.000917
0.314273	0.179652	-0.209343	0.379442	-0.560926	-0.077768	0.364975	0.125147
0.046600	0.025801	-0.030531	0.057615	-0.090609	-0.010920	0.054751	0.018551
0.064329	0.035616	-0.042148	0.079533	-0.125040	-0.015073	0.075580	0.025613
-0.096044	-0.053106	0.062895	-0.118837	0.187031	0.022449	-0.112886	-0.038264
-0.044020	-0.024244	0.028769	-0.054625	0.086622	0.010218	-0.051811	-0.017543
0.012599	0.007019	-0.008278	0.015512	-0.024165	-0.002985	0.014773	0.005008
-0.031805	-0.017493	0.020772	-0.039504	0.062787	0.007365	-0.037450	-0.012677
0.085757	0.047510	-0.056207	0.105970	-0.166342	-0.020115	0.100730	0.034147
-0.032964	-0.018133	0.021531	-0.040940	0.065052	0.007635	-0.038813	-0.013139
-0.056509	-0.031154	0.036950	-0.070071	0.110911	0.013141	-0.066486	-0.022517
-0.075743	-0.041817	0.049562	-0.093825	0.148114	0.017657	-0.089073	-0.030178
-0.099857	-0.055230	0.065402	-0.123525	0.194292	0.023352	-0.117354	-0.039783
-0.233602	-0.131323	0.154292	-0.285489	0.434875	0.056173	-0.272935	-0.093053
-0.031126	-0.017117	0.020328	-0.038664	0.061461	0.007206	-0.036652	-0.012407
-0.000470	-0.000194	0.000272	-0.000685	0.001446	0.000060	-0.000600	-0.000197
-0.023140	-0.012707	0.015102	-0.028774	0.045847	0.005344	-0.027262	-0.009226
0.030488	0.016896	-0.019983	0.037672	-0.059172	-0.007156	0.035810	0.012133
0.021844	0.012122	-0.014326	0.026965	-0.042265	-0.005140	0.025645	0.008690
0.007286	0.004086	-0.004802	0.008928	-0.013755	-0.001747	0.008524	0.002892
-0.021299	-0.011690	0.013897	-0.026493	0.042243	0.004914	-0.025097	-0.008493
-0.016359	-0.008963	0.010665	-0.020372	0.032573	0.003762	-0.019287	-0.006525
0.020328	0.011285	-0.013335	0.025088	-0.039299	-0.004787	0.023863	0.008087
0.037379	0.020703	-0.024494	0.046204	-0.072632	-0.008765	0.043912	0.014878
0.010532	0.005878	-0.006926	0.012950	-0.020115	-0.002504	0.012342	0.004185
0.005715	0.003219	-0.003775	0.006981	-0.010677	-0.001381	0.006676	0.002267
-0.025505	-0.014013	0.016649	-0.031702	0.050472	0.005895	-0.030042	-0.010168
-0.017501	-0.009594	0.011412	-0.021787	0.034809	0.004029	-0.020630	-0.006980
-0.005757	-0.003112	0.003730	-0.007236	0.011805	0.001292	-0.006818	-0.002303
-0.009572	-0.005217	0.006225	-0.011963	0.019280	0.002181	-0.011305	-0.003822
0.000055	0.000096	-0.000072	-0.000033	0.000415	-0.000062	0.000019	0.000012
0.010606	0.005918	-0.006974	0.013041	-0.020258	-0.002520	0.012428	0.004214
0.001761	0.001037	-0.001188	0.002080	-0.002927	-0.000460	0.002025	0.000691
0.005846	0.003292	-0.003860	0.007143	-0.010933	-0.001412	0.006830	0.002319
0.000506	0.000345	-0.000367	0.000526	-0.000469	-0.000167	0.000549	0.000192
0.014316	0.007966	-0.009401	0.017639	-0.027527	-0.003385	0.016792	0.005692
0.013722	0.007638	-0.009013	0.016903	-0.026363	-0.003247	0.016093	0.005456
0.014386	0.008005	-0.009447	0.017726	-0.027664	-0.003402	0.016874	0.005720
0.017752	0.009862	-0.011649	0.021895	-0.034255	-0.004186	0.020833	0.007060
-0.002352	-0.001233	0.001502	-0.003016	0.005133	0.000498	-0.002813	-0.000947
0.269818	0.152807	-0.178880	0.327981	-0.492996	-0.065710	0.314413	0.107457
0.010027	0.005599	-0.006595	0.012324	-0.019125	-0.002386	0.011747	0.003984
0.014267	0.007939	-0.009369	0.017578	-0.027431	-0.003374	0.016735	0.005673
-0.024133	-0.013255	0.015752	-0.030003	0.047789	0.005575	-0.028429	-0.009622
0.031963	0.017710	-0.020948	0.039498	-0.062054	-0.007501	0.037544	0.012721
0.026324	0.014596	-0.017258	0.032515	-0.051031	-0.006185	0.030914	0.010475
-0.111432	-0.061692	0.073020	-0.137745	0.216237	0.026102	-0.130912	-0.044393
-0.024431	-0.013420	0.015947	-0.030372	0.048372	0.005644	-0.028780	-0.009740
0.055302	0.030616	-0.036231	0.068377	-0.107534	-0.012957	0.064976	0.022017
0.024057	0.013344	-0.015774	0.029706	-0.046595	-0.005656	0.028247	0.009572
-0.025850	-0.014204	0.016876	-0.032131	0.051148	0.005975	-0.030449	-0.010306
-0.036862	-0.020287	0.024083	-0.045766	0.072663	0.008545	-0.043396	-0.014692
-0.273135	-0.154660	0.181072	-0.332038	0.499029	0.066497	-0.318291	-0.108791
-0.066839	-0.036877	0.043721	-0.082834	0.130927	0.015563	-0.078619	-0.026631
-0.030653	-0.016856	0.020018	-0.038078	0.060536	0.007096	-0.036096	-0.012218
-0.054515	-0.030050	0.035643	-0.067605	0.107039	0.012673	-0.064143	-0.021722
0.013180	0.007339	-0.008658	0.016231	-0.025301	-0.003121	0.015455	0.005239
0.024283	0.013469	-0.015922	0.029986	-0.047037	-0.005709	0.028513	0.009662
0.004473	0.002534	-0.002962	0.005441	-0.008242	-0.001092	0.005215	0.001771
-0.012153	-0.006642	0.007913	-0.015160	0.024335	0.002782	-0.014340	-0.004850
-0.023260	-0.012773	0.015181	-0.028922	0.046081	0.005371	-0.027403	-0.009274
0.032335	0.017916	-0.021192	0.039959	-0.062782	-0.007588	0.037982	0.012869
0.048365	0.026777	-0.031687	0.059799	-0.094045	-0.011333	0.056825	0.019254
0.030272	0.016776	-0.019841	0.037404	-0.058749	-0.007106	0.035556	0.012047
0.024793	0.013750	-0.016256	0.030618	-0.048036	-0.005828	0.029113	0.009865
-0.034757	-0.019123	0.022704	-0.043159	0.068553	0.008054	-0.040921	-0.013853
-0.011057	-0.006037	0.007196	-0.013803	0.022188	0.002527	-0.013051	-0.004414
-0.003694	-0.001973	0.002380	-0.004678	0.007762	0.000811	-0.004390	-0.001481
-0.003332	-0.001774	0.002143	-0.004231	0.007053	0.000727	-0.003965	-0.001337
-0.010767	-0.005877	0.007007	-0.013443	0.021621	0.002459	-0.012710	-0.004298
0.007909	0.004430	-0.005210	0.009700	-0.014975	-0.001892	0.009256	0.003140
0.005206	0.002938	-0.003442	0.006351	-0.009679	-0.001263	0.006077	0.002064
0.016406	0.009120	-0.010769	0.020229	-0.031620	-0.003873	0.019251	0.006525
0.006778	0.003806	-0.004470	0.008299	-0.012760	-0.001629	0.007927	0.002690
0.006531	0.003669	-0.004309	0.007993	-0.012276	-0.001571	0.007636	0.002592
0.006199	0.003486	-0.004091	0.007581	-0.011624	-0.001494	0.007245	0.002459
0.014123	0.007860	-0.009275	0.017400	-0.027150	-0.003341	0.016566	0.005615
0.014593	0.008119	-0.009582	0.017982	-0.028069	-0.003450	0.017118	0.005802
0.003766	0.002144	-0.002500	0.004565	-0.006857	-0.000927	0.004383	0.001490
0.151523	0.084347	-0.099564	0.186556	-0.289899	-0.035831	0.177671	0.060345
0.038056	0.021077	-0.024937	0.047041	-0.073952	-0.008923	0.044708	0.015148
-0.026163	-0.014377	0.017080	-0.032518	0.051760	0.006049	-0.030817	-0.010431
-0.006377	-0.003454	0.004136	-0.008004	0.013021	0.001436	-0.007548	-0.002550
0.042312	0.023429	-0.027723	0.052309	-0.082253	-0.009918	0.049710	0.016843
-0.010948	-0.005977	0.007125	-0.013668	0.021975	0.002501	-0.012923	-0.004370
-0.140025	-0.077732	0.091885	-0.172740	0.269700	0.032953	-0.164346	-0.055783
-0.062352	-0.034391	0.040780	-0.077293	0.122243	0.014511	-0.073350	-0.024845
0.053532	0.029636	-0.035072	0.066189	-0.104095	-0.012542	0.062897	0.021312
0.065721	0.036388	-0.043060	0.081253	-0.127735	-0.015400	0.077215	0.026167
-0.034650	-0.019064	0.022635	-0.043027	0.068345	0.008029	-0.040795	-0.013811
-0.007471	-0.004058	0.004851	-0.009359	0.015163	0.001691	-0.008833	-0.002985
-0.326068	-0.186786	0.217437	-0.393080	0.578781	0.080976	-0.378379	-0.129850
-0.077262	-0.042660	0.050559	-0.095698	0.151039	0.018014	-0.090855	-0.030783
-0.041115	-0.022638	0.026867	-0.051030	0.080960	0.009539	-0.048395	-0.016386
-0.059537	-0.032831	0.038934	-0.073814	0.116787	0.013850	-0.070044	-0.023724
-0.000841	-0.000399	0.000514	-0.001144	0.002172	0.000146	-0.001036	-0.000345
0.035025	0.019402	-0.022952	0.043289	-0.068035	-0.008216	0.041144	0.013940
0.002537	0.001465	-0.001696	0.003043	-0.004448	-0.000640	0.002938	0.001000
0.000221	0.000187	-0.000181	0.000172	0.000090	-0.000101	0.000213	0.000078
-0.006437	-0.003487	0.004174	-0.008078	0.013137	0.001450	-0.007617	-0.002574
0.049016	0.027137	-0.032113	0.060604	-0.095312	-0.011485	0.057590	0.019513
0.051681	0.028612	-0.033859	0.063900	-0.100496	-0.012109	0.060722	0.020575
0.043568	0.024124	-0.028546	0.053864	-0.084703	-0.010212	0.051187	0.017343
0.042434	0.023497	-0.027803	0.052460	-0.082492	-0.009946	0.049854	0.016892
-0.030506	-0.016775	0.019922	-0.037897	0.060250	0.007062	-0.035923	-0.012160
0.006821	0.003830	-0.004498	0.008352	-0.012844	-0.001639	0.007977	0.002707
0.006050	0.003404	-0.003994	0.007396	-0.011333	-0.001459	0.007070	0.002400
0.017384	0.009660	-0.011408	0.021440	-0.033535	-0.004101	0.020400	0.006914
-0.015366	-0.008416	0.010016	-0.019143	0.030630	0.003531	-0.018120	-0.006130
0.000232	0.000193	-0.000188	0.000186	0.000068	-0.000104	0.000227	0.000083
0.015614	0.008683	-0.010250	0.019247	-0.030069	-0.003688	0.018319	0.006209
0.034016	0.018844	-0.022292	0.042039	-0.066064	-0.007980	0.039957	0.013538
0.014291	0.007952	-0.009385	0.017608	-0.027478	-0.003379	0.016763	0.005682
-0.007676	-0.004171	0.004985	-0.009614	0.015565	0.001739	-0.009075	-0.003067
-0.004250	-0.002280	0.002744	-0.005368	0.008851	0.000941	-0.005044	-0.001702
0.011062	0.006170	-0.007272	0.013606	-0.021151	-0.002627	0.012964	0.004396
0.007498	0.004203	-0.004941	0.009190	-0.014170	-0.001796	0.008773	0.002976
0.013948	0.007763	-0.009161	0.017183	-0.026807	-0.003300	0.016360	0.005546
0.050108	0.027741	-0.032829	0.061954	-0.097437	-0.011741	0.058873	0.019948
-0.125401	-0.069513	0.082227	-0.154866	0.242497	0.029438	-0.147257	-0.049958
-0.167965	-0.093535	0.110398	-0.206721	0.320738	0.039740	-0.196916	-0.066912
-0.100533	-0.055607	0.065847	-0.124357	0.195579	0.023512	-0.118146	-0.040052
0.036244	0.020076	-0.023750	0.044799	-0.070416	-0.008500	0.042578	0.014426
0.003301	0.001887	-0.002195	0.003989	-0.005945	-0.000819	0.003836	0.001305
-0.074529	-0.041143	0.048765	-0.092326	0.145773	0.017371	-0.087647	-0.029694
-0.045223	-0.024909	0.029557	-0.056114	0.088966	0.010499	-0.053225	-0.018022
0.096277	0.053365	-0.063120	0.118923	-0.186464	-0.022602	0.113067	0.038338
0.099483	0.055152	-0.065228	0.122867	-0.192574	-0.023362	0.116825	0.039615
0.055772	0.030876	-0.036539	0.068959	-0.108447	-0.013067	0.065529	0.022204
0.033095	0.018336	-0.021689	0.040900	-0.064266	-0.007765	0.038875	0.013172
-0.341915	-0.196632	0.228453	-0.411032	0.601206	0.085483	-0.396201	-0.136149
-0.055700	-0.030706	0.036420	-0.069071	0.109341	0.012951	-0.065536	-0.022195
-0.024612	-0.013520	0.016065	-0.030597	0.048727	0.005687	-0.028993	-0.009813
-0.032485	-0.017868	0.021217	-0.040347	0.064116	0.007523	-0.038250	-0.012948
-0.042492	-0.023399	0.027769	-0.052735	0.083645	0.009861	-0.050015	-0.016934
0.021022	0.011668	-0.013789	0.025947	-0.040657	-0.004949	0.024679	0.008363
0.017692	0.009830	-0.011610	0.021822	-0.034138	-0.004172	0.020762	0.007037
0.039823	0.022054	-0.026093	0.049229	-0.077400	-0.009336	0.046785	0.015852
0.007161	0.004017	-0.004721	0.008773	-0.013510	-0.001718	0.008377	0.002842
0.006039	0.003398	-0.003986	0.007382	-0.011310	-0.001456	0.007056	0.002395
0.020701	0.011491	-0.013578	0.025549	-0.040028	-0.004874	0.024301	0.008235
0.037233	0.020622	-0.024398	0.046023	-0.072346	-0.008731	0.043740	0.014820
0.023960	0.013290	-0.015711	0.029586	-0.046406	-0.005634	0.028134	0.009533
-0.010797	-0.005894	0.007027	-0.013482	0.021681	0.002466	-0.012746	-0.004310
0.021952	0.012182	-0.014397	0.027100	-0.042478	-0.005165	0.025773	0.008734
0.021843	0.012121	-0.014326	0.026964	-0.042264	-0.005140	0.025644	0.008690
0.039714	0.021993	-0.026022	0.049094	-0.077187	-0.009311	0.046656	0.015808
-0.006339	-0.003433	0.004110	-0.007957	0.012945	0.001427	-0.007502	-0.002535
-0.008933	-0.004865	0.005807	-0.011171	0.018027	0.002032	-0.010553	-0.003568
0.023805	0.013205	-0.015610	0.029394	-0.046103	-0.005597	0.027952	0.009472
0.042025	0.023271	-0.027535	0.051955	-0.081695	-0.009851	0.049374	0.016729
0.016154	0.008981	-0.010604	0.019917	-0.031127	-0.003814	0.018954	0.006424
-0.020897	-0.011468	0.013634	-0.025994	0.041456	0.004820	-0.024624	-0.008333
-0.010599	-0.005784	0.006897	-0.013235	0.021291	0.002420	-0.012512	-0.004231
0.002925	0.001679	-0.001949	0.003523	-0.005208	-0.000731	0.003394	0.001155
-0.002997	-0.001589	0.001924	-0.003816	0.006397	0.000649	-0.003572	-0.001204
0.018414	0.010229	-0.012083	0.022717	-0.035553	-0.004341	0.021612	0.007325
0.043353	0.024005	-0.028404	0.053597	-0.084282	-0.010161	0.050934	0.017257
-0.113775	-0.063002	0.074563	-0.140619	0.220659	0.026660	-0.133655	-0.045326
-0.162129	-0.090222	0.106524	-0.199643	0.310186	0.038314	-0.190122	-0.064587
-0.085949	-0.047487	0.056262	-0.106408	0.167729	0.020062	-0.101048	-0.034243
0.104163	0.057762	-0.068306	0.128620	-0.201471	-0.024472	0.122308	0.041479
0.012721	0.007086	-0.008358	0.015663	-0.024403	-0.003014	0.014916	0.005057
-0.073325	-0.040474	0.047975	-0.090841	0.143452	0.017088	-0.086234	-0.029215
0.040311	0.022324	-0.026413	0.049833	-0.078352	-0.009450	0.047358	0.016046
0.164477	0.091682	-0.108152	0.202297	-0.313493	-0.038984	0.192766	0.065505
0.138247	0.076860	-0.090781	0.170373	-0.265435	-0.032622	0.162178	0.055056
0.076815	0.042542	-0.050337	0.094946	-0.149154	-0.018008	0.090239	0.030586
0.052681	0.029165	-0.034514	0.065137	-0.102441	-0.012343	0.061897	0.020973
-0.344857	-0.198472	0.230505	-0.414347	0.605292	0.086329	-0.399500	-0.137318
-0.026724	-0.014686	0.017447	-0.033213	0.052858	0.006179	-0.031477	-0.010654
0.002677	0.001542	-0.001787	0.003215	-0.004722	-0.000673	0.003102	0.001056
0.028630	0.015869	-0.018767	0.035371	-0.055540	-0.006723	0.033625	0.011393
-0.042506	-0.023406	0.027778	-0.052751	0.083671	0.009864	-0.050030	-0.016940
0.000557	0.000373	-0.000401	0.000589	-0.000569	-0.000179	0.000609	0.000212
0.054564	0.030208	-0.035748	0.067465	-0.106100	-0.012784	0.064110	0.021723
0.098154	0.054411	-0.064354	0.121232	-0.190043	-0.023047	0.115267	0.039086
0.015805	0.008788	-0.010375	0.019484	-0.030443	-0.003732	0.018543	0.006285
-0.028954	-0.015918	0.018907	-0.035975	0.057217	0.006700	-0.034099	-0.011542
0.005954	0.003351	-0.003931	0.007277	-0.011144	-0.001437	0.006957	0.002361
0.038233	0.021175	-0.025053	0.047261	-0.074298	-0.008965	0.044916	0.015218
0.019536	0.010848	-0.012816	0.024106	-0.037747	-0.004602	0.022931	0.007771
0.008160	0.004568	-0.005374	0.010010	-0.015466	-0.001951	0.009551	0.003240
0.023914	0.013265	-0.015681	0.029530	-0.046317	-0.005623	0.028080	0.009515
0.021949	0.012180	-0.014395	0.027096	-0.042472	-0.005165	0.025769	0.008733
0.043088	0.023859	-0.028231	0.053269	-0.083766	-0.010099	0.050622	0.017152
0.007006	0.003932	-0.004619	0.008581	-0.013206	-0.001682	0.008194	0.002781
-0.016260	-0.008909	0.010600	-0.020249	0.032378	0.003739	-0.019170	-0.006486
0.022166	0.012300	-0.014537	0.027364	-0.042895	-0.005215	0.026024	0.008818
0.038996	0.021596	-0.025552	0.048205	-0.075787	-0.009143	0.045813	0.015522
0.010743	0.005994	-0.007063	0.013211	-0.020527	-0.002553	0.012589	0.004269
-0.019899	-0.010918	0.012981	-0.024758	0.039503	0.004588	-0.023450	-0.007935
-0.010662	-0.005819	0.006938	-0.013313	0.021415	0.002435	-0.012586	-0.004256
-0.002610	-0.001375	0.001671	-0.003336	0.005638	0.000559	-0.003116	-0.001049
-0.006700	-0.003632	0.004346	-0.008404	0.013652	0.001511	-0.007926	-0.002678
0.015919	0.008851	-0.010450	0.019624	-0.030665	-0.003759	0.018677	0.006330
0.036628	0.020288	-0.024002	0.045274	-0.071164	-0.008590	0.043028	0.014579
-0.060566	-0.033401	0.039609	-0.075086	0.118782	0.014092	-0.071252	-0.024133
-0.102109	-0.056487	0.066883	-0.126295	0.198576	0.023886	-0.119993	-0.040680
-0.213814	-0.119818	0.140991	-0.261920	0.401406	0.051136	-0.250101	-0.085173
0.081372	0.045073	-0.053328	0.100566	-0.157923	-0.019081	0.095587	0.032401
0.078559	0.043510	-0.051481	0.097097	-0.152512	-0.018418	0.092285	0.031280
0.028638	0.015874	-0.018772	0.035381	-0.055556	-0.006725	0.033635	0.011397
-0.063968	-0.035286	0.041839	-0.079289	0.125372	0.014890	-0.075248	-0.025488
0.004519	0.002559	-0.002992	0.005499	-0.008333	-0.001102	0.005269	0.001790
0.066213	0.036660	-0.043383	0.081860	-0.128687	-0.015516	0.077793	0.026363
0.080139	0.044388	-0.052519	0.099045	-0.155552	-0.018790	0.094140	0.031910
0.028729	0.015924	-0.018831	0.035493	-0.055732	-0.006746	0.033741	0.011433
-0.327167	-0.187465	0.218199	-0.394330	0.580358	0.081286	-0.379617	-0.130287
-0.006753	-0.003661	0.004381	-0.008470	0.013756	0.001524	-0.007989	-0.002699
0.032550	0.018035	-0.021332	0.040225	-0.063201	-0.007638	0.038234	0.012955
0.075608	0.041872	-0.049545	0.093457	-0.146830	-0.017724	0.088823	0.030105
-0.021730	-0.011929	0.014179	-0.027027	0.043087	0.005015	-0.025604	-0.008665
-0.027193	-0.014946	0.017755	-0.033794	0.053774	0.006289	-0.032028	-0.010841
0.073114	0.040488	-0.047909	0.090380	-0.142020	-0.017137	0.085895	0.029112
0.123518	0.068587	-0.081056	0.152362	-0.237984	-0.029085	0.144963	0.049189
0.022306	0.012377	-0.014629	0.027538	-0.043171	-0.005248	0.026190	0.008875
-0.057073	-0.031466	0.037320	-0.070768	0.112007	0.013273	-0.067149	-0.022742
-0.005723	-0.003093	0.003707	-0.007193	0.011738	0.001284	-0.006777	-0.002289
0.023499	0.013036	-0.015409	0.029015	-0.045504	-0.005526	0.027591	0.009349
-0.002792	-0.001476	0.001790	-0.003562	0.005995	0.000601	-0.003331	-0.001122
0.013881	0.007726	-0.009117	0.017100	-0.026675	-0.003284	0.016281	0.005519
0.016840	0.009359	-0.011052	0.020766	-0.032469	-0.003974	0.019760	0.006697
0.010944	0.006105	-0.007195	0.013461	-0.020922	-0.002599	0.012826	0.004349
0.027220	0.015091	-0.017844	0.033625	-0.052783	-0.006394	0.031967	0.010832
0.025779	0.014295	-0.016901	0.031840	-0.049964	-0.006058	0.030273	0.010258
-0.011363	-0.006206	0.007397	-0.014182	0.022788	0.002598	-0.013411	-0.004536
0.007430	0.004165	-0.004896	0.009106	-0.014036	-0.001780	0.008693	0.002949
0.015681	0.008720	-0.010294	0.019330	-0.030201	-0.003704	0.018398	0.006236
0.014410	0.008018	-0.009463	0.017755	-0.027711	-0.003407	0.016903	0.005729
0.003153	0.001805	-0.002099	0.003806	-0.005656	-0.000784	0.003662	0.001246
-0.002470	-0.001298	0.001580	-0.003163	0.005364	0.000526	-0.002952	-0.000994
-0.004078	-0.002185	0.002631	-0.005155	0.008515	0.000901	-0.004842	-0.001634
-0.000589	-0.000260	0.000349	-0.000832	0.001678	0.000088	-0.000739	-0.000244
0.008792	0.004917	-0.005788	0.010794	-0.016705	-0.002098	0.010295	0.003492
0.003004	0.001723	-0.002001	0.003622	-0.005364	-0.000749	0.003487	0.001187
-0.005637	-0.003045	0.003651	-0.007087	0.011570	0.001264	-0.006676	-0.002255
0.058578	0.032430	-0.038378	0.072426	-0.113893	-0.013724	0.068824	0.023321
-0.179270	-0.099971	0.117915	-0.220402	0.341006	0.042517	-0.210063	-0.071414
-0.001663	-0.000853	0.001052	-0.002163	0.003783	0.000338	-0.002003	-0.000672
0.195186	0.109208	-0.128596	0.239395	-0.368226	-0.046559	0.228447	0.077737
0.262743	0.148602	-0.174071	0.319693	-0.481722	-0.063841	0.306317	0.104641
0.001861	0.001092	-0.001253	0.002204	-0.003123	-0.000483	0.002142	0.000731
-0.068884	-0.038011	0.045062	-0.085359	0.134879	0.016044	-0.081020	-0.027446
0.088006	0.048761	-0.057684	0.108741	-0.170653	-0.020646	0.103369	0.035043
0.119095	0.066109	-0.078140	0.146944	-0.229683	-0.028028	0.139790	0.047427
