0.035273	-0.269789	-0.417337	-0.334361	0.150321	0.281175	0.409587	0.275889
0.008934	-0.068049	-0.108516	-0.084956	0.036929	0.070886	0.105961	0.069362
0.010406	-0.079254	-0.126303	-0.098925	0.043023	0.082554	0.123342	0.080783
-0.001065	0.007980	0.012849	0.009952	-0.004223	-0.008282	-0.012519	-0.008084
0.003029	-0.023146	-0.036923	-0.028918	0.012600	0.024129	0.036055	0.023616
-0.004195	0.031777	0.050884	0.039667	-0.017089	-0.033059	-0.049642	-0.032321
-0.011661	0.088577	0.141244	0.110519	-0.047926	-0.092211	-0.137906	-0.090206
-0.002400	0.018130	0.029078	0.022628	-0.009709	-0.018850	-0.028358	-0.018422
-0.013419	0.101967	0.162392	0.127195	-0.055242	-0.106157	-0.158591	-0.103863
-0.008110	0.061549	0.098354	0.076824	-0.033221	-0.064063	-0.095993	-0.062654
-0.004583	0.034729	0.055599	0.043352	-0.018686	-0.036134	-0.054244	-0.035328
-0.010911	0.082871	0.132210	0.103409	-0.044815	-0.086268	-0.129075	-0.084388
-0.034587	0.264260	0.409491	0.327606	-0.146888	-0.275355	-0.401761	-0.270123
-0.014748	0.112093	0.178334	0.139796	-0.060789	-0.116705	-0.174190	-0.114195
-0.004222	0.031985	0.051218	0.039927	-0.017201	-0.033277	-0.049967	-0.032533
0.000138	-0.001164	-0.001775	-0.001467	0.000719	0.001240	0.001752	0.001229
0.004726	-0.036048	-0.057531	-0.045026	0.019579	0.037562	0.056171	0.036757
0.004543	-0.034659	-0.055314	-0.043292	0.018827	0.036116	0.054007	0.035342
-0.005040	0.038201	0.061141	0.047686	-0.020565	-0.039749	-0.059655	-0.038865
0.002438	-0.018651	-0.029738	-0.023306	0.010170	0.019448	0.029043	0.019038
0.003784	-0.028888	-0.046097	-0.036087	0.015705	0.030107	0.045010	0.029464
0.002857	-0.021834	-0.034826	-0.027280	0.011890	0.022762	0.034008	0.022280
0.000773	-0.005995	-0.009501	-0.007501	0.003329	0.006270	0.009293	0.006148
-0.000603	0.004467	0.007231	0.005565	-0.002324	-0.004624	-0.007037	-0.004507
0.003373	-0.025760	-0.041100	-0.032182	0.014013	0.026850	0.040132	0.026278
-0.008262	0.062706	0.100193	0.078266	-0.033848	-0.065267	-0.097790	-0.063832
-0.002591	0.019577	0.031392	0.024435	-0.010491	-0.020357	-0.030616	-0.019895
-0.001585	0.011935	0.019173	0.014890	-0.006360	-0.012399	-0.018691	-0.012111
-0.002246	0.016958	0.027205	0.021164	-0.009075	-0.017630	-0.026530	-0.017228
-0.002770	0.020939	0.033568	0.026135	-0.011227	-0.021775	-0.032740	-0.021282
-0.002648	0.020019	0.032098	0.024986	-0.010730	-0.020817	-0.031305	-0.020345
-0.003565	0.026990	0.043238	0.033691	-0.014499	-0.028075	-0.042178	-0.027445
-0.004269	0.032335	0.051776	0.040364	-0.017391	-0.033641	-0.050513	-0.032890
-0.003428	0.025948	0.041573	0.032390	-0.013936	-0.026990	-0.040553	-0.026384
-0.003185	0.024098	0.038617	0.030079	-0.012935	-0.025064	-0.037668	-0.024500
-0.003952	0.029929	0.047933	0.037360	-0.016089	-0.031135	-0.046761	-0.030439
-0.002407	0.018185	0.029166	0.022696	-0.009738	-0.018907	-0.028444	-0.018477
-0.001979	0.014926	0.023955	0.018626	-0.007976	-0.015513	-0.023358	-0.015158
-0.002986	0.022583	0.036196	0.028188	-0.012116	-0.023487	-0.035305	-0.022957
0.009593	-0.073075	-0.116499	-0.091223	0.039661	0.076119	0.113761	0.074485
-0.005049	0.038268	0.061249	0.047771	-0.020602	-0.039819	-0.059760	-0.038934
0.016707	-0.127265	-0.201956	-0.158684	0.069308	0.132565	0.197362	0.129766
0.012890	-0.098167	-0.156226	-0.122488	0.053341	0.102253	0.152599	0.100070
0.016655	-0.126863	-0.201327	-0.158185	0.069087	0.132146	0.196746	0.129355
0.001036	-0.007991	-0.012694	-0.009994	0.004408	0.008349	0.012409	0.008182
0.005347	-0.040771	-0.065069	-0.050921	0.022135	0.042480	0.063530	0.041568
0.013227	-0.100736	-0.160280	-0.125687	0.054746	0.104929	0.156564	0.102690
0.010529	-0.080195	-0.127795	-0.100098	0.043536	0.083534	0.124800	0.081742
0.013429	-0.102279	-0.162712	-0.127607	0.055590	0.106536	0.158943	0.104264
0.002782	-0.021267	-0.033918	-0.026571	0.011583	0.022171	0.033122	0.021701
0.002746	-0.020991	-0.033478	-0.026227	0.011435	0.021885	0.032693	0.021421
-0.046076	0.354255	0.535187	0.436430	-0.201802	-0.369349	-0.527221	-0.363204
-0.015540	0.118133	0.187820	0.147309	-0.064106	-0.122997	-0.183477	-0.120360
-0.001189	0.008926	0.014362	0.011134	-0.004734	-0.009267	-0.013996	-0.009048
0.002090	-0.016002	-0.025503	-0.019997	0.008738	0.016690	0.024909	0.016340
0.007173	-0.054658	-0.087210	-0.068252	0.029660	0.056941	0.085150	0.055716
0.006811	-0.051906	-0.082826	-0.064818	0.028168	0.054075	0.080868	0.052912
-0.006318	0.047921	0.076648	0.059820	-0.025830	-0.049871	-0.074795	-0.048768
0.001361	-0.010461	-0.016642	-0.013077	0.005742	0.010920	0.016262	0.010696
0.003347	-0.025559	-0.040779	-0.031931	0.013905	0.026641	0.039819	0.026074
0.003671	-0.028025	-0.044718	-0.035009	0.015238	0.029208	0.043663	0.028585
-0.001181	0.008865	0.014264	0.011057	-0.004701	-0.009203	-0.013900	-0.008985
0.001036	-0.007996	-0.012700	-0.009999	0.004410	0.008353	0.012415	0.008186
0.007071	-0.053882	-0.085973	-0.067283	0.029239	0.056133	0.083942	0.054925
-0.009028	0.068535	0.109462	0.085537	-0.037015	-0.071338	-0.106844	-0.069773
-0.000879	0.006569	0.010592	0.008189	-0.003460	-0.006812	-0.010316	-0.006647
-0.001049	0.007862	0.012660	0.009805	-0.004159	-0.008159	-0.012335	-0.007964
-0.002424	0.018316	0.029375	0.022859	-0.009809	-0.019043	-0.028647	-0.018610
-0.004239	0.032110	0.051416	0.040082	-0.017269	-0.033406	-0.050161	-0.032660
-0.003805	0.028811	0.046148	0.035964	-0.015484	-0.029972	-0.045018	-0.029300
-0.003712	0.028107	0.045023	0.035085	-0.015103	-0.029239	-0.043920	-0.028583
-0.005990	0.045431	0.072676	0.056711	-0.024480	-0.047277	-0.070917	-0.046230
-0.004282	0.032440	0.051944	0.040495	-0.017447	-0.033751	-0.050676	-0.032997
-0.004267	0.032329	0.051767	0.040357	-0.017388	-0.033636	-0.050504	-0.032884
-0.004632	0.035103	0.056196	0.043820	-0.018888	-0.036524	-0.054827	-0.035709
-0.002674	0.020215	0.032411	0.025231	-0.010836	-0.021021	-0.031611	-0.020545
-0.002863	0.021648	0.034702	0.027021	-0.011611	-0.022513	-0.033847	-0.022005
-0.002216	0.016727	0.026835	0.020875	-0.008950	-0.017389	-0.026169	-0.016992
-0.008224	0.062424	0.099746	0.077915	-0.033696	-0.064974	-0.097353	-0.063545
0.009754	-0.074295	-0.118436	-0.092744	0.040325	0.077390	0.115653	0.075728
0.022362	-0.170451	-0.268938	-0.212244	0.093284	0.177567	0.263077	0.173908
0.029346	-0.224021	-0.350105	-0.278322	0.123650	0.233421	0.343024	0.228814
0.032232	-0.246266	-0.383050	-0.305613	0.136517	0.256627	0.375598	0.251673
-0.016883	0.128371	0.203855	0.160036	-0.069741	-0.133664	-0.199183	-0.130813
0.006857	-0.052255	-0.083381	-0.065253	0.028357	0.054438	0.081410	0.053267
0.023067	-0.175842	-0.277210	-0.218913	0.096305	0.183186	0.271207	0.179425
0.003659	-0.027935	-0.044575	-0.034898	0.015190	0.029115	0.043524	0.028494
-0.000151	0.001031	0.001735	0.001274	-0.000467	-0.001046	-0.001673	-0.001007
0.003658	-0.027931	-0.044568	-0.034893	0.015188	0.029110	0.043518	0.028490
0.013881	-0.105717	-0.168131	-0.131887	0.057472	0.110118	0.164245	0.107772
-0.049268	0.379745	0.568823	0.466802	-0.218174	-0.395994	-0.561093	-0.389719
-0.012404	0.094237	0.150192	0.117569	-0.051015	-0.098105	-0.146657	-0.095978
0.001277	-0.009827	-0.015629	-0.012286	0.005400	0.010260	0.015272	0.010051
0.002876	-0.021985	-0.035066	-0.027467	0.011972	0.022919	0.034243	0.022433
0.004593	-0.035037	-0.055917	-0.043764	0.019032	0.036510	0.054596	0.035727
0.005105	-0.038930	-0.062132	-0.048624	0.021139	0.040563	0.060663	0.039693
-0.007276	0.055204	0.088252	0.068907	-0.029777	-0.057455	-0.086127	-0.056187
-0.003431	0.025967	0.041604	0.032413	-0.013946	-0.027010	-0.040583	-0.026404
0.001803	-0.013825	-0.022021	-0.017279	0.007561	0.014423	0.021512	0.014122
0.001466	-0.011259	-0.017919	-0.014074	0.006174	0.011751	0.017508	0.011509
-0.003072	0.023240	0.037245	0.029008	-0.012471	-0.024170	-0.036330	-0.023626
0.001486	-0.011412	-0.018163	-0.014265	0.006257	0.011910	0.017746	0.011665
0.006560	-0.049995	-0.079780	-0.062434	0.027132	0.052085	0.077894	0.050965
-0.007864	0.059685	0.095388	0.074498	-0.032209	-0.062121	-0.093096	-0.060754
0.000474	-0.003720	-0.005862	-0.004659	0.002100	0.003901	0.005741	0.003831
-0.001771	0.013350	0.021435	0.016658	-0.007125	-0.013873	-0.020899	-0.013553
-0.003161	0.023913	0.038321	0.029849	-0.012835	-0.024871	-0.037379	-0.024311
-0.005858	0.044427	0.071075	0.055458	-0.023936	-0.046232	-0.069354	-0.045207
-0.005477	0.041524	0.066445	0.051835	-0.022365	-0.043210	-0.064833	-0.042251
-0.003314	0.025082	0.040189	0.031308	-0.013467	-0.026088	-0.039202	-0.025502
-0.006235	0.047290	0.075641	0.059032	-0.025487	-0.049214	-0.073812	-0.048124
-0.004681	0.035470	0.056781	0.044277	-0.019087	-0.036905	-0.055398	-0.036083
-0.004609	0.034928	0.055917	0.043601	-0.018794	-0.036341	-0.054554	-0.035531
-0.004042	0.030613	0.049026	0.038214	-0.016459	-0.031848	-0.047828	-0.031136
-0.003138	0.023744	0.038052	0.029638	-0.012744	-0.024696	-0.037117	-0.024139
-0.004579	0.034694	0.055543	0.043309	-0.018667	-0.036097	-0.054190	-0.035293
-0.001594	0.012001	0.019279	0.014973	-0.006396	-0.012468	-0.018794	-0.012179
-0.003389	0.025652	0.041099	0.032019	-0.013775	-0.026682	-0.040091	-0.026082
0.017322	-0.131950	-0.209278	-0.164505	0.071892	0.137446	0.204536	0.134551
0.028577	-0.218105	-0.341263	-0.271048	0.120255	0.227251	0.334295	0.222741
0.032437	-0.247847	-0.385373	-0.307549	0.137439	0.258277	0.377898	0.253300
0.034724	-0.265531	-0.411174	-0.329166	0.147806	0.276730	0.403471	0.271502
-0.014320	0.108833	0.173208	0.135741	-0.059002	-0.113309	-0.169173	-0.110869
0.000723	-0.005614	-0.008892	-0.007025	0.003123	0.005873	0.008698	0.005761
0.016097	-0.122610	-0.194669	-0.152899	0.066745	0.127715	0.190224	0.125013
0.011137	-0.084825	-0.135132	-0.105869	0.046058	0.088357	0.131972	0.086463
-0.003080	0.023304	0.037347	0.029087	-0.012505	-0.024237	-0.036429	-0.023691
0.011356	-0.086490	-0.137768	-0.107944	0.046966	0.090091	0.134549	0.088161
0.026120	-0.199236	-0.312850	-0.247807	0.109501	0.207575	0.306280	0.203388
-0.050346	0.388433	0.580069	0.477100	-0.223854	-0.405077	-0.572452	-0.398773
-0.005530	0.041928	0.067090	0.052339	-0.022583	-0.043630	-0.065462	-0.042662
0.002723	-0.020815	-0.033197	-0.026008	0.011340	0.021701	0.032419	0.021242
0.001590	-0.012207	-0.019435	-0.015258	0.006686	0.012738	0.018987	0.012475
-0.001465	0.011018	0.017706	0.013746	-0.005864	-0.011444	-0.017260	-0.011178
0.000178	-0.001471	-0.002265	-0.001850	0.000884	0.001559	0.002231	0.001541
-0.007528	0.057126	0.091314	0.071305	-0.030820	-0.059456	-0.089116	-0.058146
-0.009637	0.073173	0.116828	0.091319	-0.039536	-0.076168	-0.114042	-0.074500
-0.001701	0.012813	0.020578	0.015988	-0.006835	-0.013314	-0.020062	-0.013007
-0.002852	0.021563	0.034565	0.026914	-0.011565	-0.022424	-0.033713	-0.021918
-0.005531	0.041935	0.067100	0.052348	-0.022587	-0.043637	-0.065473	-0.042669
-0.000075	0.000450	0.000807	0.000549	-0.000154	-0.000441	-0.000767	-0.000416
0.002405	-0.018399	-0.029335	-0.022990	0.010033	0.019185	0.028649	0.018781
-0.004614	0.034960	0.055968	0.043641	-0.018811	-0.036374	-0.054604	-0.035564
0.000426	-0.003357	-0.005282	-0.004206	0.001904	0.003523	0.005175	0.003462
-0.003282	0.024839	0.039800	0.031004	-0.013336	-0.025835	-0.038823	-0.025254
-0.004323	0.032751	0.052440	0.040883	-0.017616	-0.034074	-0.051161	-0.033313
-0.006510	0.049378	0.078970	0.061637	-0.026619	-0.051387	-0.077061	-0.050251
-0.007035	0.053377	0.085342	0.066627	-0.028787	-0.055552	-0.083284	-0.054326
-0.003290	0.024893	0.039886	0.031072	-0.013365	-0.025892	-0.038907	-0.025309
-0.004200	0.031819	0.050951	0.039719	-0.017111	-0.033103	-0.049708	-0.032364
-0.003706	0.028061	0.044949	0.035027	-0.015079	-0.029190	-0.043848	-0.028536
-0.004765	0.036109	0.057802	0.045075	-0.019433	-0.037571	-0.056395	-0.036734
-0.003241	0.024523	0.039297	0.030611	-0.013166	-0.025507	-0.038332	-0.024933
-0.003669	0.027776	0.044494	0.034672	-0.014924	-0.028894	-0.043404	-0.028246
-0.006931	0.052584	0.084079	0.065638	-0.028357	-0.054726	-0.082051	-0.053518
-0.001340	0.010075	0.016198	0.012568	-0.005355	-0.010463	-0.015788	-0.010217
-0.003601	0.027256	0.043663	0.034022	-0.014643	-0.028352	-0.042593	-0.027716
0.018708	-0.142529	-0.225764	-0.177639	0.077740	0.148468	0.220697	0.145357
0.031901	-0.243710	-0.379290	-0.302482	0.135030	0.253960	0.371876	0.249044
0.025582	-0.195107	-0.306593	-0.242714	0.107162	0.203270	0.300117	0.199156
0.032058	-0.244918	-0.381068	-0.303962	0.135733	0.255221	0.373636	0.250287
-0.017724	0.134792	0.213883	0.168012	-0.073284	-0.140354	-0.209010	-0.137372
-0.011561	0.087821	0.140047	0.109576	-0.047514	-0.091423	-0.136736	-0.089434
0.019748	-0.150465	-0.238088	-0.187485	0.082142	0.156738	0.232786	0.153469
0.008420	-0.064143	-0.102306	-0.080084	0.034807	0.066818	0.099894	0.065381
-0.000243	0.001733	0.002858	0.002151	-0.000847	-0.001777	-0.002769	-0.001722
0.013368	-0.101814	-0.161980	-0.127028	0.055336	0.106052	0.158227	0.103790
0.024119	-0.183899	-0.289534	-0.228874	0.100834	0.191585	0.283327	0.187674
-0.050776	0.391898	0.584522	0.481199	-0.226134	-0.408700	-0.576954	-0.402386
-0.002652	0.020045	0.032139	0.025019	-0.010744	-0.020844	-0.031346	-0.020372
-0.000092	0.000580	0.001014	0.000711	-0.000224	-0.000576	-0.000970	-0.000548
-0.000475	0.003493	0.005672	0.004348	-0.001798	-0.003609	-0.005516	-0.003514
-0.005323	0.040355	0.064579	0.050376	-0.021731	-0.041992	-0.063011	-0.041059
-0.004596	0.034825	0.055753	0.043473	-0.018738	-0.036234	-0.054394	-0.035426
-0.006059	0.045951	0.073507	0.057361	-0.024763	-0.047820	-0.071728	-0.046761
-0.008297	0.062975	0.100621	0.078602	-0.033994	-0.065547	-0.098208	-0.064106
-0.002164	0.016339	0.026214	0.020391	-0.008740	-0.016985	-0.025563	-0.016597
-0.001999	0.015080	0.024201	0.018818	-0.008060	-0.015674	-0.023598	-0.015314
-0.002323	0.017543	0.028140	0.021894	-0.009391	-0.018239	-0.027442	-0.017824
-0.000799	0.005956	0.009613	0.007425	-0.003129	-0.006175	-0.009361	-0.006023
-0.002250	0.016988	0.027252	0.021201	-0.009091	-0.017661	-0.026576	-0.017258
-0.003527	0.026697	0.042770	0.033325	-0.014341	-0.027771	-0.041722	-0.027147
-0.000971	0.007263	0.011703	0.009057	-0.003835	-0.007535	-0.011400	-0.007354
-0.004283	0.032450	0.051960	0.040508	-0.017453	-0.033761	-0.050692	-0.033007
-0.004859	0.036821	0.058940	0.045965	-0.019819	-0.038313	-0.057506	-0.037460
-0.005121	0.038816	0.062123	0.048454	-0.020898	-0.040389	-0.060613	-0.039491
