-0.090964	-0.015923	-0.002421	0.472486	0.371429	-0.283894	-0.364305	-0.090811
-0.000747	-0.000146	-0.000119	0.005799	0.004064	-0.002851	-0.003938	-0.000847
0.031484	0.005564	0.001201	-0.175485	-0.134137	0.100873	0.131358	0.031809
0.066017	0.011612	0.002152	-0.355580	-0.275549	0.208855	0.270050	0.066315
-0.021443	-0.003815	-0.000987	0.122830	0.093099	-0.069592	-0.091091	-0.021837
-0.080540	-0.014143	-0.002450	0.426567	0.332929	-0.253336	-0.326391	-0.080719
-0.037578	-0.006665	-0.001588	0.211647	0.161396	-0.121102	-0.157987	-0.038121
0.009587	0.001688	0.000323	-0.052934	-0.040528	0.030537	0.039706	0.009643
0.027622	0.004882	0.001056	-0.154187	-0.117773	0.088535	0.115330	0.027910
-0.009562	-0.001710	-0.000496	0.055876	0.042091	-0.031325	-0.041156	-0.009794
-0.015773	-0.002811	-0.000756	0.090993	0.068809	-0.051355	-0.067310	-0.016094
0.045005	0.007944	0.001657	-0.248466	-0.190684	0.143713	0.186771	0.045406
0.089826	0.015703	0.002276	-0.465252	-0.365897	0.279831	0.358923	0.089558
-0.016060	-0.002862	-0.000768	0.092608	0.070040	-0.052278	-0.068515	-0.016384
0.005388	0.000943	0.000144	-0.029099	-0.022424	0.016979	0.021987	0.005382
-0.010799	-0.001929	-0.000548	0.062884	0.047418	-0.035316	-0.046371	-0.011049
-0.016879	-0.003007	-0.000801	0.097222	0.073556	-0.054916	-0.071957	-0.017215
0.006490	0.001139	0.000191	-0.035358	-0.027177	0.020537	0.026638	0.006501
0.019663	0.003474	0.000742	-0.109807	-0.083824	0.063006	0.082088	0.019858
0.014199	0.002506	0.000517	-0.079040	-0.060379	0.045414	0.059137	0.014321
-0.004763	-0.000858	-0.000291	0.028633	0.021396	-0.015827	-0.020902	-0.004924
-0.002637	-0.000481	-0.000200	0.016544	0.012219	-0.008956	-0.011920	-0.002765
0.000841	0.000136	-0.000051	-0.003236	-0.002793	0.002282	0.002773	0.000765
0.013894	0.002451	0.000505	-0.077317	-0.059068	0.044431	0.057853	0.014012
-0.003457	-0.000627	-0.000235	0.021211	0.015762	-0.011609	-0.015387	-0.003599
0.005456	0.000955	0.000147	-0.029485	-0.022717	0.017198	0.022273	0.005451
-0.000135	-0.000037	-0.000092	0.002311	0.001417	-0.000869	-0.001347	-0.000225
0.004105	0.000715	0.000089	-0.021804	-0.016886	0.012832	0.016566	0.004080
0.000495	0.000075	-0.000066	-0.001268	-0.001300	0.001165	0.001312	0.000414
0.001730	0.000294	-0.000013	-0.008295	-0.006633	0.005156	0.006531	0.001668
0.000878	0.000142	-0.000049	-0.003447	-0.002954	0.002402	0.002930	0.000803
0.002009	0.000343	-0.000000	-0.009879	-0.007835	0.006057	0.007708	0.001951
0.002400	0.000413	0.000016	-0.012107	-0.009526	0.007322	0.009363	0.002348
0.002368	0.000407	0.000015	-0.011923	-0.009386	0.007218	0.009226	0.002316
0.003193	0.000554	0.000050	-0.016617	-0.012949	0.009885	0.012713	0.003154
0.002768	0.000478	0.000032	-0.014198	-0.011113	0.008510	0.010916	0.002722
0.001146	0.000190	-0.000038	-0.004970	-0.004109	0.003268	0.004061	0.001075
0.004446	0.000776	0.000104	-0.023741	-0.018357	0.013934	0.018006	0.004426
0.003514	0.000610	0.000064	-0.018441	-0.014334	0.010922	0.014068	0.003479
-0.129426	-0.022330	-0.001197	0.618048	0.500525	-0.389984	-0.491890	-0.126938
-0.000467	-0.000096	-0.000107	0.004206	0.002855	-0.001946	-0.002755	-0.000563
0.002065	0.000353	0.000002	-0.010201	-0.008079	0.006239	0.007946	0.002008
0.022250	0.003932	0.000846	-0.124300	-0.094892	0.071320	0.092924	0.022478
-0.009106	-0.001629	-0.000476	0.053294	0.040128	-0.029855	-0.039236	-0.009332
-0.036755	-0.006520	-0.001560	0.207199	0.157951	-0.118493	-0.154612	-0.037294
0.016011	0.002827	0.000593	-0.089270	-0.068169	0.051256	0.066762	0.016159
0.006770	0.001188	0.000203	-0.036944	-0.028381	0.021440	0.027817	0.006784
0.016345	0.002886	0.000606	-0.091150	-0.069600	0.052329	0.068163	0.016497
-0.031004	-0.005505	-0.001355	0.175834	0.133743	-0.100196	-0.130894	-0.031499
0.006213	0.001089	0.000180	-0.033785	-0.025982	0.019643	0.025469	0.006219
0.016679	0.002945	0.000620	-0.093029	-0.071032	0.053404	0.069565	0.016835
0.094966	0.016576	0.002227	-0.487113	-0.384464	0.294688	0.377222	0.094501
-0.022882	-0.004069	-0.001044	0.130866	0.099242	-0.074210	-0.097106	-0.023293
0.010019	0.001764	0.000341	-0.055383	-0.042389	0.031931	0.041527	0.010081
-0.014632	-0.002609	-0.000708	0.084556	0.063907	-0.047678	-0.062512	-0.014937
-0.020944	-0.003726	-0.000967	0.120033	0.090962	-0.067986	-0.088998	-0.021331
0.005288	0.000925	0.000140	-0.028526	-0.021990	0.016653	0.021561	0.005280
0.022985	0.004062	0.000876	-0.128402	-0.098027	0.073676	0.095994	0.023221
0.018951	0.003347	0.000713	-0.105809	-0.080774	0.060715	0.079102	0.019137
-0.006946	-0.001246	-0.000385	0.041035	0.030814	-0.022879	-0.030119	-0.007140
-0.005944	-0.001068	-0.000342	0.035345	0.026493	-0.019643	-0.025890	-0.006123
-0.000656	-0.000130	-0.000115	0.005280	0.003670	-0.002556	-0.003552	-0.000755
0.008941	0.001573	0.000296	-0.049269	-0.037743	0.028451	0.036980	0.008987
0.002742	0.000473	0.000031	-0.014052	-0.011002	0.008427	0.010807	0.002696
0.008362	0.001471	0.000271	-0.045985	-0.035248	0.026582	0.034538	0.008400
0.001617	0.000274	-0.000017	-0.007653	-0.006145	0.004792	0.006054	0.001553
0.004540	0.000792	0.000108	-0.024274	-0.018762	0.014237	0.018402	0.004521
0.001649	0.000280	-0.000016	-0.007836	-0.006284	0.004896	0.006190	0.001586
0.005305	0.000928	0.000141	-0.028625	-0.022065	0.016710	0.021635	0.005298
0.000505	0.000077	-0.000065	-0.001327	-0.001344	0.001198	0.001355	0.000424
-0.000756	-0.000147	-0.000119	0.005848	0.004101	-0.002879	-0.003974	-0.000856
-0.000379	-0.000080	-0.000103	0.003700	0.002471	-0.001658	-0.002379	-0.000473
0.003085	0.000534	0.000046	-0.015999	-0.012480	0.009534	0.012254	0.003043
0.004794	0.000838	0.000119	-0.025717	-0.019857	0.015057	0.019474	0.004778
0.004683	0.000818	0.000114	-0.025088	-0.019379	0.014699	0.019006	0.004666
0.000317	0.000043	-0.000073	-0.000259	-0.000533	0.000591	0.000562	0.000234
0.004208	0.000734	0.000094	-0.022387	-0.017329	0.013164	0.017000	0.004184
0.003444	0.000598	0.000061	-0.018042	-0.014031	0.010695	0.013772	0.003408
-0.157140	-0.026762	0.001006	0.700239	0.580172	-0.459203	-0.571052	-0.151697
0.014314	0.002526	0.000522	-0.079688	-0.060873	0.045785	0.059620	0.014438
-0.019467	-0.003465	-0.000907	0.111763	0.084647	-0.063242	-0.082815	-0.019836
-0.007592	-0.001360	-0.000412	0.044701	0.033599	-0.024964	-0.032845	-0.007795
-0.006926	-0.001242	-0.000384	0.040920	0.030727	-0.022813	-0.030034	-0.007119
-0.017019	-0.003031	-0.000807	0.098006	0.074154	-0.055364	-0.072543	-0.017356
-0.005227	-0.000941	-0.000311	0.031272	0.023401	-0.017327	-0.022864	-0.005395
-0.024538	-0.004363	-0.001109	0.140090	0.106303	-0.079520	-0.104020	-0.024968
0.008379	0.001473	0.000272	-0.046081	-0.035321	0.026637	0.034609	0.008417
-0.006359	-0.001141	-0.000359	0.037701	0.028283	-0.020983	-0.027641	-0.006544
0.030924	0.005465	0.001180	-0.172408	-0.131770	0.099086	0.129039	0.031244
0.030310	0.005357	0.001158	-0.169030	-0.129172	0.097127	0.126494	0.030625
0.102121	0.017782	0.002110	-0.516418	-0.409707	0.315059	0.402122	0.101330
-0.025040	-0.004451	-0.001129	0.142880	0.108439	-0.081128	-0.106111	-0.025475
0.011856	0.002090	0.000419	-0.065792	-0.050302	0.037860	0.049272	0.011945
-0.018140	-0.003230	-0.000853	0.104311	0.078961	-0.058972	-0.077249	-0.018492
-0.017934	-0.003194	-0.000845	0.103151	0.078077	-0.058309	-0.076383	-0.018283
-0.000263	-0.000060	-0.000098	0.003042	0.001971	-0.001284	-0.001890	-0.000355
0.016304	0.002879	0.000605	-0.090919	-0.069424	0.052198	0.067991	0.016455
0.012080	0.002130	0.000429	-0.067059	-0.051265	0.038582	0.050216	0.012173
-0.003573	-0.000647	-0.000240	0.021865	0.016258	-0.011980	-0.015873	-0.003715
0.003242	0.000562	0.000052	-0.016893	-0.013158	0.010042	0.012918	0.003203
0.003686	0.000641	0.000071	-0.019420	-0.015076	0.011478	0.014795	0.003654
0.010360	0.001825	0.000356	-0.057319	-0.043860	0.033033	0.042967	0.010428
