-0.453702	-0.360658	-0.580880	0.104408	0.085004	0.534324	0.443862	-0.661330
-0.027975	-0.021105	-0.038508	0.005724	0.005281	0.034447	0.026978	-0.045898
-0.063732	-0.048355	-0.087176	0.013210	0.011988	0.078144	0.061548	-0.103619
-0.044712	-0.033854	-0.061308	0.009225	0.008420	0.054911	0.043157	-0.072955
-0.119377	-0.090929	-0.162462	0.024957	0.022433	0.145905	0.115406	-0.192523
0.014165	0.010971	0.018957	-0.003075	-0.002622	-0.017109	-0.013749	0.022349
-0.084796	-0.064441	-0.115757	0.017639	0.015941	0.103838	0.081924	-0.137439
-0.037834	-0.028614	-0.051942	0.007785	0.007130	0.046503	0.036508	-0.061843
0.084938	0.064926	0.115234	-0.017903	-0.015899	-0.103569	-0.082179	0.136493
0.166810	0.127854	0.225229	-0.035361	-0.031278	-0.202853	-0.161524	0.265745
0.042797	0.032773	0.057978	-0.009058	-0.007992	-0.052124	-0.041423	0.068671
0.059736	0.045685	0.081025	-0.012606	-0.011170	-0.072820	-0.057801	0.096000
0.284335	0.220194	0.377950	-0.061650	-0.053393	-0.342571	-0.276133	0.441049
0.005986	0.004745	0.007802	-0.001367	-0.001088	-0.007101	-0.005844	0.009099
-0.043459	-0.032898	-0.059601	0.008962	0.008185	0.053379	0.041945	-0.070930
0.007991	0.006272	0.010538	-0.001786	-0.001464	-0.009555	-0.007783	0.012349
0.067817	0.051850	0.092006	-0.014302	-0.012686	-0.082686	-0.065616	0.109008
0.036165	0.027721	0.048946	-0.007671	-0.006748	-0.044017	-0.035013	0.057953
-0.047049	-0.035635	-0.064489	0.009714	0.008859	0.057767	0.045417	-0.076728
0.041384	0.031696	0.056053	-0.008763	-0.007727	-0.050397	-0.040058	0.066388
0.070802	0.054128	0.096060	-0.014929	-0.013246	-0.086330	-0.068504	0.113809
-0.034966	-0.026429	-0.048035	0.007186	0.006592	0.042997	0.033736	-0.057207
-0.085741	-0.065163	-0.117037	0.017838	0.016118	0.104989	0.082839	-0.138953
0.010337	0.008057	0.013737	-0.002275	-0.001904	-0.012425	-0.010049	0.016148
0.026705	0.020517	0.036054	-0.005694	-0.004974	-0.032448	-0.025868	0.042650
0.011242	0.008746	0.014970	-0.002464	-0.002074	-0.013532	-0.010924	0.017613
-0.017139	-0.012855	-0.023737	0.003461	0.003249	0.021193	0.016505	-0.028359
0.009291	0.007261	0.012310	-0.002057	-0.001708	-0.011145	-0.009038	0.014453
-0.002624	-0.001808	-0.003941	0.000430	0.000527	0.003434	0.002477	-0.004849
-0.030220	-0.022814	-0.041568	0.006193	0.005702	0.037192	0.029148	-0.049531
-0.012567	-0.009375	-0.017502	0.002506	0.002391	0.015599	0.012086	-0.020955
0.001135	0.001054	0.001186	-0.000354	-0.000179	-0.001166	-0.001156	0.001241
-0.009755	-0.007235	-0.013667	0.001919	0.001864	0.012159	0.009368	-0.016400
-0.010946	-0.008141	-0.015291	0.002168	0.002087	0.013616	0.010519	-0.018329
0.002856	0.002363	0.003533	-0.000714	-0.000501	-0.003271	-0.002819	0.004029
-0.001870	-0.001234	-0.002913	0.000273	0.000385	0.002511	0.001748	-0.003627
-0.002885	-0.002006	-0.004297	0.000484	0.000576	0.003752	0.002728	-0.005271
-0.004299	-0.003082	-0.006225	0.000780	0.000841	0.005483	0.004095	-0.007562
0.001509	0.001338	0.001697	-0.000433	-0.000248	-0.001624	-0.001518	0.001847
-0.415464	-0.327779	-0.537490	0.093940	0.077982	0.492446	0.405609	-0.615906
-0.041671	-0.031537	-0.057167	0.008588	0.007850	0.051194	0.040217	-0.068043
-0.043863	-0.033206	-0.060151	0.009047	0.008261	0.053872	0.042336	-0.071582
0.112415	0.085961	0.152375	-0.023712	-0.021057	-0.137011	-0.108778	0.180327
0.078148	0.059737	0.106029	-0.016473	-0.014625	-0.095291	-0.075609	0.125607
-0.019344	-0.014533	-0.026742	0.003921	0.003662	0.023889	0.018635	-0.031928
0.008347	0.006543	0.011023	-0.001860	-0.001531	-0.009990	-0.008126	0.012925
0.246212	0.189895	0.329274	-0.052907	-0.046218	-0.297721	-0.238835	0.385863
0.052002	0.039788	0.070507	-0.010985	-0.009719	-0.063374	-0.050323	0.083531
-0.079986	-0.060765	-0.109238	0.016626	0.015038	0.097975	0.077271	-0.129732
0.007835	0.006153	0.010324	-0.001753	-0.001435	-0.009364	-0.007632	0.012095
0.093714	0.071637	0.127117	-0.019754	-0.017546	-0.114261	-0.090672	0.150534
0.307061	0.238451	0.406498	-0.066988	-0.057667	-0.369046	-0.298435	0.473051
-0.019772	-0.014860	-0.027327	0.004011	0.003742	0.024414	0.019050	-0.032623
-0.033741	-0.025496	-0.046365	0.006929	0.006362	0.041498	0.032551	-0.055225
0.015736	0.012167	0.021100	-0.003403	-0.002917	-0.019031	-0.015268	0.024893
0.011529	0.008964	0.015362	-0.002524	-0.002128	-0.013883	-0.011201	0.018079
0.009640	0.007526	0.012785	-0.002130	-0.001773	-0.011571	-0.009375	0.015018
-0.041334	-0.031280	-0.056708	0.008518	0.007787	0.050782	0.039891	-0.067498
0.025801	0.019828	0.034821	-0.005505	-0.004804	-0.031342	-0.024994	0.041186
0.045483	0.034820	0.061635	-0.009621	-0.008496	-0.055408	-0.044020	0.073010
-0.016200	-0.012141	-0.022456	0.003265	0.003073	0.020044	0.015597	-0.026839
-0.103976	-0.079118	-0.141700	0.021689	0.019541	0.127191	0.100490	-0.168069
0.015829	0.012237	0.021225	-0.003422	-0.002934	-0.019143	-0.015357	0.025043
0.042096	0.032239	0.057023	-0.008912	-0.007861	-0.051268	-0.040746	0.067538
0.019763	0.015232	0.026590	-0.004244	-0.003672	-0.023957	-0.019159	0.031413
-0.027924	-0.021066	-0.038438	0.005714	0.005271	0.034384	0.026928	-0.045816
0.023768	0.018281	0.032051	-0.005081	-0.004423	-0.028856	-0.023031	0.037898
-0.009682	-0.007180	-0.013567	0.001904	0.001850	0.012069	0.009298	-0.016283
-0.044422	-0.033632	-0.060912	0.009164	0.008366	0.054555	0.042876	-0.072485
-0.017090	-0.012818	-0.023669	0.003450	0.003240	0.021132	0.016457	-0.028279
