-0.065576	0.031057	-0.561770	0.524685	-0.111043	0.047056	-0.449031	-0.203341
-0.031123	0.014187	-0.291218	0.267635	-0.051741	0.021678	-0.223626	-0.097083
-0.015833	0.007149	-0.151541	0.138672	-0.026202	0.010947	-0.115141	-0.049464
-0.007869	0.003532	-0.076082	0.069497	-0.012983	0.005415	-0.057534	-0.024596
-0.030307	0.013807	-0.283997	0.260925	-0.050370	0.021100	-0.217932	-0.094546
-0.011047	0.004972	-0.106337	0.097206	-0.018253	0.007619	-0.080578	-0.034522
0.003886	-0.001785	0.036554	-0.033525	0.006486	-0.002723	0.027988	0.012130
0.016531	-0.007523	0.156675	-0.143579	0.027462	-0.011499	0.119565	0.051614
0.037773	-0.017366	0.347587	-0.320394	0.063057	-0.026484	0.268961	0.117697
0.018817	-0.008567	0.178036	-0.163215	0.031267	-0.013093	0.135979	0.058745
0.004231	-0.001941	0.039860	-0.036549	0.007058	-0.002962	0.030499	0.013208
0.011078	-0.005043	0.105208	-0.096365	0.018406	-0.007707	0.080207	0.034594
0.050756	-0.023621	0.453195	-0.420102	0.085225	-0.035926	0.355558	0.157822
-0.005288	0.002364	-0.051419	0.046928	-0.008708	0.003627	-0.038785	-0.016536
0.009602	-0.004373	0.091172	-0.083508	0.015958	-0.006683	0.069511	0.029984
0.004555	-0.002088	0.042963	-0.039387	0.007595	-0.003186	0.032855	0.014220
0.007045	-0.003214	0.066782	-0.061179	0.011719	-0.004910	0.050952	0.021998
0.012474	-0.005676	0.118448	-0.108500	0.020723	-0.008677	0.090310	0.038954
-0.002491	0.001099	-0.024618	0.022414	-0.004075	0.001691	-0.018435	-0.007797
0.002201	-0.001023	0.020400	-0.018751	0.003696	-0.001556	0.015726	0.006866
-0.001281	0.000551	-0.013009	0.011798	-0.002070	0.000853	-0.009625	-0.004015
-0.010186	0.004582	-0.098165	0.089719	-0.016827	0.007023	-0.074348	-0.031836
-0.007909	0.003550	-0.076469	0.069852	-0.013051	0.005443	-0.057829	-0.024723
-0.003438	0.001527	-0.033697	0.030718	-0.005643	0.002346	-0.025327	-0.010755
0.000884	-0.000428	0.007763	-0.007196	0.001515	-0.000645	0.006137	0.002750
0.003186	-0.001468	0.029836	-0.027381	0.005326	-0.002238	0.022888	0.009941
-0.002455	0.001082	-0.024274	0.022100	-0.004015	0.001666	-0.018174	-0.007685
0.001148	-0.000547	0.010292	-0.009508	0.001951	-0.000827	0.008056	0.003574
-0.001718	0.000749	-0.017208	0.015637	-0.002795	0.001156	-0.012811	-0.005382
-0.002462	0.001085	-0.024342	0.022162	-0.004027	0.001671	-0.018226	-0.007707
-0.002930	0.001297	-0.028826	0.026262	-0.004801	0.001995	-0.021629	-0.009167
0.002700	-0.001249	0.025179	-0.023122	0.004521	-0.001901	0.019353	0.008423
-0.000191	0.000058	-0.002554	0.002238	-0.000266	0.000099	-0.001691	-0.000610
-0.001652	0.000719	-0.016575	0.015059	-0.002686	0.001111	-0.012331	-0.005176
0.000558	-0.000280	0.004629	-0.004330	0.000974	-0.000419	0.003759	0.001729
-0.000623	0.000254	-0.006702	0.006031	-0.000982	0.000398	-0.004839	-0.001960
0.000183	-0.000110	0.001033	-0.001042	0.000353	-0.000160	0.001030	0.000559
-0.000789	0.000329	-0.008297	0.007489	-0.001257	0.000513	-0.006049	-0.002480
0.000043	-0.000047	-0.000314	0.000189	0.000121	-0.000063	0.000009	0.000120
-0.074829	0.035992	-0.621300	0.583404	-0.127664	0.054349	-0.503437	-0.231553
-0.018585	0.008405	-0.177268	0.162318	-0.030779	0.012865	-0.134904	-0.058046
0.001197	-0.000569	0.010766	-0.009942	0.002033	-0.000862	0.008416	0.003728
0.012551	-0.005711	0.119170	-0.109163	0.020850	-0.008730	0.090862	0.039192
-0.003535	0.001571	-0.034632	0.031572	-0.005804	0.002414	-0.026036	-0.011060
-0.012802	0.005770	-0.122974	0.112456	-0.021167	0.008839	-0.093277	-0.040003
0.009071	-0.004133	0.086119	-0.078880	0.015078	-0.006315	0.065663	0.028327
0.031194	-0.014276	0.290517	-0.267168	0.051961	-0.021794	0.223544	0.097276
0.013220	-0.006016	0.125502	-0.114968	0.021961	-0.009195	0.095698	0.041281
-0.017047	0.007702	-0.162913	0.149119	-0.028219	0.011792	-0.123866	-0.053249
-0.002329	0.001025	-0.023065	0.020994	-0.003806	0.001579	-0.017256	-0.007290
0.018578	-0.008457	0.175806	-0.161164	0.030868	-0.012926	0.134264	0.057999
0.058129	-0.027293	0.508536	-0.473155	0.098023	-0.041430	0.402667	0.180499
-0.010117	0.004551	-0.097502	0.089111	-0.016711	0.006974	-0.073843	-0.031619
0.015821	-0.007199	0.150015	-0.137462	0.026282	-0.011004	0.114457	0.049399
0.005429	-0.002483	0.051324	-0.047036	0.009041	-0.003791	0.039205	0.016949
0.005580	-0.002551	0.052773	-0.048361	0.009292	-0.003895	0.040306	0.017421
0.010815	-0.004923	0.102711	-0.094077	0.017970	-0.007525	0.078304	0.033773
0.003795	-0.001744	0.035680	-0.032726	0.006335	-0.002660	0.027325	0.011845
0.002173	-0.001010	0.020125	-0.018500	0.003649	-0.001537	0.015518	0.006777
-0.005636	0.002521	-0.054751	0.049976	-0.009284	0.003868	-0.041317	-0.017624
-0.010802	0.004862	-0.104012	0.095076	-0.017847	0.007450	-0.078805	-0.033758
-0.011100	0.004997	-0.106844	0.097671	-0.018342	0.007656	-0.080965	-0.034689
-0.005006	0.002236	-0.048715	0.044454	-0.008240	0.003432	-0.036731	-0.015653
-0.000490	0.000194	-0.005426	0.004864	-0.000762	0.000306	-0.003871	-0.001545
0.004683	-0.002146	0.044191	-0.040510	0.007807	-0.003275	0.033787	0.014621
-0.002426	0.001069	-0.023993	0.021843	-0.003967	0.001646	-0.017961	-0.007593
