-0.194684	-0.108474	0.245445	-0.196716	0.007053	0.152614	0.132647	-0.202986
0.036727	0.020478	-0.046290	0.037135	-0.001350	-0.028835	-0.025015	0.038298
0.085148	0.047338	-0.107566	0.086038	-0.003079	-0.066650	-0.057911	0.088788
0.087482	0.048636	-0.110514	0.088396	-0.003163	-0.068476	-0.059499	0.091221
-0.146647	-0.081375	0.185507	-0.148096	0.005229	0.114537	0.099666	-0.152908
-0.231808	-0.129647	0.291346	-0.234342	0.008519	0.182327	0.158309	-0.241680
-0.082617	-0.045632	0.104912	-0.083376	0.002889	0.064252	0.055993	-0.086149
-0.086570	-0.047829	0.109905	-0.087369	0.003031	0.067345	0.058682	-0.090270
0.047391	0.026385	-0.059800	0.047903	-0.001729	-0.037153	-0.032253	0.049417
-0.012662	-0.006856	0.016331	-0.012732	0.000399	0.009657	0.008491	-0.013204
-0.027746	-0.015204	0.035454	-0.027960	0.000933	0.021413	0.018723	-0.028932
0.201589	0.112693	-0.253501	0.203815	-0.007423	-0.158532	-0.137600	0.210185
0.249777	0.140279	-0.312915	0.252677	-0.009353	-0.197226	-0.170986	0.260408
-0.074972	-0.041384	0.095250	-0.075653	0.002614	0.058273	0.050794	-0.078177
0.015348	0.008643	-0.019188	0.015548	-0.000592	-0.012169	-0.010509	0.016004
-0.030898	-0.016949	0.039450	-0.031143	0.001044	0.023871	0.020862	-0.032219
-0.034763	-0.019090	0.044349	-0.035046	0.001181	0.026884	0.023485	-0.036250
0.046434	0.025855	-0.058589	0.046937	-0.001695	-0.036406	-0.031603	0.048420
0.050311	0.028003	-0.063498	0.050851	-0.001833	-0.039431	-0.034236	0.052462
0.038431	0.021421	-0.048449	0.038855	-0.001411	-0.030164	-0.026171	0.040074
0.024125	0.013501	-0.030317	0.024411	-0.000903	-0.019010	-0.016464	0.025157
0.003213	0.001929	-0.003801	0.003297	-0.000163	-0.002714	-0.002278	0.003351
-0.011398	-0.006157	0.014728	-0.011455	0.000354	0.008672	0.007633	-0.011885
0.022103	0.012382	-0.027753	0.022369	-0.000831	-0.017434	-0.015092	0.023049
-0.044231	-0.024334	0.056344	-0.044606	0.001518	0.034268	0.029911	-0.046122
0.017464	0.009814	-0.021872	0.017685	-0.000667	-0.013819	-0.011945	0.018211
0.003514	0.002095	-0.004182	0.003600	-0.000174	-0.002948	-0.002482	0.003664
0.009268	0.005278	-0.011478	0.009409	-0.000377	-0.007431	-0.006384	0.009664
-0.000394	-0.000067	0.000773	-0.000345	-0.000035	0.000097	0.000168	-0.000410
0.004790	0.002801	-0.005800	0.004889	-0.000219	-0.003942	-0.003347	0.004995
0.002647	0.001615	-0.003082	0.002725	-0.000143	-0.002272	-0.001894	0.002760
0.005045	0.002942	-0.006124	0.005147	-0.000228	-0.004141	-0.003521	0.005261
0.004184	0.002466	-0.005032	0.004277	-0.000197	-0.003470	-0.002937	0.004363
0.003572	0.002127	-0.004255	0.003659	-0.000176	-0.002993	-0.002521	0.003725
0.001707	0.001095	-0.001890	0.001776	-0.000110	-0.001539	-0.001256	0.001780
0.008860	0.005053	-0.010962	0.008998	-0.000363	-0.007114	-0.006108	0.009239
0.005106	0.002976	-0.006201	0.005208	-0.000230	-0.004189	-0.003562	0.005325
0.011434	0.006477	-0.014225	0.011597	-0.000454	-0.009120	-0.007854	0.011923
0.006837	0.003934	-0.008396	0.006956	-0.000291	-0.005537	-0.004736	0.007130
-0.367408	-0.209498	0.454690	-0.372311	0.014518	0.293956	0.253898	-0.382931
0.048629	0.027071	-0.061369	0.049153	-0.001773	-0.038119	-0.033094	0.050708
0.041551	0.023150	-0.052403	0.042006	-0.001521	-0.032597	-0.028289	0.043328
-0.027103	-0.014849	0.034640	-0.027312	0.000910	0.020913	0.018288	-0.028263
-0.030299	-0.016618	0.038691	-0.030539	0.001023	0.023404	0.020456	-0.031595
-0.117486	-0.065053	0.148883	-0.118611	0.004153	0.091582	0.079743	-0.122505
0.004214	0.002482	-0.005069	0.004307	-0.000199	-0.003493	-0.002956	0.004394
-0.051527	-0.028377	0.065585	-0.051975	0.001777	0.039962	0.034865	-0.053730
0.039157	0.021824	-0.049370	0.039589	-0.001436	-0.030730	-0.026664	0.040832
-0.087607	-0.048406	0.111215	-0.088417	0.003069	0.068156	0.059388	-0.091352
0.005637	0.003269	-0.006874	0.005744	-0.000249	-0.004602	-0.003922	0.005878
0.106006	0.058949	-0.133887	0.107113	-0.003834	-0.082989	-0.072112	0.110536
0.268388	0.151051	-0.335656	0.271574	-0.010129	-0.212315	-0.183968	0.279801
-0.093193	-0.051513	0.118267	-0.094061	0.003270	0.072530	0.063190	-0.097176
0.021070	0.011810	-0.026444	0.021326	-0.000795	-0.016629	-0.014391	0.021971
-0.048094	-0.026474	0.061237	-0.048507	0.001655	0.037283	0.032534	-0.050150
-0.041432	-0.022783	0.052799	-0.041780	0.001418	0.032085	0.028011	-0.043204
0.045050	0.025088	-0.056836	0.045540	-0.001646	-0.035327	-0.030664	0.046977
0.048938	0.027243	-0.061760	0.049465	-0.001784	-0.038360	-0.033304	0.051031
0.035500	0.019798	-0.044735	0.035896	-0.001307	-0.027878	-0.024182	0.037018
0.024201	0.013543	-0.030412	0.024487	-0.000906	-0.019069	-0.016515	0.025236
0.000629	0.000498	-0.000524	0.000688	-0.000072	-0.000700	-0.000525	0.000656
-0.000723	-0.000249	0.001191	-0.000677	-0.000024	0.000353	0.000392	-0.000753
0.027441	0.015336	-0.034520	0.027758	-0.001021	-0.021595	-0.018713	0.028614
-0.033589	-0.018440	0.042861	-0.033861	0.001140	0.025969	0.022689	-0.035026
0.024217	0.013551	-0.030433	0.024503	-0.000906	-0.019082	-0.016526	0.025252
0.012272	0.006941	-0.015288	0.012443	-0.000484	-0.009772	-0.008423	0.012797
0.004963	0.002896	-0.006019	0.005063	-0.000225	-0.004077	-0.003465	0.005175
-0.000136	0.000076	0.000446	-0.000084	-0.000044	-0.000104	-0.000007	-0.000141
0.011842	0.006703	-0.014743	0.012010	-0.000468	-0.009438	-0.008131	0.012349
-0.004810	-0.002511	0.006374	-0.004804	0.000121	0.003538	0.003164	-0.005016
0.004440	0.002607	-0.005356	0.004535	-0.000206	-0.003669	-0.003110	0.004630
0.003993	0.002360	-0.004790	0.004085	-0.000191	-0.003321	-0.002807	0.004164
0.001988	0.001250	-0.002246	0.002060	-0.000119	-0.001759	-0.001447	0.002073
0.001591	0.001031	-0.001743	0.001659	-0.000106	-0.001449	-0.001178	0.001659
0.014288	0.008056	-0.017844	0.014478	-0.000555	-0.011343	-0.009790	0.014899
0.002965	0.001791	-0.003486	0.003047	-0.000154	-0.002520	-0.002110	0.003092
0.016834	0.009465	-0.021073	0.017049	-0.000645	-0.013327	-0.011517	0.017554
0.005858	0.003392	-0.007154	0.005968	-0.000257	-0.004774	-0.004072	0.006109
-0.442488	-0.256143	0.541278	-0.449180	0.018499	0.358735	0.308556	-0.461040
0.084459	0.046955	-0.106696	0.085342	-0.003054	-0.066111	-0.057442	0.088069
-0.069712	-0.038464	0.088599	-0.070341	0.002426	0.054162	0.047219	-0.072693
-0.051293	-0.028247	0.065289	-0.051738	0.001769	0.039779	0.034706	-0.053486
0.002295	0.001420	-0.002636	0.002370	-0.000130	-0.001998	-0.001655	0.002393
-0.069639	-0.038423	0.088506	-0.070266	0.002424	0.054104	0.047169	-0.072616
0.043022	0.023965	-0.054266	0.043491	-0.001574	-0.033745	-0.029287	0.044862
-0.006666	-0.003538	0.008727	-0.006677	0.000187	0.004984	0.004423	-0.006951
0.044833	0.024968	-0.056560	0.045320	-0.001638	-0.035157	-0.030517	0.046750
-0.054672	-0.030120	0.069567	-0.055150	0.001890	0.042416	0.037000	-0.057010
0.043280	0.024108	-0.054593	0.043752	-0.001583	-0.033946	-0.029463	0.045131
0.011730	0.006641	-0.014600	0.011896	-0.000464	-0.009350	-0.008055	0.012231
0.297511	0.168060	-0.370979	0.301178	-0.011381	-0.236116	-0.204396	0.310145
-0.070980	-0.039167	0.090202	-0.071621	0.002472	0.055153	0.048080	-0.074014
0.036046	0.020101	-0.045427	0.036447	-0.001326	-0.028304	-0.024553	0.037588
-0.046961	-0.025847	0.059802	-0.047363	0.001615	0.036398	0.031765	-0.048969
-0.030235	-0.016583	0.038610	-0.030474	0.001021	0.023354	0.020412	-0.031527
0.037632	0.020979	-0.047436	0.038048	-0.001382	-0.029541	-0.025629	0.039241
0.053455	0.029747	-0.067481	0.054027	-0.001945	-0.041885	-0.036371	0.055742
0.038064	0.021218	-0.047984	0.038485	-0.001397	-0.029877	-0.025922	0.039691
0.019197	0.010773	-0.024069	0.019435	-0.000729	-0.015169	-0.013120	0.020018
-0.009716	-0.005226	0.012595	-0.009757	0.000295	0.007361	0.006492	-0.010131
0.004810	0.002812	-0.005825	0.004909	-0.000219	-0.003958	-0.003361	0.005016
0.022208	0.012440	-0.027887	0.022475	-0.000835	-0.017516	-0.015163	0.023159
-0.015188	-0.008254	0.019535	-0.015282	0.000488	0.011626	0.010204	-0.015838
0.025511	0.014268	-0.032074	0.025810	-0.000952	-0.020091	-0.017404	0.026603
0.023072	0.012918	-0.028981	0.023347	-0.000866	-0.018189	-0.015749	0.024058
0.000850	0.000621	-0.000804	0.000911	-0.000079	-0.000872	-0.000675	0.000887
0.005081	0.002962	-0.006169	0.005183	-0.000229	-0.004169	-0.003545	0.005298
0.019127	0.010734	-0.023979	0.019363	-0.000726	-0.015114	-0.013072	0.019944
-0.007816	-0.004174	0.010185	-0.007838	0.000227	0.005881	0.005203	-0.008150
0.000758	0.000570	-0.000687	0.000818	-0.000076	-0.000800	-0.000613	0.000791
0.000192	0.000257	0.000030	0.000247	-0.000056	-0.000360	-0.000229	0.000200
-0.000294	-0.000012	0.000647	-0.000244	-0.000039	0.000019	0.000101	-0.000306
0.004246	0.002499	-0.005110	0.004339	-0.000199	-0.003518	-0.002978	0.004427
0.014245	0.008033	-0.017790	0.014436	-0.000554	-0.011310	-0.009761	0.014855
-0.001594	-0.000732	0.002296	-0.001557	0.000007	0.001032	0.000983	-0.001662
0.016655	0.009366	-0.020846	0.016868	-0.000639	-0.013188	-0.011396	0.017368
0.003200	0.001921	-0.003784	0.003284	-0.000163	-0.002703	-0.002269	0.003337
-0.470864	-0.274387	0.573115	-0.478340	0.020180	0.383960	0.329630	-0.490531
0.094895	0.052760	-0.119873	0.095885	-0.003431	-0.074280	-0.064544	0.098951
-0.099813	-0.055198	0.126618	-0.100750	0.003510	0.077716	0.067697	-0.104079
-0.072459	-0.039988	0.092072	-0.073115	0.002524	0.056309	0.049086	-0.075556
-0.020942	-0.011439	0.026830	-0.021092	0.000692	0.016110	0.014108	-0.021838
-0.100434	-0.055544	0.127401	-0.101377	0.003532	0.078203	0.068120	-0.104726
0.008953	0.005104	-0.011079	0.009092	-0.000366	-0.007186	-0.006171	0.009336
-0.028737	-0.015753	0.036711	-0.028961	0.000968	0.022186	0.019396	-0.029965
0.029109	0.016260	-0.036634	0.029443	-0.001080	-0.022895	-0.019845	0.030354
-0.017975	-0.009797	0.023068	-0.018096	0.000587	0.013798	0.012095	-0.018744
0.051132	0.028459	-0.064539	0.051681	-0.001862	-0.040072	-0.034793	0.053318
0.111773	0.062164	-0.141153	0.112941	-0.004044	-0.087513	-0.076042	0.116549
0.312121	0.176670	-0.388569	0.316045	-0.012029	-0.248150	-0.214700	0.325363
-0.038577	-0.021202	0.049182	-0.038897	0.001317	0.029859	0.026073	-0.040226
0.007046	0.004049	-0.008660	0.007166	-0.000299	-0.005700	-0.004877	0.007347
-0.046240	-0.025447	0.058890	-0.046636	0.001589	0.035836	0.031275	-0.048217
-0.000593	-0.000178	0.001027	-0.000546	-0.000028	0.000252	0.000304	-0.000618
0.004093	0.002415	-0.004916	0.004185	-0.000194	-0.003399	-0.002875	0.004268
0.048186	0.026826	-0.060807	0.048706	-0.001757	-0.037773	-0.032793	0.050246
0.035830	0.019981	-0.045153	0.036228	-0.001318	-0.028135	-0.024406	0.037362
0.013783	0.007777	-0.017204	0.013968	-0.000537	-0.010950	-0.009447	0.014372
-0.005129	-0.002688	0.006778	-0.005125	0.000132	0.003786	0.003381	-0.005348
0.029172	0.016295	-0.036714	0.029506	-0.001082	-0.022945	-0.019888	0.030420
0.014127	0.007968	-0.017640	0.014316	-0.000549	-0.011218	-0.009681	0.014731
0.002609	0.001594	-0.003034	0.002687	-0.000142	-0.002243	-0.001868	0.002721
0.019973	0.011202	-0.025052	0.020218	-0.000756	-0.015774	-0.013646	0.020827
0.029664	0.016567	-0.037338	0.030003	-0.001100	-0.023328	-0.020222	0.030933
-0.003415	-0.001739	0.004605	-0.003395	0.000071	0.002451	0.002218	-0.003561
0.010495	0.005958	-0.013034	0.010649	-0.000421	-0.008388	-0.007217	0.010944
0.024987	0.013978	-0.031409	0.025281	-0.000934	-0.019682	-0.017048	0.026056
-0.002681	-0.001333	0.003675	-0.002654	0.000046	0.001880	0.001720	-0.002796
-0.003622	-0.001854	0.004868	-0.003604	0.000079	0.002613	0.002358	-0.003777
0.000093	0.000202	0.000157	0.000146	-0.000052	-0.000282	-0.000161	0.000097
-0.001386	-0.000617	0.002032	-0.001347	-0.000001	0.000870	0.000842	-0.001445
0.008760	0.004998	-0.010835	0.008898	-0.000359	-0.007036	-0.006041	0.009135
0.006382	0.003681	-0.007818	0.006496	-0.000275	-0.005182	-0.004427	0.006655
-0.005318	-0.002792	0.007018	-0.005317	0.000139	0.003934	0.003509	-0.005545
0.010564	0.005995	-0.013122	0.010718	-0.000423	-0.008441	-0.007264	0.011016
0.000137	0.000226	0.000101	0.000191	-0.000054	-0.000316	-0.000191	0.000143
-0.447966	-0.259636	0.547464	-0.454803	0.018815	0.363569	0.312604	-0.466735
0.168390	0.093903	-0.212182	0.170200	-0.006146	-0.132141	-0.114761	0.175578
-0.100838	-0.055769	0.127911	-0.101786	0.003547	0.078520	0.068395	-0.105148
-0.063258	-0.034882	0.080434	-0.063822	0.002196	0.049120	0.042833	-0.065963
0.012499	0.007066	-0.015575	0.012672	-0.000492	-0.009949	-0.008576	0.013033
-0.002513	-0.001240	0.003461	-0.002484	0.000040	0.001748	0.001606	-0.002620
0.082115	0.045653	-0.103735	0.082974	-0.002970	-0.064277	-0.055848	0.085626
-0.025080	-0.013728	0.032075	-0.025269	0.000838	0.019335	0.016914	-0.026152
-0.018853	-0.010282	0.024180	-0.018982	0.000618	0.014481	0.012690	-0.019659
-0.046306	-0.025483	0.058973	-0.046702	0.001592	0.035887	0.031320	-0.048285
0.037748	0.021043	-0.047584	0.038166	-0.001386	-0.029632	-0.025708	0.039363
0.103871	0.057758	-0.131195	0.104955	-0.003756	-0.081314	-0.070657	0.108310
0.319150	0.180832	-0.396999	0.323202	-0.012346	-0.253964	-0.219671	0.332684
-0.010073	-0.005423	0.013048	-0.010117	0.000307	0.007639	0.006734	-0.010504
0.003860	0.002286	-0.004620	0.003950	-0.000186	-0.003217	-0.002717	0.004025
-0.029182	-0.016000	0.037275	-0.029411	0.000984	0.022533	0.019698	-0.030430
0.017670	0.009928	-0.022133	0.017893	-0.000675	-0.013979	-0.012085	0.018426
0.005153	0.003001	-0.006260	0.005255	-0.000232	-0.004225	-0.003594	0.005373
0.031776	0.017737	-0.040016	0.032136	-0.001174	-0.024975	-0.021655	0.033136
0.016502	0.009282	-0.020652	0.016714	-0.000633	-0.013069	-0.011292	0.017208
0.005122	0.002985	-0.006221	0.005225	-0.000231	-0.004201	-0.003573	0.005342
0.004562	0.002675	-0.005512	0.004659	-0.000211	-0.003765	-0.003193	0.004758
0.022119	0.012390	-0.027773	0.022385	-0.000832	-0.017446	-0.015102	0.023065
-0.001954	-0.000931	0.002752	-0.001920	0.000020	0.001313	0.001227	-0.002038
-0.001853	-0.000875	0.002625	-0.001818	0.000016	0.001234	0.001159	-0.001933
0.012835	0.007252	-0.016001	0.013011	-0.000503	-0.010211	-0.008804	0.013384
0.025624	0.014331	-0.032217	0.025924	-0.000956	-0.020179	-0.017481	0.026720
-0.001569	-0.000718	0.002264	-0.001531	0.000006	0.001013	0.000966	-0.001636
0.013460	0.007598	-0.016793	0.013642	-0.000526	-0.010697	-0.009228	0.014035
0.020932	0.011734	-0.026269	0.021187	-0.000790	-0.016522	-0.014298	0.021828
0.002379	0.001466	-0.002742	0.002455	-0.000134	-0.002063	-0.001712	0.002480
-0.011882	-0.006425	0.015342	-0.011944	0.000371	0.009049	0.007961	-0.012390
-0.006217	-0.003290	0.008159	-0.006224	0.000171	0.004635	0.004119	-0.006483
0.001633	0.001054	-0.001796	0.001701	-0.000107	-0.001482	-0.001206	0.001703
0.012157	0.006877	-0.015142	0.012327	-0.000479	-0.009683	-0.008345	0.012678
-0.000477	-0.000114	0.000879	-0.000428	-0.000033	0.000162	0.000225	-0.000497
-0.002872	-0.001439	0.003916	-0.002847	0.000052	0.002028	0.001849	-0.002994
0.004714	0.002759	-0.005704	0.004812	-0.000216	-0.003883	-0.003296	0.004916
-0.000530	-0.000143	0.000947	-0.000483	-0.000030	0.000204	0.000261	-0.000553
-0.514528	-0.303258	0.621034	-0.523345	0.023006	0.423731	0.362582	-0.535870
0.018044	0.010135	-0.022607	0.018271	-0.000688	-0.014271	-0.012339	0.018816
-0.192935	-0.107482	0.243272	-0.194944	0.006985	0.151221	0.131442	-0.201163
-0.046765	-0.025738	0.059554	-0.047165	0.001608	0.036245	0.031632	-0.048764
-0.037684	-0.020707	0.048050	-0.037995	0.001285	0.029162	0.025468	-0.039295
0.066303	0.036872	-0.083742	0.067003	-0.002403	-0.051917	-0.045099	0.069138
0.139571	0.077706	-0.176104	0.141045	-0.005066	-0.109373	-0.095021	0.145532
0.003780	0.002242	-0.004520	0.003869	-0.000183	-0.003155	-0.002663	0.003942
0.022657	0.012688	-0.028455	0.022928	-0.000851	-0.017866	-0.015468	0.023626
0.030994	0.017303	-0.039024	0.031346	-0.001147	-0.024365	-0.021124	0.032320
0.056201	0.031269	-0.070957	0.056800	-0.002042	-0.044029	-0.038236	0.058604
0.050497	0.028107	-0.063734	0.051040	-0.001839	-0.039576	-0.034362	0.052656
0.323850	0.183622	-0.402624	0.327989	-0.012560	-0.257861	-0.223001	0.337580
0.001459	0.000957	-0.001576	0.001525	-0.000101	-0.001347	-0.001088	0.001522
-0.002652	-0.001317	0.003638	-0.002625	0.000045	0.001857	0.001701	-0.002766
-0.027331	-0.014975	0.034928	-0.027542	0.000918	0.021090	0.018442	-0.028499
0.036765	0.020499	-0.046338	0.037173	-0.001351	-0.028865	-0.025040	0.038337
0.025179	0.014085	-0.031653	0.025475	-0.000941	-0.019832	-0.017179	0.026256
0.019004	0.010666	-0.023824	0.019240	-0.000722	-0.015019	-0.012989	0.019817
0.024019	0.013442	-0.030182	0.024304	-0.000899	-0.018928	-0.016392	0.025046
0.001563	0.001015	-0.001708	0.001631	-0.000105	-0.001428	-0.001159	0.001631
0.014539	0.008195	-0.018162	0.014731	-0.000564	-0.011539	-0.009960	0.015161
-0.000227	0.000024	0.000563	-0.000177	-0.000041	-0.000033	0.000056	-0.000237
-0.009809	-0.005277	0.012713	-0.009851	0.000297	0.007434	0.006555	-0.010229
-0.010213	-0.005501	0.013226	-0.010259	0.000312	0.007749	0.006829	-0.010650
0.008493	0.004850	-0.010496	0.008628	-0.000350	-0.006828	-0.005859	0.008857
0.018863	0.010588	-0.023645	0.019098	-0.000717	-0.014909	-0.012894	0.019670
0.008770	0.005003	-0.010848	0.008908	-0.000360	-0.007044	-0.006047	0.009146
0.015306	0.008620	-0.019135	0.015506	-0.000591	-0.012137	-0.010481	0.015960
0.010588	0.006009	-0.013153	0.010743	-0.000424	-0.008460	-0.007280	0.011041
0.007023	0.004036	-0.008631	0.007143	-0.000298	-0.005682	-0.004862	0.007323
-0.012364	-0.006691	0.015953	-0.012430	0.000388	0.009425	0.008288	-0.012893
-0.007101	-0.003779	0.009279	-0.007117	0.000202	0.005324	0.004718	-0.007405
0.002369	0.001461	-0.002730	0.002445	-0.000133	-0.002056	-0.001706	0.002471
0.006906	0.003972	-0.008484	0.007026	-0.000294	-0.005591	-0.004783	0.007202
-0.009694	-0.005214	0.012568	-0.009735	0.000294	0.007344	0.006477	-0.010108
-0.001903	-0.000902	0.002687	-0.001868	0.000018	0.001273	0.001192	-0.001984
0.004719	0.002761	-0.005710	0.004817	-0.000216	-0.003887	-0.003299	0.004921
0.000571	0.000466	-0.000451	0.000630	-0.000069	-0.000655	-0.000486	0.000596
-0.468710	-0.272989	0.570717	-0.476124	0.020048	0.382029	0.328022	-0.488293
0.119061	0.066233	-0.150330	0.120309	-0.004310	-0.093236	-0.081013	0.124149
-0.186778	-0.103993	0.235619	-0.188709	0.006747	0.146321	0.127203	-0.194745
0.001338	0.000891	-0.001422	0.001404	-0.000097	-0.001252	-0.001006	0.001395
0.013686	0.007723	-0.017081	0.013871	-0.000534	-0.010874	-0.009382	0.014272
-0.017333	-0.009441	0.022254	-0.017448	0.000564	0.013297	0.011659	-0.018074
0.036758	0.020495	-0.046329	0.037166	-0.001351	-0.028859	-0.025036	0.038330
-0.020072	-0.010957	0.025727	-0.020213	0.000661	0.015432	0.013517	-0.020931
0.048107	0.026782	-0.060708	0.048627	-0.001755	-0.037712	-0.032740	0.050165
0.008604	0.004911	-0.010636	0.008740	-0.000354	-0.006914	-0.005935	0.008972
0.008251	0.004716	-0.010189	0.008383	-0.000341	-0.006639	-0.005695	0.008604
0.010692	0.006066	-0.013284	0.010847	-0.000428	-0.008541	-0.007350	0.011149
0.326678	0.185304	-0.406004	0.330870	-0.012690	-0.260210	-0.225007	0.340525
0.014205	0.008011	-0.017740	0.014395	-0.000552	-0.011279	-0.009734	0.014813
0.010316	0.005858	-0.012807	0.010468	-0.000414	-0.008248	-0.007095	0.010757
-0.011945	-0.006459	0.015421	-0.012007	0.000373	0.009098	0.008004	-0.012455
0.032971	0.018398	-0.041529	0.033342	-0.001217	-0.025906	-0.022466	0.034381
0.016245	0.009139	-0.020326	0.016454	-0.000624	-0.012868	-0.011118	0.016940
-0.014014	-0.007604	0.018045	-0.014096	0.000447	0.010710	0.009407	-0.014613
-0.009832	-0.005290	0.012743	-0.009875	0.000298	0.007452	0.006571	-0.010253
0.010719	0.006081	-0.013318	0.010875	-0.000429	-0.008562	-0.007369	0.011177
0.018480	0.010376	-0.023160	0.018711	-0.000703	-0.014610	-0.012634	0.019271
-0.005623	-0.002961	0.007405	-0.005625	0.000150	0.004172	0.003716	-0.005864
-0.002930	-0.001471	0.003990	-0.002905	0.000054	0.002073	0.001889	-0.003055
-0.007963	-0.004256	0.010373	-0.007987	0.000232	0.005995	0.005303	-0.008303
0.005855	0.003390	-0.007150	0.005964	-0.000256	-0.004772	-0.004070	0.006105
0.009544	0.005431	-0.011829	0.009689	-0.000387	-0.007647	-0.006572	0.009953
0.005155	0.003003	-0.006263	0.005257	-0.000232	-0.004227	-0.003595	0.005376
0.009882	0.005618	-0.012257	0.010030	-0.000399	-0.007910	-0.006801	0.010305
0.000351	0.000345	-0.000171	0.000407	-0.000062	-0.000483	-0.000337	0.000366
0.004098	0.002418	-0.004923	0.004190	-0.000194	-0.003403	-0.002878	0.004273
-0.003095	-0.001563	0.004200	-0.003072	0.000060	0.002202	0.002001	-0.003228
-0.001393	-0.000620	0.002041	-0.001354	-0.000000	0.000876	0.000846	-0.001452
0.002490	0.001529	-0.002884	0.002567	-0.000137	-0.002151	-0.001788	0.002597
-0.001440	-0.000646	0.002100	-0.001401	0.000002	0.000912	0.000878	-0.001501
-0.007207	-0.003838	0.009414	-0.007224	0.000206	0.005406	0.004790	-0.007515
0.001106	0.000763	-0.001128	0.001170	-0.000088	-0.001072	-0.000849	0.001154
0.010895	0.006179	-0.013542	0.011053	-0.000435	-0.008699	-0.007488	0.011361
0.001947	0.001227	-0.002194	0.002018	-0.000118	-0.001727	-0.001419	0.002030
-0.470967	-0.274454	0.573230	-0.478447	0.020186	0.384053	0.329708	-0.490639
0.084522	0.046990	-0.106776	0.085406	-0.003057	-0.066160	-0.057485	0.088135
-0.210188	-0.117289	0.264664	-0.212423	0.007658	0.164989	0.143344	-0.219147
0.056086	0.031205	-0.070811	0.056684	-0.002038	-0.043939	-0.038157	0.058484
0.081354	0.045229	-0.102773	0.082205	-0.002943	-0.063682	-0.055330	0.084831
-0.021286	-0.011629	0.027265	-0.021438	0.000704	0.016378	0.014341	-0.022196
0.128005	0.071231	-0.161579	0.129350	-0.004639	-0.100267	-0.087118	0.133473
-0.046148	-0.025396	0.058774	-0.046543	0.001586	0.035765	0.031213	-0.048122
0.045503	0.025339	-0.057409	0.045997	-0.001662	-0.035680	-0.030972	0.047449
-0.069184	-0.038171	0.087931	-0.069807	0.002407	0.053749	0.046860	-0.072142
-0.005841	-0.003082	0.007682	-0.005844	0.000157	0.004342	0.003864	-0.006091
0.085266	0.047404	-0.107715	0.086157	-0.003083	-0.066742	-0.057991	0.088911
0.324908	0.184252	-0.403890	0.329067	-0.012609	-0.258740	-0.223751	0.338682
0.020827	0.011675	-0.026135	0.021080	-0.000786	-0.016440	-0.014226	0.021718
0.024907	0.013934	-0.031308	0.025200	-0.000931	-0.019620	-0.016994	0.025973
-0.001135	-0.000478	0.001714	-0.001093	-0.000009	0.000675	0.000671	-0.001183
0.021930	0.012286	-0.027534	0.022194	-0.000825	-0.017299	-0.014975	0.022868
0.010902	0.006183	-0.013551	0.011060	-0.000435	-0.008705	-0.007494	0.011369
-0.013431	-0.007281	0.017306	-0.013507	0.000426	0.010256	0.009012	-0.014005
-0.009238	-0.004961	0.011989	-0.009274	0.000277	0.006989	0.006168	-0.009632
0.000079	0.000194	0.000175	0.000132	-0.000052	-0.000271	-0.000152	0.000082
-0.000312	-0.000022	0.000669	-0.000261	-0.000038	0.000033	0.000113	-0.000325
-0.028156	-0.015432	0.035975	-0.028375	0.000947	0.021734	0.019002	-0.029360
-0.017648	-0.009616	0.022654	-0.017766	0.000575	0.013543	0.011873	-0.018403
0.006505	0.003750	-0.007975	0.006621	-0.000279	-0.005279	-0.004511	0.006784
0.003570	0.002126	-0.004253	0.003657	-0.000176	-0.002991	-0.002520	0.003723
0.005918	0.003425	-0.007231	0.006028	-0.000259	-0.004821	-0.004113	0.006172
0.001396	0.000922	-0.001495	0.001462	-0.000099	-0.001297	-0.001045	0.001455
0.009833	0.005591	-0.012195	0.009980	-0.000397	-0.007871	-0.006768	0.010253
-0.004493	-0.002336	0.005972	-0.004483	0.000110	0.003291	0.002949	-0.004685
-0.001999	-0.000955	0.002809	-0.001965	0.000021	0.001348	0.001257	-0.002084
0.005395	0.003135	-0.006567	0.005499	-0.000240	-0.004413	-0.003758	0.005625
-0.001753	-0.000820	0.002497	-0.001717	0.000013	0.001156	0.001091	-0.001828
0.003329	0.001992	-0.003947	0.003414	-0.000167	-0.002804	-0.002356	0.003472
