0.073882	0.218041	-0.016447	-0.212554	0.105858	0.006155	-0.181264	0.116708
-0.038911	-0.114441	0.008681	0.111560	-0.055682	-0.003261	0.095183	-0.061365
-0.012907	-0.037389	0.002895	0.036485	-0.018405	-0.001094	0.031254	-0.020266
-0.022629	-0.066285	0.005057	0.064631	-0.032349	-0.001903	0.055198	-0.035641
0.082391	0.242198	-0.018359	-0.236187	0.117963	0.006876	-0.201658	0.130032
0.123282	0.354217	-0.027627	-0.346121	0.175759	0.010395	-0.297574	0.193552
0.032813	0.098541	-0.007269	-0.095919	0.047175	0.002709	-0.081378	0.052052
0.020184	0.061128	-0.004459	-0.059464	0.029072	0.001657	-0.050331	0.032092
-0.026351	-0.077326	0.005885	0.075388	-0.037686	-0.002213	0.064355	-0.041526
0.033087	0.099351	-0.007331	-0.096708	0.047569	0.002732	-0.082051	0.052485
0.087307	0.256035	-0.019466	-0.249734	0.124945	0.007295	-0.213380	0.137715
-0.004664	-0.012843	0.001063	0.012579	-0.006578	-0.000409	0.010928	-0.007223
-0.144349	-0.407028	0.032511	0.398318	-0.205029	-0.012295	0.344308	-0.225564
0.047997	0.143189	-0.010654	-0.139455	0.068913	0.003978	-0.118541	0.076013
-0.008047	-0.022918	0.001815	0.022391	-0.011432	-0.000690	0.019270	-0.012575
0.001696	0.006107	-0.000350	-0.005875	0.002548	0.000120	-0.004759	0.002841
0.001607	0.005842	-0.000330	-0.005617	0.002420	0.000112	-0.004540	0.002701
-0.019670	-0.057499	0.004399	0.056072	-0.028106	-0.001657	0.047915	-0.030963
-0.026726	-0.078435	0.005968	0.076469	-0.038222	-0.002244	0.065276	-0.042117
-0.024683	-0.072381	0.005514	0.070570	-0.035295	-0.002074	0.060253	-0.038890
0.008390	0.026050	-0.001838	-0.025297	0.012154	0.000676	-0.021271	0.013435
-0.000814	-0.001370	0.000208	0.001405	-0.001053	-0.000089	0.001430	-0.001130
-0.010732	-0.030915	0.002412	0.030179	-0.015285	-0.000913	0.025892	-0.016825
-0.033720	-0.099130	0.007525	0.096636	-0.048246	-0.002827	0.082456	-0.053169
-0.006826	-0.019282	0.001544	0.018849	-0.009679	-0.000589	0.016259	-0.010644
-0.004900	-0.013546	0.001116	0.013263	-0.006917	-0.000429	0.011510	-0.007596
0.000189	0.001616	-0.000015	-0.001502	0.000385	-0.000006	-0.001042	0.000456
-0.002058	-0.005079	0.000484	0.005017	-0.002839	-0.000192	0.004500	-0.003099
0.005134	0.016350	-0.001114	-0.015851	0.007481	0.000405	-0.013240	0.008282
0.000449	0.002393	-0.000073	-0.002259	0.000759	0.000016	-0.001685	0.000869
-0.003042	-0.008010	0.000703	0.007872	-0.004250	-0.000274	0.006927	-0.004656
-0.004667	-0.012850	0.001064	0.012585	-0.006582	-0.000409	0.010934	-0.007227
0.001315	0.004972	-0.000265	-0.004771	0.002002	0.000088	-0.003820	0.002239
-0.006291	-0.017689	0.001425	0.017299	-0.008913	-0.000544	0.014941	-0.009798
0.001567	0.005723	-0.000321	-0.005501	0.002363	0.000109	-0.004442	0.002637
0.002920	0.009755	-0.000622	-0.009429	0.004305	0.000221	-0.007780	0.004779
0.002623	0.008870	-0.000556	-0.008566	0.003878	0.000197	-0.007047	0.004309
0.000753	0.003298	-0.000140	-0.003140	0.001195	0.000041	-0.002434	0.001349
-0.000762	-0.001215	0.000196	0.001255	-0.000978	-0.000085	0.001302	-0.001047
0.194140	0.527649	-0.044117	-0.517951	0.273884	0.016806	-0.452696	0.300815
-0.039723	-0.116831	0.008862	0.113890	-0.056844	-0.003328	0.097171	-0.062647
-0.040385	-0.118780	0.009009	0.115790	-0.057792	-0.003384	0.098792	-0.063691
-0.019899	-0.058179	0.004450	0.056735	-0.028434	-0.001676	0.048479	-0.031325
0.064207	0.190285	-0.014278	-0.185428	0.092068	0.005339	-0.157931	0.101524
0.085469	0.250871	-0.019052	-0.244677	0.122335	0.007138	-0.209001	0.134844
-0.015691	-0.045672	0.003514	0.044552	-0.022399	-0.001326	0.038114	-0.024670
0.051838	0.154408	-0.011512	-0.150400	0.074404	0.004300	-0.127903	0.082064
-0.011864	-0.034284	0.002663	0.033460	-0.016908	-0.001008	0.028682	-0.018615
0.011629	0.035693	-0.002557	-0.034689	0.016801	0.000945	-0.029257	0.018560
-0.005625	-0.015705	0.001277	0.015366	-0.007957	-0.000489	0.013298	-0.008743
-0.026711	-0.078392	0.005965	0.076426	-0.038201	-0.002243	0.065239	-0.042094
-0.153066	-0.428940	0.034526	0.419981	-0.217159	-0.013074	0.363708	-0.238840
0.053914	0.160456	-0.011975	-0.156303	0.077371	0.004474	-0.132956	0.085333
-0.015549	-0.045249	0.003483	0.044140	-0.022195	-0.001314	0.037765	-0.024445
0.011046	0.033956	-0.002428	-0.032997	0.015964	0.000897	-0.027818	0.017637
-0.000762	-0.001215	0.000196	0.001255	-0.000978	-0.000085	0.001302	-0.001047
-0.033388	-0.098150	0.007451	0.095680	-0.047771	-0.002800	0.081642	-0.052645
-0.043964	-0.129300	0.009807	0.126048	-0.062916	-0.003683	0.107549	-0.069339
-0.026022	-0.076350	0.005811	0.074437	-0.037214	-0.002186	0.063546	-0.041006
-0.006639	-0.018725	0.001502	0.018307	-0.009412	-0.000573	0.015798	-0.010348
-0.000486	-0.000392	0.000135	0.000454	-0.000582	-0.000062	0.000621	-0.000610
-0.005401	-0.015039	0.001227	0.014717	-0.007636	-0.000470	0.012746	-0.008389
-0.036382	-0.106987	0.008118	0.104293	-0.052060	-0.003050	0.088985	-0.057372
-0.009323	-0.026719	0.002098	0.026092	-0.013263	-0.000796	0.022417	-0.014594
-0.007435	-0.021097	0.001679	0.020617	-0.010554	-0.000639	0.017762	-0.011608
-0.006420	-0.018074	0.001454	0.017673	-0.009098	-0.000555	0.015259	-0.010002
-0.000817	-0.001380	0.000209	0.001416	-0.001058	-0.000089	0.001439	-0.001135
0.009030	0.027954	-0.001980	-0.027153	0.013072	0.000729	-0.022848	0.014447
0.001111	0.004365	-0.000220	-0.004179	0.001709	0.000071	-0.003317	0.001916
-0.000636	-0.000840	0.000168	0.000889	-0.000797	-0.000074	0.000991	-0.000848
-0.001067	-0.002125	0.000264	0.002142	-0.001417	-0.000110	0.002056	-0.001531
0.005124	0.016321	-0.001112	-0.015823	0.007467	0.000405	-0.013215	0.008266
-0.007337	-0.020804	0.001657	0.020331	-0.010413	-0.000631	0.017519	-0.011452
0.002584	0.008754	-0.000547	-0.008454	0.003823	0.000193	-0.006951	0.004247
0.003745	0.012214	-0.000805	-0.011823	0.005489	0.000290	-0.009815	0.006085
0.008131	0.025278	-0.001780	-0.024547	0.011783	0.000655	-0.020632	0.013026
0.002430	0.008294	-0.000513	-0.008006	0.003601	0.000181	-0.006570	0.004003
-0.000353	0.000002	0.000105	0.000069	-0.000392	-0.000051	0.000294	-0.000401
0.231786	0.607107	-0.053177	-0.597588	0.324660	0.020461	-0.527852	0.355863
-0.078610	-0.229495	0.017561	0.223893	-0.112364	-0.006598	0.191494	-0.123803
0.008917	0.027617	-0.001955	-0.026824	0.012909	0.000720	-0.022569	0.014268
-0.016408	-0.047804	0.003673	0.046628	-0.023427	-0.001385	0.039881	-0.025804
-0.006421	-0.018078	0.001454	0.017676	-0.009100	-0.000555	0.015262	-0.010004
0.011344	0.034844	-0.002494	-0.033863	0.016392	0.000922	-0.028554	0.018109
-0.066430	-0.194658	0.014828	0.189838	-0.095015	-0.005569	0.162178	-0.104703
0.045677	0.136397	-0.010136	-0.132829	0.065594	0.003784	-0.112877	0.072355
-0.038057	-0.111925	0.008491	0.109108	-0.054459	-0.003189	0.093091	-0.060017
-0.010217	-0.029381	0.002297	0.028685	-0.014546	-0.000871	0.024622	-0.016009
-0.034141	-0.100373	0.007619	0.097847	-0.048849	-0.002863	0.083489	-0.053834
-0.028164	-0.082696	0.006288	0.080620	-0.040284	-0.002364	0.068811	-0.044391
-0.162708	-0.452669	0.036766	0.443481	-0.230526	-0.013945	0.384888	-0.253454
0.045540	0.135996	-0.010106	-0.132438	0.065398	0.003772	-0.112543	0.072139
-0.015014	-0.043656	0.003364	0.042589	-0.021427	-0.001269	0.036445	-0.023598
0.022243	0.067242	-0.004917	-0.065421	0.032025	0.001828	-0.055401	0.035348
0.004605	0.014775	-0.000996	-0.014317	0.006723	0.000362	-0.011936	0.007445
-0.028413	-0.083437	0.006344	0.081342	-0.040643	-0.002385	0.069425	-0.044786
-0.041760	-0.122825	0.009316	0.119735	-0.059761	-0.003499	0.102159	-0.065862
-0.017881	-0.052182	0.004001	0.050893	-0.025540	-0.001508	0.043509	-0.028133
-0.015977	-0.046523	0.003578	0.045381	-0.022809	-0.001349	0.038820	-0.025122
0.006423	0.020191	-0.001400	-0.019591	0.009331	0.000513	-0.016419	0.010322
0.000768	0.003344	-0.000144	-0.003185	0.001217	0.000043	-0.002472	0.001374
-0.019739	-0.057706	0.004414	0.056274	-0.028206	-0.001663	0.048086	-0.031073
-0.002245	-0.005635	0.000526	0.005560	-0.003107	-0.000208	0.004961	-0.003395
-0.007875	-0.022407	0.001777	0.021893	-0.011185	-0.000676	0.018847	-0.012303
-0.011541	-0.033323	0.002592	0.032524	-0.016445	-0.000981	0.027886	-0.018104
0.002669	0.009006	-0.000566	-0.008699	0.003944	0.000201	-0.007160	0.004381
0.007817	0.024344	-0.001710	-0.023636	0.011332	0.000629	-0.019859	0.012529
0.000414	0.002287	-0.000065	-0.002156	0.000708	0.000013	-0.001597	0.000813
0.005051	0.016104	-0.001096	-0.015612	0.007363	0.000399	-0.013036	0.008152
0.010557	0.032501	-0.002319	-0.031580	0.015263	0.000856	-0.026613	0.016864
0.011504	0.035320	-0.002530	-0.034326	0.016622	0.000935	-0.028948	0.018362
-0.005148	-0.014284	0.001171	0.013981	-0.007272	-0.000449	0.012121	-0.007988
0.002364	0.008099	-0.000498	-0.007816	0.003507	0.000175	-0.006409	0.003900
0.002726	0.009178	-0.000579	-0.008866	0.004027	0.000205	-0.007301	0.004472
0.011077	0.034050	-0.002435	-0.033089	0.016009	0.000900	-0.027896	0.017687
0.004044	0.013103	-0.000872	-0.012690	0.005918	0.000315	-0.010552	0.006558
0.000600	0.002842	-0.000106	-0.002695	0.000975	0.000029	-0.002056	0.001107
0.237504	0.618357	-0.054574	-0.608920	0.332276	0.021036	-0.538770	0.364083
-0.095895	-0.278034	0.021455	0.271420	-0.136902	-0.008071	0.232641	-0.150798
0.030944	0.093018	-0.006853	-0.090537	0.044498	0.002553	-0.076791	0.049100
-0.029968	-0.088039	0.006690	0.085827	-0.042871	-0.002515	0.073246	-0.047243
-0.039633	-0.116567	0.008842	0.113633	-0.056716	-0.003321	0.096951	-0.062505
-0.037737	-0.110984	0.008419	0.108189	-0.054001	-0.003163	0.092307	-0.059513
-0.047827	-0.140623	0.010669	0.137092	-0.068442	-0.004006	0.116985	-0.075429
-0.026217	-0.076927	0.005855	0.074999	-0.037493	-0.002202	0.064024	-0.041313
-0.023340	-0.068395	0.005215	0.066686	-0.033368	-0.001962	0.056948	-0.036765
0.027344	0.082365	-0.006052	-0.080155	0.039339	0.002253	-0.067946	0.043412
-0.033233	-0.097691	0.007416	0.095233	-0.047548	-0.002787	0.081260	-0.052399
-0.039871	-0.117269	0.008895	0.114317	-0.057057	-0.003341	0.097535	-0.062881
-0.169287	-0.468545	0.038302	0.459229	-0.239614	-0.014543	0.399166	-0.263381
0.016840	0.051191	-0.003716	-0.049784	0.024276	0.001379	-0.042096	0.026802
-0.009079	-0.025992	0.002044	0.025384	-0.012912	-0.000776	0.021815	-0.014208
0.036076	0.108171	-0.007996	-0.105306	0.051850	0.002981	-0.089381	0.057205
0.005229	0.016635	-0.001135	-0.016128	0.007618	0.000413	-0.013475	0.008433
-0.018901	-0.055215	0.004228	0.053847	-0.027003	-0.001593	0.046022	-0.029747
-0.024948	-0.073165	0.005572	0.071334	-0.035674	-0.002096	0.060903	-0.039307
-0.002920	-0.007645	0.000676	0.007517	-0.004075	-0.000264	0.006625	-0.004462
-0.016535	-0.048181	0.003702	0.046996	-0.023609	-0.001396	0.040193	-0.026004
0.008055	0.025052	-0.001763	-0.024326	0.011674	0.000648	-0.020445	0.012905
0.001809	0.006443	-0.000375	-0.006203	0.002710	0.000129	-0.005038	0.003020
-0.000551	-0.000586	0.000149	0.000642	-0.000675	-0.000067	0.000781	-0.000713
0.002599	0.008800	-0.000551	-0.008499	0.003845	0.000195	-0.006989	0.004272
-0.005611	-0.015664	0.001274	0.015326	-0.007937	-0.000488	0.013264	-0.008722
-0.013136	-0.038070	0.002946	0.037147	-0.018733	-0.001113	0.031817	-0.020628
0.006496	0.020410	-0.001417	-0.019805	0.009437	0.000519	-0.016601	0.010439
0.002666	0.008998	-0.000566	-0.008692	0.003941	0.000200	-0.007154	0.004377
0.001085	0.004286	-0.000214	-0.004103	0.001671	0.000069	-0.003252	0.001875
0.009072	0.028080	-0.001989	-0.027275	0.013133	0.000733	-0.022952	0.014514
0.020410	0.061800	-0.004509	-0.060119	0.029397	0.001676	-0.050889	0.032449
0.012752	0.039034	-0.002807	-0.037944	0.018412	0.001039	-0.032025	0.020337
0.001910	0.006746	-0.000398	-0.006498	0.002856	0.000138	-0.005289	0.003181
0.000378	0.002182	-0.000057	-0.002053	0.000658	0.000010	-0.001510	0.000757
0.000459	0.002423	-0.000075	-0.002288	0.000774	0.000017	-0.001709	0.000885
0.011080	0.034056	-0.002435	-0.033095	0.016013	0.000900	-0.027901	0.017690
0.004986	0.015912	-0.001081	-0.015424	0.007270	0.000393	-0.012877	0.008049
0.001681	0.006063	-0.000347	-0.005833	0.002527	0.000118	-0.004723	0.002818
0.252365	0.646584	-0.058235	-0.637420	0.351953	0.022560	-0.566513	0.385269
-0.085077	-0.247785	0.019015	0.241789	-0.121555	-0.007148	0.206954	-0.133918
0.061916	0.183671	-0.013765	-0.178968	0.088799	0.005146	-0.152385	0.097923
0.004995	0.015936	-0.001083	-0.015448	0.007282	0.000394	-0.012897	0.008062
-0.007390	-0.020962	0.001669	0.020485	-0.010489	-0.000636	0.017650	-0.011536
-0.021861	-0.064006	0.004886	0.062411	-0.031248	-0.001839	0.053308	-0.034427
-0.040790	-0.119972	0.009100	0.116952	-0.058372	-0.003418	0.099784	-0.064331
-0.021013	-0.061488	0.004697	0.059957	-0.030031	-0.001769	0.051221	-0.033086
0.011051	0.033971	-0.002429	-0.033012	0.015971	0.000897	-0.027831	0.017645
0.028648	0.086224	-0.006342	-0.083916	0.041207	0.002362	-0.071150	0.045472
0.002835	0.009501	-0.000603	-0.009181	0.004183	0.000214	-0.007570	0.004644
-0.009712	-0.027877	0.002185	0.027220	-0.013821	-0.000828	0.023376	-0.015210
-0.172207	-0.475507	0.038985	0.466142	-0.243639	-0.014811	0.405456	-0.267774
0.008630	0.026763	-0.001891	-0.025992	0.012498	0.000696	-0.021862	0.013814
0.001625	0.005898	-0.000334	-0.005672	0.002447	0.000114	-0.004587	0.002730
0.027783	0.083664	-0.006150	-0.081421	0.039967	0.002290	-0.069025	0.044105
0.000248	0.001793	-0.000028	-0.001674	0.000470	-0.000001	-0.001188	0.000550
-0.002120	-0.005263	0.000498	0.005196	-0.002928	-0.000197	0.004653	-0.003197
0.016050	0.048845	-0.003540	-0.047500	0.023144	0.001313	-0.040152	0.025554
0.020822	0.063023	-0.004601	-0.061311	0.029987	0.001710	-0.051903	0.033101
-0.012829	-0.037155	0.002878	0.036257	-0.018292	-0.001088	0.031060	-0.020141
0.006305	0.019840	-0.001374	-0.019250	0.009163	0.000503	-0.016129	0.010136
-0.001140	-0.002342	0.000280	0.002352	-0.001521	-0.000116	0.002235	-0.001645
0.003247	0.010728	-0.000694	-0.010376	0.004773	0.000248	-0.008585	0.005296
0.007000	0.021908	-0.001529	-0.021264	0.010159	0.000561	-0.017842	0.011235
-0.003247	-0.008619	0.000748	0.008465	-0.004544	-0.000291	0.007432	-0.004979
-0.009095	-0.026040	0.002048	0.025431	-0.012936	-0.000777	0.021855	-0.014234
0.006217	0.019577	-0.001354	-0.018994	0.009036	0.000496	-0.015912	0.009996
-0.003951	-0.010719	0.000905	0.010510	-0.005555	-0.000350	0.009170	-0.006095
0.000125	0.001426	-0.000001	-0.001318	0.000294	-0.000011	-0.000885	0.000356
0.007051	0.022062	-0.001540	-0.021414	0.010233	0.000565	-0.017969	0.011317
0.016724	0.050849	-0.003690	-0.049452	0.024110	0.001369	-0.041813	0.026620
0.006826	0.021390	-0.001490	-0.020759	0.009909	0.000546	-0.017412	0.010959
0.004652	0.014915	-0.001007	-0.014454	0.006790	0.000365	-0.012052	0.007520
-0.001808	-0.004332	0.000429	0.004290	-0.002479	-0.000171	0.003882	-0.002703
0.000373	0.002165	-0.000056	-0.002036	0.000649	0.000010	-0.001496	0.000748
0.005300	0.016847	-0.001151	-0.016335	0.007721	0.000419	-0.013651	0.008546
0.000897	0.003727	-0.000172	-0.003558	0.001402	0.000053	-0.002790	0.001578
0.001825	0.006494	-0.000379	-0.006253	0.002734	0.000131	-0.005080	0.003047
0.251591	0.645150	-0.058043	-0.635970	0.350932	0.022479	-0.565091	0.384172
-0.081600	-0.237970	0.018233	0.232184	-0.116615	-0.006852	0.198652	-0.128482
0.111296	0.322154	-0.024895	-0.314588	0.158889	0.009353	-0.269859	0.175031
-0.004899	-0.013543	0.001116	0.013261	-0.006916	-0.000429	0.011508	-0.007595
-0.029913	-0.087875	0.006677	0.085667	-0.042792	-0.002510	0.073109	-0.047155
-0.022359	-0.065485	0.004997	0.063851	-0.031962	-0.001881	0.054534	-0.035215
-0.043587	-0.128192	0.009723	0.124967	-0.062376	-0.003651	0.106626	-0.068743
0.002294	0.007891	-0.000483	-0.007613	0.003407	0.000169	-0.006237	0.003789
0.003390	0.011156	-0.000726	-0.010793	0.004980	0.000261	-0.008940	0.005523
0.000796	0.003425	-0.000150	-0.003264	0.001256	0.000045	-0.002539	0.001417
-0.027297	-0.080129	0.006095	0.078119	-0.039042	-0.002292	0.066680	-0.043021
-0.023393	-0.068553	0.005227	0.066841	-0.033445	-0.001967	0.057079	-0.036850
