0.094141	0.190003	-0.188437	0.019566	-0.152909	-0.235448	0.148746	0.065672
0.049576	0.101143	-0.100293	0.010187	-0.081005	-0.125938	0.078650	0.034564
-0.048925	-0.098507	0.097730	-0.010215	0.079346	0.122045	-0.077226	-0.034131
0.087540	0.176978	-0.175517	0.018163	-0.142319	-0.219477	0.138403	0.061062
0.270644	0.507191	-0.503641	0.060645	-0.421971	-0.607614	0.415429	0.189837
0.143623	0.285556	-0.283249	0.030306	-0.231362	-0.351418	0.225642	0.100277
-0.035321	-0.071027	0.070473	-0.007388	0.057242	0.087966	-0.055726	-0.024642
0.000837	0.002370	-0.002327	0.000090	-0.001669	-0.003267	0.001525	0.000573
-0.030319	-0.060898	0.060426	-0.006351	0.049103	0.075389	-0.047813	-0.021154
-0.100517	-0.201250	0.199649	-0.021086	0.162527	0.248613	-0.158328	-0.070148
-0.043764	-0.088095	0.087402	-0.009141	0.070966	0.109140	-0.069073	-0.030531
0.017808	0.036854	-0.036529	0.003597	-0.029334	-0.046149	0.028406	0.012407
-0.160452	-0.315873	0.313404	-0.034217	0.257047	0.387133	-0.251113	-0.112092
-0.023651	-0.047377	0.047015	-0.004970	0.038245	0.058590	-0.037258	-0.016503
-0.010613	-0.020902	0.020756	-0.002275	0.017000	0.025678	-0.016613	-0.007411
-0.026039	-0.052222	0.051820	-0.005465	0.042135	0.064611	-0.041040	-0.018169
-0.026592	-0.053343	0.052933	-0.005579	0.043035	0.066004	-0.041915	-0.018554
-0.032796	-0.065915	0.065402	-0.006864	0.053133	0.081619	-0.051731	-0.022881
-0.037125	-0.074679	0.074094	-0.007762	0.060176	0.092497	-0.058579	-0.025900
-0.011459	-0.022621	0.022461	-0.002450	0.018379	0.027815	-0.017953	-0.008001
0.011051	0.023130	-0.022917	0.002200	-0.018322	-0.029086	0.017705	0.007696
0.009958	0.020909	-0.020714	0.001975	-0.016539	-0.026324	0.015974	0.006933
0.006481	0.013843	-0.013706	0.001256	-0.010871	-0.017537	0.010466	0.004509
0.011259	0.023554	-0.023337	0.002244	-0.018661	-0.029613	0.018036	0.007841
-0.012448	-0.024631	0.024454	-0.002654	0.019991	0.030314	-0.019520	-0.008691
-0.016165	-0.032181	0.031942	-0.003422	0.026049	0.039702	-0.025406	-0.011282
-0.009809	-0.019268	0.019136	-0.002109	0.015689	0.023646	-0.015340	-0.006850
-0.009432	-0.018502	0.018375	-0.002030	0.015074	0.022693	-0.014742	-0.006588
-0.007181	-0.013927	0.013837	-0.001565	0.011404	0.017002	-0.011176	-0.005018
-0.005616	-0.010748	0.010684	-0.001242	0.008853	0.013048	-0.008698	-0.003927
-0.006164	-0.011860	0.011788	-0.001356	0.009746	0.014432	-0.009566	-0.004309
-0.006669	-0.012887	0.012806	-0.001460	0.010570	0.015709	-0.010366	-0.004661
-0.005682	-0.010880	0.010816	-0.001256	0.008960	0.013213	-0.008801	-0.003972
-0.007369	-0.014309	0.014216	-0.001604	0.011710	0.017478	-0.011474	-0.005149
-0.012246	-0.024220	0.024046	-0.002612	0.019661	0.029803	-0.019199	-0.008549
-0.010993	-0.021675	0.021523	-0.002353	0.017620	0.026638	-0.017216	-0.007676
-0.011083	-0.021858	0.021703	-0.002372	0.017766	0.026866	-0.017358	-0.007739
-0.006882	-0.013320	0.013236	-0.001504	0.010917	0.016248	-0.010703	-0.004809
-0.009327	-0.018289	0.018164	-0.002009	0.014903	0.022428	-0.014577	-0.006515
0.077431	0.156930	-0.155629	0.016024	-0.126057	-0.194833	0.122535	0.054003
0.064187	0.130495	-0.129407	0.013240	-0.104676	-0.162239	0.101696	0.044759
-0.107540	-0.214989	0.213280	-0.022592	0.173740	0.265396	-0.169295	-0.075055
0.001445	0.003608	-0.003553	0.000216	-0.002661	-0.004806	0.002489	0.000997
0.212546	0.410700	-0.407551	0.046159	-0.337045	-0.498860	0.330257	0.148691
0.046203	0.094345	-0.093551	0.009485	-0.075532	-0.117517	0.073324	0.032212
-0.060433	-0.121654	0.120689	-0.012617	0.098002	0.150693	-0.095384	-0.042161
0.051653	0.105327	-0.104444	0.010620	-0.084376	-0.131119	0.081930	0.036014
0.027086	0.055679	-0.055201	0.005517	-0.044447	-0.069541	0.043095	0.018878
-0.044488	-0.089557	0.088852	-0.009292	0.072142	0.110952	-0.070217	-0.031036
0.003251	0.007277	-0.007194	0.000589	-0.005605	-0.009371	0.005349	0.002256
-0.007410	-0.014393	0.014299	-0.001613	0.011777	0.017582	-0.011539	-0.005177
-0.172860	-0.338753	0.336124	-0.037029	0.276232	0.414299	-0.270057	-0.120798
-0.029656	-0.059554	0.059093	-0.006213	0.048024	0.073720	-0.046764	-0.020691
-0.013042	-0.025838	0.025651	-0.002777	0.020959	0.031815	-0.020461	-0.009105
-0.024551	-0.049203	0.048825	-0.005156	0.039711	0.060860	-0.038684	-0.017130
-0.021433	-0.042876	0.042551	-0.004511	0.034632	0.052998	-0.033748	-0.014956
-0.029345	-0.058925	0.058468	-0.006149	0.047518	0.072938	-0.046272	-0.020474
-0.036798	-0.074016	0.073438	-0.007694	0.059644	0.091675	-0.058061	-0.025672
-0.005094	-0.009685	0.009631	-0.001134	0.008001	0.011727	-0.007870	-0.003562
0.015602	0.032375	-0.032086	0.003141	-0.025739	-0.040580	0.024913	0.010869
0.001933	0.004599	-0.004537	0.000317	-0.003456	-0.006039	0.003262	0.001337
0.002931	0.006628	-0.006549	0.000523	-0.005084	-0.008563	0.004843	0.002033
0.004558	0.009934	-0.009829	0.000859	-0.007736	-0.012675	0.007419	0.003168
-0.011305	-0.022308	0.022150	-0.002418	0.018127	0.027426	-0.017709	-0.007894
-0.019257	-0.038460	0.038170	-0.004061	0.031087	0.047507	-0.030303	-0.013439
-0.007990	-0.015572	0.015469	-0.001732	0.012723	0.019048	-0.012458	-0.005582
-0.009094	-0.017815	0.017694	-0.001961	0.014523	0.021838	-0.014207	-0.006352
-0.004665	-0.008814	0.008766	-0.001046	0.007302	0.010643	-0.007191	-0.003264
-0.002563	-0.004540	0.004528	-0.000612	0.003875	0.005328	-0.003861	-0.001798
-0.003532	-0.006510	0.006481	-0.000812	0.005455	0.007778	-0.005396	-0.002473
-0.002687	-0.004793	0.004778	-0.000638	0.004077	0.005642	-0.004057	-0.001884
-0.004614	-0.008710	0.008664	-0.001035	0.007220	0.010515	-0.007111	-0.003228
-0.009212	-0.018055	0.017932	-0.001985	0.014715	0.022137	-0.014394	-0.006434
-0.014926	-0.029664	0.029446	-0.003166	0.024029	0.036573	-0.023444	-0.010418
-0.013681	-0.027136	0.026938	-0.002909	0.022000	0.033428	-0.021472	-0.009550
-0.012269	-0.024266	0.024092	-0.002617	0.019698	0.029860	-0.019235	-0.008565
-0.005872	-0.011266	0.011198	-0.001295	0.009269	0.013693	-0.009102	-0.004105
-0.008413	-0.016431	0.016321	-0.001820	0.013412	0.020116	-0.013127	-0.005877
0.027662	0.056847	-0.056359	0.005636	-0.045385	-0.070992	0.044006	0.019280
0.031617	0.064861	-0.064308	0.006456	-0.051822	-0.080945	0.050265	0.022038
-0.105734	-0.211463	0.209781	-0.022204	0.170859	0.261092	-0.166476	-0.073793
0.040938	0.083716	-0.083009	0.008390	-0.066979	-0.104341	0.065004	0.028539
0.199184	0.387283	-0.384272	0.042985	-0.316942	-0.471751	0.310249	0.139278
