-0.007053	-0.136377	-0.169122	-0.166298	-0.038887	0.095266	0.156276	-0.231447
0.013846	0.264978	0.325905	0.320572	0.075696	-0.186543	-0.302012	0.436984
0.007612	0.147553	0.183272	0.180231	0.042128	-0.102912	-0.169244	0.251549
0.002597	0.050721	0.063360	0.062309	0.014491	-0.035180	-0.058389	0.088141
-0.006884	-0.133127	-0.165115	-0.162357	-0.037959	0.092984	0.152566	-0.226043
-0.009043	-0.174407	-0.215850	-0.212261	-0.049752	0.122060	0.199595	-0.293932
-0.011731	-0.225175	-0.277657	-0.273071	-0.064267	0.158138	0.257080	-0.374744
-0.016035	-0.304489	-0.372477	-0.366419	-0.086960	0.215441	0.345846	-0.493520
-0.014249	-0.271924	-0.333839	-0.328371	-0.077642	0.191755	0.309576	-0.445975
-0.008828	-0.170315	-0.210839	-0.207332	-0.048583	0.119169	0.194944	-0.287282
-0.006725	-0.130062	-0.161334	-0.158639	-0.037084	0.090832	0.149066	-0.220936
-0.009882	-0.190336	-0.235321	-0.231415	-0.054305	0.133338	0.217678	-0.319635
0.019679	0.369584	0.448593	0.441439	0.105600	-0.263418	-0.417662	0.583986
0.001145	0.022488	0.028213	0.027750	0.006439	-0.015531	-0.025957	0.039605
-0.001018	-0.019575	-0.024190	-0.023777	-0.005558	0.013724	0.022386	-0.032898
-0.000252	-0.004665	-0.005615	-0.005512	-0.001305	0.003354	0.005250	-0.007198
0.001674	0.032778	0.041027	0.040350	0.009374	-0.022689	-0.037780	0.057317
0.000330	0.006648	0.008479	0.008346	0.001921	-0.004513	-0.007752	0.012306
0.001255	0.024632	0.030883	0.030375	0.007050	-0.017022	-0.028420	0.043296
0.002319	0.045315	0.056634	0.055695	0.012949	-0.031415	-0.052180	0.078864
0.001451	0.028443	0.035630	0.035042	0.008137	-0.019673	-0.032799	0.049858
0.001183	0.023237	0.029145	0.028667	0.006652	-0.016051	-0.026817	0.040894
0.000872	0.017193	0.021617	0.021264	0.004929	-0.011848	-0.019872	0.030483
0.000739	0.014603	0.018390	0.018091	0.004190	-0.010046	-0.016895	0.026019
0.002398	0.046854	0.058549	0.057579	0.013388	-0.032487	-0.053949	0.081507
0.000525	0.010438	0.013202	0.012990	0.003002	-0.007149	-0.012108	0.018840
-0.000133	-0.002367	-0.002752	-0.002697	-0.000650	0.001756	0.002609	-0.003236
-0.000191	-0.003497	-0.004160	-0.004081	-0.000972	0.002542	0.003908	-0.005184
-0.000090	-0.001522	-0.001699	-0.001662	-0.000409	0.001168	0.001637	-0.001778
-0.000175	-0.003172	-0.003755	-0.003683	-0.000879	0.002316	0.003534	-0.004623
-0.000004	0.000153	0.000387	0.000390	0.000069	0.000004	-0.000287	0.001109
0.000072	0.001620	0.002216	0.002188	0.000487	-0.001017	-0.001974	0.003639
0.000170	0.003537	0.004604	0.004535	0.001034	-0.002350	-0.004177	0.006943
-0.000129	-0.002284	-0.002649	-0.002595	-0.000626	0.001699	0.002514	-0.003093
-0.000373	-0.007029	-0.008560	-0.008408	-0.001979	0.004998	0.007966	-0.011272
-0.000004	0.000156	0.000392	0.000395	0.000070	0.000001	-0.000292	0.001115
0.000109	0.002343	0.003117	0.003074	0.000694	-0.001520	-0.002805	0.004886
0.000204	0.004190	0.005418	0.005336	0.001220	-0.002804	-0.004928	0.008070
-0.000047	-0.000698	-0.000672	-0.000652	-0.000173	0.000595	0.000690	-0.000358
-0.003201	-0.061978	-0.076967	-0.075672	-0.017652	0.043240	0.071089	-0.105751
0.011873	0.228309	0.281819	0.277180	0.065208	-0.160182	-0.260824	0.381076
0.006992	0.135654	0.168618	0.165818	0.038729	-0.094546	-0.155670	0.231850
0.007433	0.144127	0.179055	0.176083	0.041149	-0.100501	-0.165337	0.245890
-0.006265	-0.121212	-0.150406	-0.147891	-0.034557	0.084625	0.138953	-0.206147
-0.005254	-0.101733	-0.126308	-0.124192	-0.028996	0.070988	0.116667	-0.173379
-0.007627	-0.147375	-0.182669	-0.179622	-0.042029	0.102998	0.168823	-0.249667
-0.012227	-0.234457	-0.288872	-0.284108	-0.066922	0.164780	0.267539	-0.389147
-0.010694	-0.205697	-0.254031	-0.249824	-0.058697	0.144249	0.235077	-0.344130
-0.007827	-0.151198	-0.187371	-0.184247	-0.043121	0.105688	0.173181	-0.255972
-0.005218	-0.101032	-0.125440	-0.123338	-0.028796	0.070498	0.115865	-0.172196
-0.003392	-0.065692	-0.081585	-0.080213	-0.018712	0.045829	0.075352	-0.112105
0.020946	0.391376	0.473461	0.465970	0.111813	-0.279808	-0.441340	0.612011
0.001097	0.021553	0.027048	0.026605	0.006172	-0.014880	-0.024882	0.037994
-0.001402	-0.027050	-0.033500	-0.032931	-0.007689	0.018924	0.030975	-0.045773
-0.000310	-0.005805	-0.007035	-0.006909	-0.001630	0.004147	0.006560	-0.009163
0.001808	0.035375	0.044261	0.043529	0.010115	-0.024497	-0.040763	0.061784
0.000750	0.014815	0.018655	0.018352	0.004251	-0.010194	-0.017139	0.026385
0.001437	0.028187	0.035311	0.034729	0.008064	-0.019495	-0.032505	0.049418
0.003239	0.063174	0.078847	0.077538	0.018044	-0.043856	-0.072684	0.109469
0.001318	0.025872	0.032427	0.031894	0.007404	-0.017885	-0.029845	0.045432
0.000656	0.012988	0.016378	0.016113	0.003729	-0.008922	-0.015038	0.023235
0.001266	0.024846	0.031149	0.030637	0.007111	-0.017170	-0.028665	0.043664
0.001622	0.031767	0.039768	0.039112	0.009085	-0.021986	-0.036618	0.055578
0.003205	0.062512	0.078024	0.076729	0.017855	-0.043394	-0.071925	0.108337
0.000648	0.012835	0.016188	0.015926	0.003686	-0.008816	-0.014863	0.022972
-0.000284	-0.005296	-0.006401	-0.006285	-0.001485	0.003793	0.005975	-0.008286
-0.000137	-0.002447	-0.002852	-0.002796	-0.000672	0.001812	0.002701	-0.003375
-0.000051	-0.000758	-0.000748	-0.000727	-0.000191	0.000637	0.000760	-0.000462
-0.000490	-0.009305	-0.011397	-0.011197	-0.002628	0.006581	0.010583	-0.015198
-0.000163	-0.002941	-0.003467	-0.003400	-0.000813	0.002155	0.003268	-0.004225
0.000065	0.001492	0.002057	0.002031	0.000451	-0.000928	-0.001827	0.003419
-0.000205	-0.003761	-0.004489	-0.004405	-0.001047	0.002726	0.004211	-0.005639
-0.000195	-0.003569	-0.004249	-0.004169	-0.000992	0.002592	0.003990	-0.005307
-0.000515	-0.009793	-0.012005	-0.011795	-0.002768	0.006921	0.011145	-0.016040
-0.000199	-0.003653	-0.004354	-0.004273	-0.001016	0.002650	0.004087	-0.005453
-0.000192	-0.003512	-0.004178	-0.004100	-0.000976	0.002552	0.003924	-0.005209
-0.000059	-0.000923	-0.000953	-0.000929	-0.000238	0.000752	0.000950	-0.000747
-0.000121	-0.002128	-0.002454	-0.002404	-0.000581	0.001589	0.002334	-0.002823
-0.002991	-0.057909	-0.071909	-0.070698	-0.016492	0.040405	0.066419	-0.098786
0.010404	0.200674	0.248298	0.244197	0.057306	-0.140475	-0.229606	0.337660
0.007028	0.136347	0.169471	0.166658	0.038927	-0.095033	-0.156461	0.233000
0.008758	0.169443	0.210152	0.206671	0.048381	-0.118346	-0.194168	0.287419
-0.005238	-0.101420	-0.125920	-0.123811	-0.028907	0.070769	0.116309	-0.172851
-0.004469	-0.086561	-0.107500	-0.105697	-0.024667	0.060387	0.099287	-0.147676
-0.002181	-0.042191	-0.052353	-0.051468	-0.012008	0.029460	0.048370	-0.071818
-0.010974	-0.210958	-0.260425	-0.256115	-0.060201	0.147995	0.241027	-0.352450
-0.010194	-0.196252	-0.242536	-0.238514	-0.055996	0.137537	0.224384	-0.329106
-0.004734	-0.091675	-0.113843	-0.111934	-0.026126	0.063959	0.105147	-0.156356
-0.003496	-0.067698	-0.084077	-0.082664	-0.019284	0.047227	0.077653	-0.115532
-0.001007	-0.019364	-0.023927	-0.023518	-0.005497	0.013577	0.022143	-0.032534
0.021501	0.400798	0.484129	0.476497	0.114495	-0.286939	-0.451526	0.623830
0.000842	0.016610	0.020891	0.020550	0.004763	-0.011442	-0.019202	0.029478
-0.001443	-0.027829	-0.034471	-0.033885	-0.007912	0.019465	0.031870	-0.047114
-0.000332	-0.006223	-0.007556	-0.007421	-0.001749	0.004438	0.007040	-0.009884
0.001074	0.021115	0.026503	0.026069	0.006047	-0.014576	-0.024379	0.037240
0.000441	0.008809	0.011172	0.010994	0.002538	-0.006016	-0.010236	0.016032
0.001861	0.036419	0.045561	0.044808	0.010412	-0.025224	-0.041963	0.063580
0.003045	0.059421	0.074181	0.072949	0.016973	-0.041240	-0.068376	0.103047
0.001212	0.023797	0.029843	0.029353	0.006812	-0.016441	-0.027461	0.041859
-0.000078	-0.001293	-0.001414	-0.001381	-0.000343	0.001009	0.001374	-0.001384
0.000998	0.019628	0.024650	0.024246	0.005623	-0.013541	-0.022670	0.034678
0.001181	0.023201	0.029101	0.028623	0.006642	-0.016026	-0.026776	0.040832
0.003348	0.065301	0.081491	0.080138	0.018651	-0.045339	-0.075126	0.113107
0.000565	0.011231	0.014190	0.013961	0.003228	-0.007701	-0.013020	0.020208
-0.000356	-0.006693	-0.008142	-0.007996	-0.001884	0.004764	0.007580	-0.010694
0.000011	0.000440	0.000746	0.000742	0.000151	-0.000196	-0.000618	0.001605
-0.000050	-0.000739	-0.000724	-0.000703	-0.000185	0.000624	0.000738	-0.000430
-0.000624	-0.011905	-0.014635	-0.014381	-0.003370	0.008389	0.013571	-0.019679
-0.000381	-0.007194	-0.008766	-0.008611	-0.002026	0.005113	0.008157	-0.011558
-0.000050	-0.000737	-0.000721	-0.000700	-0.000185	0.000622	0.000735	-0.000425
-0.000706	-0.013504	-0.016627	-0.016340	-0.003826	0.009501	0.015409	-0.022435
-0.000226	-0.004166	-0.004993	-0.004901	-0.001163	0.003007	0.004676	-0.006337
-0.000345	-0.006490	-0.007889	-0.007748	-0.001825	0.004623	0.007347	-0.010344
-0.000558	-0.010628	-0.013045	-0.012817	-0.003006	0.007501	0.012104	-0.017479
-0.000613	-0.011700	-0.014380	-0.014131	-0.003312	0.008247	0.013336	-0.019326
-0.000377	-0.007097	-0.008645	-0.008491	-0.001999	0.005045	0.008045	-0.011390
-0.000194	-0.003536	-0.004209	-0.004129	-0.000983	0.002569	0.003952	-0.005252
-0.003336	-0.064602	-0.080230	-0.078880	-0.018401	0.045069	0.074101	-0.110241
0.009310	0.179944	0.223006	0.219315	0.051381	-0.125771	-0.206101	0.304441
0.006724	0.130497	0.162257	0.159563	0.037257	-0.090925	-0.149782	0.223272
0.008744	0.169182	0.209832	0.206356	0.048306	-0.118161	-0.193871	0.286994
-0.003674	-0.071161	-0.088380	-0.086894	-0.020272	0.049641	0.081626	-0.121446
-0.003955	-0.076607	-0.095144	-0.093546	-0.021826	0.053439	0.087873	-0.130736
-0.000323	-0.006052	-0.007343	-0.007211	-0.001701	0.004319	0.006844	-0.009589
-0.012223	-0.234370	-0.288768	-0.284006	-0.066897	0.164718	0.267441	-0.389013
-0.012920	-0.247351	-0.304405	-0.299396	-0.070611	0.174032	0.282041	-0.408947
-0.004344	-0.084138	-0.104494	-0.102740	-0.023975	0.058696	0.096509	-0.143558
0.000046	0.001114	0.001585	0.001567	0.000343	-0.000665	-0.001392	0.002766
0.001844	0.036086	0.045146	0.044400	0.010317	-0.024991	-0.041580	0.063007
0.021727	0.404601	0.488420	0.480733	0.115577	-0.289826	-0.455629	0.628551
0.000217	0.004440	0.005729	0.005642	0.001292	-0.002978	-0.005215	0.008501
-0.001153	-0.022201	-0.027461	-0.026992	-0.006306	0.015550	0.025403	-0.037421
-0.000125	-0.002199	-0.002543	-0.002492	-0.000602	0.001639	0.002416	-0.002946
-0.000135	-0.002406	-0.002801	-0.002746	-0.000661	0.001783	0.002654	-0.003304
-0.000200	-0.003656	-0.004358	-0.004276	-0.001017	0.002652	0.004090	-0.005457
0.001616	0.031660	0.039635	0.038981	0.009055	-0.021911	-0.036495	0.055394
0.001271	0.024950	0.031280	0.030766	0.007141	-0.017244	-0.028786	0.043845
0.000935	0.018414	0.023137	0.022759	0.005277	-0.012697	-0.021275	0.032586
-0.000422	-0.007977	-0.009742	-0.009570	-0.002250	0.005658	0.009057	-0.012908
0.000152	0.003193	0.004176	0.004115	0.000936	-0.002111	-0.003782	0.006351
-0.000103	-0.001775	-0.002015	-0.001972	-0.000481	0.001345	0.001929	-0.002216
0.001967	0.038472	0.048117	0.047321	0.010998	-0.026652	-0.044321	0.067109
0.000240	0.004886	0.006284	0.006188	0.001419	-0.003288	-0.005727	0.009269
-0.000308	-0.005772	-0.006994	-0.006869	-0.001621	0.004124	0.006522	-0.009106
0.000157	0.003276	0.004278	0.004215	0.000959	-0.002168	-0.003876	0.006493
-0.000134	-0.002390	-0.002781	-0.002726	-0.000656	0.001772	0.002636	-0.003276
-0.000449	-0.008511	-0.010407	-0.010224	-0.002402	0.006029	0.009670	-0.013828
-0.000553	-0.010523	-0.012914	-0.012689	-0.002976	0.007428	0.011983	-0.017298
-0.000348	-0.006543	-0.007955	-0.007813	-0.001841	0.004660	0.007408	-0.010435
-0.000960	-0.018441	-0.022778	-0.022388	-0.005234	0.012935	0.021083	-0.030945
-0.000252	-0.004682	-0.005637	-0.005534	-0.001310	0.003366	0.005270	-0.007228
0.000156	0.003264	0.004264	0.004202	0.000956	-0.002160	-0.003864	0.006474
-0.000815	-0.015619	-0.019262	-0.018931	-0.004429	0.010972	0.017839	-0.026080
-0.000961	-0.018469	-0.022813	-0.022422	-0.005242	0.012955	0.021115	-0.030993
-0.000795	-0.015240	-0.018790	-0.018467	-0.004321	0.010708	0.017404	-0.025428
-0.000238	-0.004400	-0.005286	-0.005188	-0.001230	0.003170	0.004946	-0.006742
-0.002486	-0.048109	-0.059717	-0.058710	-0.013696	0.033580	0.055166	-0.081980
0.008642	0.167234	0.207444	0.204006	0.047749	-0.116785	-0.191655	0.283821
0.006459	0.125406	0.155974	0.153383	0.035803	-0.087353	-0.143966	0.214780
0.007566	0.146673	0.182190	0.179167	0.041876	-0.102293	-0.168241	0.250097
-0.005670	-0.109765	-0.136251	-0.133970	-0.031289	0.076607	0.125860	-0.186924
-0.000163	-0.002948	-0.003475	-0.003408	-0.000815	0.002160	0.003276	-0.004237
-0.000081	-0.001344	-0.001478	-0.001444	-0.000358	0.001045	0.001433	-0.001473
-0.010129	-0.195017	-0.241030	-0.237032	-0.055643	0.136660	0.222985	-0.327132
-0.013207	-0.252690	-0.310819	-0.305710	-0.072139	0.177873	0.288035	-0.417073
-0.005355	-0.103687	-0.128728	-0.126572	-0.029554	0.072355	0.118904	-0.176679
-0.003163	-0.061245	-0.076056	-0.074776	-0.017443	0.042729	0.070248	-0.104497
0.004445	0.086540	0.107865	0.106072	0.024710	-0.060156	-0.099484	0.149295
0.021898	0.407474	0.491656	0.483927	0.116394	-0.292010	-0.458725	0.632096
0.000146	0.003071	0.004024	0.003965	0.000901	-0.002026	-0.003642	0.006141
-0.000748	-0.014326	-0.017652	-0.017347	-0.004060	0.010073	0.016354	-0.023852
-0.000253	-0.004685	-0.005640	-0.005537	-0.001311	0.003368	0.005273	-0.007232
-0.000132	-0.002347	-0.002727	-0.002673	-0.000644	0.001742	0.002586	-0.003202
-0.000762	-0.014600	-0.017993	-0.017683	-0.004139	0.010264	0.016669	-0.024325
0.001258	0.024691	0.030956	0.030447	0.007067	-0.017063	-0.028487	0.043397
0.000118	0.002515	0.003330	0.003284	0.000743	-0.001639	-0.003002	0.005181
0.000854	0.016841	0.021179	0.020833	0.004828	-0.011603	-0.019468	0.029877
0.000336	0.006758	0.008617	0.008482	0.001953	-0.004590	-0.007879	0.012497
-0.001021	-0.019633	-0.024263	-0.023848	-0.005574	0.013764	0.022453	-0.032998
-0.001124	-0.021630	-0.026750	-0.026294	-0.006143	0.015153	0.024748	-0.036439
0.001478	0.028980	0.036298	0.035700	0.008290	-0.020047	-0.033416	0.050782
0.000102	0.002216	0.002958	0.002918	0.000657	-0.001431	-0.002659	0.004666
-0.000210	-0.003858	-0.004610	-0.004524	-0.001075	0.002793	0.004323	-0.005807
0.000092	0.002013	0.002706	0.002669	0.000600	-0.001290	-0.002426	0.004317
-0.000176	-0.003190	-0.003778	-0.003706	-0.000885	0.002329	0.003555	-0.004655
-0.000034	-0.000436	-0.000346	-0.000331	-0.000099	0.000413	0.000389	0.000094
-0.000340	-0.006396	-0.007772	-0.007633	-0.001799	0.004558	0.007239	-0.010182
-0.000855	-0.016406	-0.020243	-0.019895	-0.004653	0.011519	0.018744	-0.027437
-0.000713	-0.013643	-0.016801	-0.016511	-0.003866	0.009598	0.015569	-0.022675
-0.000183	-0.003331	-0.003953	-0.003878	-0.000925	0.002427	0.003717	-0.004898
0.000401	0.008031	0.010203	0.010041	0.002316	-0.005475	-0.009342	0.014691
-0.000630	-0.012039	-0.014802	-0.014545	-0.003408	0.008482	0.013725	-0.019910
-0.000750	-0.014361	-0.017694	-0.017390	-0.004070	0.010097	0.016393	-0.023912
-0.000926	-0.017774	-0.021946	-0.021570	-0.005044	0.012471	0.020316	-0.029794
-0.000210	-0.003852	-0.004602	-0.004517	-0.001073	0.002789	0.004316	-0.005797
-0.002035	-0.039345	-0.048810	-0.047985	-0.011196	0.027479	0.045101	-0.066926
0.007563	0.146606	0.182106	0.179085	0.041857	-0.102246	-0.168164	0.249986
0.006999	0.135788	0.168782	0.165980	0.038768	-0.094640	-0.155823	0.232072
0.007704	0.149305	0.185426	0.182350	0.042628	-0.104145	-0.171241	0.254437
-0.006695	-0.129482	-0.160618	-0.157935	-0.036919	0.090425	0.148403	-0.219969
0.000988	0.019447	0.024425	0.024025	0.005572	-0.013416	-0.022462	0.034366
-0.002048	-0.039605	-0.049133	-0.048303	-0.011270	0.027660	0.045399	-0.067372
-0.007867	-0.151966	-0.188315	-0.185176	-0.043340	0.106229	0.174056	-0.257238
-0.010850	-0.208621	-0.257586	-0.253322	-0.059533	0.146330	0.238385	-0.348759
-0.006442	-0.124635	-0.154634	-0.152049	-0.035534	0.087024	0.142865	-0.211874
-0.005555	-0.107544	-0.133503	-0.131268	-0.030655	0.075053	0.123319	-0.183185
0.004038	0.078667	0.098095	0.096464	0.022464	-0.054660	-0.090458	0.135909
0.022000	0.409197	0.493594	0.485840	0.116884	-0.293321	-0.460580	0.634215
0.000242	0.004948	0.006362	0.006265	0.001436	-0.003331	-0.005799	0.009377
-0.000627	-0.011964	-0.014708	-0.014453	-0.003386	0.008430	0.013638	-0.019780
-0.000682	-0.013040	-0.016050	-0.015772	-0.003694	0.009179	0.014876	-0.021636
0.000505	0.010059	0.012729	0.012525	0.002894	-0.006885	-0.011672	0.018187
-0.001071	-0.020609	-0.025478	-0.025043	-0.005852	0.014443	0.023574	-0.034679
0.000340	0.006839	0.008718	0.008581	0.001976	-0.004646	-0.007972	0.012637
0.000251	0.005108	0.006561	0.006461	0.001482	-0.003442	-0.005983	0.009652
0.000576	0.011427	0.014434	0.014202	0.003284	-0.007837	-0.013245	0.020546
0.001570	0.030752	0.038505	0.037870	0.008796	-0.021280	-0.035452	0.053832
-0.001457	-0.028118	-0.034831	-0.034240	-0.007994	0.019667	0.032203	-0.047612
-0.001691	-0.032653	-0.040478	-0.039792	-0.009287	0.022822	0.037413	-0.055417
0.000512	0.010181	0.012881	0.012675	0.002929	-0.006970	-0.011813	0.018398
0.000031	0.000822	0.001221	0.001209	0.000260	-0.000462	-0.001057	0.002262
-0.000034	-0.000435	-0.000344	-0.000330	-0.000098	0.000412	0.000388	0.000096
-0.000168	-0.003034	-0.003584	-0.003515	-0.000840	0.002220	0.003376	-0.004386
-0.000252	-0.004681	-0.005635	-0.005532	-0.001309	0.003365	0.005268	-0.007225
0.000172	0.003571	0.004646	0.004577	0.001044	-0.002373	-0.004216	0.007002
-0.000099	-0.001699	-0.001920	-0.001879	-0.000459	0.001291	0.001841	-0.002084
-0.001023	-0.019679	-0.024320	-0.023905	-0.005587	0.013796	0.022506	-0.033078
-0.000403	-0.007611	-0.009286	-0.009122	-0.002145	0.005403	0.008636	-0.012277
-0.000073	-0.001182	-0.001276	-0.001246	-0.000312	0.000932	0.001247	-0.001193
0.000475	0.009472	0.011998	0.011806	0.002727	-0.006477	-0.010998	0.017175
-0.000064	-0.001026	-0.001082	-0.001055	-0.000267	0.000823	0.001068	-0.000924
-0.000372	-0.007017	-0.008545	-0.008394	-0.001976	0.004990	0.007953	-0.011253
-0.000830	-0.015916	-0.019632	-0.019294	-0.004514	0.011178	0.018180	-0.026592
-0.000146	-0.002611	-0.003056	-0.002996	-0.000719	0.001925	0.002889	-0.003656
-0.002573	-0.049799	-0.061820	-0.060777	-0.014178	0.034756	0.057107	-0.084880
0.008003	0.155037	0.192474	0.189282	0.044265	-0.108182	-0.177773	0.263868
0.005986	0.116298	0.144721	0.142317	0.033203	-0.080968	-0.133555	0.199535
0.008966	0.173401	0.215000	0.211440	0.049511	-0.121143	-0.198668	0.293849
-0.007146	-0.138152	-0.171310	-0.168450	-0.039394	0.096513	0.158302	-0.234396
-0.000328	-0.006158	-0.007475	-0.007341	-0.001731	0.004392	0.006966	-0.009772
-0.000392	-0.007395	-0.009017	-0.008857	-0.002084	0.005253	0.008388	-0.011905
-0.008749	-0.168803	-0.208986	-0.205509	-0.048151	0.118101	0.193224	-0.284819
-0.009319	-0.179667	-0.222287	-0.218593	-0.051255	0.125780	0.205570	-0.302452
-0.008362	-0.161423	-0.199933	-0.196604	-0.046042	0.112893	0.184827	-0.272767
-0.005936	-0.114884	-0.142583	-0.140198	-0.032750	0.080191	0.131717	-0.195533
0.005597	0.108820	0.135471	0.133220	0.031068	-0.075731	-0.125000	0.186968
0.022054	0.410105	0.494615	0.486847	0.117142	-0.294012	-0.461557	0.635328
0.000119	0.002543	0.003366	0.003318	0.000751	-0.001659	-0.003034	0.005230
-0.000907	-0.017412	-0.021495	-0.021127	-0.004940	0.012219	0.019899	-0.029170
-0.000591	-0.011271	-0.013846	-0.013605	-0.003189	0.007948	0.012843	-0.018587
0.000923	0.018186	0.022854	0.022480	0.005212	-0.012538	-0.021012	0.032193
-0.000485	-0.009209	-0.011276	-0.011079	-0.002601	0.006514	0.010472	-0.015031
-0.001435	-0.027679	-0.034285	-0.033702	-0.007869	0.019361	0.031699	-0.046856
0.000335	0.006741	0.008596	0.008461	0.001948	-0.004578	-0.007860	0.012468
0.000817	0.016121	0.020282	0.019951	0.004623	-0.011102	-0.018640	0.028636
0.001272	0.024961	0.031292	0.030778	0.007144	-0.017251	-0.028798	0.043863
-0.001010	-0.019415	-0.023991	-0.023581	-0.005512	0.013613	0.022202	-0.032623
-0.001434	-0.027659	-0.034259	-0.033677	-0.007863	0.019347	0.031675	-0.046821
-0.000205	-0.003762	-0.004491	-0.004407	-0.001048	0.002727	0.004213	-0.005642
-0.000038	-0.000516	-0.000446	-0.000430	-0.000122	0.000469	0.000482	-0.000045
0.000054	0.001273	0.001783	0.001762	0.000388	-0.000776	-0.001575	0.003041
-0.000689	-0.013169	-0.016210	-0.015930	-0.003730	0.009268	0.015024	-0.021858
-0.000243	-0.004503	-0.005413	-0.005314	-0.001259	0.003241	0.005064	-0.006919
-0.000436	-0.008256	-0.010088	-0.009911	-0.002329	0.005851	0.009377	-0.013388
-0.000166	-0.003004	-0.003546	-0.003477	-0.000831	0.002199	0.003341	-0.004334
-0.000710	-0.013592	-0.016737	-0.016448	-0.003851	0.009562	0.015510	-0.022587
-0.000681	-0.013029	-0.016035	-0.015758	-0.003690	0.009171	0.014863	-0.021616
0.000339	0.006820	0.008694	0.008558	0.001970	-0.004633	-0.007950	0.012604
0.000446	0.008895	0.011279	0.011099	0.002562	-0.006076	-0.010335	0.016181
0.000399	0.007979	0.010138	0.009978	0.002301	-0.005439	-0.009283	0.014602
-0.000149	-0.002680	-0.003142	-0.003080	-0.000739	0.001973	0.002968	-0.003775
-0.000956	-0.018373	-0.022692	-0.022304	-0.005215	0.012887	0.021004	-0.030826
-0.000124	-0.002184	-0.002524	-0.002473	-0.000598	0.001629	0.002398	-0.002920
-0.001743	-0.033676	-0.041752	-0.041045	-0.009579	0.023534	0.038588	-0.057177
0.006921	0.134290	0.166936	0.164164	0.038340	-0.093588	-0.154113	0.229583
0.003931	0.076604	0.095533	0.093945	0.021875	-0.053221	-0.088092	0.132395
