0.244877	0.199117	-0.234165	-0.323578	-0.200202	-0.160767	-0.109876	0.171951
-0.129898	-0.104525	0.124197	0.174545	0.105263	0.083987	0.057375	-0.090305
-0.171162	-0.138073	0.163657	0.229024	0.138996	0.111069	0.075887	-0.119281
-0.220723	-0.178652	0.211056	0.293614	0.179752	0.143933	0.098367	-0.154332
0.229570	0.186487	-0.219525	-0.303903	-0.187533	-0.150499	-0.102847	0.161041
0.150950	0.122184	-0.144340	-0.201219	-0.122940	-0.098439	-0.067238	0.105496
0.077602	0.062802	-0.074205	-0.103605	-0.063194	-0.050591	-0.034543	0.054207
0.177492	0.143799	-0.169721	-0.236158	-0.144667	-0.115904	-0.079179	0.124166
0.186376	0.151054	-0.178217	-0.247796	-0.151957	-0.121773	-0.083193	0.130433
0.227233	0.184563	-0.217290	-0.300889	-0.185602	-0.148936	-0.101778	0.159378
0.147095	0.119051	-0.140653	-0.196124	-0.119789	-0.095910	-0.065509	0.102789
-0.065814	-0.052719	0.062921	0.089044	0.053128	0.042274	0.028877	-0.045562
-0.427668	-0.353726	0.409035	0.548030	0.354625	0.287907	0.197136	-0.305544
-0.057668	-0.046151	0.055133	0.078121	0.046515	0.036992	0.025270	-0.039889
-0.029448	-0.023417	0.028150	0.040223	0.023624	0.018716	0.012789	-0.020255
-0.003747	-0.002728	0.003577	0.005662	0.002790	0.002090	0.001435	-0.002388
-0.009862	-0.007650	0.009423	0.013886	0.007746	0.006045	0.004135	-0.006638
-0.017448	-0.013756	0.016676	0.024089	0.013895	0.010952	0.007487	-0.011912
-0.014204	-0.011145	0.013574	0.019726	0.011266	0.008853	0.006053	-0.009656
-0.002506	-0.001729	0.002390	0.003991	0.001783	0.001287	0.000886	-0.001524
-0.004384	-0.003241	0.004186	0.006518	0.003306	0.002502	0.001716	-0.002830
0.018004	0.014780	-0.017221	-0.023596	-0.014842	-0.011980	-0.008174	0.012733
-0.003921	-0.002868	0.003743	0.005895	0.002930	0.002202	0.001511	-0.002508
-0.011388	-0.008878	0.010882	0.015938	0.008983	0.007032	0.004809	-0.007699
0.011837	0.009815	-0.011324	-0.015301	-0.009842	-0.007990	-0.005449	0.008445
-0.029971	-0.023838	0.028650	0.040926	0.024048	0.019055	0.013020	-0.020619
0.002545	0.002336	-0.002439	-0.002802	-0.002310	-0.001980	-0.001345	0.001987
0.008151	0.006849	-0.007800	-0.010343	-0.006854	-0.005606	-0.003821	0.005883
0.001617	0.001589	-0.001552	-0.001554	-0.001558	-0.001380	-0.000935	0.001341
-0.003160	-0.002255	0.003015	0.004871	0.002314	0.001710	0.001175	-0.001979
0.002245	0.002096	-0.002153	-0.002400	-0.002068	-0.001787	-0.001213	0.001778
0.006841	0.005795	-0.006548	-0.008582	-0.005793	-0.004759	-0.003243	0.004973
-0.007552	-0.005790	0.007214	0.010779	0.005873	0.004550	0.003115	-0.005032
-0.003036	-0.002155	0.002896	0.004705	0.002213	0.001629	0.001120	-0.001893
-0.002368	-0.001618	0.002257	0.003806	0.001672	0.001197	0.000825	-0.001428
-0.003998	-0.002930	0.003817	0.006000	0.002994	0.002252	0.001545	-0.002562
0.001787	0.001726	-0.001715	-0.001782	-0.001696	-0.001490	-0.001010	0.001459
-0.008441	-0.006506	0.008065	0.011975	0.006594	0.005126	0.003508	-0.005650
0.000408	0.000617	-0.000397	0.000072	-0.000579	-0.000598	-0.000401	0.000501
0.065056	0.052682	-0.062208	-0.086795	-0.053005	-0.042450	-0.028982	0.045467
-0.255026	-0.206967	0.243865	0.337655	0.208154	0.166951	0.114125	-0.178791
-0.182432	-0.147270	0.174435	0.243800	0.148238	0.118506	0.080973	-0.127225
-0.232677	-0.188496	0.222489	0.309029	0.189630	0.151926	0.103838	-0.162835
0.193629	0.156984	-0.185153	-0.257273	-0.157914	-0.126574	-0.086476	0.135555
0.093211	0.075404	-0.089129	-0.124480	-0.075879	-0.060733	-0.041471	0.065091
-0.010603	-0.008246	0.010132	0.014883	0.008347	0.006524	0.004463	-0.007153
0.255492	0.207900	-0.244317	-0.337151	-0.209008	-0.167916	-0.114771	0.179539
0.239087	0.194335	-0.228628	-0.316150	-0.195406	-0.156877	-0.107213	0.167820
0.248332	0.201974	-0.237469	-0.328002	-0.203066	-0.163090	-0.111467	0.174418
0.162239	0.131367	-0.155134	-0.216109	-0.132172	-0.105855	-0.072308	0.113428
-0.053370	-0.042687	0.051022	0.072354	0.043027	0.034207	0.023367	-0.036897
-0.485304	-0.404940	0.464187	0.612957	0.405324	0.331006	0.226802	-0.349736
-0.059925	-0.047971	0.057290	0.081148	0.048347	0.038455	0.026269	-0.041461
-0.016611	-0.013082	0.015876	0.022963	0.013217	0.010410	0.007116	-0.011330
0.001383	0.001401	-0.001328	-0.001239	-0.001368	-0.001229	-0.000831	0.001178
-0.021916	-0.017353	0.020948	0.030097	0.017518	0.013843	0.009460	-0.015018
-0.010633	-0.008271	0.010160	0.014924	0.008371	0.006544	0.004476	-0.007174
-0.010597	-0.008242	0.010126	0.014875	0.008342	0.006520	0.004460	-0.007149
-0.019720	-0.015585	0.018848	0.027144	0.015737	0.012422	0.008490	-0.013491
-0.006233	-0.004729	0.005953	0.009005	0.004805	0.003698	0.002532	-0.004116
0.013752	0.011357	-0.013155	-0.017877	-0.011395	-0.009229	-0.006295	0.009777
-0.017291	-0.013630	0.016526	0.023878	0.013768	0.010851	0.007417	-0.011803
-0.010783	-0.008391	0.010304	0.015126	0.008493	0.006641	0.004542	-0.007279
-0.000507	-0.000120	0.000478	0.001303	0.000163	-0.000006	0.000003	-0.000135
-0.033546	-0.026717	0.032068	0.045731	0.026947	0.021369	0.014600	-0.023106
0.011062	0.009192	-0.010583	-0.014259	-0.009214	-0.007489	-0.005107	0.007907
0.016936	0.013920	-0.016199	-0.022160	-0.013976	-0.011289	-0.007702	0.011990
0.001993	0.001893	-0.001912	-0.002060	-0.001863	-0.001623	-0.001101	0.001603
-0.002037	-0.001351	0.001941	0.003361	0.001403	0.000983	0.000679	-0.001198
0.005884	0.005024	-0.005633	-0.007295	-0.005017	-0.004140	-0.002820	0.004308
0.010016	0.008350	-0.009583	-0.012852	-0.008366	-0.006813	-0.004645	0.007180
-0.007005	-0.005350	0.006691	0.010044	0.005430	0.004197	0.002873	-0.004652
-0.005729	-0.004323	0.005472	0.008328	0.004396	0.003372	0.002310	-0.003765
-0.005623	-0.004237	0.005370	0.008184	0.004310	0.003303	0.002263	-0.003691
-0.001556	-0.000964	0.001481	0.002714	0.001014	0.000672	0.000467	-0.000864
0.003695	0.003262	-0.003539	-0.004350	-0.003243	-0.002724	-0.001853	0.002786
-0.013704	-0.010742	0.013096	0.019053	0.010860	0.008530	0.005832	-0.009309
0.004854	0.004195	-0.004648	-0.005909	-0.004182	-0.003474	-0.002365	0.003592
0.058573	0.047455	-0.056010	-0.078101	-0.047744	-0.038247	-0.026111	0.040953
-0.206547	-0.167008	0.197497	0.275245	0.168063	0.134489	0.091905	-0.144274
-0.183095	-0.147812	0.175069	0.244668	0.148783	0.118945	0.081273	-0.127693
-0.259367	-0.210566	0.248017	0.343185	0.211762	0.169882	0.116132	-0.181900
0.166234	0.134620	-0.158955	-0.221368	-0.135442	-0.108484	-0.074105	0.116238
0.110915	0.089719	-0.106057	-0.148100	-0.090284	-0.072260	-0.049346	0.077455
0.109069	0.088225	-0.104292	-0.145640	-0.088780	-0.071056	-0.048524	0.076165
0.115825	0.093692	-0.110752	-0.154637	-0.094282	-0.075461	-0.051534	0.080887
0.243541	0.198013	-0.232887	-0.321866	-0.199095	-0.159868	-0.109261	0.170997
0.198506	0.160976	-0.189816	-0.263633	-0.161923	-0.129807	-0.088687	0.139003
0.083938	0.067916	-0.080262	-0.112083	-0.068341	-0.054705	-0.037353	0.058624
-0.012813	-0.010026	0.012245	0.017856	0.010139	0.007954	0.005439	-0.008690
-0.498929	-0.417262	0.477224	0.627844	0.417478	0.341463	0.234005	-0.360359
-0.043644	-0.034851	0.041723	0.059298	0.035137	0.027907	0.019065	-0.030130
0.005095	0.004389	-0.004878	-0.006233	-0.004378	-0.003630	-0.002471	0.003759
0.001993	0.001893	-0.001912	-0.002060	-0.001863	-0.001623	-0.001101	0.001603
-0.019411	-0.015337	0.018553	0.026729	0.015487	0.012222	0.008354	-0.013277
-0.009412	-0.007288	0.008993	0.013282	0.007382	0.005754	0.003937	-0.006326
0.018417	0.015113	-0.017616	-0.024152	-0.015177	-0.012248	-0.008356	0.013021
-0.031423	-0.025007	0.030038	0.042877	0.025225	0.019994	0.013661	-0.021629
-0.018419	-0.014538	0.017605	0.025395	0.014683	0.011580	0.007915	-0.012587
0.008512	0.007139	-0.008145	-0.010829	-0.007147	-0.005840	-0.003981	0.006134
-0.017005	-0.013400	0.016253	0.023493	0.013536	0.010665	0.007291	-0.011604
-0.002533	-0.001751	0.002416	0.004028	0.001806	0.001304	0.000898	-0.001543
-0.023968	-0.019005	0.022910	0.032856	0.019181	0.015170	0.010367	-0.016445
-0.025923	-0.020579	0.024779	0.035484	0.020766	0.016435	0.011231	-0.017804
0.015165	0.012494	-0.014506	-0.019778	-0.012540	-0.010143	-0.006919	0.010759
0.016249	0.013367	-0.015543	-0.021235	-0.013419	-0.010845	-0.007398	0.011513
0.000431	0.000635	-0.000418	0.000041	-0.000597	-0.000613	-0.000411	0.000517
0.003114	0.002795	-0.002984	-0.003568	-0.002772	-0.002348	-0.001596	0.002382
0.008331	0.006993	-0.007972	-0.010585	-0.007000	-0.005722	-0.003900	0.006008
0.005764	0.004927	-0.005518	-0.007133	-0.004920	-0.004062	-0.002767	0.004224
-0.002934	-0.002073	0.002799	0.004567	0.002130	0.001563	0.001075	-0.001822
-0.003304	-0.002371	0.003153	0.005066	0.002431	0.001803	0.001239	-0.002080
-0.006414	-0.004875	0.006126	0.009249	0.004951	0.003814	0.002612	-0.004241
0.003406	0.003030	-0.003263	-0.003961	-0.003009	-0.002537	-0.001725	0.002585
0.006799	0.005760	-0.006507	-0.008525	-0.005758	-0.004731	-0.003224	0.004943
-0.012245	-0.009568	0.011701	0.017091	0.009678	0.007586	0.005188	-0.008295
0.007808	0.006573	-0.007472	-0.009882	-0.006577	-0.005385	-0.003670	0.005645
0.050517	0.040962	-0.048306	-0.067289	-0.041206	-0.033026	-0.022546	0.035345
-0.170988	-0.137932	0.163491	0.228796	0.138854	0.110955	0.075809	-0.119159
-0.158332	-0.127622	0.151388	0.212145	0.128491	0.102625	0.070114	-0.110254
-0.299205	-0.243775	0.286125	0.393428	0.245019	0.197001	0.134714	-0.210587
0.211964	0.172010	-0.202687	-0.281134	-0.173003	-0.138750	-0.094806	0.148535
0.119744	0.096866	-0.114499	-0.159851	-0.097474	-0.078018	-0.053281	0.083628
-0.036475	-0.029076	0.034868	0.049666	0.029322	0.023265	0.015895	-0.025142
0.178467	0.144595	-0.170653	-0.237436	-0.145467	-0.116547	-0.079619	0.124853
0.221885	0.180162	-0.212175	-0.293983	-0.181186	-0.145363	-0.099332	0.155577
0.160828	0.130218	-0.153785	-0.214249	-0.131017	-0.104927	-0.071673	0.112435
0.126337	0.102207	-0.120804	-0.168614	-0.102848	-0.082323	-0.056223	0.088241
-0.094400	-0.075793	0.090254	0.127290	0.076354	0.060840	0.041559	-0.065489
-0.503259	-0.421197	0.481368	0.632538	0.421356	0.344810	0.236311	-0.363752
-0.009281	-0.007182	0.008867	0.013105	0.007275	0.005669	0.003879	-0.006234
0.038144	0.030996	-0.036477	-0.050670	-0.031170	-0.025013	-0.017074	0.026737
0.003567	0.003159	-0.003417	-0.004178	-0.003139	-0.002641	-0.001796	0.002697
-0.015050	-0.011826	0.014384	0.020864	0.011952	0.009401	0.006427	-0.010245
0.008169	0.006863	-0.007817	-0.010368	-0.006869	-0.005618	-0.003829	0.005896
0.019786	0.016214	-0.018924	-0.025992	-0.016286	-0.013133	-0.008961	0.013972
-0.022840	-0.018097	0.021832	0.031340	0.018267	0.014441	0.009869	-0.015661
-0.025787	-0.020469	0.024649	0.035301	0.020656	0.016347	0.011171	-0.017709
-0.005138	-0.003847	0.004906	0.007532	0.003917	0.002989	0.002049	-0.003354
-0.004932	-0.003681	0.004709	0.007255	0.003750	0.002856	0.001957	-0.003211
0.002878	0.002605	-0.002759	-0.003251	-0.002581	-0.002196	-0.001492	0.002218
-0.038525	-0.030727	0.036828	0.052421	0.030985	0.024592	0.016801	-0.026568
-0.007517	-0.005762	0.007181	0.010732	0.005845	0.004528	0.003099	-0.005008
0.014534	0.011986	-0.013903	-0.018929	-0.012028	-0.009735	-0.006641	0.010320
0.007538	0.006356	-0.007214	-0.009519	-0.006358	-0.005210	-0.003550	0.005457
-0.000096	0.000211	0.000085	0.000750	-0.000170	-0.000272	-0.000179	0.000150
0.008712	0.007300	-0.008336	-0.011098	-0.007309	-0.005969	-0.004069	0.006274
0.004067	0.003562	-0.003895	-0.004851	-0.003544	-0.002965	-0.002017	0.003045
0.000649	0.000810	-0.000627	-0.000252	-0.000773	-0.000754	-0.000507	0.000668
0.007711	0.006495	-0.007379	-0.009751	-0.006498	-0.005322	-0.003627	0.005578
-0.001420	-0.000855	0.001352	0.002532	0.000904	0.000585	0.000407	-0.000770
-0.005181	-0.003882	0.004947	0.007589	0.003951	0.003017	0.002067	-0.003384
0.007736	0.006515	-0.007403	-0.009785	-0.006518	-0.005338	-0.003638	0.005595
0.005079	0.004376	-0.004863	-0.006211	-0.004365	-0.003619	-0.002464	0.003748
-0.000987	-0.000506	0.000937	0.001949	0.000552	0.000304	0.000215	-0.000469
0.008314	0.006980	-0.007956	-0.010563	-0.006987	-0.005712	-0.003893	0.005997
0.042326	0.034364	-0.040475	-0.056289	-0.034562	-0.027721	-0.018923	0.029646
-0.148970	-0.120008	0.142435	0.199794	0.120835	0.096477	0.065911	-0.103678
-0.173505	-0.139984	0.165898	0.232099	0.140916	0.112613	0.076943	-0.120931
-0.274198	-0.222890	0.262204	0.361999	0.224110	0.179931	0.123016	-0.192546
0.176707	0.143158	-0.168970	-0.235128	-0.144023	-0.115386	-0.078824	0.123612
0.225193	0.182884	-0.215339	-0.298257	-0.183917	-0.147573	-0.100844	0.157928
-0.066007	-0.052874	0.063105	0.089302	0.053284	0.042399	0.028963	-0.045696
0.129260	0.104577	-0.123599	-0.172496	-0.105232	-0.084234	-0.057529	0.090288
0.234806	0.190803	-0.224533	-0.310647	-0.191863	-0.154006	-0.105248	0.164769
0.192079	0.155716	-0.183671	-0.255250	-0.156640	-0.125547	-0.085774	0.134460
0.153022	0.123868	-0.146321	-0.203954	-0.124633	-0.099799	-0.068167	0.106950
-0.162554	-0.131059	0.155425	0.217706	0.131946	0.105401	0.072012	-0.113223
-0.503843	-0.421728	0.481927	0.633169	0.421879	0.345263	0.236622	-0.364210
-0.007092	-0.005420	0.006774	0.010160	0.005501	0.004253	0.002912	-0.004713
0.024616	0.020103	-0.023542	-0.032487	-0.020202	-0.016258	-0.011095	0.017330
-0.002462	-0.001694	0.002348	0.003933	0.001748	0.001258	0.000867	-0.001494
0.002489	0.002292	-0.002387	-0.002728	-0.002266	-0.001944	-0.001320	0.001948
0.015022	0.012380	-0.014370	-0.019586	-0.012424	-0.010051	-0.006856	0.010660
-0.000362	-0.000003	0.000339	0.001107	0.000045	-0.000100	-0.000061	-0.000034
-0.015389	-0.012099	0.014707	0.021320	0.012226	0.009620	0.006577	-0.010481
-0.010899	-0.008485	0.010414	0.015281	0.008587	0.006716	0.004593	-0.007359
-0.004400	-0.003253	0.004201	0.006539	0.003319	0.002512	0.001723	-0.002841
0.007151	0.006044	-0.006844	-0.008999	-0.006044	-0.004960	-0.003379	0.005188
0.015993	0.013161	-0.015298	-0.020891	-0.013211	-0.010679	-0.007285	0.011335
-0.030127	-0.023964	0.028799	0.041135	0.024175	0.019156	0.013088	-0.020728
-0.003744	-0.002725	0.003573	0.005657	0.002787	0.002087	0.001433	-0.002385
0.007983	0.006713	-0.007639	-0.010117	-0.006718	-0.005497	-0.003747	0.005766
-0.002445	-0.001680	0.002331	0.003910	0.001734	0.001247	0.000859	-0.001482
0.002275	0.002119	-0.002182	-0.002440	-0.002092	-0.001806	-0.001226	0.001799
0.006700	0.005680	-0.006412	-0.008391	-0.005678	-0.004667	-0.003180	0.004874
0.001303	0.001337	-0.001253	-0.001132	-0.001304	-0.001177	-0.000796	0.001123
-0.006637	-0.005053	0.006339	0.009548	0.005132	0.003958	0.002710	-0.004396
0.012350	0.010228	-0.011814	-0.015991	-0.010258	-0.008322	-0.005676	0.008802
0.003103	0.002786	-0.002974	-0.003553	-0.002763	-0.002341	-0.001591	0.002375
-0.003338	-0.002399	0.003185	0.005111	0.002458	0.001825	0.001253	-0.002103
0.001953	0.001860	-0.001874	-0.002006	-0.001831	-0.001597	-0.001083	0.001575
0.004285	0.003737	-0.004104	-0.005144	-0.003721	-0.003106	-0.002113	0.003196
0.012581	0.010414	-0.012035	-0.016302	-0.010445	-0.008472	-0.005778	0.008963
0.005144	0.004428	-0.004924	-0.006298	-0.004417	-0.003661	-0.002493	0.003793
0.027182	0.022168	-0.025995	-0.035936	-0.022282	-0.017918	-0.012228	0.019114
-0.103159	-0.082873	0.098629	0.138978	0.083480	0.066541	0.045454	-0.071605
-0.170082	-0.137193	0.162625	0.227606	0.138112	0.110358	0.075401	-0.118521
-0.291970	-0.237718	0.279204	0.384374	0.238958	0.192045	0.131317	-0.205355
0.226650	0.184083	-0.216732	-0.300137	-0.185120	-0.148547	-0.101511	0.158963
0.131572	0.106451	-0.125810	-0.175564	-0.107117	-0.085745	-0.058562	0.091907
-0.036624	-0.029197	0.035012	0.049868	0.029444	0.023361	0.015961	-0.025247
0.128275	0.103778	-0.122657	-0.171188	-0.104429	-0.083590	-0.057089	0.089598
0.220177	0.178757	-0.210542	-0.291774	-0.179776	-0.144223	-0.098552	0.154363
0.229252	0.186225	-0.219221	-0.303493	-0.187270	-0.150287	-0.102701	0.160814
0.142264	0.115127	-0.136034	-0.189733	-0.115843	-0.092744	-0.063345	0.099400
-0.167367	-0.134980	0.160028	0.224038	0.135887	0.108569	0.074178	-0.116610
-0.506052	-0.423739	0.484040	0.635555	0.423860	0.346975	0.237802	-0.365943
-0.005439	-0.004090	0.005195	0.007938	0.004161	0.003184	0.002182	-0.003564
0.011541	0.009578	-0.011042	-0.014904	-0.009603	-0.007799	-0.005319	0.008240
0.003350	0.002984	-0.003209	-0.003885	-0.002963	-0.002501	-0.001700	0.002546
0.010908	0.009068	-0.010436	-0.014052	-0.009090	-0.007390	-0.005039	0.007800
-0.002288	-0.001553	0.002181	0.003699	0.001607	0.001146	0.000790	-0.001373
0.002257	0.002105	-0.002165	-0.002416	-0.002077	-0.001794	-0.001218	0.001786
0.011026	0.009163	-0.010549	-0.014211	-0.009185	-0.007466	-0.005091	0.007882
-0.016870	-0.013291	0.016123	0.023311	0.013427	0.010578	0.007231	-0.011510
-0.005476	-0.004120	0.005230	0.007987	0.004191	0.003208	0.002198	-0.003589
0.009528	0.007957	-0.009117	-0.012196	-0.007971	-0.006497	-0.004429	0.006841
0.005568	0.004769	-0.005330	-0.006869	-0.004761	-0.003936	-0.002680	0.004088
-0.002134	-0.001430	0.002034	0.003492	0.001482	0.001046	0.000722	-0.001267
-0.002864	-0.002017	0.002732	0.004474	0.002074	0.001519	0.001045	-0.001774
-0.000369	-0.000009	0.000347	0.001117	0.000051	-0.000095	-0.000058	-0.000040
-0.003279	-0.002351	0.003129	0.005032	0.002410	0.001787	0.001228	-0.002062
0.007233	0.006110	-0.006922	-0.009109	-0.006110	-0.005013	-0.003415	0.005245
0.009718	0.008110	-0.009298	-0.012451	-0.008124	-0.006620	-0.004513	0.006972
-0.001282	-0.000744	0.001220	0.002346	0.000792	0.000495	0.000346	-0.000674
-0.002456	-0.001689	0.002342	0.003925	0.001744	0.001255	0.000864	-0.001490
0.013446	0.011111	-0.012862	-0.017465	-0.011146	-0.009031	-0.006160	0.009564
0.001256	0.001299	-0.001207	-0.001069	-0.001266	-0.001147	-0.000776	0.001091
-0.010894	-0.008481	0.010410	0.015275	0.008583	0.006712	0.004591	-0.007356
-0.003863	-0.002821	0.003687	0.005817	0.002884	0.002165	0.001485	-0.002468
0.006919	0.005857	-0.006621	-0.008685	-0.005855	-0.004809	-0.003277	0.005026
0.020125	0.016487	-0.019249	-0.026448	-0.016561	-0.013352	-0.009111	0.014208
0.001348	0.001373	-0.001295	-0.001192	-0.001340	-0.001206	-0.000816	0.001154
0.035111	0.028553	-0.033577	-0.046595	-0.028711	-0.023050	-0.015733	0.024628
-0.122127	-0.098226	0.116767	0.164228	0.098928	0.078910	0.053905	-0.084865
-0.188713	-0.152403	0.180441	0.252013	0.153395	0.122660	0.083813	-0.131659
-0.251782	-0.204281	0.240762	0.333517	0.205461	0.164763	0.112626	-0.176471
0.229319	0.186281	-0.219286	-0.303580	-0.187326	-0.150332	-0.102733	0.160862
0.103404	0.083643	-0.098875	-0.138087	-0.084170	-0.067366	-0.046003	0.072207
0.033111	0.026942	-0.031665	-0.043907	-0.027089	-0.021755	-0.014849	0.023237
0.088120	0.071293	-0.084262	-0.117677	-0.071740	-0.057423	-0.039210	0.061540
0.224532	0.182340	-0.214707	-0.297403	-0.183371	-0.147131	-0.100542	0.157458
0.198051	0.160603	-0.189381	-0.263041	-0.161549	-0.129505	-0.088481	0.138682
0.154224	0.124846	-0.147470	-0.205542	-0.125616	-0.100588	-0.068707	0.107795
-0.124691	-0.100304	0.119219	0.167635	0.101018	0.080584	0.055049	-0.086659
-0.508820	-0.426263	0.486689	0.638537	0.426345	0.349126	0.239284	-0.368118
-0.005468	-0.004113	0.005222	0.007976	0.004185	0.003203	0.002194	-0.003584
0.006409	0.005446	-0.006134	-0.008000	-0.005442	-0.004480	-0.003052	0.004672
0.013702	0.011317	-0.013107	-0.017810	-0.011354	-0.009197	-0.006273	0.009742
0.001323	0.001353	-0.001271	-0.001159	-0.001320	-0.001190	-0.000805	0.001137
0.002552	0.002342	-0.002446	-0.002812	-0.002316	-0.001985	-0.001348	0.001991
-0.005773	-0.004359	0.005513	0.008386	0.004432	0.003400	0.002329	-0.003795
0.013596	0.011231	-0.013006	-0.017667	-0.011268	-0.009128	-0.006226	0.009668
-0.007142	-0.005461	0.006822	0.010228	0.005542	0.004286	0.002934	-0.004748
-0.007789	-0.005981	0.007441	0.011098	0.006066	0.004704	0.003219	-0.005197
-0.014249	-0.011181	0.013618	0.019787	0.011303	0.008883	0.006073	-0.009688
0.017773	0.014594	-0.017000	-0.023286	-0.014654	-0.011831	-0.008072	0.012573
0.020943	0.017146	-0.020031	-0.027549	-0.017224	-0.013882	-0.009472	0.014777
-0.002316	-0.001576	0.002208	0.003736	0.001630	0.001164	0.000802	-0.001393
-0.001812	-0.001170	0.001726	0.003059	0.001221	0.000838	0.000580	-0.001042
0.014929	0.012305	-0.014281	-0.019460	-0.012349	-0.009991	-0.006815	0.010595
0.012183	0.010094	-0.011654	-0.015766	-0.010123	-0.008214	-0.005602	0.008686
0.015867	0.013060	-0.015178	-0.020722	-0.013109	-0.010598	-0.007229	0.011247
0.005588	0.004785	-0.005349	-0.006895	-0.004777	-0.003948	-0.002689	0.004101
-0.004979	-0.003720	0.004754	0.007318	0.003788	0.002886	0.001978	-0.003244
0.015880	0.013070	-0.015189	-0.020738	-0.013119	-0.010605	-0.007235	0.011256
-0.008995	-0.006952	0.008594	0.012720	0.007043	0.005484	0.003752	-0.006036
-0.022225	-0.017602	0.021244	0.030513	0.017768	0.014043	0.009597	-0.015233
-0.001684	-0.001067	0.001604	0.002886	0.001117	0.000755	0.000523	-0.000953
0.008659	0.007258	-0.008286	-0.011027	-0.007267	-0.005935	-0.004046	0.006237
0.020194	0.016543	-0.019315	-0.026542	-0.016617	-0.013397	-0.009141	0.014256
0.000778	0.000914	-0.000750	-0.000426	-0.000878	-0.000837	-0.000564	0.000758
0.027228	0.022205	-0.026039	-0.035998	-0.022319	-0.017948	-0.012249	0.019146
-0.128499	-0.103391	0.122860	0.172690	0.104123	0.083073	0.056750	-0.089325
-0.134195	-0.108011	0.128307	0.180244	0.108770	0.086798	0.059296	-0.093316
-0.262344	-0.213036	0.250865	0.346971	0.214238	0.171895	0.117511	-0.184034
0.174940	0.141717	-0.167280	-0.232809	-0.142575	-0.114220	-0.078027	0.122367
0.192041	0.155685	-0.183634	-0.255199	-0.156609	-0.125522	-0.085757	0.134433
-0.030782	-0.024491	0.029425	0.042016	0.024706	0.019580	0.013378	-0.021183
0.117586	0.095119	-0.112437	-0.156982	-0.095717	-0.076610	-0.052319	0.082119
0.201911	0.163765	-0.193073	-0.268069	-0.164725	-0.132066	-0.090234	0.141413
0.203114	0.164751	-0.194224	-0.269635	-0.165715	-0.132865	-0.090780	0.142264
0.152899	0.123768	-0.146203	-0.203792	-0.124532	-0.099718	-0.068112	0.106864
-0.123857	-0.099628	0.118421	0.166527	0.100338	0.080039	0.054677	-0.086076
-0.509329	-0.426728	0.487176	0.639085	0.426803	0.349522	0.239557	-0.368519
-0.011716	-0.009143	0.011196	0.016381	0.009249	0.007244	0.004954	-0.007927
0.031098	0.025321	-0.029740	-0.041201	-0.025457	-0.020452	-0.013959	0.021837
0.031856	0.025933	-0.030465	-0.042221	-0.026072	-0.020943	-0.014295	0.022365
0.034326	0.027921	-0.032826	-0.045540	-0.028075	-0.022542	-0.015386	0.024082
0.008207	0.006894	-0.007853	-0.010419	-0.006900	-0.005643	-0.003846	0.005922
0.010439	0.008690	-0.009987	-0.013421	-0.008709	-0.007086	-0.004832	0.007474
0.030102	0.024519	-0.028787	-0.039862	-0.024649	-0.019808	-0.013519	0.021144
-0.021163	-0.016747	0.020229	0.029085	0.016908	0.013356	0.009128	-0.014495
-0.057593	-0.046091	0.055060	0.078020	0.046454	0.036944	0.025237	-0.039837
-0.013329	-0.010440	0.012737	0.018549	0.010556	0.008287	0.005666	-0.009048
0.036777	0.029895	-0.035170	-0.048834	-0.030062	-0.024128	-0.016470	0.025787
0.036744	0.029868	-0.035138	-0.048789	-0.030035	-0.024107	-0.016455	0.025763
-0.001269	-0.000733	0.001207	0.002328	0.000781	0.000487	0.000340	-0.000665
0.000100	0.000369	-0.000102	0.000486	-0.000329	-0.000399	-0.000265	0.000287
0.031636	0.025755	-0.030254	-0.041924	-0.025893	-0.020801	-0.014197	0.022211
0.010916	0.009074	-0.010443	-0.014062	-0.009095	-0.007395	-0.005042	0.007805
0.023058	0.018849	-0.022053	-0.030393	-0.018939	-0.015250	-0.010407	0.016247
0.008106	0.006812	-0.007756	-0.010282	-0.006818	-0.005577	-0.003801	0.005852
-0.017712	-0.013969	0.016929	0.024444	0.014110	0.011123	0.007603	-0.012096
0.013032	0.010778	-0.012467	-0.016909	-0.010811	-0.008764	-0.005977	0.009277
-0.015080	-0.011850	0.014412	0.020904	0.011976	0.009420	0.006440	-0.010266
-0.027559	-0.021896	0.026343	0.037683	0.022093	0.017494	0.011954	-0.018942
0.006925	0.005862	-0.006627	-0.008694	-0.005861	-0.004813	-0.003279	0.005031
0.011465	0.009516	-0.010968	-0.014801	-0.009541	-0.007750	-0.005285	0.008187
0.017892	0.014689	-0.017113	-0.023445	-0.014750	-0.011907	-0.008124	0.012655
0.000644	0.000806	-0.000622	-0.000245	-0.000769	-0.000751	-0.000505	0.000665
0.015223	0.012542	-0.014562	-0.019856	-0.012587	-0.010181	-0.006945	0.010800
-0.104951	-0.084323	0.100343	0.141368	0.084938	0.067708	0.046251	-0.072857
-0.125232	-0.100742	0.119736	0.168353	0.101459	0.080938	0.055291	-0.087038
-0.282997	-0.230223	0.270621	0.373101	0.231454	0.185919	0.127118	-0.198881
0.214828	0.174362	-0.205426	-0.284848	-0.175364	-0.140657	-0.096111	0.150567
0.168768	0.136685	-0.161378	-0.224701	-0.137518	-0.110153	-0.075246	0.118021
-0.000883	-0.000422	0.000838	0.001808	0.000468	0.000237	0.000169	-0.000397
0.099889	0.080801	-0.095514	-0.133398	-0.081310	-0.065078	-0.044439	0.069753
0.208207	0.168927	-0.199095	-0.276257	-0.169908	-0.136250	-0.093096	0.145872
0.137703	0.111425	-0.131672	-0.183693	-0.112120	-0.089757	-0.061303	0.096203
0.231538	0.188109	-0.221407	-0.306439	-0.189160	-0.151817	-0.103749	0.162441
