-0.198753	-0.159663	0.149658	0.020887	-0.007748	0.020162	-0.211710	-0.147756
0.387094	0.314657	-0.295635	-0.041751	0.015036	-0.040701	0.410050	0.291851
0.352742	0.285698	-0.268235	-0.037741	0.013748	-0.036660	0.374229	0.264820
0.223849	0.179383	-0.168071	-0.023399	0.008799	-0.022492	0.238556	0.165964
-0.122298	-0.098066	0.091886	0.012800	-0.004762	0.012343	-0.130402	-0.090718
-0.340900	-0.276402	0.259555	0.036567	-0.013221	0.035593	-0.361620	-0.256224
-0.240460	-0.193557	0.181499	0.025382	-0.009368	0.024542	-0.255896	-0.179190
-0.232696	-0.187229	0.175551	0.024539	-0.009067	0.023719	-0.247681	-0.173318
-0.239162	-0.192498	0.180504	0.025241	-0.009318	0.024404	-0.254523	-0.178208
-0.333541	-0.270261	0.253756	0.035726	-0.012942	0.034754	-0.353914	-0.250502
-0.180240	-0.144692	0.135606	0.018913	-0.007027	0.018247	-0.192054	-0.133884
0.146723	0.117026	-0.109548	-0.015183	0.005792	-0.014524	0.156663	0.108187
0.576281	0.481482	-0.454893	-0.066252	0.021519	-0.066481	0.603739	0.448819
-0.078400	-0.062915	0.058958	0.008219	-0.003041	0.007938	-0.083590	-0.058204
0.034144	0.026907	-0.025132	-0.003444	0.001377	-0.003241	0.036598	0.024832
-0.016602	-0.013575	0.012763	0.001809	-0.000615	0.001792	-0.017606	-0.012588
0.000146	-0.000216	0.000258	0.000076	0.000043	0.000131	0.000284	-0.000240
0.067322	0.053398	-0.049935	-0.006885	0.002680	-0.006540	0.072022	0.049324
0.043958	0.034739	-0.032465	-0.004461	0.001763	-0.004216	0.047079	0.032073
-0.033004	-0.026661	0.025013	0.003508	-0.001259	0.003420	-0.035124	-0.024685
0.053364	0.042249	-0.039496	-0.005436	0.002132	-0.005151	0.057122	0.039016
0.076434	0.060681	-0.056755	-0.007832	0.003038	-0.007449	0.081747	0.056058
-0.055600	-0.044699	0.041900	0.005850	-0.002146	0.005665	-0.059254	-0.041360
-0.011984	-0.009891	0.009314	0.001331	-0.000434	0.001334	-0.012673	-0.009183
-0.006730	-0.005701	0.005392	0.000787	-0.000228	0.000813	-0.007060	-0.005310
0.007665	0.005782	-0.005357	-0.000702	0.000338	-0.000614	0.008316	0.005304
-0.004139	-0.003634	0.003457	0.000519	-0.000126	0.000556	-0.004293	-0.003399
0.015487	0.012021	-0.011198	-0.001512	0.000645	-0.001390	0.016672	0.011072
0.001775	0.001083	-0.000958	-0.000093	0.000106	-0.000030	0.002024	0.000961
-0.009324	-0.007770	0.007329	0.001056	-0.000329	0.001071	-0.009832	-0.007222
0.011940	0.009191	-0.008549	-0.001145	0.000506	-0.001038	0.012882	0.008456
0.001944	0.001219	-0.001085	-0.000110	0.000113	-0.000047	0.002205	0.001086
0.006801	0.005092	-0.004711	-0.000613	0.000304	-0.000528	0.007393	0.004667
0.000533	0.000093	-0.000032	0.000036	0.000058	0.000093	0.000698	0.000046
-0.008229	-0.006896	0.006511	0.000942	-0.000286	0.000962	-0.008662	-0.006414
0.021282	0.016644	-0.015524	-0.002112	0.000872	-0.001965	0.022861	0.015345
0.004900	0.003576	-0.003292	-0.000416	0.000229	-0.000340	0.005362	0.003265
-0.002669	-0.002461	0.002359	0.000367	-0.000068	0.000411	-0.002722	-0.002315
0.002425	0.001602	-0.001444	-0.000160	0.000132	-0.000094	0.002719	0.001440
-0.349174	-0.283322	0.266092	0.037516	-0.013534	0.036544	-0.370278	-0.262674
0.418854	0.341729	-0.321304	-0.045552	0.016209	-0.044571	0.443014	0.317170
0.317112	0.255973	-0.240168	-0.033677	0.012395	-0.032603	0.336909	0.237125
0.264767	0.212795	-0.199489	-0.027853	0.010384	-0.026850	0.281815	0.196977
-0.078873	-0.063293	0.059312	0.008268	-0.003060	0.007985	-0.084095	-0.058554
-0.276547	-0.223099	0.209293	0.029334	-0.010762	0.028420	-0.294004	-0.206624
-0.269988	-0.217713	0.204223	0.028611	-0.010509	0.027708	-0.287087	-0.201619
-0.182475	-0.146498	0.137301	0.019150	-0.007114	0.018477	-0.194429	-0.135557
-0.010397	-0.008626	0.008130	0.001167	-0.000372	0.001177	-0.010978	-0.008013
-0.468512	-0.385287	0.362828	0.051898	-0.017907	0.051228	-0.494032	-0.358081
-0.181997	-0.146111	0.136938	0.019099	-0.007095	0.018427	-0.193921	-0.135199
0.031244	0.024592	-0.022965	-0.003143	0.001264	-0.002953	0.033501	0.022693
0.585870	0.490372	-0.463465	-0.067649	0.021797	-0.068018	0.613361	0.457258
-0.103635	-0.083107	0.077871	0.010848	-0.004030	0.010464	-0.110509	-0.076879
0.068804	0.054583	-0.051044	-0.007039	0.002738	-0.006688	0.073604	0.050419
-0.024437	-0.019826	0.018614	0.002621	-0.000923	0.002569	-0.025974	-0.018366
-0.028692	-0.023221	0.021792	0.003061	-0.001090	0.002992	-0.030519	-0.021504
0.089401	0.071052	-0.066468	-0.009181	0.003546	-0.008745	0.095582	0.065649
0.055891	0.044266	-0.041385	-0.005698	0.002231	-0.005402	0.059820	0.040881
-0.038784	-0.031274	0.029332	0.004106	-0.001486	0.003994	-0.041298	-0.028950
0.065812	0.052192	-0.048805	-0.006728	0.002621	-0.006390	0.070411	0.048208
0.065535	0.051971	-0.048598	-0.006699	0.002610	-0.006362	0.070115	0.048004
-0.032126	-0.025961	0.024358	0.003417	-0.001225	0.003333	-0.034187	-0.024038
-0.002466	-0.002299	0.002208	0.000346	-0.000060	0.000391	-0.002506	-0.002165
-0.016711	-0.013663	0.012845	0.001821	-0.000620	0.001803	-0.017722	-0.012669
0.007433	0.005597	-0.005184	-0.000678	0.000329	-0.000591	0.008068	0.005133
0.003040	0.002093	-0.001903	-0.000224	0.000156	-0.000155	0.003376	0.001894
0.014670	0.011369	-0.010587	-0.001427	0.000613	-0.001309	0.015798	0.010469
0.006738	0.005042	-0.004664	-0.000606	0.000301	-0.000522	0.007326	0.004621
-0.008318	-0.006968	0.006578	0.000952	-0.000290	0.000971	-0.008757	-0.006480
0.004638	0.003367	-0.003097	-0.000389	0.000219	-0.000314	0.005083	0.003072
-0.009721	-0.008087	0.007625	0.001097	-0.000345	0.001110	-0.010256	-0.007515
0.019573	0.015280	-0.014248	-0.001935	0.000806	-0.001795	0.021035	0.014085
-0.008694	-0.007267	0.006858	0.000991	-0.000305	0.001008	-0.009158	-0.006758
-0.019197	-0.015645	0.014701	0.002078	-0.000717	0.002049	-0.020377	-0.014502
0.033970	0.026767	-0.025002	-0.003426	0.001371	-0.003223	0.036412	0.024703
0.005559	0.004101	-0.003784	-0.000484	0.000255	-0.000405	0.006066	0.003751
-0.001724	-0.001708	0.001654	0.000269	-0.000031	0.000317	-0.001714	-0.001619
0.001785	0.001091	-0.000966	-0.000094	0.000107	-0.000031	0.002035	0.000968
-0.472565	-0.388833	0.366207	0.052413	-0.018050	0.051766	-0.498193	-0.361412
0.490989	0.404472	-0.381034	-0.054592	0.018775	-0.053950	0.517259	0.376059
0.286328	0.230516	-0.216172	-0.030232	0.011215	-0.029192	0.304544	0.213443
0.190437	0.152283	-0.142621	-0.019815	0.007499	-0.019006	0.203129	0.140840
0.175932	0.140561	-0.131621	-0.018272	0.006933	-0.017510	0.187724	0.129980
-0.186848	-0.150031	0.140617	0.019616	-0.007284	0.018928	-0.199073	-0.138831
-0.382998	-0.311791	0.293020	0.041456	-0.014803	0.040509	-0.405573	-0.289241
