6.470519999999999605e-01 -3.302899999999999725e-01 1.749809999999999977e-01
5.629969999999999697e-01 -2.460070000000000034e-01 1.933950000000000113e-01
6.322579999999999867e-01 -7.368700000000000250e-02 3.455099999999999838e-02
6.802979999999999583e-01 3.624700000000000144e-02 9.586100000000000176e-02
6.705320000000000169e-01 1.856829999999999870e-01 2.263479999999999936e-01
6.275509999999999700e-01 1.147419999999999968e-01 3.366660000000000208e-01
6.089489999999999625e-01 5.450399999999999689e-02 3.350589999999999957e-01
6.459270000000000289e-01 4.064899999999999763e-02 3.423729999999999829e-01
6.364340000000000552e-01 1.279750000000000054e-01 3.419159999999999977e-01
6.270200000000000218e-01 1.091919999999999974e-01 3.647090000000000054e-01
6.324840000000000462e-01 4.266999999999999960e-02 3.680979999999999808e-01
5.881420000000000536e-01 3.701000000000000123e-02 3.802309999999999857e-01
4.906369999999999898e-01 -3.594699999999999979e-02 4.128970000000000140e-01
3.288749999999999729e-01 -8.705100000000000338e-02 4.200139999999999985e-01
1.952450000000000019e-01 -5.431899999999999923e-02 4.069180000000000019e-01
4.226900000000000102e-02 -2.223590000000000011e-01 4.302000000000000268e-01
1.445230000000000126e-01 -4.586939999999999906e-01 2.768909999999999982e-01
2.489299999999999846e-02 -4.640909999999999758e-01 1.507300000000000029e-01
-6.531099999999999406e-02 -3.897499999999999853e-01 -2.614400000000000057e-02
-1.245750000000000052e-01 -3.328929999999999945e-01 -2.722530000000000228e-01
-2.084499999999999895e-02 -3.399170000000000247e-01 -3.134569999999999856e-01
-8.524500000000000133e-02 -3.437419999999999920e-01 -3.030419999999999781e-01
-1.176399999999999946e-01 -3.126289999999999902e-01 -3.315779999999999839e-01
-1.896420000000000050e-01 -2.626919999999999811e-01 -3.676539999999999808e-01
-1.315699999999999925e-01 -2.889749999999999819e-01 -3.648359999999999936e-01
-1.097830000000000056e-01 -2.613550000000000040e-01 -4.158439999999999914e-01
-1.277500000000000024e-01 -3.015450000000000075e-01 -4.067299999999999804e-01
-7.532999999999999419e-02 -3.413649999999999740e-01 -3.626190000000000246e-01
-9.704599999999999338e-02 -2.793260000000000187e-01 -3.909989999999999855e-01
-1.551800000000000124e-01 -2.839960000000000262e-01 -3.915279999999999871e-01
-1.208869999999999945e-01 -2.309350000000000014e-01 -3.996370000000000200e-01
-1.375719999999999998e-01 -1.725879999999999914e-01 -4.199010000000000242e-01
-1.468849999999999878e-01 -1.748969999999999969e-01 -4.636810000000000098e-01
-1.341239999999999932e-01 -1.665870000000000128e-01 -4.440219999999999723e-01
-6.031199999999999756e-02 -1.287510000000000043e-01 -5.013279999999999959e-01
-2.054410000000000125e-01 -1.446639999999999870e-01 -4.386650000000000271e-01
-2.062990000000000101e-01 -1.900749999999999940e-01 -3.535980000000000234e-01
-1.698850000000000082e-01 -1.974839999999999929e-01 -3.130740000000000189e-01
-2.109570000000000056e-01 -2.896659999999999791e-01 -9.710599999999999787e-02
-1.438599999999999879e-01 -2.250880000000000103e-01 -4.312900000000000067e-02
-1.346630000000000049e-01 -6.497000000000000171e-03 3.871600000000000041e-02
2.270799999999999902e-02 1.158050000000000052e-01 1.762400000000000078e-02
1.059630000000000016e-01 1.955050000000000121e-01 -1.196499999999999994e-02
2.206690000000000040e-01 2.997239999999999904e-01 -4.659300000000000247e-02
1.491069999999999895e-01 4.018010000000000193e-01 -4.469299999999999662e-02
1.198540000000000022e-01 4.520669999999999966e-01 -8.508999999999999203e-03
6.812100000000000100e-02 5.076429999999999554e-01 5.009999999999999697e-03
-6.375999999999999723e-02 5.299589999999999579e-01 -2.383000000000000135e-03
8.080800000000000483e-02 4.700489999999999946e-01 -6.842199999999999671e-02
2.703099999999999947e-01 3.069740000000000246e-01 -2.052769999999999873e-01
1.872540000000000038e-01 2.415910000000000002e-01 -1.832890000000000075e-01
2.796900000000000081e-02 2.242540000000000089e-01 -1.891869999999999941e-01
-6.798400000000000276e-02 8.599600000000000299e-02 -7.926900000000000612e-02
-2.142979999999999885e-01 -5.299100000000000338e-02 -7.848399999999999821e-02
-1.990550000000000097e-01 -2.391639999999999877e-01 -1.597639999999999894e-01
-7.365900000000000225e-02 -3.316540000000000044e-01 -2.491909999999999958e-01
-6.389200000000000434e-02 -3.944199999999999928e-01 -1.848849999999999938e-01
-7.273399999999999310e-02 -3.455860000000000043e-01 -2.494939999999999936e-01
-1.410399999999999987e-01 -3.132039999999999824e-01 -3.603759999999999741e-01
-7.169699999999999684e-02 -3.747269999999999768e-01 -3.194589999999999930e-01
-1.978630000000000111e-01 -3.018159999999999732e-01 -3.483060000000000045e-01
-1.455239999999999867e-01 -2.465739999999999876e-01 -3.805069999999999841e-01
-8.584899999999999476e-02 -2.351320000000000077e-01 -4.368940000000000046e-01
-1.859530000000000072e-01 -2.445110000000000061e-01 -4.551700000000000190e-01
2.651600000000000137e-02 -3.179449999999999776e-01 -5.193910000000000471e-01
1.034690000000000054e-01 -3.839980000000000060e-01 -5.191419999999999924e-01
-1.687939999999999996e-01 -4.918239999999999834e-01 -4.507570000000000188e-01
-7.805099999999999538e-02 -3.262829999999999897e-01 -4.560969999999999747e-01
-4.925100000000000311e-02 -3.017409999999999815e-01 -5.129460000000000131e-01
-8.364800000000000013e-02 -5.450150000000000272e-01 -5.285419999999999563e-01
5.537799999999999667e-02 -3.662270000000000247e-01 -4.968480000000000119e-01
1.582540000000000058e-01 -2.360520000000000118e-01 -4.695320000000000049e-01
1.399029999999999996e-01 -2.530499999999999972e-01 -3.872200000000000086e-01
1.790730000000000099e-01 -3.003529999999999811e-01 -5.304240000000000066e-01
-3.988000000000000225e-03 -2.569549999999999890e-01 -5.193170000000000286e-01
-1.954490000000000116e-01 -5.790149999999999464e-01 -4.612269999999999981e-01
-1.806480000000000030e-01 -5.113999999999999657e-01 -4.302039999999999753e-01
-9.784199999999999842e-02 -4.018619999999999970e-01 -5.044560000000000155e-01
-1.487199999999999980e-02 -3.091110000000000246e-01 -5.692150000000000265e-01
-4.858900000000000025e-02 -2.616060000000000052e-01 -5.153860000000000108e-01
-1.278660000000000074e-01 -2.485199999999999909e-01 -5.208949999999999969e-01
-1.207099999999999979e-01 -2.216920000000000002e-01 -5.282480000000000508e-01
-1.199299999999999949e-01 -1.517979999999999885e-01 -5.391070000000000029e-01
-1.369019999999999959e-01 -1.905350000000000099e-01 -5.601869999999999905e-01
-1.425990000000000035e-01 -2.136619999999999908e-01 -5.292240000000000277e-01
-1.390959999999999974e-01 -1.952230000000000076e-01 -5.338230000000000475e-01
-1.680079999999999907e-01 -1.615240000000000009e-01 -4.936470000000000025e-01
-1.525340000000000029e-01 -2.463559999999999917e-01 -4.445549999999999780e-01
-1.737400000000000055e-01 -3.099190000000000000e-01 -3.595760000000000067e-01
-1.979670000000000041e-01 -3.791499999999999870e-01 -1.399330000000000018e-01
-8.095499999999999918e-02 -3.292910000000000004e-01 1.191780000000000062e-01
-4.279199999999999671e-02 -4.260019999999999918e-01 2.564460000000000073e-01
8.333000000000000129e-03 -3.659009999999999763e-01 2.657249999999999890e-01
-6.590999999999999637e-02 -4.080440000000000178e-01 3.662239999999999940e-01
-1.717099999999999876e-02 -4.712140000000000217e-01 3.904259999999999953e-01
-9.485000000000000375e-02 -3.881029999999999758e-01 3.739219999999999766e-01
2.206100000000000075e-02 -3.946919999999999873e-01 3.595860000000000167e-01
7.270699999999999386e-02 -4.040369999999999795e-01 3.666730000000000267e-01
-2.767999999999999974e-02 -3.633029999999999871e-01 3.458390000000000075e-01
5.023500000000000187e-02 -4.211989999999999901e-01 3.789330000000000198e-01
1.110929999999999973e-01 -5.642620000000000413e-01 3.700450000000000128e-01
2.752599999999999839e-02 -3.895489999999999786e-01 2.878649999999999820e-01
3.481800000000000173e-02 -5.084499999999999575e-01 2.952420000000000044e-01
4.726000000000000340e-02 -5.678919999999999524e-01 3.198599999999999777e-01
-6.228399999999999909e-02 -2.768120000000000025e-01 -4.752900000000000180e-02
-1.553470000000000129e-01 -2.403790000000000093e-01 1.004239999999999994e-01
-5.588699999999999918e-02 -4.346690000000000276e-01 -2.738300000000000109e-02
