3.234909999999999730e-01 -4.353499999999999731e-02 1.565779999999999950e-01
3.425500000000000211e-01 1.699819999999999942e-01 6.387099999999999722e-02
5.213229999999999809e-01 7.699400000000000688e-02 1.802850000000000008e-01
3.746909999999999963e-01 1.485849999999999949e-01 2.188329999999999997e-01
3.843289999999999762e-01 1.210269999999999957e-01 2.286130000000000106e-01
3.324810000000000265e-01 1.854600000000000137e-01 2.708130000000000259e-01
3.070499999999999896e-01 1.494729999999999948e-01 2.790719999999999867e-01
4.045469999999999899e-01 1.392480000000000107e-01 1.611879999999999979e-01
4.945200000000000151e-01 5.376899999999999735e-02 9.847499999999999309e-02
4.008749999999999813e-01 1.234790000000000054e-01 6.970500000000000307e-02
4.853100000000000191e-01 5.470099999999999962e-02 2.964400000000000021e-02
3.219589999999999952e-01 9.120999999999999941e-02 8.035100000000000575e-02
3.452450000000000241e-01 3.082999999999999803e-03 8.503000000000000141e-03
2.270330000000000126e-01 -8.979900000000000382e-02 3.113799999999999901e-02
2.905999999999999903e-02 -2.014849999999999974e-01 1.361769999999999925e-01
4.157000000000000105e-03 -2.091439999999999966e-01 1.394880000000000009e-01
-2.604899999999999993e-01 -2.239649999999999974e-01 2.347110000000000030e-01
-4.206920000000000104e-01 -3.234319999999999973e-01 2.598150000000000182e-01
-4.946710000000000274e-01 -3.615079999999999960e-01 1.252270000000000050e-01
-3.979219999999999979e-01 -2.503270000000000217e-01 -1.016679999999999945e-01
-4.575799999999999867e-01 -2.139520000000000033e-01 -1.727750000000000119e-01
-4.730730000000000213e-01 -2.428770000000000095e-01 -3.682799999999999963e-01
-5.315239999999999965e-01 -1.241889999999999938e-01 -3.779250000000000109e-01
-4.898660000000000236e-01 -1.269270000000000120e-01 -3.148639999999999772e-01
-4.971130000000000271e-01 -9.190199999999999758e-02 -3.673109999999999986e-01
-4.836639999999999828e-01 -9.394199999999999773e-02 -3.914039999999999742e-01
-5.288859999999999673e-01 -2.731700000000000100e-02 -3.604410000000000114e-01
-6.065690000000000248e-01 -1.671060000000000045e-01 -3.377939999999999832e-01
-6.119109999999999827e-01 -1.616599999999999981e-02 -3.888429999999999942e-01
-5.891349999999999643e-01 1.293500000000000032e-02 -4.454319999999999946e-01
-4.888279999999999847e-01 7.884499999999999842e-02 -4.826400000000000134e-01
-4.238410000000000233e-01 2.318200000000000122e-02 -4.517129999999999757e-01
-5.188840000000000119e-01 -9.886999999999999955e-03 -4.133270000000000000e-01
-5.347809999999999508e-01 2.648199999999999860e-02 -4.329540000000000055e-01
-5.688530000000000530e-01 8.198500000000000232e-02 -3.902050000000000241e-01
-5.457520000000000149e-01 5.896900000000000058e-02 -4.045630000000000059e-01
-5.253079999999999972e-01 -4.824099999999999916e-02 -4.228219999999999756e-01
-5.361179999999999835e-01 -2.854699999999999946e-02 -3.808779999999999943e-01
-5.434240000000000181e-01 -6.409299999999999720e-02 -3.902680000000000038e-01
-5.463500000000000023e-01 -7.318999999999999985e-03 -4.609349999999999836e-01
-5.848950000000000538e-01 -1.292639999999999900e-01 -4.136199999999999877e-01
-5.407950000000000257e-01 -2.544759999999999800e-01 -3.711840000000000139e-01
-5.237150000000000416e-01 -2.975740000000000052e-01 -3.285319999999999907e-01
-5.503749999999999476e-01 -3.068500000000000116e-01 -1.849470000000000003e-01
-5.521890000000000409e-01 -2.832779999999999743e-01 -9.202100000000000557e-02
-5.367119999999999669e-01 -1.285080000000000111e-01 -6.386600000000000610e-02
-4.773350000000000093e-01 -4.643900000000000111e-02 -3.030999999999999840e-03
-3.141300000000000203e-01 1.655619999999999870e-01 -7.889200000000000379e-02
-2.075480000000000103e-01 2.772049999999999792e-01 -5.762999999999999894e-03
-2.003129999999999911e-01 3.733040000000000247e-01 1.472870000000000013e-01
-1.390679999999999972e-01 3.583219999999999739e-01 2.452630000000000088e-01
-2.278669999999999862e-01 3.221700000000000119e-01 3.515150000000000219e-01
-3.150290000000000035e-01 3.681400000000000228e-01 3.740530000000000244e-01
-2.992340000000000000e-01 4.292989999999999862e-01 4.341090000000000226e-01
-2.999140000000000139e-01 4.876039999999999819e-01 3.819799999999999862e-01
-3.375529999999999919e-01 4.213489999999999736e-01 4.573860000000000148e-01
-3.499639999999999973e-01 3.885410000000000252e-01 4.119300000000000184e-01
-2.532849999999999824e-01 4.185200000000000031e-01 2.636060000000000070e-01
-2.147830000000000017e-01 5.263569999999999638e-01 3.583100000000000174e-02
-1.722319999999999962e-01 4.825929999999999942e-01 -1.194429999999999936e-01
-1.346749999999999892e-01 3.412720000000000198e-01 -2.382120000000000071e-01
-1.319629999999999970e-01 2.229790000000000105e-01 -2.638730000000000242e-01
-3.710289999999999977e-01 -3.769499999999999934e-02 -1.524850000000000094e-01
-4.372759999999999980e-01 -1.991010000000000002e-01 -1.238630000000000009e-01
-5.034880000000000466e-01 -2.138170000000000071e-01 -1.628680000000000128e-01
-4.732770000000000032e-01 -2.596999999999999864e-01 -1.912230000000000041e-01
-5.648830000000000240e-01 -2.170150000000000134e-01 -2.451629999999999920e-01
-6.347099999999999964e-01 -2.060200000000000087e-01 -2.491309999999999913e-01
-6.316709999999999825e-01 -1.951350000000000029e-01 -2.680460000000000065e-01
-5.630239999999999689e-01 -2.290250000000000064e-01 -3.571790000000000243e-01
-5.609260000000000357e-01 -1.843170000000000086e-01 -3.762809999999999766e-01
-5.512430000000000385e-01 -2.162109999999999865e-01 -3.741410000000000013e-01
-5.383780000000000232e-01 -2.718229999999999813e-01 -4.127689999999999970e-01
-4.871809999999999752e-01 -2.810170000000000168e-01 -4.233500000000000041e-01
-4.813509999999999733e-01 -3.180740000000000234e-01 -3.832690000000000263e-01
-4.697790000000000021e-01 -3.333969999999999989e-01 -3.931970000000000187e-01
-4.943350000000000244e-01 -3.185689999999999911e-01 -3.738190000000000124e-01
-4.090280000000000027e-01 -3.465190000000000214e-01 -3.462629999999999875e-01
-4.122149999999999981e-01 -3.478479999999999905e-01 -3.404969999999999941e-01
-4.681060000000000221e-01 -2.547059999999999880e-01 -4.023390000000000022e-01
-4.659289999999999821e-01 -2.404890000000000083e-01 -3.598459999999999992e-01
-5.327319999999999833e-01 -2.568670000000000120e-01 -3.671889999999999876e-01
-4.780499999999999750e-01 -4.156659999999999799e-01 -3.900040000000000173e-01
-4.710900000000000087e-01 -4.567419999999999813e-01 -4.288350000000000217e-01
-4.799649999999999750e-01 -3.631579999999999808e-01 -4.773390000000000133e-01
-4.382739999999999969e-01 -4.453349999999999809e-01 -4.274640000000000106e-01
-3.612609999999999988e-01 -5.232050000000000312e-01 -4.158220000000000249e-01
-3.005610000000000226e-01 -5.704190000000000094e-01 -3.253960000000000186e-01
-4.191369999999999818e-01 -6.472160000000000135e-01 -3.753600000000000270e-01
-2.296570000000000000e-01 -6.526610000000000467e-01 -4.335570000000000257e-01
-3.439590000000000147e-01 -4.876559999999999784e-01 -4.600290000000000212e-01
-3.544979999999999798e-01 -4.412820000000000076e-01 -3.980929999999999747e-01
-3.123449999999999838e-01 -3.132510000000000017e-01 -3.791320000000000245e-01
-3.861149999999999860e-01 -3.119979999999999976e-01 -4.100130000000000163e-01
-3.550769999999999760e-01 -5.710400000000000198e-02 -3.932510000000000172e-01
-4.396019999999999928e-01 7.827099999999999336e-02 -4.154109999999999747e-01
-2.856480000000000130e-01 1.059599999999999986e-01 -4.562939999999999774e-01
-3.776760000000000117e-01 1.454719999999999902e-01 -4.343029999999999946e-01
-1.767680000000000085e-01 9.421200000000000407e-02 -4.710150000000000170e-01
-1.391910000000000092e-01 8.461000000000000465e-02 -4.848140000000000227e-01
-2.028510000000000035e-01 1.458560000000000134e-01 -4.890970000000000040e-01
-1.154560000000000031e-01 2.091510000000000036e-01 -5.084440000000000071e-01
-1.837850000000000039e-01 3.251439999999999886e-01 -5.245840000000000503e-01
-1.720140000000000002e-01 3.786419999999999786e-01 -5.325050000000000061e-01
-1.968169999999999920e-01 4.130150000000000210e-01 -4.673720000000000097e-01
-1.687440000000000051e-01 4.614650000000000141e-01 -4.276380000000000181e-01
-1.847709999999999908e-01 5.108080000000000398e-01 -3.502819999999999823e-01
-2.970400000000000262e-01 5.611289999999999889e-01 -2.785369999999999790e-01
-2.560470000000000246e-01 5.901650000000000507e-01 -9.640899999999999470e-02
-2.101659999999999917e-01 5.781150000000000455e-01 8.919199999999999351e-02
-1.618979999999999864e-01 5.557149999999999590e-01 1.689329999999999998e-01
-1.907059999999999866e-01 5.127800000000000136e-01 3.228559999999999763e-01
-1.728709999999999969e-01 5.659380000000000521e-01 3.337720000000000131e-01
-2.376729999999999954e-01 5.738290000000000335e-01 3.758130000000000082e-01
-2.530359999999999832e-01 4.988299999999999956e-01 3.834199999999999831e-01
-1.620360000000000134e-01 4.410299999999999776e-01 4.520750000000000046e-01
-2.584440000000000071e-01 4.458739999999999926e-01 4.975800000000000223e-01
-3.184969999999999746e-01 4.319299999999999806e-01 4.684949999999999948e-01
-3.250910000000000188e-01 4.381630000000000247e-01 4.146449999999999858e-01
-3.457740000000000258e-01 4.113160000000000149e-01 4.269789999999999974e-01
-2.801040000000000196e-01 3.861859999999999737e-01 4.037899999999999823e-01
-2.784570000000000101e-01 2.977000000000000202e-01 4.571979999999999933e-01
-1.797860000000000014e-01 4.299040000000000084e-01 4.089149999999999729e-01
-1.107039999999999969e-01 5.051050000000000262e-01 3.509590000000000209e-01
-1.334589999999999943e-01 5.394670000000000298e-01 2.050629999999999953e-01
-1.271839999999999915e-01 3.261660000000000115e-01 -2.714499999999999899e-02
-3.207900000000000335e-02 2.301259999999999972e-01 -2.545520000000000005e-01
8.833799999999999986e-02 1.475720000000000087e-01 -3.786039999999999961e-01
1.927949999999999942e-01 -3.068500000000000047e-02 -5.318640000000000034e-01
-1.717170000000000085e-01 -1.571319999999999939e-01 -2.966840000000000033e-01
4.873999999999999860e-03 -2.114929999999999866e-01 -3.423180000000000112e-01
-4.779590000000000227e-01 -5.559429999999999650e-01 -1.137920000000000043e-01
-3.838070000000000093e-01 -5.730920000000000458e-01 -2.906610000000000027e-01
-3.517279999999999851e-01 -5.662970000000000503e-01 -2.723740000000000050e-01
-3.249960000000000071e-01 -3.832539999999999836e-01 -2.745569999999999955e-01
-3.917970000000000064e-01 -3.945170000000000066e-01 -3.063199999999999812e-01
-3.019499999999999962e-01 -3.075919999999999765e-01 -4.010639999999999761e-01
-3.685849999999999960e-01 -2.792200000000000237e-01 -4.676710000000000034e-01
-4.117339999999999889e-01 -2.532429999999999959e-01 -4.301059999999999883e-01
-3.864029999999999965e-01 -2.444630000000000136e-01 -4.348549999999999915e-01
-3.648719999999999741e-01 -2.638530000000000042e-01 -4.918850000000000167e-01
-3.393329999999999957e-01 -3.139330000000000176e-01 -4.898000000000000131e-01
-4.305530000000000190e-01 -3.337729999999999864e-01 -4.241360000000000130e-01
-4.532599999999999962e-01 -3.477370000000000183e-01 -4.441390000000000060e-01
-5.359220000000000095e-01 -3.096530000000000116e-01 -3.221040000000000014e-01
-5.307929999999999593e-01 -3.460179999999999922e-01 -2.829139999999999988e-01
-5.579629999999999868e-01 -3.914250000000000229e-01 -7.625999999999999446e-02
-5.500709999999999766e-01 -4.268049999999999899e-01 1.093329999999999996e-01
-5.148650000000000171e-01 -5.091809999999999947e-01 2.167479999999999962e-01
-5.550540000000000473e-01 -5.083140000000000436e-01 1.775549999999999906e-01
-5.672749999999999737e-01 -5.204309999999999770e-01 2.107330000000000036e-01
-4.981220000000000092e-01 -5.361139999999999795e-01 2.027509999999999868e-01
-4.915689999999999782e-01 -5.305910000000000348e-01 1.912729999999999986e-01
-4.938699999999999757e-01 -4.470290000000000097e-01 2.248930000000000096e-01
-5.482590000000000519e-01 -4.144090000000000273e-01 3.016280000000000072e-01
-4.544889999999999763e-01 -4.981610000000000205e-01 3.481580000000000230e-01
-3.563720000000000221e-01 -4.911429999999999962e-01 1.406519999999999992e-01
-3.385739999999999861e-01 -4.208279999999999799e-01 2.437699999999999936e-02
-2.764659999999999895e-01 -3.122699999999999920e-01 7.017800000000000427e-02
-3.298240000000000061e-01 -3.026940000000000186e-01 -6.355999999999999671e-03
2.025780000000000081e-01 -2.286150000000000126e-01 -1.061880000000000046e-01
3.120200000000000196e-01 -3.865040000000000142e-01 -2.174830000000000096e-01
3.869989999999999819e-01 -3.015680000000000027e-01 -2.011320000000000052e-01
