6.662820000000000409e-01 1.300350000000000117e-01 -1.508000000000000009e-03
7.076869999999999550e-01 1.609500000000000097e-01 8.769799999999999818e-02
7.083329999999999904e-01 1.253489999999999882e-01 1.550060000000000049e-01
6.989959999999999507e-01 1.315099999999999880e-01 9.845900000000000485e-02
6.686490000000000489e-01 9.254900000000000626e-02 4.540299999999999891e-02
6.961779999999999635e-01 3.307199999999999723e-02 7.837700000000000222e-02
6.835879999999999734e-01 -3.480899999999999966e-02 1.298700000000000132e-01
6.019590000000000218e-01 1.508000000000000009e-03 1.998910000000000131e-01
5.389950000000000019e-01 -1.029970000000000052e-01 2.591100000000000070e-01
4.637760000000000216e-01 -1.592109999999999914e-01 3.111039999999999917e-01
3.315150000000000041e-01 -3.593549999999999800e-01 3.317379999999999773e-01
1.294470000000000065e-01 -4.063590000000000257e-01 3.416489999999999805e-01
-9.083700000000000108e-02 -4.630710000000000104e-01 3.795830000000000037e-01
-9.074599999999999334e-02 -5.430169999999999719e-01 1.140970000000000040e-01
2.170899999999999913e-02 -5.761699999999999600e-01 -9.108900000000000330e-02
-2.870699999999999988e-02 -4.162529999999999841e-01 -2.713670000000000249e-01
1.268489999999999895e-01 -4.026819999999999844e-01 -4.139309999999999934e-01
9.258999999999999869e-03 -3.997600000000000042e-01 -3.593080000000000163e-01
-8.788999999999999591e-02 -3.818130000000000135e-01 -2.717530000000000223e-01
-1.905779999999999974e-01 -3.081329999999999902e-01 -2.317839999999999900e-01
-7.817899999999999849e-02 -3.597299999999999942e-01 -2.581720000000000126e-01
-1.296470000000000122e-01 -3.392020000000000035e-01 -3.169540000000000135e-01
-1.179049999999999959e-01 -2.200400000000000134e-01 -3.900129999999999986e-01
-1.048950000000000021e-01 -3.426870000000000194e-01 -2.581640000000000046e-01
-3.067999999999999894e-02 -4.318299999999999916e-01 -3.601820000000000022e-01
-1.660870000000000124e-01 -3.815609999999999835e-01 -3.110419999999999852e-01
-1.251730000000000065e-01 -3.483519999999999950e-01 -3.109759999999999747e-01
-1.314000000000000064e-02 -4.151329999999999742e-01 -3.470610000000000084e-01
-5.214900000000000091e-02 -3.682309999999999750e-01 -3.278949999999999920e-01
-6.225800000000000084e-02 -3.901939999999999853e-01 -3.466859999999999942e-01
4.868499999999999911e-02 -3.557130000000000014e-01 -4.481220000000000203e-01
-3.276199999999999946e-02 -3.765999999999999903e-01 -4.103029999999999733e-01
-1.971499999999999989e-02 -3.496549999999999936e-01 -4.131259999999999932e-01
5.954399999999999971e-02 -4.215340000000000198e-01 -3.795490000000000252e-01
3.121300000000000116e-02 -4.817020000000000191e-01 -2.679560000000000275e-01
2.777999999999999914e-02 -5.825169999999999515e-01 -8.624199999999999922e-02
1.980200000000000016e-02 -5.666010000000000213e-01 -9.058000000000000079e-03
-9.472200000000000064e-02 -4.984399999999999942e-01 8.472699999999999676e-02
6.215600000000000291e-02 -2.671660000000000146e-01 -1.803300000000000042e-02
2.273550000000000015e-01 -5.034000000000000280e-02 -1.079949999999999938e-01
3.592400000000000038e-01 1.459429999999999894e-01 -1.367669999999999997e-01
3.411390000000000255e-01 2.412110000000000087e-01 -4.920299999999999674e-02
2.175310000000000021e-01 3.955640000000000267e-01 6.382899999999999685e-02
1.097540000000000043e-01 4.771409999999999818e-01 5.253000000000000030e-02
-3.245599999999999874e-02 4.384509999999999796e-01 1.818940000000000001e-01
-1.773200000000000123e-02 4.707589999999999830e-01 1.772640000000000049e-01
-2.436500000000000124e-02 4.785880000000000134e-01 1.166910000000000031e-01
1.391030000000000044e-01 5.207950000000000079e-01 -3.751700000000000174e-02
3.134350000000000191e-01 3.159549999999999859e-01 -2.258560000000000012e-01
2.928780000000000272e-01 1.961809999999999943e-01 -3.040260000000000185e-01
1.933300000000000018e-01 5.905300000000000132e-02 -2.879189999999999805e-01
2.377100000000000046e-01 -1.582199999999999995e-01 -2.812930000000000152e-01
5.256999999999999867e-02 -2.567900000000000182e-01 -2.692300000000000249e-01
2.397099999999999925e-02 -4.277900000000000036e-01 -2.512789999999999746e-01
1.613799999999999957e-02 -5.835639999999999716e-01 -1.443329999999999891e-01
4.622500000000000220e-02 -5.319770000000000332e-01 -2.385519999999999863e-01
-3.787000000000000088e-02 -5.259260000000000046e-01 -2.653209999999999735e-01
-4.185400000000000231e-02 -5.606539999999999857e-01 -3.197969999999999979e-01
7.219100000000000517e-02 -4.909930000000000128e-01 -4.034269999999999801e-01
-1.782800000000000010e-02 -4.348239999999999883e-01 -3.974070000000000102e-01
-9.950199999999999323e-02 -4.727180000000000271e-01 -3.444429999999999992e-01
-1.529709999999999959e-01 -3.636909999999999865e-01 -3.865109999999999935e-01
-9.990200000000000469e-02 -3.638480000000000047e-01 -4.785380000000000189e-01
-1.633830000000000005e-01 -4.589869999999999783e-01 -4.596830000000000083e-01
-7.733900000000000496e-02 -4.444449999999999790e-01 -4.217350000000000265e-01
2.996400000000000105e-02 -5.128059999999999841e-01 -3.907439999999999802e-01
-6.858799999999999619e-02 -6.402290000000000481e-01 -3.870129999999999959e-01
-1.342279999999999862e-01 -6.657980000000000009e-01 -4.231960000000000166e-01
-9.783300000000000329e-02 -6.533590000000000231e-01 -3.182809999999999806e-01
-1.051030000000000020e-01 -7.187810000000000032e-01 -2.482820000000000027e-01
2.199100000000000013e-02 -6.252050000000000107e-01 -2.273890000000000078e-01
-9.629000000000000406e-03 -6.743970000000000242e-01 9.415600000000000358e-02
1.611090000000000022e-01 -5.317800000000000304e-01 -2.372900000000000009e-01
1.912729999999999986e-01 -2.619429999999999814e-01 -2.424429999999999918e-01
2.213700000000000112e-01 -3.228730000000000211e-01 -3.552259999999999862e-01
4.129010000000000180e-01 -2.214460000000000039e-01 8.856899999999999495e-02
5.626700000000000035e-01 -3.663100000000000245e-01 2.280339999999999867e-01
6.474529999999999452e-01 -2.523230000000000195e-01 2.622439999999999771e-01
6.619159999999999489e-01 -2.147699999999999956e-02 1.924810000000000132e-01
6.471489999999999743e-01 8.281399999999999872e-02 1.635300000000000087e-01
6.031440000000000135e-01 7.018900000000000139e-02 2.378210000000000046e-01
6.223199999999999843e-01 1.150019999999999931e-01 2.258439999999999892e-01
6.323269999999999724e-01 1.247830000000000050e-01 1.957869999999999888e-01
5.858950000000000546e-01 1.222909999999999969e-01 2.395339999999999969e-01
5.451070000000000082e-01 1.201330000000000037e-01 2.655069999999999930e-01
5.793700000000000516e-01 8.558599999999999541e-02 2.095460000000000100e-01
5.265710000000000113e-01 3.297100000000000031e-02 2.164480000000000015e-01
5.326210000000000111e-01 -1.554299999999999952e-02 1.840080000000000049e-01
4.625870000000000259e-01 2.731600000000000000e-02 1.096680000000000016e-01
3.522299999999999875e-01 2.150489999999999902e-01 1.681699999999999862e-02
2.853410000000000113e-01 1.901950000000000029e-01 -4.951099999999999945e-02
2.745980000000000087e-01 2.076159999999999950e-01 -1.464209999999999956e-01
1.897020000000000095e-01 1.814890000000000114e-01 -1.776580000000000104e-01
1.192020000000000024e-01 7.677699999999999803e-02 -2.742629999999999790e-01
2.311120000000000119e-01 1.546349999999999947e-01 -4.516620000000000079e-01
3.132429999999999937e-01 9.979699999999999682e-02 -5.207840000000000247e-01
2.490890000000000049e-01 1.207529999999999992e-01 -5.430430000000000534e-01
3.009220000000000228e-01 1.019290000000000057e-01 -6.178730000000000055e-01
2.295349999999999890e-01 1.431779999999999997e-01 -6.239130000000000509e-01
1.692379999999999995e-01 7.575800000000000589e-02 -5.236690000000000511e-01
1.002090000000000064e-01 1.321890000000000009e-01 -5.508950000000000236e-01
1.992929999999999979e-01 1.458200000000000052e-01 -6.181720000000000548e-01
2.132610000000000061e-01 8.468199999999999339e-02 -5.586259999999999559e-01
2.056260000000000032e-01 5.240800000000000319e-02 -5.811250000000000027e-01
1.539510000000000045e-01 1.107319999999999971e-01 -5.305459999999999621e-01
1.284170000000000034e-01 1.071050000000000058e-01 -5.590850000000000541e-01
1.411459999999999937e-01 4.969599999999999712e-02 -5.693219999999999947e-01
2.642820000000000169e-01 5.579300000000000231e-02 -5.816440000000000499e-01
2.552470000000000017e-01 4.548100000000000059e-02 -5.789109999999999534e-01
2.160950000000000093e-01 8.153399999999999537e-02 -5.487680000000000335e-01
1.127510000000000040e-01 -9.262900000000000300e-02 -4.674409999999999954e-01
1.705059999999999909e-01 -2.397479999999999889e-01 -3.025590000000000224e-01
4.158099999999999991e-02 -4.218279999999999808e-01 -7.541399999999999493e-02
1.135260000000000019e-01 -4.940930000000000044e-01 3.120799999999999963e-02
1.482340000000000046e-01 -5.848309999999999897e-01 1.741949999999999887e-01
1.036279999999999979e-01 -5.935470000000000468e-01 3.057090000000000085e-01
1.105420000000000014e-01 -5.854629999999999557e-01 3.773650000000000060e-01
9.711100000000000287e-02 -5.700849999999999529e-01 3.850640000000000174e-01
1.592719999999999969e-01 -5.678419999999999579e-01 3.568379999999999885e-01
1.500070000000000014e-01 -6.452919999999999767e-01 3.058370000000000255e-01
1.072030000000000066e-01 -7.020920000000000494e-01 2.870630000000000126e-01
9.763399999999999856e-02 -7.254420000000000313e-01 2.632450000000000068e-01
5.621899999999999814e-02 -7.264920000000000266e-01 2.710940000000000016e-01
-4.633899999999999825e-02 -3.200350000000000139e-01 3.670120000000000049e-01
-1.019140000000000046e-01 -5.646349999999999980e-01 3.931419999999999915e-01
