5.694430000000000325e-01 -3.946299999999999808e-02 1.927780000000000049e-01
6.123899999999999899e-01 1.535880000000000023e-01 1.193049999999999944e-01
7.021749999999999936e-01 1.619770000000000099e-01 1.046539999999999970e-01
6.758729999999999460e-01 2.472949999999999871e-01 1.480059999999999987e-01
6.464010000000000034e-01 1.981040000000000023e-01 2.232149999999999967e-01
6.785290000000000488e-01 1.758540000000000103e-01 2.316600000000000048e-01
7.042570000000000219e-01 1.533760000000000123e-01 2.701370000000000160e-01
7.100880000000000525e-01 1.216539999999999982e-01 2.073319999999999885e-01
7.035660000000000247e-01 7.056500000000000272e-02 2.228870000000000018e-01
7.337590000000000501e-01 -4.457200000000000051e-02 2.537340000000000151e-01
7.054390000000000382e-01 -1.065539999999999959e-01 2.648789999999999756e-01
6.462799999999999656e-01 -1.896039999999999948e-01 2.731569999999999832e-01
4.557590000000000252e-01 -3.258699999999999930e-01 2.875840000000000063e-01
2.715779999999999861e-01 -3.250799999999999801e-01 3.103029999999999955e-01
5.358299999999999869e-02 -4.073780000000000179e-01 3.648939999999999961e-01
-1.201799999999999917e-02 -3.243610000000000104e-01 1.422529999999999906e-01
-3.220100000000000046e-02 -3.701539999999999830e-01 8.450399999999999578e-02
-1.835789999999999922e-01 -3.924070000000000058e-01 -9.595900000000000263e-02
-1.580499999999999960e-01 -3.326169999999999960e-01 -3.163850000000000273e-01
-9.888600000000000168e-02 -3.001269999999999771e-01 -4.410399999999999876e-01
-2.141939999999999955e-01 -2.694630000000000081e-01 -3.230419999999999958e-01
-2.050510000000000110e-01 -2.622260000000000146e-01 -2.452799999999999980e-01
-2.376810000000000034e-01 -2.424280000000000046e-01 -2.943239999999999745e-01
-1.243269999999999931e-01 -2.237399999999999944e-01 -4.108709999999999862e-01
-2.823559999999999959e-01 -3.050410000000000066e-01 -3.798500000000000210e-01
-1.377029999999999921e-01 -3.963050000000000184e-01 -4.240389999999999993e-01
-1.351009999999999989e-01 -3.229659999999999753e-01 -4.024190000000000267e-01
-2.039479999999999904e-01 -1.585749999999999937e-01 -4.341309999999999891e-01
-2.263709999999999889e-01 -2.071099999999999886e-01 -4.516319999999999779e-01
-1.942859999999999865e-01 -2.288119999999999876e-01 -4.745119999999999894e-01
-1.995550000000000102e-01 -2.489609999999999879e-01 -4.523889999999999856e-01
-1.550660000000000094e-01 -2.466770000000000074e-01 -4.342119999999999869e-01
-4.907199999999999757e-02 -3.118270000000000208e-01 -5.251949999999999674e-01
-8.138800000000000201e-02 -2.691080000000000139e-01 -5.069860000000000477e-01
-1.190490000000000020e-01 -2.840409999999999879e-01 -5.329599999999999893e-01
-1.058000000000000052e-01 -3.237639999999999962e-01 -4.856480000000000241e-01
-3.291999999999999788e-02 -3.802059999999999884e-01 -4.855129999999999724e-01
-6.057400000000000284e-02 -3.909670000000000090e-01 -4.557840000000000225e-01
-1.446300000000000016e-02 -4.345189999999999886e-01 -4.031520000000000103e-01
-3.741699999999999887e-02 -4.997170000000000223e-01 -3.165700000000000180e-01
-1.789800000000000002e-01 -4.330550000000000233e-01 -1.693510000000000015e-01
-2.044090000000000074e-01 -2.830820000000000003e-01 -1.167180000000000023e-01
-1.015230000000000021e-01 -6.746199999999999419e-02 -1.218540000000000040e-01
1.176309999999999995e-01 7.106899999999999329e-02 -1.616809999999999914e-01
2.672709999999999808e-01 2.017589999999999939e-01 -1.850479999999999903e-01
2.959439999999999849e-01 2.860849999999999782e-01 -1.269289999999999863e-01
1.772519999999999929e-01 3.494680000000000009e-01 -5.402099999999999957e-02
3.320700000000000041e-02 4.515939999999999954e-01 6.625499999999999445e-02
6.437900000000000567e-02 5.595970000000000111e-01 8.791599999999999415e-02
4.111599999999999977e-02 5.705750000000000544e-01 1.001039999999999985e-01
-4.997200000000000253e-02 5.856160000000000254e-01 1.190859999999999974e-01
4.025999999999999718e-02 4.729389999999999983e-01 5.470200000000000062e-02
6.778099999999999403e-02 4.987110000000000154e-01 -6.217600000000000210e-02
1.966620000000000035e-01 3.262390000000000012e-01 -2.146859999999999880e-01
2.866630000000000011e-01 1.730399999999999994e-01 -3.118009999999999948e-01
2.461419999999999997e-01 1.015270000000000061e-01 -3.178560000000000274e-01
1.164160000000000056e-01 -5.083999999999999977e-03 -2.953459999999999974e-01
1.290949999999999875e-01 -2.718479999999999785e-01 -2.957899999999999974e-01
-1.759399999999999853e-02 -3.567569999999999908e-01 -2.547909999999999897e-01
-1.175000000000000046e-03 -4.804240000000000177e-01 -2.794079999999999897e-01
5.604800000000000060e-02 -4.973290000000000211e-01 -3.928139999999999965e-01
-1.052120000000000000e-01 -4.223740000000000272e-01 -4.272900000000000031e-01
-5.858000000000000013e-02 -4.580679999999999752e-01 -4.295209999999999861e-01
-1.376610000000000056e-01 -4.628090000000000259e-01 -4.757069999999999910e-01
-4.096799999999999747e-02 -4.302949999999999831e-01 -4.858029999999999848e-01
-7.666699999999999904e-02 -4.350129999999999830e-01 -4.883250000000000091e-01
-4.760099999999999748e-02 -4.273330000000000184e-01 -4.852650000000000019e-01
-8.729099999999999360e-02 -3.708219999999999850e-01 -4.966030000000000166e-01
-1.549999999999999946e-03 -3.982700000000000129e-01 -5.220249999999999613e-01
-1.232940000000000008e-01 -3.703029999999999933e-01 -5.061459999999999848e-01
-7.194499999999999507e-02 -3.666479999999999739e-01 -5.214090000000000114e-01
-3.638500000000000068e-02 -3.699479999999999991e-01 -5.458960000000000479e-01
-1.204619999999999996e-01 -3.643529999999999824e-01 -4.920800000000000174e-01
-1.217000000000000026e-01 -4.170280000000000098e-01 -4.574909999999999810e-01
-5.056900000000000284e-02 -4.614480000000000248e-01 -4.535170000000000035e-01
-2.272700000000000067e-02 -5.220960000000000045e-01 -4.160449999999999982e-01
-1.195500000000000035e-01 -5.888419999999999765e-01 -2.951810000000000267e-01
-2.756500000000000061e-01 -6.074650000000000327e-01 -5.569500000000000145e-02
-3.343090000000000228e-01 -5.820359999999999978e-01 6.268100000000000060e-02
-2.192169999999999952e-01 -5.567239999999999966e-01 2.850770000000000248e-01
-2.048999999999999988e-01 -3.889710000000000112e-01 2.072360000000000035e-01
1.225860000000000005e-01 -4.182580000000000187e-01 2.788900000000000268e-01
1.183120000000000005e-01 -3.954369999999999830e-01 3.303389999999999938e-01
4.693439999999999834e-01 -2.768140000000000045e-01 3.984700000000000047e-02
4.876940000000000164e-01 -6.387500000000000122e-02 2.057039999999999980e-01
5.590859999999999719e-01 -5.667200000000000015e-02 2.736439999999999984e-01
6.586549999999999905e-01 -1.177799999999999958e-01 2.229359999999999953e-01
7.073369999999999935e-01 1.061020000000000019e-01 1.459840000000000027e-01
6.857569999999999499e-01 1.776310000000000111e-01 1.189439999999999942e-01
6.639519999999999866e-01 1.496929999999999927e-01 1.887220000000000009e-01
6.828990000000000338e-01 1.029709999999999931e-01 2.188329999999999997e-01
6.367620000000000502e-01 2.612360000000000237e-01 1.987949999999999995e-01
6.750859999999999639e-01 2.692370000000000041e-01 2.050130000000000008e-01
6.519009999999999527e-01 2.764349999999999863e-01 2.673670000000000213e-01
5.787740000000000107e-01 2.748229999999999840e-01 3.849400000000000044e-01
3.934460000000000179e-01 4.537149999999999794e-01 4.484830000000000205e-01
4.568740000000000023e-01 4.238390000000000213e-01 4.262210000000000165e-01
4.829820000000000224e-01 4.451129999999999809e-01 4.357449999999999934e-01
2.703679999999999972e-01 5.201010000000000355e-01 4.940550000000000219e-01
1.201990000000000003e-01 5.959569999999999590e-01 4.947369999999999823e-01
8.405999999999999583e-02 6.278960000000000097e-01 4.830150000000000277e-01
1.036129999999999968e-01 5.822230000000000461e-01 5.111040000000000028e-01
4.604999999999999719e-03 5.886090000000000488e-01 5.480909999999999949e-01
-8.581199999999999939e-02 6.034589999999999677e-01 5.495349999999999957e-01
-1.285890000000000088e-01 6.155640000000000001e-01 5.313520000000000465e-01
-1.239060000000000022e-01 5.268239999999999590e-01 5.844460000000000210e-01
-1.176090000000000052e-01 5.315360000000000085e-01 5.987390000000000212e-01
-1.427599999999999980e-01 5.043410000000000393e-01 5.997339999999999893e-01
-8.812799999999999800e-02 4.965470000000000161e-01 5.556499999999999773e-01
-2.379799999999999971e-01 3.497730000000000006e-01 5.898160000000000069e-01
-3.043540000000000134e-01 3.411449999999999760e-01 5.391150000000000109e-01
-2.469780000000000031e-01 3.476899999999999991e-01 4.009480000000000266e-01
-2.504069999999999907e-01 3.107679999999999887e-01 5.375929999999999875e-01
-2.894559999999999911e-01 3.727630000000000110e-01 5.671469999999999567e-01
