6.791179999999999994e-01 -1.082440000000000069e-01 1.572659999999999891e-01
6.962469999999999493e-01 -1.923300000000000010e-02 2.337879999999999958e-01
6.496809999999999530e-01 1.301910000000000012e-01 2.049449999999999883e-01
5.471650000000000125e-01 1.271879999999999955e-01 2.172360000000000124e-01
5.932920000000000416e-01 7.006999999999999340e-02 2.701339999999999852e-01
6.272069999999999590e-01 3.177200000000000163e-02 2.662720000000000087e-01
6.173319999999999919e-01 4.643200000000000105e-02 2.556590000000000251e-01
6.285009999999999764e-01 6.607499999999999485e-02 2.694650000000000101e-01
6.270949999999999580e-01 -2.208500000000000046e-02 2.960099999999999953e-01
6.577460000000000528e-01 -4.228900000000000020e-02 2.115470000000000128e-01
6.327110000000000234e-01 -9.447600000000000442e-02 2.575189999999999979e-01
6.219430000000000236e-01 -2.588139999999999885e-01 2.688760000000000039e-01
5.149449999999999861e-01 -2.923600000000000088e-01 3.249449999999999839e-01
3.563819999999999766e-01 -3.283400000000000207e-01 3.422200000000000242e-01
1.838190000000000102e-01 -4.083019999999999983e-01 4.039539999999999798e-01
1.822660000000000113e-01 -5.007150000000000212e-01 2.844050000000000189e-01
1.010149999999999937e-01 -5.115089999999999915e-01 2.055559999999999887e-01
8.812699999999999700e-02 -4.923710000000000031e-01 -1.392239999999999867e-01
1.892780000000000018e-01 -4.164329999999999976e-01 -2.979649999999999799e-01
1.283320000000000016e-01 -3.380509999999999904e-01 -3.518229999999999968e-01
6.672200000000000353e-02 -2.831179999999999808e-01 -3.148969999999999825e-01
7.705900000000000249e-02 -2.241229999999999889e-01 -4.295120000000000049e-01
2.169899999999999954e-02 -2.321249999999999980e-01 -4.499299999999999966e-01
-1.091699999999999962e-02 -2.834320000000000173e-01 -3.972379999999999800e-01
6.761999999999999955e-02 -1.792509999999999937e-01 -4.477510000000000101e-01
-5.709700000000000192e-02 -2.054350000000000065e-01 -4.222119999999999762e-01
-6.701300000000000312e-02 -2.532829999999999804e-01 -4.877279999999999949e-01
-1.329349999999999976e-01 -2.982929999999999748e-01 -4.704579999999999873e-01
-1.751310000000000089e-01 -3.125609999999999777e-01 -3.773179999999999867e-01
-1.476230000000000042e-01 -2.290500000000000036e-01 -3.329949999999999855e-01
-1.734829999999999983e-01 -2.028810000000000058e-01 -3.504140000000000033e-01
-2.274909999999999988e-01 -2.581379999999999786e-01 -3.293929999999999914e-01
-2.277790000000000092e-01 -2.222649999999999904e-01 -3.722050000000000081e-01
-1.743689999999999962e-01 -3.621030000000000082e-01 -3.400259999999999949e-01
-2.005619999999999903e-01 -3.115910000000000069e-01 -4.208770000000000011e-01
-2.365770000000000095e-01 -3.223940000000000139e-01 -3.624950000000000117e-01
-1.557949999999999890e-01 -3.162539999999999796e-01 -4.577869999999999995e-01
-1.950429999999999942e-01 -3.581980000000000164e-01 -3.687130000000000130e-01
-7.389600000000000335e-02 -4.751360000000000028e-01 -3.449200000000000044e-01
-7.671600000000000641e-02 -4.966079999999999939e-01 -2.796680000000000277e-01
-2.884099999999999997e-01 -4.555980000000000030e-01 -1.340270000000000072e-01
-2.459300000000000097e-01 -3.662779999999999925e-01 -2.602799999999999905e-02
-2.438200000000000089e-02 -2.995519999999999849e-01 1.240600000000000036e-02
1.696529999999999982e-01 -2.636370000000000102e-01 2.447099999999999970e-02
2.276100000000000068e-01 -2.039640000000000064e-01 -1.226700000000000013e-02
2.504899999999999904e-01 -7.083899999999999919e-02 7.127300000000000302e-02
2.124769999999999992e-01 2.741609999999999880e-01 1.111919999999999992e-01
9.197600000000000220e-02 3.474880000000000191e-01 1.672220000000000095e-01
9.818599999999999550e-02 4.168700000000000183e-01 2.348699999999999954e-01
3.953600000000000170e-02 5.735249999999999515e-01 1.754429999999999878e-01
-7.529900000000000482e-02 5.804759999999999920e-01 2.046439999999999926e-01
-7.896599999999999453e-02 5.761249999999999982e-01 1.477300000000000002e-01
-2.324400000000000077e-01 5.045260000000000300e-01 2.530189999999999939e-01
-2.773269999999999902e-01 4.319129999999999914e-01 2.909120000000000039e-01
-2.277540000000000120e-01 4.311769999999999770e-01 2.564850000000000185e-01
-3.708099999999999730e-01 4.154990000000000072e-01 3.064950000000000174e-01
-3.740490000000000204e-01 4.658849999999999936e-01 2.608280000000000043e-01
-2.337599999999999956e-01 4.680900000000000061e-01 1.779050000000000076e-01
-1.582600000000000118e-01 4.437169999999999725e-01 1.290800000000000003e-01
-5.700899999999999718e-02 4.396129999999999760e-01 2.905500000000000096e-02
-1.778300000000000020e-02 3.011420000000000208e-01 -9.098399999999999543e-02
7.747800000000000520e-02 1.550779999999999936e-01 -1.697780000000000122e-01
3.217799999999999827e-02 5.067599999999999882e-02 -1.997180000000000066e-01
-1.528269999999999906e-01 -2.387090000000000045e-01 -1.480819999999999914e-01
-1.592260000000000064e-01 -4.342679999999999874e-01 -1.700869999999999882e-01
-6.365600000000000425e-02 -5.282499999999999973e-01 -1.831470000000000042e-01
-5.896499999999999658e-02 -5.168509999999999494e-01 -3.084069999999999867e-01
-1.242579999999999935e-01 -4.762080000000000202e-01 -4.341990000000000016e-01
-2.176000000000000156e-02 -5.204889999999999795e-01 -5.304529999999999523e-01
-7.527899999999999869e-02 -4.741810000000000191e-01 -5.202620000000000022e-01
-6.200599999999999862e-02 -3.960850000000000204e-01 -5.314330000000000442e-01
-1.246000000000000059e-02 -3.338920000000000221e-01 -5.340819999999999457e-01
-2.218799999999999939e-02 -4.137669999999999959e-01 -5.300839999999999996e-01
-5.827899999999999747e-02 -3.978280000000000149e-01 -4.932889999999999775e-01
-1.716779999999999973e-01 -4.022749999999999937e-01 -4.623700000000000032e-01
-3.921999999999999792e-02 -3.868210000000000259e-01 -5.506710000000000216e-01
-1.397200000000000004e-02 -3.273710000000000231e-01 -5.559530000000000305e-01
-3.169500000000000095e-02 -3.705709999999999837e-01 -5.574029999999999818e-01
7.353099999999999914e-02 -4.786440000000000139e-01 -5.232719999999999594e-01
1.268569999999999975e-01 -5.526200000000000001e-01 -4.358929999999999749e-01
-1.184759999999999980e-01 -6.292320000000000135e-01 -3.572870000000000212e-01
-1.411739999999999939e-01 -5.973840000000000261e-01 -3.023210000000000064e-01
-1.253799999999999915e-01 -6.796609999999999596e-01 -9.786799999999999666e-02
-1.196220000000000061e-01 -7.318630000000000413e-01 2.752900000000000139e-02
-8.516799999999999371e-02 -6.929039999999999644e-01 1.938390000000000113e-01
-8.981400000000000494e-02 -7.060689999999999467e-01 2.208749999999999880e-01
-2.331099999999999839e-02 -4.371490000000000098e-01 -1.033500000000000044e-02
1.713429999999999953e-01 -2.961909999999999821e-01 -1.878400000000000070e-01
3.579570000000000252e-01 -4.777000000000000135e-01 1.955300000000000094e-01
4.681390000000000273e-01 -2.512280000000000069e-01 3.725459999999999883e-01
5.054100000000000259e-01 -3.238579999999999792e-01 3.125800000000000245e-01
6.298529999999999962e-01 -2.385349999999999970e-01 2.476329999999999920e-01
6.830349999999999477e-01 -1.479699999999999904e-01 1.369269999999999932e-01
6.945240000000000302e-01 -4.993000000000000042e-03 1.366930000000000089e-01
6.965500000000000025e-01 1.701599999999999988e-02 8.212500000000000355e-02
6.655240000000000045e-01 1.548599999999999977e-02 8.679900000000000115e-02
7.082850000000000534e-01 -1.732900000000000065e-02 9.395399999999999585e-02
6.708760000000000279e-01 -1.537299999999999951e-02 9.880600000000000493e-02
6.633050000000000335e-01 -1.149189999999999934e-01 1.236799999999999983e-01
6.569570000000000132e-01 -4.830199999999999771e-02 8.506500000000000172e-02
6.635699999999999932e-01 -1.069559999999999955e-01 1.352009999999999879e-01
6.224399999999999933e-01 -2.213610000000000022e-01 1.958900000000000086e-01
5.716649999999999787e-01 -1.303809999999999969e-01 1.903179999999999872e-01
4.419250000000000123e-01 -2.760239999999999916e-01 3.149159999999999737e-01
1.970040000000000124e-01 -3.359320000000000084e-01 4.252440000000000109e-01
1.322619999999999907e-01 -4.464870000000000227e-01 4.264689999999999870e-01
-7.329199999999999604e-02 -4.529509999999999925e-01 3.806720000000000104e-01
-1.010029999999999956e-01 -5.043020000000000280e-01 2.830079999999999818e-01
-6.813999999999999745e-03 -5.219240000000000546e-01 1.478540000000000132e-01
-8.180800000000000571e-02 -4.578530000000000100e-01 -1.901200000000000112e-02
-1.536619999999999930e-01 -4.446359999999999757e-01 -1.684160000000000101e-01
-1.677259999999999862e-01 -3.999360000000000137e-01 -3.260480000000000045e-01
-1.390379999999999949e-01 -3.985079999999999734e-01 -4.270700000000000052e-01
-1.057799999999999990e-01 -3.714799999999999769e-01 -4.212290000000000201e-01
-8.649600000000000344e-02 -4.491939999999999822e-01 -4.384390000000000231e-01
-6.749700000000000144e-02 -4.910189999999999833e-01 -4.398279999999999967e-01
-1.824729999999999963e-01 -3.954420000000000157e-01 -4.418560000000000265e-01
-1.989009999999999945e-01 -3.819449999999999790e-01 -4.659209999999999741e-01
-1.356100000000000083e-01 -4.290140000000000065e-01 -4.924600000000000088e-01
-9.417699999999999683e-02 -3.648330000000000184e-01 -5.388479999999999936e-01
-1.847860000000000058e-01 -3.263400000000000190e-01 -5.556910000000000460e-01
-1.583559999999999968e-01 -4.046049999999999924e-01 -5.530939999999999745e-01
-3.117699999999999985e-02 -4.271130000000000204e-01 -5.384400000000000297e-01
-7.386199999999999710e-02 -4.453219999999999956e-01 -5.266640000000000210e-01
-1.132599999999999996e-01 -4.334149999999999947e-01 -4.608670000000000266e-01
-8.328699999999999992e-02 -4.545060000000000211e-01 -4.602660000000000085e-01
-3.697899999999999798e-02 -4.854220000000000201e-01 -3.801089999999999747e-01
-1.263700000000000101e-01 -5.287840000000000318e-01 -2.781020000000000159e-01
-1.362500000000000100e-01 -5.421350000000000335e-01 -1.682589999999999919e-01
-1.230630000000000057e-01 -4.644829999999999792e-01 -6.727400000000000047e-02
-8.594999999999999862e-02 -3.151950000000000029e-01 -2.072200000000000084e-02
1.136000000000000031e-02 -5.793999999999999671e-03 -1.220549999999999968e-01
1.426570000000000060e-01 3.715899999999999759e-02 -9.000500000000000167e-02
2.252240000000000075e-01 1.424950000000000105e-01 -3.479999999999999760e-02
1.842799999999999994e-01 1.781119999999999925e-01 5.586100000000000093e-02
1.766359999999999875e-01 2.929260000000000197e-01 5.394600000000000090e-02
1.584740000000000038e-01 3.460739999999999927e-01 7.616499999999999659e-02
1.300850000000000062e-01 3.416719999999999757e-01 1.105020000000000030e-01
1.882119999999999904e-01 3.377240000000000242e-01 8.860400000000000220e-02
7.112499999999999378e-02 3.845609999999999862e-01 2.001120000000000121e-01
6.444900000000000628e-02 4.113260000000000249e-01 1.804820000000000035e-01
1.133220000000000061e-01 3.594999999999999862e-01 1.660439999999999972e-01
2.282480000000000064e-01 3.780290000000000039e-01 3.315200000000000091e-02
3.112739999999999951e-01 2.540339999999999820e-01 -1.175920000000000021e-01
3.188840000000000008e-01 2.012579999999999925e-01 -1.529230000000000034e-01
2.505339999999999789e-01 6.049199999999999716e-02 -1.858980000000000077e-01
9.838800000000000323e-02 -1.341479999999999895e-01 -1.008970000000000006e-01
8.478900000000000325e-02 -3.160330000000000084e-01 -9.697100000000000164e-02
1.772090000000000054e-01 -4.751650000000000040e-01 -1.224009999999999959e-01
1.616029999999999966e-01 -5.019400000000000528e-01 -2.334060000000000024e-01
6.855500000000000482e-02 -4.769459999999999811e-01 -4.232099999999999751e-01
5.122299999999999770e-02 -2.656899999999999817e-01 -4.666279999999999872e-01
7.888799999999999979e-02 -3.064080000000000137e-01 -4.772520000000000095e-01
-1.640199999999999991e-02 -3.527310000000000167e-01 -5.128449999999999953e-01
1.178450000000000053e-01 -4.424779999999999824e-01 -5.168150000000000244e-01
4.157700000000000284e-02 -3.771869999999999945e-01 -5.385969999999999924e-01
-2.414399999999999880e-02 -3.920910000000000228e-01 -4.195699999999999985e-01
-6.866700000000000581e-02 -3.641199999999999992e-01 -3.026940000000000186e-01
8.778800000000000492e-02 -3.825489999999999724e-01 -3.200299999999999812e-01
1.005589999999999956e-01 -5.816710000000000491e-01 -3.735609999999999764e-01
2.201300000000000132e-02 -6.487370000000000081e-01 -4.036699999999999733e-01
-7.156000000000000034e-03 -5.882880000000000331e-01 -4.888790000000000080e-01
4.431500000000000022e-02 -5.684569999999999901e-01 -4.559210000000000207e-01
7.023799999999999488e-02 -5.304010000000000113e-01 -4.267560000000000242e-01
4.437200000000000172e-02 -6.818619999999999681e-01 -3.165720000000000200e-01
