6.566549999999999887e-01 -1.651360000000000050e-01 1.637990000000000002e-01
6.889819999999999833e-01 -5.830599999999999672e-02 1.985870000000000135e-01
6.574719999999999454e-01 2.749499999999999861e-02 1.465799999999999881e-01
7.282149999999999457e-01 -1.226799999999999974e-01 5.658400000000000235e-02
7.568179999999999907e-01 -1.685319999999999874e-01 4.426999999999999685e-02
7.023099999999999898e-01 -1.292419999999999958e-01 1.080509999999999943e-01
7.111469999999999736e-01 -1.156579999999999969e-01 1.586079999999999990e-01
6.767879999999999452e-01 -6.961599999999999733e-02 1.588779999999999915e-01
6.737910000000000288e-01 -6.590699999999999337e-02 2.099080000000000112e-01
6.254229999999999512e-01 -2.548900000000000124e-02 2.837250000000000050e-01
5.775090000000000501e-01 -1.145700000000000017e-02 3.034120000000000150e-01
5.031809999999999894e-01 -1.270100000000000118e-01 3.357950000000000101e-01
4.879240000000000244e-01 -2.904479999999999840e-01 3.129629999999999912e-01
4.024679999999999924e-01 -3.138460000000000139e-01 2.640330000000000177e-01
3.142619999999999858e-01 -3.092889999999999806e-01 2.203390000000000071e-01
3.205720000000000236e-01 -4.957139999999999880e-01 1.995260000000000089e-01
2.644059999999999744e-01 -5.835270000000000179e-01 1.837320000000000064e-01
2.316580000000000028e-01 -6.481400000000000494e-01 1.221959999999999991e-01
1.562969999999999915e-01 -6.638830000000000009e-01 -2.595599999999999991e-02
1.574540000000000106e-01 -6.170369999999999466e-01 -1.392690000000000039e-01
-2.208600000000000146e-02 -5.850100000000000300e-01 -1.928219999999999934e-01
-6.395199999999999496e-02 -5.535320000000000240e-01 -2.792499999999999982e-01
-1.685000000000000083e-03 -5.362569999999999837e-01 -3.977089999999999792e-01
-5.119900000000000145e-02 -5.421310000000000295e-01 -3.245149999999999979e-01
-9.295599999999999696e-02 -5.291989999999999750e-01 -3.846300000000000274e-01
8.123000000000000012e-03 -4.664849999999999830e-01 -3.729770000000000030e-01
-6.099899999999999767e-02 -3.879650000000000043e-01 -4.301960000000000228e-01
-7.433999999999999636e-03 -4.332130000000000147e-01 -3.935409999999999742e-01
-3.988099999999999978e-02 -4.337960000000000149e-01 -3.761539999999999884e-01
-6.718300000000000660e-02 -4.013200000000000101e-01 -4.712540000000000062e-01
3.623599999999999738e-02 -4.207270000000000176e-01 -4.205800000000000094e-01
-7.926600000000000312e-02 -3.514729999999999799e-01 -4.414839999999999876e-01
-1.069940000000000058e-01 -4.246630000000000127e-01 -4.311760000000000037e-01
-3.663700000000000290e-02 -4.579770000000000230e-01 -4.777399999999999980e-01
-8.190500000000000558e-02 -5.108519999999999728e-01 -4.524250000000000216e-01
-2.656599999999999934e-02 -5.128099999999999881e-01 -5.109449999999999825e-01
-1.103099999999999914e-02 -5.346840000000000481e-01 -4.952949999999999853e-01
-8.736299999999999621e-02 -5.626970000000000027e-01 -4.343549999999999911e-01
-1.288670000000000093e-01 -6.154500000000000526e-01 -3.567600000000000215e-01
-8.133500000000000452e-02 -6.528040000000000509e-01 -2.653119999999999923e-01
-1.487390000000000101e-01 -5.996110000000000051e-01 -1.839240000000000042e-01
-2.984390000000000098e-01 -3.691019999999999857e-01 -1.817759999999999931e-01
-2.897900000000000129e-02 -2.193549999999999944e-01 -2.139520000000000033e-01
1.559439999999999993e-01 5.090800000000000186e-02 -2.948930000000000162e-01
2.962130000000000041e-01 7.800200000000000189e-02 -2.104659999999999864e-01
2.428810000000000136e-01 2.190459999999999907e-01 -1.087410000000000043e-01
8.304799999999999682e-02 3.475190000000000223e-01 8.030600000000000238e-02
1.429709999999999870e-01 4.254260000000000264e-01 1.121319999999999956e-01
8.337999999999999926e-03 5.806019999999999515e-01 1.418480000000000019e-01
5.066500000000000170e-02 5.725050000000000416e-01 7.751399999999999957e-02
8.307499999999999607e-02 5.609060000000000157e-01 1.086100000000000086e-02
1.025900000000000006e-01 5.283759999999999568e-01 1.307000000000000002e-02
9.017400000000000415e-02 5.603289999999999660e-01 -4.571999999999999675e-02
2.041779999999999984e-01 3.185270000000000046e-01 -1.893670000000000075e-01
3.534089999999999732e-01 1.272099999999999898e-01 -3.153460000000000152e-01
2.543070000000000053e-01 7.712000000000000105e-03 -3.677429999999999866e-01
2.577920000000000211e-01 -1.596130000000000049e-01 -2.692570000000000241e-01
1.256460000000000077e-01 -3.043290000000000162e-01 -1.925429999999999919e-01
3.970599999999999824e-02 -4.772910000000000208e-01 -1.952470000000000039e-01
4.012899999999999801e-02 -5.855089999999999462e-01 -2.210429999999999895e-01
6.361300000000000288e-02 -6.097380000000000022e-01 -2.793550000000000200e-01
6.330500000000000016e-02 -6.239700000000000246e-01 -3.541869999999999741e-01
1.597929999999999906e-01 -5.828200000000000047e-01 -3.915839999999999876e-01
1.592770000000000019e-01 -5.466889999999999805e-01 -3.923039999999999861e-01
1.032180000000000042e-01 -5.184469999999999912e-01 -4.180220000000000047e-01
1.126670000000000033e-01 -5.349939999999999696e-01 -3.787130000000000218e-01
5.770999999999999741e-02 -5.097690000000000277e-01 -3.957229999999999914e-01
8.420600000000000307e-02 -5.032459999999999711e-01 -4.396930000000000005e-01
1.167060000000000042e-01 -3.600970000000000004e-01 -5.099730000000000096e-01
1.027199999999999988e-02 -3.696019999999999861e-01 -5.913009999999999655e-01
-6.282799999999999496e-02 -3.120689999999999853e-01 -5.889619999999999855e-01
-1.725800000000000112e-01 -2.838910000000000045e-01 -5.335050000000000070e-01
-8.577500000000000402e-02 -3.530050000000000132e-01 -5.181449999999999667e-01
1.767200000000000021e-02 -4.967530000000000001e-01 -5.072020000000000417e-01
-8.788999999999999937e-03 -5.823059999999999903e-01 -4.470009999999999817e-01
-1.063469999999999971e-01 -6.465079999999999716e-01 -3.764950000000000241e-01
-1.412309999999999954e-01 -6.896280000000000188e-01 -2.168640000000000012e-01
-1.083930000000000032e-01 -7.150769999999999627e-01 -7.821599999999999386e-02
-8.712999999999999912e-02 -7.125529999999999919e-01 1.395569999999999866e-01
-9.841500000000000248e-02 -6.079149999999999832e-01 3.018649999999999944e-01
-1.527500000000000038e-02 -5.529469999999999663e-01 2.950269999999999837e-01
9.910299999999999665e-02 -4.638900000000000245e-01 7.771500000000000630e-02
3.652029999999999998e-01 -4.988400000000000056e-01 2.266529999999999934e-01
5.047920000000000185e-01 -4.094700000000000006e-01 2.173319999999999974e-01
5.240949999999999775e-01 -2.362160000000000093e-01 2.461919999999999942e-01
5.862960000000000393e-01 -1.939549999999999885e-01 1.443740000000000023e-01
6.837130000000000152e-01 -2.744389999999999885e-01 8.010299999999999365e-02
7.003230000000000288e-01 -1.409529999999999950e-01 5.770900000000000335e-02
6.736520000000000286e-01 -4.158699999999999897e-02 6.422899999999999443e-02
7.013000000000000345e-01 -4.557400000000000340e-02 5.632899999999999713e-02
7.197080000000000144e-01 -4.102999999999999876e-03 1.577000000000000060e-03
7.363870000000000138e-01 -5.421100000000000224e-02 -1.884000000000000041e-03
7.314939999999999776e-01 -9.676999999999999491e-02 -2.642999999999999863e-02
7.142990000000000173e-01 6.745000000000000127e-03 -9.157099999999999962e-02
6.968130000000000157e-01 -4.450699999999999795e-02 -3.978099999999999692e-02
6.567429999999999657e-01 -5.131700000000000150e-02 -1.502200000000000063e-02
6.644290000000000473e-01 -1.293370000000000075e-01 1.583899999999999891e-02
5.618039999999999701e-01 -2.319539999999999935e-01 9.512500000000000122e-02
4.569739999999999913e-01 -2.216809999999999892e-01 1.938920000000000088e-01
3.256709999999999883e-01 -3.554240000000000177e-01 2.585000000000000075e-01
1.810029999999999972e-01 -5.225100000000000300e-01 2.738559999999999883e-01
1.744840000000000002e-01 -6.483339999999999659e-01 2.389209999999999945e-01
1.097399999999999938e-02 -6.039949999999999486e-01 2.001159999999999883e-01
-1.093750000000000000e-01 -5.224239999999999995e-01 -1.085850000000000010e-01
-9.332000000000000017e-03 -5.356039999999999690e-01 -3.220750000000000002e-01
-2.019200000000000161e-02 -4.828109999999999902e-01 -4.395939999999999848e-01
1.590300000000000047e-02 -4.700960000000000139e-01 -4.858480000000000021e-01
9.544000000000000400e-03 -3.515309999999999824e-01 -5.771739999999999648e-01
-1.057270000000000015e-01 -3.849179999999999824e-01 -5.303649999999999753e-01
-1.090880000000000044e-01 -3.959920000000000107e-01 -4.819599999999999995e-01
-2.153950000000000031e-01 -4.300010000000000221e-01 -4.286829999999999807e-01
-1.770339999999999969e-01 -4.472019999999999884e-01 -4.269390000000000129e-01
-1.212720000000000048e-01 -4.048510000000000164e-01 -4.550890000000000213e-01
-1.887899999999999995e-02 -3.842260000000000120e-01 -4.572999999999999843e-01
5.390099999999999753e-02 -4.724079999999999946e-01 -4.258120000000000238e-01
9.576900000000000690e-02 -4.913589999999999902e-01 -4.683390000000000053e-01
4.795399999999999663e-02 -4.670730000000000159e-01 -5.393649999999999833e-01
1.622799999999999937e-02 -5.250479999999999592e-01 -5.016420000000000323e-01
8.781899999999999429e-02 -6.161370000000000458e-01 -4.699639999999999929e-01
8.577100000000000002e-02 -6.089609999999999745e-01 -3.911129999999999884e-01
-2.837800000000000045e-02 -6.375950000000000228e-01 -2.386270000000000058e-01
-3.891499999999999820e-02 -6.494410000000000460e-01 -2.039350000000000052e-01
-3.420399999999999829e-02 -5.765109999999999957e-01 -1.566190000000000082e-01
1.675069999999999892e-01 -4.032850000000000046e-01 -2.519989999999999730e-01
1.648550000000000015e-01 -2.541399999999999909e-02 -2.233499999999999930e-01
1.531039999999999901e-01 2.884099999999999997e-01 -7.974199999999999344e-02
7.845599999999999796e-02 4.559790000000000232e-01 2.972299999999999942e-02
1.007220000000000060e-01 3.931970000000000187e-01 1.618370000000000086e-01
4.472500000000000087e-02 5.453209999999999447e-01 1.665770000000000028e-01
8.491400000000000337e-02 5.436069999999999514e-01 2.252639999999999920e-01
1.747549999999999937e-01 5.419920000000000293e-01 2.142610000000000070e-01
1.090079999999999938e-01 5.862249999999999961e-01 1.887310000000000099e-01
4.231700000000000045e-02 6.893470000000000431e-01 1.652109999999999967e-01
6.302599999999999869e-02 6.470139999999999780e-01 6.555500000000000216e-02
2.118980000000000030e-01 4.831090000000000106e-01 -4.373300000000000104e-02
4.236639999999999850e-01 3.393559999999999910e-01 -2.525740000000000207e-01
4.468110000000000137e-01 1.566069999999999962e-01 -2.975619999999999932e-01
3.508220000000000227e-01 -9.396799999999999597e-02 -2.101560000000000095e-01
2.472449999999999926e-01 -3.242999999999999772e-01 -1.417160000000000086e-01
2.149349999999999872e-01 -4.832810000000000161e-01 -1.249740000000000018e-01
1.670750000000000013e-01 -5.402770000000000072e-01 -2.724469999999999947e-01
7.979799999999999394e-02 -5.651840000000000197e-01 -2.960720000000000018e-01
1.715959999999999985e-01 -5.971250000000000169e-01 -3.436710000000000043e-01
1.259319999999999884e-01 -5.542089999999999517e-01 -4.035380000000000078e-01
4.697300000000000086e-02 -5.543580000000000174e-01 -4.740130000000000177e-01
7.389900000000000635e-02 -5.570979999999999821e-01 -5.053919999999999524e-01
3.645500000000000129e-02 -5.430199999999999472e-01 -4.843970000000000220e-01
-7.600500000000000311e-02 -4.795459999999999723e-01 -4.701000000000000179e-01
-1.498529999999999862e-01 -5.014509999999999801e-01 -5.435389999999999944e-01
-1.441300000000000046e-02 -5.211869999999999559e-01 -5.615440000000000431e-01
-8.588099999999999901e-02 -5.189449999999999896e-01 -5.096039999999999459e-01
-1.398089999999999888e-01 -5.318340000000000289e-01 -5.048489999999999922e-01
-1.476899999999999880e-01 -5.654869999999999619e-01 -4.830699999999999994e-01
-1.668930000000000136e-01 -5.252799999999999692e-01 -4.189080000000000026e-01
1.649400000000000172e-02 -4.024139999999999939e-01 -6.197110000000000118e-01
