4.716339999999999977e-01 -9.718400000000000649e-02 1.389999999999999916e-02
4.342790000000000261e-01 4.430300000000000210e-02 -1.292240000000000055e-01
4.569969999999999866e-01 1.401820000000000010e-01 6.936999999999999590e-03
5.183529999999999527e-01 1.558000000000000010e-02 6.925999999999999865e-03
4.811270000000000269e-01 1.030599999999999988e-01 -8.984499999999999431e-02
4.954890000000000128e-01 7.835200000000000498e-02 -1.786119999999999930e-01
4.915559999999999929e-01 -4.229999999999999819e-04 -1.756820000000000048e-01
4.756159999999999832e-01 2.443599999999999939e-02 -2.038679999999999937e-01
4.746500000000000163e-01 -7.045400000000000273e-02 -2.326600000000000057e-01
4.121409999999999796e-01 -3.104099999999999915e-02 -2.577220000000000066e-01
3.935239999999999849e-01 -1.549540000000000084e-01 -1.708500000000000019e-01
2.828430000000000111e-01 -2.652309999999999945e-01 -1.508309999999999929e-01
1.473740000000000050e-01 -3.399110000000000187e-01 -3.424599999999999866e-02
-8.235399999999999665e-02 -4.502889999999999948e-01 1.409779999999999922e-01
-1.774670000000000136e-01 -4.400580000000000047e-01 1.597369999999999901e-01
-1.546669999999999989e-01 -4.809780000000000166e-01 8.967500000000000471e-02
-3.284349999999999770e-01 -4.198680000000000190e-01 -8.069999999999999916e-04
-3.771999999999999797e-01 -4.603949999999999987e-01 -1.399390000000000078e-01
-4.900669999999999749e-01 -3.675720000000000098e-01 -2.361890000000000100e-01
-5.342980000000000507e-01 -3.918380000000000196e-01 -2.748030000000000195e-01
-4.980430000000000135e-01 -2.877000000000000113e-01 -4.279580000000000051e-01
-5.395489999999999453e-01 -2.396330000000000127e-01 -3.914250000000000229e-01
-5.906160000000000299e-01 -1.390919999999999934e-01 -3.641380000000000172e-01
-6.073150000000000492e-01 -1.427160000000000095e-01 -2.937159999999999771e-01
-6.601609999999999978e-01 -1.815090000000000037e-01 -3.107309999999999794e-01
-6.445089999999999986e-01 -1.648850000000000038e-01 -2.964010000000000256e-01
-6.009879999999999667e-01 -1.865549999999999986e-01 -3.518629999999999813e-01
-6.065300000000000136e-01 -1.211320000000000036e-01 -3.299790000000000223e-01
-6.370529999999999804e-01 -1.345570000000000099e-01 -3.527939999999999965e-01
-6.367230000000000389e-01 -1.160390000000000033e-01 -3.932700000000000085e-01
-6.226570000000000160e-01 -1.402849999999999930e-01 -3.999789999999999734e-01
-6.196890000000000454e-01 -7.426299999999999568e-02 -3.924839999999999995e-01
-6.115129999999999733e-01 -6.851799999999999558e-02 -3.961950000000000194e-01
-6.139299999999999757e-01 -5.001799999999999996e-02 -4.216239999999999988e-01
-6.690310000000000423e-01 -5.812900000000000011e-02 -3.627199999999999869e-01
-6.130710000000000326e-01 -9.449399999999999467e-02 -3.936609999999999832e-01
-5.923140000000000072e-01 -1.540159999999999862e-01 -4.111460000000000115e-01
-5.751340000000000341e-01 -1.491679999999999950e-01 -3.550980000000000247e-01
-4.960629999999999762e-01 -2.398329999999999906e-01 -3.675629999999999731e-01
-5.197629999999999750e-01 -3.432740000000000236e-01 -3.157010000000000094e-01
-5.098179999999999934e-01 -3.801269999999999927e-01 -2.420219999999999871e-01
-5.658330000000000304e-01 -4.478539999999999743e-01 -1.562209999999999988e-01
-5.407110000000000527e-01 -4.466069999999999762e-01 -8.175999999999999240e-03
-5.977130000000000498e-01 -4.391880000000000228e-01 6.456699999999999939e-02
-5.135349999999999637e-01 -3.934610000000000052e-01 8.501899999999999735e-02
-4.490819999999999812e-01 -2.215830000000000022e-01 3.710499999999999909e-02
-4.016190000000000038e-01 -1.424500000000000072e-02 2.449000000000000135e-02
-2.537070000000000158e-01 2.039030000000000009e-01 -7.922300000000000175e-02
-2.310099999999999931e-01 2.461019999999999874e-01 -2.679600000000000037e-02
-3.021570000000000089e-01 2.401260000000000061e-01 1.211919999999999942e-01
-2.078230000000000077e-01 3.297419999999999796e-01 1.713900000000000146e-02
-2.829780000000000073e-01 3.694709999999999939e-01 6.630900000000000682e-02
-2.599629999999999996e-01 4.144990000000000063e-01 4.152499999999999941e-02
-2.526840000000000197e-01 4.034840000000000093e-01 1.795499999999999874e-02
-2.727829999999999977e-01 4.595899999999999985e-01 -5.984699999999999742e-02
-2.611339999999999772e-01 3.674069999999999836e-01 -8.335499999999999854e-02
-2.752470000000000194e-01 3.261339999999999795e-01 -1.592639999999999889e-01
-1.269609999999999905e-01 1.227710000000000051e-01 -2.679759999999999920e-01
-2.505169999999999897e-01 7.482900000000000662e-02 -2.867779999999999774e-01
-4.529190000000000160e-01 -1.371400000000000119e-01 -2.247280000000000111e-01
-5.141809999999999992e-01 -2.953239999999999754e-01 -1.751060000000000116e-01
-5.127570000000000183e-01 -3.775399999999999867e-01 -1.764449999999999907e-01
-4.847710000000000075e-01 -4.190470000000000028e-01 -1.637389999999999957e-01
-4.650960000000000094e-01 -4.450439999999999952e-01 -1.794199999999999962e-01
-4.979290000000000105e-01 -3.824899999999999967e-01 -2.015220000000000067e-01
-5.076570000000000249e-01 -2.643070000000000142e-01 -3.042079999999999784e-01
-5.265680000000000360e-01 -2.107199999999999906e-01 -3.412830000000000030e-01
-5.933100000000000041e-01 -3.092849999999999766e-01 -3.211319999999999730e-01
-5.967419999999999947e-01 -3.204110000000000014e-01 -3.212869999999999893e-01
-5.326750000000000096e-01 -2.745560000000000223e-01 -3.528669999999999862e-01
-5.627259999999999485e-01 -2.858930000000000082e-01 -3.146590000000000220e-01
-5.329990000000000006e-01 -2.725000000000000200e-01 -3.285270000000000135e-01
-5.280920000000000059e-01 -2.419949999999999879e-01 -3.616469999999999962e-01
-5.841119999999999646e-01 -2.608409999999999895e-01 -3.178199999999999914e-01
-5.547339999999999494e-01 -2.923769999999999980e-01 -2.952159999999999784e-01
-5.064389999999999725e-01 -2.757910000000000084e-01 -3.382410000000000139e-01
-3.432270000000000043e-01 -4.226940000000000142e-01 -3.741189999999999793e-01
-3.742750000000000243e-01 -5.088500000000000245e-01 -2.716410000000000213e-01
-4.244430000000000147e-01 -5.746970000000000134e-01 -2.963180000000000258e-01
-4.290479999999999849e-01 -6.247329999999999828e-01 -2.434330000000000105e-01
-4.110429999999999917e-01 -6.015279999999999516e-01 -2.370359999999999967e-01
-3.678310000000000191e-01 -6.240229999999999944e-01 -2.672280000000000211e-01
-1.470100000000000018e-01 -6.335389999999999633e-01 -2.998199999999999754e-01
-3.549800000000000177e-01 -5.958769999999999900e-01 -2.274120000000000030e-01
-2.886480000000000157e-01 -6.084950000000000081e-01 -2.713749999999999774e-01
-3.817380000000000217e-01 -5.383430000000000160e-01 -2.326969999999999872e-01
-3.988900000000000223e-01 -4.594280000000000030e-01 -2.536129999999999773e-01
-3.637509999999999910e-01 -4.082549999999999790e-01 -2.811930000000000263e-01
-2.237520000000000064e-01 -2.767020000000000035e-01 -3.225129999999999941e-01
-2.403710000000000013e-01 -1.759640000000000093e-01 -3.912860000000000227e-01
-3.618160000000000265e-01 -3.872500000000000248e-02 -4.137440000000000007e-01
-2.609630000000000005e-01 -1.620200000000000112e-02 -4.589230000000000254e-01
-1.974599999999999966e-01 -2.443599999999999939e-02 -4.885970000000000035e-01
-2.639850000000000252e-01 2.248800000000000104e-02 -4.832679999999999754e-01
-2.297359999999999958e-01 5.006100000000000133e-02 -4.718530000000000224e-01
-2.720259999999999900e-01 1.217739999999999934e-01 -4.566230000000000011e-01
-2.290649999999999908e-01 2.222020000000000106e-01 -4.922400000000000109e-01
-2.738749999999999796e-01 2.633719999999999950e-01 -4.723010000000000264e-01
-6.746399999999999619e-02 2.743579999999999908e-01 -5.117739999999999512e-01
-4.249499999999999805e-02 2.331169999999999909e-01 -4.747379999999999933e-01
-1.930999999999999991e-03 2.559210000000000096e-01 -4.706929999999999725e-01
-1.109139999999999987e-01 2.649039999999999728e-01 -3.790259999999999740e-01
-1.977599999999999844e-02 2.758760000000000101e-01 -3.978940000000000254e-01
-1.210119999999999946e-01 3.595510000000000095e-01 -3.348530000000000117e-01
-1.048459999999999948e-01 3.294409999999999838e-01 -2.472330000000000083e-01
-1.776510000000000034e-01 4.385120000000000129e-01 -4.209600000000000147e-02
-2.208269999999999955e-01 5.476290000000000324e-01 9.990999999999999881e-03
-1.942069999999999907e-01 6.477289999999999992e-01 9.644600000000000395e-02
-1.705859999999999876e-01 6.230850000000000000e-01 1.924200000000000077e-01
-1.708320000000000116e-01 5.262189999999999923e-01 2.921779999999999933e-01
-2.513299999999999979e-01 5.151250000000000551e-01 3.394389999999999907e-01
-2.249319999999999931e-01 4.994430000000000258e-01 4.380249999999999977e-01
-2.702209999999999890e-01 4.801730000000000165e-01 4.919350000000000112e-01
-2.133720000000000061e-01 4.122190000000000021e-01 4.780809999999999782e-01
-3.289059999999999762e-01 4.121679999999999788e-01 5.068529999999999980e-01
-2.580000000000000071e-01 4.252009999999999956e-01 4.497499999999999831e-01
-3.295489999999999808e-01 4.474989999999999801e-01 4.940999999999999837e-01
-2.181160000000000043e-01 4.510199999999999765e-01 4.020770000000000177e-01
-1.604959999999999998e-01 3.694859999999999811e-01 4.381519999999999859e-01
-8.626200000000000534e-02 3.508830000000000005e-01 4.395769999999999955e-01
-5.761199999999999655e-02 3.289309999999999734e-01 4.109889999999999932e-01
-5.224000000000000345e-03 2.650850000000000151e-01 2.952540000000000164e-01
-3.576499999999999818e-02 1.708870000000000111e-01 1.582189999999999985e-01
8.886499999999999955e-02 1.457579999999999987e-01 -1.090099999999999958e-01
2.421740000000000004e-01 7.901700000000000390e-02 -2.836259999999999892e-01
-9.210100000000000231e-02 -1.516149999999999998e-01 -2.208060000000000023e-01
1.431840000000000057e-01 -9.907799999999999940e-02 -2.470670000000000088e-01
1.958799999999999986e-01 -1.301430000000000087e-01 -9.429200000000000081e-02
2.071770000000000000e-01 -1.765180000000000082e-01 -1.969210000000000127e-01
1.449580000000000035e-01 -3.024979999999999891e-01 -2.117400000000000115e-01
-6.913099999999999801e-02 -5.981739999999999835e-01 -2.819159999999999999e-01
-1.742779999999999885e-01 -5.855209999999999582e-01 -3.292800000000000171e-01
-2.440300000000000108e-02 -4.766989999999999839e-01 -3.333090000000000219e-01
-3.442899999999999849e-01 -2.291719999999999868e-01 -3.980929999999999747e-01
-2.755250000000000199e-01 -3.467919999999999892e-01 -4.650050000000000017e-01
-3.015999999999999792e-01 -2.920679999999999943e-01 -5.331879999999999953e-01
-2.845730000000000204e-01 -2.014799999999999924e-01 -6.179999999999999938e-01
-3.460659999999999847e-01 -1.018479999999999941e-01 -5.680669999999999886e-01
-3.800359999999999849e-01 -2.038059999999999872e-01 -4.953940000000000010e-01
-4.198089999999999877e-01 -1.569659999999999944e-01 -5.089380000000000015e-01
-3.860540000000000083e-01 -1.558889999999999998e-01 -5.258899999999999686e-01
-4.240079999999999960e-01 -1.994799999999999907e-01 -5.292890000000000095e-01
-4.533989999999999965e-01 -1.971950000000000092e-01 -4.791170000000000151e-01
-4.683359999999999745e-01 -2.163190000000000113e-01 -4.587379999999999791e-01
-4.961249999999999827e-01 -3.008239999999999803e-01 -4.868109999999999937e-01
-5.034039999999999626e-01 -3.641449999999999965e-01 -4.608079999999999954e-01
-5.055560000000000054e-01 -4.768640000000000101e-01 -2.117989999999999873e-01
-4.511359999999999815e-01 -5.152160000000000073e-01 3.238400000000000306e-02
-4.701460000000000083e-01 -5.169139999999999846e-01 2.038320000000000132e-01
-5.033879999999999466e-01 -5.068970000000000420e-01 2.785050000000000026e-01
-4.461700000000000110e-01 -5.257230000000000514e-01 3.570079999999999920e-01
-4.479179999999999828e-01 -4.782480000000000064e-01 3.515309999999999824e-01
-4.891710000000000225e-01 -4.214879999999999738e-01 3.244520000000000182e-01
-3.868440000000000212e-01 -5.140730000000000022e-01 3.355569999999999942e-01
-2.325319999999999887e-01 -5.928470000000000129e-01 3.071940000000000226e-01
-3.474679999999999991e-01 -5.908020000000000493e-01 2.091530000000000056e-01
-2.921699999999999853e-01 -6.381759999999999655e-01 1.627460000000000018e-01
-3.524599999999999955e-01 -5.149390000000000356e-01 2.339279999999999970e-01
-3.997979999999999867e-01 -2.370559999999999889e-01 2.874260000000000148e-01
-1.711519999999999986e-01 -5.553209999999999535e-01 3.250999999999999723e-02
-2.396330000000000127e-01 -5.998599999999999488e-01 2.803089999999999749e-01
