7.274329999999999963e-01 4.922800000000000092e-02 4.028700000000000336e-02
7.634060000000000290e-01 -3.114000000000000015e-03 1.471870000000000123e-01
7.403380000000000516e-01 2.148599999999999954e-01 1.757289999999999963e-01
7.105749999999999567e-01 2.803320000000000256e-01 2.901889999999999747e-01
7.329940000000000344e-01 2.494760000000000033e-01 2.666470000000000229e-01
7.475610000000000310e-01 1.710530000000000106e-01 2.795830000000000259e-01
7.440449999999999564e-01 1.138160000000000005e-01 2.895920000000000161e-01
7.103899999999999659e-01 1.334569999999999923e-01 2.943669999999999898e-01
6.502839999999999732e-01 1.004010000000000041e-01 3.153980000000000117e-01
5.724540000000000184e-01 -1.349000000000000025e-02 3.541639999999999788e-01
5.434080000000000021e-01 1.960900000000000143e-02 2.675370000000000248e-01
4.766270000000000229e-01 -5.904000000000000220e-02 2.955990000000000006e-01
2.732379999999999809e-01 -1.732360000000000011e-01 3.231640000000000068e-01
1.251269999999999882e-01 -2.347180000000000100e-01 2.772259999999999724e-01
6.827999999999999868e-03 -1.559129999999999960e-01 1.940939999999999888e-01
-9.543699999999999406e-02 -2.187429999999999930e-01 -1.371900000000000029e-02
-1.226539999999999991e-01 -2.485110000000000097e-01 -1.387220000000000120e-01
-2.006320000000000048e-01 -2.766370000000000218e-01 -2.627320000000000211e-01
-9.274999999999999911e-02 -2.952259999999999884e-01 -4.009039999999999826e-01
-2.280510000000000037e-01 -2.605199999999999738e-01 -4.112370000000000192e-01
-2.112219999999999931e-01 -2.872350000000000181e-01 -4.602490000000000192e-01
-2.296459999999999890e-01 -1.453460000000000030e-01 -5.019709999999999450e-01
-2.484460000000000002e-01 -6.940399999999999348e-02 -5.088139999999999885e-01
-1.971100000000000074e-01 -2.006110000000000115e-01 -5.240150000000000086e-01
-2.166490000000000082e-01 -1.529830000000000079e-01 -4.925660000000000038e-01
-1.655419999999999947e-01 -1.481159999999999977e-01 -5.275410000000000377e-01
-1.938999999999999890e-01 -1.429930000000000090e-01 -5.308709999999999818e-01
-1.487650000000000083e-01 -5.616999999999999771e-02 -5.667069999999999608e-01
-2.393339999999999912e-01 -6.833999999999999797e-02 -5.555980000000000363e-01
-2.297029999999999905e-01 -6.852199999999999958e-02 -5.391200000000000436e-01
-1.551510000000000111e-01 -1.209469999999999990e-01 -5.469910000000000050e-01
-1.926710000000000089e-01 7.036999999999999852e-03 -4.966019999999999879e-01
-1.679479999999999862e-01 -4.885400000000000159e-02 -5.138639999999999874e-01
-3.370110000000000050e-01 -3.141499999999999848e-02 -3.600160000000000027e-01
-3.295170000000000043e-01 -1.020800000000000041e-01 -2.738439999999999763e-01
-2.110980000000000079e-01 1.220490000000000047e-01 -3.991689999999999960e-01
-3.865879999999999872e-01 2.405329999999999968e-01 -2.557220000000000049e-01
-2.614179999999999837e-01 3.423720000000000097e-01 -2.480199999999999905e-01
-4.244200000000000056e-02 4.233060000000000156e-01 -3.371399999999999952e-01
1.114229999999999943e-01 5.091400000000000370e-01 -3.583060000000000134e-01
1.629460000000000075e-01 5.035840000000000316e-01 -2.429060000000000108e-01
1.089119999999999949e-01 5.261069999999999913e-01 -1.184800000000000020e-01
-1.214499999999999955e-02 6.028480000000000505e-01 -6.172899999999999915e-02
-1.436570000000000069e-01 6.065040000000000431e-01 8.202399999999999969e-02
-8.042900000000000049e-02 6.110750000000000348e-01 2.746399999999999883e-02
-4.453900000000000220e-02 6.110400000000000276e-01 -3.410300000000000137e-02
3.036700000000000163e-02 5.819769999999999666e-01 -1.412950000000000039e-01
9.805300000000000127e-02 6.386859999999999760e-01 -3.163030000000000008e-01
1.911839999999999928e-01 4.709789999999999810e-01 -3.890129999999999977e-01
1.739759999999999918e-01 3.332129999999999814e-01 -3.379389999999999894e-01
5.176800000000000151e-02 2.069950000000000123e-01 -3.175839999999999774e-01
-2.446369999999999933e-01 9.820800000000000363e-02 -2.732229999999999936e-01
-3.396129999999999982e-01 -4.055999999999999710e-03 -2.707470000000000154e-01
-2.578190000000000204e-01 -1.044879999999999975e-01 -2.945059999999999900e-01
-1.878670000000000062e-01 -1.165289999999999937e-01 -3.966000000000000081e-01
-2.428909999999999958e-01 -9.325999999999999568e-02 -4.019389999999999907e-01
-2.315270000000000106e-01 -1.112950000000000050e-01 -4.066199999999999815e-01
-2.574529999999999874e-01 -8.176999999999999547e-02 -4.584280000000000022e-01
-2.296900000000000053e-01 -1.781760000000000010e-01 -3.917080000000000006e-01
-2.143849999999999922e-01 -2.313350000000000128e-01 -3.886260000000000270e-01
-1.482120000000000104e-01 -2.744449999999999945e-01 -4.103510000000000213e-01
-1.488170000000000048e-01 -2.040990000000000026e-01 -4.358279999999999932e-01
-1.445390000000000008e-01 -3.183320000000000038e-01 -3.654279999999999751e-01
-1.851980000000000015e-01 -3.577089999999999992e-01 -3.408289999999999931e-01
-1.810380000000000045e-01 -3.355150000000000077e-01 -3.740899999999999781e-01
-3.681600000000000150e-02 -4.549070000000000058e-01 -3.867099999999999982e-01
-1.326499999999999901e-01 -4.628650000000000264e-01 -3.921569999999999778e-01
-2.523989999999999845e-01 -4.609699999999999909e-01 -3.887550000000000172e-01
-1.988090000000000135e-01 -4.669559999999999822e-01 -4.584429999999999894e-01
-2.198410000000000086e-01 -4.329589999999999828e-01 -3.844670000000000032e-01
-1.935389999999999888e-01 -1.818809999999999871e-01 -3.550659999999999927e-01
-2.237770000000000037e-01 -1.780039999999999956e-01 -3.592739999999999823e-01
-7.255399999999999350e-02 -1.951859999999999984e-01 -5.229660000000000419e-01
-1.571019999999999917e-01 -2.091580000000000106e-01 -4.951329999999999898e-01
2.517999999999999839e-03 -3.190500000000000280e-02 -4.929529999999999745e-01
-1.027999999999999921e-02 2.645799999999999888e-02 -5.724380000000000024e-01
-7.930099999999999649e-02 7.618099999999999872e-02 -6.201619999999999910e-01
-4.072699999999999931e-02 3.235640000000000183e-01 -5.956730000000000080e-01
6.046000000000000159e-03 4.062319999999999820e-01 -5.982800000000000340e-01
8.215000000000000080e-03 3.708089999999999997e-01 -5.687980000000000258e-01
2.795900000000000121e-02 4.184499999999999886e-01 -5.537419999999999565e-01
-3.524900000000000255e-02 4.381430000000000047e-01 -5.036169999999999813e-01
-1.895099999999999910e-02 4.423839999999999995e-01 -5.050679999999999614e-01
-1.267230000000000023e-01 5.310519999999999685e-01 -4.399850000000000150e-01
-2.006100000000000105e-01 5.398669999999999858e-01 -3.380290000000000239e-01
-1.805670000000000053e-01 5.435940000000000216e-01 -3.434820000000000095e-01
-2.879780000000000117e-01 5.823460000000000303e-01 -1.886009999999999909e-01
-2.015849999999999864e-01 5.418089999999999851e-01 -3.616400000000000170e-02
-1.656620000000000037e-01 5.689149999999999485e-01 8.737899999999999834e-02
-1.729070000000000051e-01 6.230499999999999927e-01 1.364180000000000115e-01
-1.335909999999999875e-01 6.899330000000000185e-01 2.087229999999999919e-01
-1.044960000000000055e-01 6.577800000000000313e-01 2.784760000000000013e-01
-9.308500000000000107e-02 6.253220000000000445e-01 3.235549999999999815e-01
-3.538700000000000179e-02 6.185070000000000290e-01 3.351500000000000035e-01
-1.274679999999999980e-01 6.119890000000000052e-01 4.159010000000000207e-01
-6.956800000000000483e-02 6.013779999999999681e-01 4.247420000000000084e-01
5.919200000000000156e-02 5.032590000000000119e-01 4.759809999999999874e-01
7.272800000000000098e-02 5.089810000000000167e-01 4.815530000000000088e-01
1.826200000000000045e-02 4.771230000000000193e-01 4.845349999999999935e-01
-1.286879999999999968e-01 5.265729999999999578e-01 4.904279999999999751e-01
-1.568420000000000092e-01 5.333329999999999460e-01 5.224020000000000330e-01
-1.629210000000000103e-01 4.601870000000000127e-01 5.870680000000000343e-01
-6.383700000000000485e-02 4.436749999999999861e-01 5.196119999999999628e-01
-1.044599999999999973e-01 3.342950000000000088e-01 5.078679999999999861e-01
-9.953700000000000048e-02 1.146100000000000035e-01 3.328740000000000032e-01
-5.775899999999999784e-02 2.565900000000000125e-02 2.466599999999999904e-01
1.576440000000000063e-01 -9.815999999999999726e-02 -1.802010000000000001e-01
