5.825409999999999755e-01 -1.280330000000000079e-01 2.156700000000000006e-01
5.278350000000000541e-01 1.164670000000000011e-01 2.086850000000000094e-01
5.866019999999999568e-01 2.809420000000000250e-01 1.875080000000000080e-01
5.750729999999999453e-01 1.923519999999999952e-01 1.106069999999999970e-01
5.983739999999999615e-01 1.533650000000000013e-01 6.741400000000000170e-02
5.759849999999999692e-01 1.076389999999999986e-01 9.762999999999999456e-02
5.913079999999999448e-01 1.213680000000000037e-01 1.023850000000000038e-01
6.082950000000000301e-01 9.359900000000000164e-02 2.057049999999999990e-01
6.389679999999999804e-01 1.036529999999999951e-01 1.831039999999999890e-01
5.845510000000000428e-01 1.161599999999999994e-01 2.485429999999999862e-01
5.843789999999999818e-01 8.938400000000000512e-02 2.303540000000000032e-01
5.091590000000000282e-01 1.239190000000000014e-01 2.201200000000000101e-01
5.326140000000000319e-01 1.566259999999999875e-01 2.259770000000000112e-01
5.125290000000000123e-01 1.155680000000000041e-01 2.472779999999999978e-01
4.544690000000000119e-01 1.255809999999999982e-01 2.954289999999999972e-01
4.327400000000000135e-01 1.591869999999999952e-01 3.067739999999999911e-01
3.023580000000000156e-01 1.980820000000000081e-01 3.751590000000000202e-01
3.038759999999999795e-01 2.494679999999999953e-01 3.766930000000000001e-01
2.718200000000000061e-01 2.790790000000000215e-01 3.692679999999999851e-01
1.688709999999999933e-01 3.078940000000000010e-01 4.187270000000000159e-01
1.665020000000000111e-01 3.197699999999999987e-01 4.285700000000000065e-01
1.925749999999999962e-01 3.293150000000000244e-01 4.192949999999999733e-01
1.214500000000000024e-01 3.477669999999999928e-01 4.785719999999999974e-01
-2.548100000000000018e-02 3.581980000000000164e-01 5.362259999999999804e-01
-1.576400000000000023e-02 4.362199999999999966e-01 4.660079999999999778e-01
-2.347099999999999881e-02 4.399959999999999982e-01 5.122039999999999926e-01
-1.298320000000000030e-01 4.633920000000000261e-01 5.035399999999999876e-01
-1.316839999999999955e-01 5.190139999999999754e-01 5.043630000000000058e-01
-1.466280000000000083e-01 4.924100000000000144e-01 4.833700000000000219e-01
-1.055549999999999961e-01 4.780809999999999782e-01 4.771690000000000098e-01
-2.407150000000000123e-01 4.622040000000000037e-01 5.260340000000000016e-01
-1.747080000000000022e-01 4.337260000000000004e-01 5.016460000000000363e-01
-2.456780000000000075e-01 4.668010000000000215e-01 5.061080000000000023e-01
-2.476410000000000000e-01 4.775289999999999813e-01 5.219369999999999843e-01
-2.437139999999999862e-01 4.687200000000000255e-01 5.619760000000000311e-01
-1.790420000000000067e-01 4.583539999999999837e-01 5.895799999999999930e-01
-1.259049999999999891e-01 4.694159999999999999e-01 5.704510000000000414e-01
-1.057469999999999938e-01 3.649319999999999786e-01 6.159679999999999600e-01
1.323200000000000071e-02 3.111360000000000237e-01 5.872370000000000090e-01
2.228420000000000123e-01 1.278199999999999892e-01 5.476419999999999622e-01
1.563529999999999920e-01 2.351459999999999939e-01 3.457000000000000073e-01
8.687000000000000277e-02 3.617110000000000047e-01 3.036749999999999727e-01
6.042410000000000281e-01 1.056870000000000032e-01 8.067100000000000659e-02
6.567760000000000264e-01 6.759000000000000251e-03 1.796449999999999991e-01
6.479190000000000227e-01 1.026600000000000013e-01 3.767599999999999838e-01
7.033099999999999907e-01 1.159580000000000055e-01 3.030209999999999848e-01
6.685259999999999536e-01 2.414209999999999967e-01 2.758390000000000009e-01
6.099529999999999674e-01 3.098389999999999755e-01 2.476740000000000053e-01
6.975679999999999659e-01 2.334120000000000084e-01 2.224319999999999908e-01
6.824780000000000291e-01 2.949590000000000267e-01 2.401830000000000076e-01
6.556450000000000333e-01 2.580879999999999841e-01 2.740739999999999843e-01
6.342870000000000452e-01 2.072569999999999968e-01 3.242349999999999954e-01
6.574799999999999534e-01 2.308540000000000036e-01 2.816940000000000000e-01
5.510699999999999488e-01 1.496079999999999910e-01 3.466699999999999782e-01
5.739400000000000057e-01 1.343840000000000034e-01 3.142800000000000038e-01
5.721380000000000354e-01 5.259899999999999992e-02 2.706250000000000044e-01
5.297349999999999559e-01 9.427499999999999769e-02 2.758599999999999941e-01
4.109720000000000040e-01 2.302389999999999992e-01 2.919939999999999758e-01
2.624799999999999911e-01 2.499889999999999890e-01 1.855700000000000127e-01
-1.444120000000000126e-01 4.395089999999999830e-01 2.161909999999999943e-01
-4.191199999999999787e-02 2.920479999999999743e-01 2.096780000000000033e-01
-8.658000000000000765e-03 3.612730000000000108e-01 -1.135170000000000068e-01
-7.773099999999999454e-02 4.886989999999999945e-01 -1.293100000000000083e-01
-1.494900000000000048e-02 4.079320000000000168e-01 -6.356199999999999350e-02
3.680499999999999744e-02 3.742469999999999963e-01 -2.521149999999999780e-01
3.065700000000000022e-02 4.142719999999999736e-01 -2.683559999999999834e-01
-1.362700000000000022e-02 3.146720000000000073e-01 -3.023199999999999776e-01
-7.592599999999999349e-02 3.682849999999999735e-01 -3.169790000000000108e-01
-1.480720000000000092e-01 3.943679999999999963e-01 -4.193950000000000178e-01
-1.356839999999999991e-01 2.459870000000000112e-01 -4.220760000000000067e-01
4.498800000000000021e-02 2.812609999999999832e-01 -4.544099999999999806e-01
1.020899999999999933e-02 1.568970000000000087e-01 -3.830239999999999756e-01
5.452499999999999708e-02 1.754100000000000104e-01 -4.353259999999999907e-01
1.047870000000000051e-01 1.758069999999999911e-01 -3.948849999999999860e-01
8.130999999999999339e-03 1.969690000000000052e-01 -3.291399999999999881e-01
-3.857999999999999884e-03 1.531879999999999908e-01 -2.980590000000000184e-01
-5.163500000000000034e-02 1.362730000000000052e-01 -2.750029999999999974e-01
-2.389570000000000027e-01 7.602899999999999936e-02 -7.597500000000000087e-02
-1.836939999999999962e-01 -3.523199999999999943e-02 -5.817200000000000149e-02
-1.986459999999999892e-01 -2.132410000000000139e-01 8.503099999999999548e-02
-2.074090000000000100e-01 -2.299779999999999880e-01 1.429489999999999927e-01
-3.055289999999999950e-01 -2.889889999999999959e-01 2.588449999999999918e-01
-1.509010000000000074e-01 -4.350430000000000130e-01 3.119069999999999898e-01
-1.773540000000000116e-01 -4.693709999999999827e-01 3.779879999999999907e-01
-1.551899999999999946e-01 -4.765900000000000136e-01 4.404680000000000262e-01
-1.200409999999999949e-01 -4.961729999999999752e-01 4.364660000000000206e-01
7.382999999999999806e-03 -4.757319999999999882e-01 4.122870000000000146e-01
-4.534300000000000136e-02 -5.194720000000000448e-01 4.566109999999999891e-01
1.167499999999999961e-02 -5.189169999999999616e-01 4.588369999999999949e-01
-7.894700000000000328e-02 -4.191840000000000011e-01 4.418270000000000253e-01
-6.886699999999999766e-02 -4.448460000000000192e-01 4.701529999999999876e-01
-2.003299999999999872e-02 -4.645179999999999865e-01 5.262069999999999803e-01
5.653600000000000292e-02 -6.004509999999999570e-01 4.550350000000000228e-01
3.194999999999999923e-02 -4.423250000000000237e-01 4.383110000000000062e-01
1.518859999999999932e-01 -9.964800000000000046e-02 1.363000000000000045e-01
3.163030000000000008e-01 -2.532499999999999751e-01 -1.299099999999999977e-01
