4.585339999999999971e-01 -1.301960000000000062e-01 2.266900000000000026e-01
5.352059999999999595e-01 2.465699999999999836e-02 2.272980000000000000e-01
5.346640000000000281e-01 2.179550000000000098e-01 1.213999999999999940e-01
4.393529999999999935e-01 2.590299999999999825e-01 2.038800000000000057e-01
5.353200000000000180e-01 2.370480000000000087e-01 1.193980000000000041e-01
5.548499999999999543e-01 1.743379999999999930e-01 1.904029999999999889e-01
5.146589999999999776e-01 1.191600000000000020e-01 2.678570000000000118e-01
4.823939999999999895e-01 1.191730000000000012e-01 2.726299999999999835e-01
5.296509999999999829e-01 6.146100000000000174e-02 3.242539999999999867e-01
4.779289999999999927e-01 1.153969999999999996e-01 3.482660000000000200e-01
4.483440000000000203e-01 1.920199999999999962e-01 3.268289999999999806e-01
3.889619999999999744e-01 1.132579999999999976e-01 3.804179999999999784e-01
3.075800000000000201e-01 1.896519999999999873e-01 4.413779999999999926e-01
3.826709999999999834e-01 2.318570000000000075e-01 3.636750000000000260e-01
3.136099999999999999e-01 2.393079999999999929e-01 3.916359999999999841e-01
3.525010000000000088e-01 1.867499999999999993e-01 3.878039999999999821e-01
4.003229999999999844e-01 1.705349999999999921e-01 3.916419999999999901e-01
1.776810000000000056e-01 3.190569999999999795e-01 5.015720000000000178e-01
9.050999999999999324e-02 4.087810000000000055e-01 4.735389999999999877e-01
-4.119199999999999945e-02 4.155809999999999782e-01 5.342519999999999492e-01
-1.013900000000000044e-02 4.391160000000000063e-01 5.072699999999999987e-01
2.007700000000000110e-02 4.479739999999999833e-01 4.574949999999999850e-01
-1.158480000000000065e-01 4.803760000000000252e-01 4.853870000000000129e-01
-1.801339999999999886e-01 4.279229999999999978e-01 5.341900000000000537e-01
-2.254819999999999880e-01 3.957319999999999727e-01 5.738259999999999472e-01
-2.119759999999999978e-01 3.969340000000000090e-01 5.124379999999999491e-01
-1.733020000000000116e-01 3.784770000000000079e-01 4.873870000000000147e-01
-1.767819999999999947e-01 4.428969999999999851e-01 4.779619999999999980e-01
-2.165340000000000042e-01 4.468659999999999854e-01 5.298410000000000064e-01
-2.522360000000000158e-01 4.473820000000000019e-01 5.459640000000000049e-01
-1.922109999999999930e-01 5.023090000000000055e-01 5.061419999999999808e-01
-1.159619999999999956e-01 5.061830000000000496e-01 4.900039999999999951e-01
-1.787219999999999920e-01 5.275349999999999762e-01 5.292280000000000317e-01
-1.127800000000000052e-01 4.918379999999999974e-01 5.225940000000000030e-01
-5.674799999999999983e-02 3.446960000000000024e-01 5.048820000000000530e-01
-1.693989999999999940e-01 3.996310000000000140e-01 4.717029999999999834e-01
6.973600000000000632e-02 2.716239999999999766e-01 4.799689999999999790e-01
8.863500000000000545e-02 4.372300000000000075e-01 3.581779999999999964e-01
3.434880000000000155e-01 1.187489999999999934e-01 4.190459999999999741e-01
4.776250000000000218e-01 1.067560000000000037e-01 3.347390000000000088e-01
6.176209999999999756e-01 -5.013000000000000095e-02 2.882680000000000242e-01
6.200309999999999988e-01 1.025090000000000029e-01 3.172940000000000205e-01
6.365680000000000227e-01 2.234420000000000017e-01 2.921050000000000035e-01
5.912300000000000333e-01 3.310040000000000204e-01 3.157690000000000219e-01
6.089909999999999490e-01 2.977250000000000174e-01 3.931330000000000102e-01
6.659310000000000507e-01 1.778830000000000133e-01 4.072729999999999961e-01
5.770410000000000261e-01 2.631640000000000090e-01 4.029869999999999841e-01
5.305079999999999796e-01 2.978660000000000196e-01 3.932200000000000140e-01
5.330700000000000438e-01 2.387440000000000118e-01 4.232520000000000171e-01
4.311619999999999897e-01 2.738209999999999811e-01 4.579230000000000245e-01
4.546649999999999858e-01 2.842529999999999779e-01 3.962640000000000051e-01
4.849060000000000037e-01 2.587900000000000200e-01 4.003570000000000184e-01
3.563720000000000221e-01 3.613649999999999918e-01 4.928580000000000183e-01
1.964349999999999985e-01 4.546390000000000153e-01 4.863160000000000260e-01
2.787799999999999723e-01 3.939110000000000111e-01 5.025800000000000267e-01
2.646830000000000016e-01 4.057689999999999908e-01 5.093440000000000190e-01
1.586450000000000082e-01 4.241730000000000222e-01 5.318060000000000009e-01
3.232700000000000157e-02 5.324729999999999741e-01 5.086939999999999795e-01
-3.074500000000000149e-02 4.937599999999999767e-01 5.439310000000000533e-01
-4.457900000000000057e-02 5.035150000000000459e-01 5.329650000000000221e-01
-1.451399999999999912e-01 4.647080000000000100e-01 5.944909999999999917e-01
-8.715199999999999336e-02 3.143090000000000050e-01 6.164020000000000055e-01
-2.069219999999999948e-01 4.050940000000000096e-01 6.301619999999999999e-01
-1.692579999999999918e-01 4.319450000000000234e-01 6.047540000000000138e-01
-2.035790000000000100e-01 3.731889999999999930e-01 6.066000000000000281e-01
-1.700210000000000055e-01 3.785259999999999736e-01 5.869480000000000253e-01
-5.525499999999999856e-02 3.944400000000000128e-01 5.451430000000000442e-01
-1.806100000000000066e-02 4.321809999999999818e-01 5.497119999999999784e-01
-1.361439999999999872e-01 4.239269999999999983e-01 5.855399999999999494e-01
-1.813460000000000072e-01 2.708300000000000152e-01 6.242210000000000258e-01
-1.191289999999999988e-01 2.025869999999999893e-01 5.148599999999999843e-01
-1.484489999999999976e-01 3.414690000000000225e-01 4.496990000000000154e-01
-2.071719999999999950e-01 3.555579999999999852e-01 5.175800000000000400e-01
-2.385770000000000113e-01 4.318290000000000184e-01 4.992420000000000191e-01
-1.283720000000000139e-01 2.628409999999999913e-01 4.128430000000000155e-01
-2.697849999999999970e-01 1.928809999999999969e-01 3.297479999999999856e-01
-1.492700000000000138e-01 1.070340000000000041e-01 9.532300000000000495e-02
-9.217000000000000193e-02 5.497300000000000103e-02 4.031599999999999767e-02
2.665680000000000271e-01 -2.570410000000000195e-01 -1.350739999999999996e-01
