4.069289999999999852e-01 6.569400000000000239e-02 2.675879999999999925e-01
6.472160000000000135e-01 -1.034660000000000024e-01 -3.491000000000000179e-03
6.774069999999999814e-01 -1.055409999999999959e-01 5.191799999999999887e-02
6.050520000000000342e-01 -6.700000000000000226e-04 8.567700000000000315e-02
6.696900000000000075e-01 -4.033099999999999880e-02 2.654099999999999862e-02
6.533320000000000238e-01 4.792500000000000232e-02 1.093340000000000006e-01
6.634320000000000217e-01 6.583200000000000163e-02 1.638229999999999964e-01
6.472419999999999840e-01 6.146100000000000174e-02 1.453379999999999950e-01
6.678629999999999844e-01 2.591100000000000000e-02 1.920739999999999947e-01
6.102659999999999751e-01 6.160600000000000104e-02 2.230880000000000085e-01
6.119649999999999812e-01 9.351199999999999790e-02 2.445529999999999926e-01
6.063950000000000173e-01 9.721299999999999386e-02 2.946969999999999867e-01
6.191510000000000069e-01 6.746399999999999619e-02 2.613619999999999832e-01
5.900170000000000137e-01 8.187999999999999445e-02 2.996240000000000014e-01
5.894359999999999600e-01 1.515650000000000053e-01 2.725529999999999897e-01
5.744190000000000129e-01 1.691120000000000123e-01 2.243350000000000066e-01
4.937059999999999782e-01 1.859530000000000072e-01 3.447209999999999996e-01
4.610000000000000209e-01 1.556919999999999971e-01 3.110040000000000027e-01
3.822559999999999847e-01 3.051360000000000183e-01 3.387129999999999863e-01
3.285029999999999895e-01 3.340910000000000268e-01 4.283779999999999810e-01
2.673039999999999861e-01 3.919509999999999939e-01 4.433070000000000066e-01
1.187349999999999933e-01 5.195929999999999715e-01 4.199899999999999745e-01
1.123620000000000035e-01 4.701810000000000156e-01 4.420649999999999857e-01
3.523899999999999949e-02 5.508790000000000076e-01 4.110650000000000137e-01
-7.148599999999999399e-02 5.372689999999999966e-01 4.414830000000000143e-01
-8.075100000000000333e-02 5.011309999999999931e-01 4.679650000000000198e-01
-1.780019999999999936e-01 5.627790000000000292e-01 4.519830000000000236e-01
-9.698500000000000176e-02 5.074440000000000062e-01 4.920579999999999954e-01
-9.385499999999999399e-02 4.908239999999999825e-01 4.686230000000000118e-01
-1.195419999999999955e-01 4.852650000000000019e-01 4.823830000000000062e-01
-1.691219999999999946e-01 4.660179999999999878e-01 5.486490000000000533e-01
-1.405540000000000123e-01 5.118509999999999449e-01 5.659070000000000489e-01
-3.007999999999999823e-03 4.974140000000000228e-01 5.339369999999999949e-01
2.871200000000000141e-02 5.048770000000000202e-01 5.151689999999999880e-01
1.790970000000000062e-01 5.479990000000000139e-01 4.291989999999999972e-01
3.163880000000000026e-01 3.044100000000000139e-01 3.693870000000000209e-01
3.839119999999999755e-01 2.398039999999999894e-01 3.929579999999999740e-01
2.723260000000000125e-01 4.783049999999999802e-01 3.820810000000000040e-01
5.339660000000000517e-01 3.388010000000000188e-01 3.691829999999999834e-01
4.717819999999999792e-01 4.160949999999999926e-01 3.015030000000000210e-01
6.543139999999999512e-01 7.957899999999999696e-02 3.194509999999999850e-01
7.176620000000000221e-01 4.533999999999999836e-03 2.354990000000000139e-01
6.882989999999999942e-01 7.073799999999999533e-02 3.067759999999999931e-01
6.655750000000000277e-01 1.626029999999999975e-01 2.767200000000000215e-01
6.437399999999999789e-01 3.044450000000000212e-01 2.858589999999999742e-01
7.064240000000000519e-01 1.278680000000000094e-01 3.325179999999999803e-01
7.261769999999999614e-01 2.011459999999999915e-01 2.870559999999999778e-01
6.929720000000000324e-01 2.329469999999999874e-01 2.818379999999999774e-01
6.414530000000000509e-01 1.526530000000000109e-01 3.529240000000000155e-01
6.612149999999999972e-01 1.444769999999999943e-01 3.340850000000000208e-01
6.576629999999999976e-01 1.237520000000000009e-01 2.988990000000000258e-01
6.200269999999999948e-01 1.055269999999999958e-01 3.078370000000000273e-01
5.401820000000000510e-01 1.504089999999999872e-01 3.344269999999999743e-01
3.794580000000000175e-01 2.075569999999999915e-01 3.804679999999999729e-01
3.211189999999999878e-01 2.085950000000000026e-01 2.493269999999999931e-01
1.056980000000000003e-01 3.562649999999999983e-01 2.302919999999999967e-01
-4.513799999999999757e-02 4.887029999999999985e-01 2.307289999999999897e-01
7.869600000000000206e-02 4.719829999999999859e-01 1.789699999999999971e-02
1.617699999999999971e-01 3.108770000000000144e-01 1.415699999999999945e-02
1.819300000000000084e-02 4.529130000000000100e-01 -3.554100000000000315e-02
-4.678100000000000314e-02 5.197249999999999925e-01 -1.488889999999999936e-01
-2.853999999999999940e-02 5.010360000000000369e-01 -1.887379999999999891e-01
5.552399999999999697e-02 4.850909999999999944e-01 -2.797510000000000274e-01
4.661799999999999972e-02 5.409890000000000532e-01 -3.508859999999999757e-01
3.495399999999999896e-02 4.909089999999999843e-01 -3.498080000000000078e-01
2.818000000000000019e-02 4.846699999999999897e-01 -4.156580000000000275e-01
5.293099999999999888e-02 4.844939999999999802e-01 -4.736150000000000082e-01
1.362599999999999922e-02 3.658540000000000125e-01 -3.941060000000000119e-01
6.947000000000000397e-02 3.412040000000000073e-01 -4.308699999999999752e-01
7.368000000000000417e-03 3.185640000000000138e-01 -4.269299999999999762e-01
7.229900000000000215e-02 2.903290000000000037e-01 -4.824410000000000087e-01
1.568730000000000124e-01 2.107189999999999896e-01 -4.460000000000000075e-01
1.592590000000000117e-01 1.376320000000000043e-01 -4.458250000000000268e-01
1.739839999999999998e-01 5.392799999999999677e-02 -3.804230000000000111e-01
1.038479999999999959e-01 -1.806699999999999973e-02 -2.732999999999999874e-01
2.820500000000000090e-02 -2.038290000000000102e-01 -6.746900000000000119e-02
-4.091399999999999898e-02 -2.836310000000000220e-01 9.700100000000000389e-02
-5.746099999999999819e-02 -3.604109999999999814e-01 2.665919999999999956e-01
-1.661699999999999983e-02 -4.295519999999999894e-01 3.766100000000000003e-01
4.539999999999999765e-04 -4.784909999999999997e-01 4.221340000000000092e-01
2.598000000000000049e-03 -4.784370000000000012e-01 4.432659999999999934e-01
8.616699999999999360e-02 -5.280839999999999979e-01 4.353839999999999932e-01
1.180059999999999998e-01 -5.773420000000000218e-01 3.794370000000000243e-01
9.907000000000000528e-02 -6.798819999999999864e-01 3.357169999999999876e-01
2.786500000000000088e-02 -6.781789999999999763e-01 2.800790000000000224e-01
1.186199999999999928e-02 -7.011969999999999592e-01 1.672220000000000095e-01
2.881900000000000087e-02 -6.177709999999999591e-01 3.513220000000000232e-01
-1.066099999999999964e-01 -5.011710000000000331e-01 4.522479999999999833e-01
7.463999999999999801e-02 -2.837219999999999742e-01 1.079200000000000020e-01
2.457880000000000065e-01 -2.353020000000000111e-01 -1.018529999999999991e-01
2.824260000000000104e-01 -2.263809999999999989e-01 -8.553399999999999892e-02
