4.158390000000000142e-01 1.884500000000000064e-02 1.574800000000000158e-02
3.500820000000000043e-01 1.020900000000000002e-01 8.677899999999999503e-02
4.398529999999999940e-01 1.406310000000000060e-01 -9.679999999999999369e-03
3.678750000000000075e-01 2.653440000000000243e-01 4.254100000000000242e-02
2.953640000000000154e-01 2.797740000000000227e-01 1.697780000000000122e-01
3.640100000000000002e-01 2.102420000000000122e-01 5.112799999999999984e-02
2.890360000000000151e-01 3.091070000000000206e-01 9.767499999999999793e-02
4.057410000000000183e-01 1.777390000000000081e-01 6.929599999999999649e-02
2.174460000000000004e-01 3.125240000000000240e-01 1.418359999999999899e-01
2.657789999999999875e-01 3.269489999999999896e-01 1.308390000000000108e-01
2.160779999999999923e-01 3.425679999999999836e-01 1.616730000000000111e-01
1.979660000000000031e-01 3.946569999999999800e-01 1.441089999999999871e-01
2.510959999999999859e-01 3.337069999999999759e-01 1.935109999999999886e-01
3.051180000000000003e-01 2.488950000000000051e-01 1.804939999999999878e-01
3.083020000000000205e-01 2.879550000000000165e-01 1.716640000000000110e-01
2.622160000000000046e-01 3.405759999999999899e-01 1.762160000000000115e-01
3.109259999999999802e-01 2.779820000000000069e-01 2.134580000000000088e-01
1.334569999999999923e-01 4.106400000000000050e-01 1.776939999999999908e-01
1.083329999999999987e-01 4.424969999999999737e-01 2.125350000000000017e-01
1.782800000000000010e-02 5.472709999999999519e-01 2.528440000000000132e-01
-7.598100000000000687e-02 4.734849999999999892e-01 3.881879999999999775e-01
-3.459000000000000269e-02 4.322739999999999916e-01 3.738900000000000001e-01
-1.189869999999999955e-01 4.870280000000000165e-01 4.384600000000000164e-01
-1.391209999999999947e-01 5.401080000000000325e-01 3.868570000000000064e-01
-1.348380000000000134e-01 5.343449999999999589e-01 3.905600000000000183e-01
-1.385709999999999997e-01 5.289460000000000273e-01 4.118260000000000254e-01
-8.135799999999999976e-02 5.568760000000000376e-01 3.878309999999999813e-01
-1.229039999999999994e-01 5.504259999999999708e-01 4.560629999999999962e-01
-1.105560000000000015e-01 5.375809999999999755e-01 4.456459999999999866e-01
-1.550290000000000001e-01 5.239589999999999526e-01 5.172050000000000258e-01
-1.963239999999999985e-01 5.196439999999999948e-01 4.941760000000000042e-01
-2.254740000000000077e-01 5.108530000000000015e-01 5.336189999999999545e-01
-1.986590000000000023e-01 4.785530000000000062e-01 5.338490000000000180e-01
-1.913749999999999896e-01 4.865410000000000013e-01 5.164459999999999607e-01
-2.865599999999999814e-01 4.277880000000000016e-01 5.117350000000000509e-01
-3.242849999999999899e-01 4.569369999999999821e-01 4.739410000000000012e-01
-2.474480000000000013e-01 5.188880000000000159e-01 4.691060000000000230e-01
-2.203990000000000116e-01 4.968150000000000066e-01 4.739269999999999872e-01
-2.789769999999999750e-01 3.502330000000000165e-01 4.606589999999999852e-01
-2.075329999999999953e-01 3.554550000000000209e-01 3.199790000000000134e-01
-1.316579999999999973e-01 4.021560000000000135e-01 3.215459999999999985e-01
-7.095200000000000118e-02 5.495400000000000285e-01 1.602119999999999933e-01
-1.447900000000000020e-01 4.537860000000000227e-01 -3.187700000000000256e-02
-2.515299999999999828e-02 2.634960000000000080e-01 -2.188779999999999892e-01
1.266629999999999978e-01 1.262409999999999921e-01 -3.045189999999999841e-01
7.229800000000000115e-02 3.614699999999999858e-02 -5.828900000000000053e-02
7.463200000000000389e-02 9.093999999999999306e-02 -1.225300000000000000e-01
-1.170780000000000015e-01 3.831600000000000283e-02 -4.149610000000000243e-01
-3.080899999999999750e-01 -3.733909999999999729e-01 -4.395479999999999943e-01
-2.949640000000000040e-01 -5.314590000000000147e-01 -3.734919999999999907e-01
-3.971399999999999930e-01 -4.740920000000000134e-01 -2.742640000000000078e-01
-2.616330000000000044e-01 -3.283650000000000180e-01 -2.934010000000000229e-01
-3.313989999999999991e-01 -2.667689999999999784e-01 -4.618749999999999800e-01
-3.960150000000000059e-01 -2.819360000000000199e-01 -4.632939999999999836e-01
-3.449450000000000016e-01 -3.553720000000000212e-01 -5.026119999999999477e-01
-2.562849999999999850e-01 -3.970699999999999785e-01 -5.126089999999999813e-01
-4.963380000000000014e-01 -3.310299999999999909e-01 -4.930570000000000230e-01
-4.632800000000000251e-01 -3.114729999999999999e-01 -4.980439999999999867e-01
-4.343159999999999799e-01 -3.838090000000000113e-01 -5.451279999999999459e-01
-5.349589999999999623e-01 -2.649920000000000053e-01 -4.894020000000000037e-01
-5.581099999999999950e-01 -2.035649999999999959e-01 -4.761659999999999782e-01
-5.631669999999999732e-01 -2.629380000000000051e-01 -4.888680000000000248e-01
-5.028179999999999872e-01 -3.201169999999999849e-01 -4.134129999999999749e-01
-5.821509999999999740e-01 -2.982239999999999891e-01 -2.791409999999999725e-01
-6.154420000000000446e-01 -3.036209999999999742e-01 -9.499000000000000499e-02
-5.599520000000000053e-01 -3.508959999999999857e-01 -1.026000000000000002e-03
-5.706590000000000273e-01 -3.894770000000000176e-01 1.049490000000000006e-01
-5.273419999999999774e-01 -4.318600000000000216e-01 1.845459999999999878e-01
-5.241529999999999800e-01 -4.582140000000000102e-01 2.599819999999999909e-01
-4.507829999999999893e-01 -5.192790000000000461e-01 3.411759999999999793e-01
-4.913310000000000177e-01 -4.410879999999999801e-01 3.500510000000000010e-01
-5.261900000000000466e-01 -3.725660000000000083e-01 3.583520000000000039e-01
-4.627129999999999854e-01 -4.297610000000000041e-01 4.002009999999999734e-01
-5.006990000000000052e-01 -4.255050000000000221e-01 4.054470000000000018e-01
-5.422649999999999970e-01 -4.195519999999999805e-01 4.393790000000000195e-01
-4.325490000000000168e-01 -4.261759999999999993e-01 4.238250000000000073e-01
-4.482720000000000038e-01 -4.465040000000000120e-01 3.942800000000000193e-01
-3.788469999999999893e-01 -4.817500000000000115e-01 3.416930000000000245e-01
-2.556089999999999751e-01 -5.215999999999999526e-01 3.370710000000000095e-01
-3.529749999999999832e-01 -5.388420000000000432e-01 3.156249999999999889e-01
-3.773779999999999912e-01 -5.667189999999999728e-01 3.006619999999999848e-01
-3.736059999999999937e-01 -5.086279999999999690e-01 3.144390000000000240e-01
-3.505610000000000115e-01 -4.086480000000000112e-01 4.023079999999999989e-01
-3.216979999999999840e-01 -4.645219999999999905e-01 3.883510000000000018e-01
-3.275379999999999958e-01 -4.965120000000000089e-01 3.248840000000000061e-01
-2.295399999999999940e-01 -3.292640000000000011e-01 2.938009999999999788e-01
-1.382990000000000053e-01 -3.086019999999999874e-01 3.703969999999999763e-01
9.033199999999999563e-02 -3.066639999999999922e-01 1.127149999999999958e-01
-9.317999999999999894e-02 -2.331020000000000036e-01 5.726699999999999846e-02
1.440199999999999987e-02 -3.325819999999999887e-01 5.196599999999999830e-02
3.735749999999999904e-01 -1.116380000000000011e-01 2.254799999999999860e-02
5.141069999999999807e-01 -2.285159999999999969e-01 1.563190000000000135e-01
5.771800000000000264e-01 -2.332140000000000046e-01 2.513659999999999783e-01
6.637340000000000462e-01 1.303699999999999998e-02 1.418800000000000061e-01
5.726099999999999524e-01 1.510519999999999918e-01 2.080799999999999872e-01
6.195530000000000204e-01 5.818000000000000255e-02 1.262969999999999926e-01
6.480569999999999942e-01 1.029920000000000002e-01 1.471500000000000065e-02
6.727720000000000367e-01 8.833499999999999686e-02 3.021999999999999947e-03
6.666320000000000023e-01 1.455720000000000069e-01 7.360999999999999488e-02
6.564229999999999787e-01 1.390200000000000047e-01 5.919699999999999962e-02
6.377859999999999641e-01 1.254329999999999889e-01 1.218810000000000032e-01
5.810790000000000122e-01 1.567620000000000124e-01 1.938249999999999973e-01
4.905410000000000048e-01 1.546460000000000057e-01 2.780480000000000174e-01
4.497300000000000186e-01 2.352670000000000039e-01 2.768309999999999937e-01
4.103809999999999958e-01 2.632590000000000208e-01 2.947629999999999972e-01
2.504990000000000272e-01 4.025310000000000277e-01 3.313880000000000159e-01
1.799520000000000008e-01 3.349820000000000020e-01 3.829469999999999819e-01
9.503899999999999848e-02 3.677839999999999998e-01 4.428219999999999934e-01
7.167199999999999960e-02 4.090400000000000147e-01 4.406490000000000129e-01
9.704200000000000326e-02 3.620829999999999882e-01 4.309399999999999897e-01
6.232300000000000340e-02 3.946500000000000008e-01 4.090130000000000154e-01
1.781900000000000150e-02 3.047050000000000036e-01 5.039940000000000531e-01
-2.761800000000000019e-02 3.174029999999999907e-01 5.192890000000000006e-01
-1.077299999999999959e-02 3.459579999999999878e-01 4.998589999999999978e-01
-1.153689999999999993e-01 3.215129999999999932e-01 5.343849999999999989e-01
-6.297500000000000320e-02 3.015260000000000162e-01 5.587020000000000319e-01
-3.770199999999999940e-02 2.775440000000000129e-01 5.043370000000000353e-01
3.152800000000000047e-02 3.188079999999999803e-01 4.699909999999999921e-01
-8.082899999999999807e-02 3.082139999999999880e-01 5.369930000000000536e-01
-9.367399999999999338e-02 2.085089999999999999e-01 5.792680000000000051e-01
-1.173140000000000016e-01 3.732469999999999954e-01 4.597510000000000208e-01
-9.198599999999999832e-02 2.068850000000000133e-01 4.586319999999999841e-01
-1.239399999999999946e-01 2.306509999999999949e-01 4.583510000000000084e-01
-1.297999999999999987e-01 2.749480000000000257e-01 4.158990000000000187e-01
-2.484999999999999796e-03 1.957589999999999886e-01 3.904549999999999965e-01
2.152820000000000011e-01 -3.777200000000000002e-02 1.068650000000000017e-01
3.745729999999999893e-01 -2.885380000000000167e-01 -1.884659999999999946e-01
