5.128190000000000248e-01 3.690000000000000224e-02 2.543929999999999803e-01
5.575849999999999973e-01 1.733049999999999868e-01 1.477159999999999862e-01
5.647020000000000373e-01 1.147230000000000055e-01 1.960909999999999875e-01
5.992370000000000196e-01 4.887099999999999778e-02 2.011129999999999862e-01
5.459089999999999776e-01 1.748230000000000062e-01 2.577920000000000211e-01
5.814899999999999514e-01 1.271670000000000023e-01 2.130100000000000049e-01
5.873549999999999605e-01 1.066909999999999942e-01 2.292279999999999873e-01
6.474990000000000467e-01 -3.539999999999999853e-04 2.562369999999999925e-01
5.456410000000000426e-01 9.785299999999999554e-02 3.659649999999999848e-01
5.783679999999999932e-01 2.402500000000000122e-02 3.805230000000000001e-01
4.874209999999999932e-01 1.547310000000000074e-01 3.496230000000000171e-01
5.470899999999999652e-01 1.049770000000000009e-01 3.166100000000000025e-01
4.597629999999999773e-01 9.576199999999999990e-02 3.934599999999999764e-01
4.816489999999999938e-01 9.966500000000000359e-02 3.684660000000000157e-01
4.939180000000000237e-01 1.070129999999999970e-01 3.964710000000000178e-01
3.736129999999999729e-01 2.534250000000000114e-01 3.912959999999999772e-01
3.233500000000000263e-01 2.723030000000000173e-01 3.966580000000000106e-01
2.801069999999999949e-01 3.777750000000000274e-01 3.716229999999999811e-01
2.380089999999999983e-01 3.621449999999999947e-01 4.351110000000000255e-01
-4.631199999999999900e-02 4.354529999999999790e-01 5.198739999999999473e-01
-5.965399999999999869e-02 3.955409999999999759e-01 5.687809999999999810e-01
7.203000000000000201e-03 4.601649999999999907e-01 4.681640000000000246e-01
-4.333100000000000146e-02 3.974520000000000275e-01 5.043009999999999993e-01
-1.050299999999999984e-01 4.537499999999999867e-01 4.914959999999999885e-01
-8.138299999999999701e-02 4.721929999999999739e-01 5.119719999999999827e-01
-1.172080000000000066e-01 4.175730000000000275e-01 5.269289999999999807e-01
-1.647399999999999975e-01 4.015870000000000273e-01 5.446050000000000058e-01
-2.206879999999999953e-01 4.054090000000000193e-01 5.492409999999999792e-01
-2.842640000000000167e-01 3.730289999999999995e-01 6.128609999999999891e-01
-1.975500000000000034e-01 4.565359999999999974e-01 5.351789999999999603e-01
-2.554330000000000211e-01 4.972249999999999726e-01 5.392839999999999856e-01
-7.157900000000000373e-02 5.525409999999999489e-01 4.449600000000000222e-01
-3.869899999999999729e-02 5.415320000000000134e-01 4.111969999999999792e-01
9.667999999999999511e-03 5.940569999999999462e-01 3.410030000000000006e-01
4.072000000000000099e-03 5.815829999999999611e-01 1.482920000000000071e-01
6.548299999999999954e-02 5.095399999999999929e-01 3.220400000000000346e-02
2.371230000000000004e-01 1.664799999999999891e-01 -2.650750000000000051e-01
1.655339999999999867e-01 -2.827899999999999858e-01 -2.666850000000000054e-01
2.322019999999999917e-01 -1.846220000000000083e-01 -2.354950000000000099e-01
3.696200000000000180e-02 -2.165590000000000015e-01 -4.759530000000000149e-01
8.052199999999999636e-02 -8.746800000000000408e-02 -2.500729999999999897e-01
1.407160000000000077e-01 -3.946209999999999996e-01 -3.023819999999999841e-01
-6.121100000000000152e-02 -6.297049999999999592e-01 -3.088790000000000147e-01
-1.247619999999999979e-01 -6.359949999999999770e-01 -1.944919999999999982e-01
1.191599999999999951e-02 -5.832600000000000007e-01 -4.393320000000000003e-01
5.420200000000000018e-02 -4.033030000000000226e-01 -5.219169999999999643e-01
4.114999999999999908e-02 -2.831489999999999840e-01 -4.218810000000000060e-01
-2.900099999999999900e-02 -3.152769999999999739e-01 -3.988300000000000178e-01
-3.251199999999999923e-02 -3.559350000000000014e-01 -4.753879999999999773e-01
3.996100000000000346e-02 -3.122519999999999740e-01 -5.629709999999999992e-01
1.489580000000000071e-01 -3.489200000000000079e-01 -5.635940000000000394e-01
1.099949999999999956e-01 -3.632639999999999758e-01 -5.791539999999999466e-01
7.434399999999999342e-02 -3.070530000000000204e-01 -5.334459999999999757e-01
-3.400100000000000344e-02 -2.572280000000000122e-01 -5.131050000000000333e-01
-4.886900000000000271e-02 -3.822670000000000234e-01 -5.099679999999999769e-01
-2.530699999999999963e-02 -3.581090000000000106e-01 -5.385689999999999644e-01
-1.259500000000000029e-02 -3.755240000000000244e-01 -5.044130000000000003e-01
-9.655500000000000194e-02 -4.654670000000000196e-01 -5.053189999999999626e-01
-1.603930000000000078e-01 -5.275689999999999547e-01 -3.132630000000000137e-01
-1.501480000000000037e-01 -5.721070000000000322e-01 -1.287870000000000126e-01
-1.354410000000000058e-01 -5.323520000000000474e-01 6.365300000000000125e-02
-1.496460000000000012e-01 -5.058169999999999611e-01 9.849700000000000122e-02
-1.660500000000000032e-01 -4.671910000000000229e-01 1.427730000000000110e-01
-1.590940000000000132e-01 -5.073560000000000292e-01 2.242500000000000049e-01
-2.249589999999999923e-01 -4.283299999999999885e-01 2.013949999999999907e-01
-1.464340000000000086e-01 -5.472569999999999935e-01 3.013970000000000260e-01
-7.453500000000000403e-02 -5.718959999999999599e-01 2.863820000000000254e-01
-1.164580000000000060e-01 -5.366530000000000467e-01 3.126189999999999802e-01
-6.265099999999999836e-02 -5.741070000000000340e-01 3.264569999999999972e-01
5.263999999999999582e-03 -6.733320000000000416e-01 3.378419999999999757e-01
-2.030099999999999960e-01 -4.130639999999999867e-01 3.953110000000000235e-01
-1.601730000000000098e-01 -5.142499999999999849e-01 3.246249999999999969e-01
-1.990649999999999920e-01 -4.588619999999999921e-01 2.670480000000000076e-01
