3.004490000000000216e-01 9.489200000000000412e-02 1.778849999999999876e-01
2.027960000000000040e-01 -1.327180000000000026e-01 3.068089999999999984e-01
3.447930000000000161e-01 2.064940000000000109e-01 2.004060000000000008e-01
3.595650000000000235e-01 2.239629999999999954e-01 4.808199999999999974e-02
4.633979999999999766e-01 1.689799999999999913e-01 1.614200000000000010e-02
3.501699999999999813e-01 2.230199999999999960e-01 3.665700000000000208e-02
3.329509999999999970e-01 2.235600000000000087e-01 1.128669999999999951e-01
3.548749999999999960e-01 1.835070000000000034e-01 8.851900000000000046e-02
2.476700000000000013e-01 3.272050000000000236e-01 1.367160000000000042e-01
2.063470000000000026e-01 3.510829999999999784e-01 2.072070000000000023e-01
7.273599999999999510e-02 3.823440000000000172e-01 2.959379999999999789e-01
1.404469999999999885e-01 3.734439999999999982e-01 2.535740000000000216e-01
7.889300000000000479e-02 4.465970000000000217e-01 1.648759999999999948e-01
6.031299999999999856e-02 4.437369999999999925e-01 2.466619999999999924e-01
7.105699999999999517e-02 3.577710000000000057e-01 2.608489999999999975e-01
-2.347499999999999934e-02 4.943159999999999776e-01 2.875730000000000230e-01
-7.127100000000000102e-02 4.825499999999999790e-01 2.330139999999999989e-01
-1.522560000000000024e-01 4.931389999999999940e-01 3.211459999999999870e-01
-1.235440000000000010e-01 4.980809999999999960e-01 3.499260000000000148e-01
-2.267520000000000091e-01 5.450310000000000432e-01 3.442100000000000160e-01
-2.235060000000000102e-01 5.566449999999999454e-01 3.464579999999999882e-01
-2.605180000000000273e-01 5.404809999999999892e-01 4.017519999999999980e-01
-3.195359999999999867e-01 4.553429999999999978e-01 4.752219999999999778e-01
-3.083640000000000270e-01 3.434809999999999808e-01 5.335459999999999647e-01
-3.430759999999999921e-01 3.384809999999999763e-01 5.249909999999999854e-01
-2.973799999999999777e-01 4.577320000000000277e-01 4.664940000000000198e-01
-1.141350000000000003e-01 3.993780000000000108e-01 4.307270000000000265e-01
-2.305770000000000042e-01 3.661309999999999842e-01 4.579429999999999890e-01
-3.125470000000000192e-01 3.960600000000000231e-01 4.165079999999999893e-01
-4.156389999999999807e-01 3.817249999999999810e-01 4.278000000000000136e-01
-3.567279999999999895e-01 3.366489999999999760e-01 4.172350000000000225e-01
-3.008339999999999903e-01 2.698360000000000203e-01 3.269469999999999876e-01
-3.379780000000000006e-01 3.474430000000000018e-01 3.561719999999999886e-01
-3.046679999999999944e-01 3.429659999999999931e-01 3.037150000000000127e-01
-3.822099999999999942e-01 2.224430000000000018e-01 4.393440000000000123e-01
-3.579459999999999864e-01 3.603310000000000124e-01 3.891499999999999959e-01
-3.539630000000000276e-01 3.595789999999999820e-01 3.988300000000000178e-01
-3.583890000000000131e-01 3.824020000000000197e-01 4.247449999999999837e-01
-3.189690000000000025e-01 4.020320000000000005e-01 4.976450000000000040e-01
-2.685319999999999929e-01 3.761660000000000004e-01 4.572809999999999930e-01
-2.293260000000000021e-01 4.663619999999999988e-01 3.575169999999999737e-01
-2.259750000000000092e-01 4.297009999999999996e-01 2.708280000000000132e-01
-2.000149999999999983e-01 4.407789999999999764e-01 3.101749999999999785e-01
-2.090120000000000033e-01 3.608899999999999886e-01 6.914299999999999613e-02
-1.294780000000000098e-01 2.490149999999999864e-01 1.403300000000000033e-02
-8.874400000000000344e-02 8.109999999999999805e-04 -3.972069999999999768e-01
-1.640899999999999997e-02 -2.658100000000000046e-02 -3.833210000000000228e-01
-6.467000000000000526e-02 -1.980369999999999908e-01 -2.642950000000000021e-01
-3.590909999999999935e-01 -4.424480000000000079e-01 -3.030280000000000196e-01
-4.948839999999999906e-01 -4.657299999999999773e-01 -1.906700000000000061e-01
-4.683640000000000025e-01 -3.151749999999999829e-01 -3.842470000000000052e-01
-4.153810000000000002e-01 -1.959420000000000051e-01 -4.037660000000000138e-01
-4.186349999999999794e-01 -1.298980000000000135e-01 -4.458340000000000081e-01
-4.175920000000000187e-01 -5.058200000000000196e-02 -4.854379999999999806e-01
-4.107219999999999760e-01 -3.618099999999999788e-02 -5.175880000000000480e-01
-3.952019999999999977e-01 -6.531000000000000347e-03 -5.656130000000000324e-01
-2.592430000000000012e-01 -1.516999999999999946e-02 -5.771420000000000439e-01
-3.445110000000000117e-01 -1.063010000000000066e-01 -5.331860000000000488e-01
-3.185149999999999926e-01 -1.124239999999999962e-01 -5.259340000000000126e-01
-3.831820000000000226e-01 -1.495690000000000075e-01 -4.216409999999999880e-01
-3.630950000000000011e-01 -2.583739999999999926e-01 -5.573879999999999946e-01
-3.973059999999999925e-01 -2.020099999999999951e-01 -5.415180000000000549e-01
-3.998129999999999740e-01 -1.985550000000000093e-01 -5.137429999999999497e-01
-4.812400000000000011e-01 -2.398019999999999874e-01 -4.604010000000000047e-01
-4.554259999999999975e-01 -3.732059999999999822e-01 -3.929329999999999767e-01
-5.302160000000000206e-01 -3.564069999999999738e-01 -2.238610000000000044e-01
-5.494830000000000547e-01 -4.124220000000000108e-01 -7.280300000000000660e-02
-5.325790000000000246e-01 -3.739250000000000074e-01 -4.022000000000000401e-03
-5.236380000000000479e-01 -3.737509999999999999e-01 1.237960000000000033e-01
-4.419879999999999920e-01 -4.051919999999999966e-01 1.464310000000000056e-01
-5.717200000000000060e-01 -3.213639999999999830e-01 2.186520000000000130e-01
-5.476919999999999566e-01 -3.490079999999999849e-01 2.418119999999999992e-01
-5.189430000000000431e-01 -3.555470000000000019e-01 2.417690000000000117e-01
-5.540859999999999674e-01 -3.344989999999999908e-01 2.304750000000000132e-01
-5.085640000000000160e-01 -4.392360000000000153e-01 2.853859999999999730e-01
-4.404250000000000109e-01 -4.100469999999999948e-01 3.029009999999999758e-01
-4.056629999999999958e-01 -4.932960000000000123e-01 3.321000000000000063e-01
-4.489520000000000177e-01 -4.427099999999999924e-01 2.547010000000000107e-01
-4.186110000000000109e-01 -4.825530000000000097e-01 2.743490000000000095e-01
-3.334460000000000202e-01 -5.474759999999999627e-01 2.895980000000000221e-01
-3.153850000000000264e-01 -5.556240000000000068e-01 2.864050000000000207e-01
-3.500329999999999830e-01 -4.490230000000000055e-01 2.978569999999999829e-01
-4.165590000000000126e-01 -3.514300000000000201e-01 3.634149999999999880e-01
-3.919420000000000126e-01 -4.070989999999999887e-01 3.709080000000000155e-01
-4.529039999999999733e-01 -3.925440000000000040e-01 3.322140000000000093e-01
-2.600720000000000254e-01 -3.636519999999999753e-01 2.244379999999999986e-01
-1.907949999999999924e-01 -1.769580000000000042e-01 2.865519999999999734e-01
2.995000000000000093e-02 -2.953549999999999787e-01 -3.761799999999999866e-02
8.970400000000000595e-02 -3.499929999999999986e-01 -1.737070000000000003e-01
2.510180000000000189e-01 -2.262079999999999924e-01 -2.219190000000000051e-01
6.658100000000000129e-02 -2.765839999999999965e-01 -6.204599999999999699e-02
2.509040000000000159e-01 -2.308409999999999906e-01 -1.947799999999999879e-02
5.209540000000000282e-01 4.784499999999999864e-02 -1.286809999999999898e-01
6.579500000000000348e-01 2.727299999999999863e-02 1.644849999999999923e-01
6.601089999999999458e-01 9.927400000000000113e-02 1.260259999999999991e-01
6.966879999999999740e-01 3.110999999999999877e-02 1.065279999999999977e-01
6.708769999999999456e-01 1.233500000000000013e-01 1.084439999999999987e-01
7.061819999999999764e-01 3.682400000000000256e-02 2.244000000000000161e-02
6.762310000000000265e-01 6.949199999999999822e-02 -9.641299999999999870e-02
6.764320000000000332e-01 5.491100000000000148e-02 -1.348709999999999909e-01
7.022880000000000233e-01 5.570599999999999857e-02 -8.370700000000000363e-02
6.606630000000000003e-01 1.399569999999999981e-01 -7.584200000000000663e-02
5.055669999999999886e-01 1.639980000000000049e-01 -1.734999999999999997e-03
5.619349999999999623e-01 1.996080000000000076e-01 1.546800000000000085e-02
5.010740000000000194e-01 2.334670000000000079e-01 4.969599999999999712e-02
4.040750000000000175e-01 2.499240000000000073e-01 2.681669999999999887e-01
3.736800000000000122e-01 2.079149999999999887e-01 3.393860000000000210e-01
2.625560000000000116e-01 3.402560000000000029e-01 3.691260000000000097e-01
1.708600000000000119e-01 3.295420000000000016e-01 3.753270000000000217e-01
1.499979999999999924e-01 3.777519999999999767e-01 4.067149999999999932e-01
1.372009999999999896e-01 3.346810000000000063e-01 4.336740000000000039e-01
7.682799999999999352e-02 3.583470000000000266e-01 5.307779999999999720e-01
-4.637999999999999762e-02 4.093339999999999756e-01 5.373940000000000383e-01
8.430999999999999259e-03 3.199609999999999954e-01 5.445659999999999945e-01
-2.514800000000000021e-02 3.609280000000000266e-01 5.302289999999999504e-01
-8.550900000000000167e-02 2.965180000000000038e-01 5.764909999999999757e-01
-9.492899999999999949e-02 3.382990000000000164e-01 4.901170000000000249e-01
-1.964950000000000030e-01 4.021440000000000015e-01 4.876699999999999924e-01
-1.858589999999999964e-01 3.720330000000000026e-01 4.977469999999999950e-01
-2.425370000000000026e-01 2.909169999999999812e-01 5.479500000000000481e-01
-2.202010000000000078e-01 3.776930000000000009e-01 5.288540000000000463e-01
-2.537980000000000236e-01 3.593210000000000015e-01 5.021700000000000053e-01
-2.499500000000000055e-01 2.915479999999999738e-01 5.403550000000000297e-01
-1.837380000000000124e-01 3.225279999999999814e-01 4.206460000000000199e-01
-1.312760000000000038e-01 3.150399999999999867e-01 4.408819999999999961e-01
1.891899999999999832e-02 1.454020000000000035e-01 1.259059999999999901e-01
-1.073650000000000021e-01 1.440049999999999941e-01 3.361999999999999988e-01
-7.395699999999999497e-02 1.284569999999999879e-01 3.973059999999999925e-01
1.884740000000000026e-01 -7.438500000000000667e-02 1.723999999999999838e-02
3.836439999999999850e-01 -2.934840000000000226e-01 -1.979430000000000078e-01
3.763619999999999743e-01 -2.495529999999999970e-01 -1.623439999999999883e-01
