5.853199999999999514e-01 -6.462999999999999995e-03 8.657099999999999518e-02
6.203509999999999858e-01 2.488500000000000087e-02 4.286700000000000232e-02
6.209449999999999692e-01 4.969699999999999812e-02 -6.320199999999999430e-02
6.083420000000000494e-01 9.220699999999999730e-02 -2.500399999999999845e-02
6.263710000000000111e-01 8.332399999999999529e-02 -2.968900000000000011e-02
6.413830000000000364e-01 1.052740000000000065e-01 -8.191999999999999629e-03
6.568380000000000329e-01 7.095700000000000618e-02 -3.679400000000000032e-02
5.998299999999999743e-01 1.368929999999999869e-01 7.187999999999999945e-03
5.179679999999999840e-01 2.762009999999999743e-01 -1.347800000000000040e-02
5.728050000000000086e-01 1.429159999999999875e-01 4.676099999999999701e-02
5.867590000000000305e-01 1.395879999999999899e-01 -1.119400000000000082e-02
5.226610000000000422e-01 2.038040000000000129e-01 4.354000000000000231e-02
4.757560000000000122e-01 2.441049999999999887e-01 1.509179999999999966e-01
4.434330000000000216e-01 2.247399999999999953e-01 2.044580000000000009e-01
5.038049999999999473e-01 2.142950000000000133e-01 2.354219999999999924e-01
3.770470000000000210e-01 3.474280000000000146e-01 2.942500000000000115e-01
3.852650000000000241e-01 3.614399999999999835e-01 2.207780000000000020e-01
2.644119999999999804e-01 4.057930000000000148e-01 2.487929999999999864e-01
2.580709999999999948e-01 4.298810000000000131e-01 2.881190000000000140e-01
1.553390000000000049e-01 5.034929999999999684e-01 3.145020000000000038e-01
8.907099999999999740e-02 4.769430000000000058e-01 3.875919999999999921e-01
5.531400000000000206e-02 5.453510000000000302e-01 4.139019999999999921e-01
7.469399999999999651e-02 4.614920000000000133e-01 3.921299999999999786e-01
-4.457400000000000251e-02 4.559409999999999852e-01 4.607999999999999874e-01
-2.450300000000000047e-02 4.588340000000000196e-01 4.680880000000000041e-01
-2.952099999999999863e-02 4.662379999999999858e-01 4.430060000000000109e-01
-8.458899999999999753e-02 5.277899999999999814e-01 4.295680000000000054e-01
-5.169499999999999790e-02 5.611230000000000384e-01 4.076179999999999803e-01
-1.334650000000000003e-01 4.385069999999999801e-01 4.926150000000000251e-01
-1.469769999999999965e-01 4.704559999999999853e-01 5.156009999999999760e-01
-1.689930000000000043e-01 4.218199999999999728e-01 5.092550000000000132e-01
-2.072309999999999985e-01 5.330939999999999568e-01 5.084640000000000271e-01
-2.150509999999999922e-01 4.625540000000000207e-01 5.230719999999999814e-01
-1.262870000000000104e-01 4.138229999999999964e-01 4.864510000000000223e-01
-1.557769999999999988e-01 4.469449999999999812e-01 4.434520000000000128e-01
-7.217899999999999316e-02 5.105880000000000418e-01 3.861049999999999760e-01
-2.928899999999999906e-02 5.731629999999999781e-01 3.069640000000000146e-01
4.661200000000000065e-02 5.057779999999999498e-01 1.750859999999999916e-01
2.683100000000000068e-02 4.552410000000000068e-01 3.112799999999999942e-02
2.732189999999999896e-01 1.477310000000000012e-01 -2.937350000000000239e-01
2.831299999999999928e-01 1.503799999999999928e-02 -3.467549999999999799e-01
2.039060000000000039e-01 -1.912609999999999866e-01 -2.902980000000000005e-01
3.760700000000000154e-02 -3.307030000000000247e-01 -3.829799999999999871e-01
-6.734900000000000608e-02 -5.268070000000000253e-01 -3.418740000000000112e-01
-1.213489999999999985e-01 -6.072400000000000020e-01 -2.366369999999999862e-01
-1.203229999999999994e-01 -4.529980000000000118e-01 -2.771159999999999735e-01
-7.097599999999999743e-02 -5.456170000000000186e-01 -3.479110000000000258e-01
-1.595169999999999921e-01 -3.117869999999999808e-01 -4.467149999999999732e-01
-1.097970000000000057e-01 -2.022569999999999923e-01 -4.980930000000000080e-01
-8.847800000000000109e-02 -2.256690000000000085e-01 -4.366149999999999753e-01
-9.067899999999999572e-02 -1.666430000000000133e-01 -4.516000000000000014e-01
2.122200000000000128e-02 -1.590280000000000027e-01 -5.429720000000000102e-01
-7.095700000000000618e-02 -8.086200000000000332e-02 -5.911060000000000203e-01
-5.721899999999999903e-02 -2.547650000000000192e-01 -5.603519999999999612e-01
-1.649829999999999908e-01 -2.534410000000000274e-01 -5.054629999999999956e-01
-5.427699999999999886e-02 -2.121969999999999967e-01 -5.050390000000000157e-01
-3.471799999999999886e-02 -2.224780000000000091e-01 -5.275199999999999889e-01
-1.037140000000000006e-01 -3.344570000000000043e-01 -5.215140000000000331e-01
-1.157969999999999972e-01 -3.297840000000000216e-01 -4.427670000000000217e-01
-1.637220000000000064e-01 -4.212540000000000173e-01 -4.075039999999999774e-01
-2.199180000000000024e-01 -3.900739999999999763e-01 -4.218149999999999955e-01
-2.268080000000000096e-01 -4.250970000000000026e-01 -2.700270000000000170e-01
-1.670379999999999920e-01 -4.791819999999999968e-01 2.761500000000000066e-02
-2.684199999999999919e-01 -4.131929999999999770e-01 2.335419999999999996e-01
-1.855680000000000107e-01 -5.148789999999999756e-01 3.006150000000000211e-01
-1.735710000000000031e-01 -5.312569999999999792e-01 3.344360000000000110e-01
-2.463750000000000107e-01 -5.227490000000000192e-01 4.314330000000000109e-01
-1.197669999999999985e-01 -5.804660000000000375e-01 4.009570000000000078e-01
-2.420650000000000024e-01 -4.792170000000000041e-01 4.603130000000000277e-01
-5.712000000000000063e-03 -4.660429999999999851e-01 3.598480000000000012e-01
-1.614339999999999942e-01 -4.243689999999999962e-01 4.464730000000000087e-01
-1.147660000000000069e-01 -4.432329999999999881e-01 4.174309999999999965e-01
-2.699100000000000110e-02 -6.253549999999999942e-01 3.966720000000000246e-01
-9.926100000000000201e-02 -6.037649999999999961e-01 4.194280000000000230e-01
-1.906380000000000019e-01 -5.021609999999999685e-01 4.169619999999999993e-01
-1.583990000000000120e-01 -5.264330000000000398e-01 3.640070000000000250e-01
4.238000000000000100e-02 -2.244450000000000056e-01 5.906700000000000145e-02
2.581249999999999933e-01 -2.316960000000000131e-01 -1.446530000000000038e-01
