3.897930000000000006e-01 -9.779999999999999805e-02 1.226479999999999931e-01
2.726589999999999847e-01 2.455999999999999850e-03 2.973120000000000207e-01
3.974759999999999960e-01 -4.450899999999999995e-02 2.874490000000000101e-01
4.876170000000000226e-01 5.011999999999999789e-02 1.785120000000000040e-01
3.797940000000000205e-01 8.427700000000000469e-02 2.421210000000000029e-01
3.335190000000000099e-01 5.942299999999999666e-02 3.035829999999999917e-01
3.420549999999999979e-01 -9.270000000000000462e-03 3.194270000000000165e-01
3.979639999999999844e-01 7.908999999999999364e-03 2.620330000000000159e-01
3.880779999999999785e-01 -8.014999999999999555e-03 2.144560000000000077e-01
3.617900000000000005e-01 8.224000000000000407e-03 2.811429999999999763e-01
3.728330000000000255e-01 4.681600000000000344e-02 1.261940000000000006e-01
2.693059999999999898e-01 1.127120000000000066e-01 4.144199999999999967e-02
2.699619999999999798e-01 1.584589999999999888e-01 2.577999999999999996e-03
1.939140000000000030e-01 1.128499999999999989e-02 1.028280000000000027e-01
2.524970000000000270e-01 5.852700000000000263e-02 -6.207499999999999823e-02
1.182010000000000005e-01 1.531679999999999986e-01 -2.519000000000000059e-02
-5.093000000000000305e-03 1.700000000000000122e-01 -1.711640000000000106e-01
5.666999999999999815e-02 1.715689999999999993e-01 -2.751770000000000049e-01
6.872499999999999443e-02 1.868990000000000096e-01 -3.411489999999999800e-01
7.383299999999999585e-02 2.276330000000000020e-01 -4.156360000000000054e-01
7.207099999999999618e-02 2.066060000000000119e-01 -5.709039999999999671e-01
-5.299700000000000244e-02 2.186839999999999895e-01 -4.428860000000000019e-01
-1.670699999999999963e-02 2.195000000000000007e-01 -6.061079999999999801e-01
-1.126699999999999924e-02 2.821699999999999764e-01 -5.708619999999999806e-01
-9.240000000000000166e-04 3.650229999999999864e-01 -5.688689999999999580e-01
9.834000000000000727e-03 2.581419999999999826e-01 -5.055629999999999846e-01
2.051800000000000151e-02 2.363079999999999903e-01 -5.142700000000000049e-01
8.541799999999999393e-02 1.140879999999999950e-01 -5.549420000000000464e-01
1.379599999999999993e-01 6.619899999999999396e-02 -5.948259999999999659e-01
1.550050000000000039e-01 5.714400000000000035e-02 -5.665540000000000020e-01
1.598169999999999868e-01 1.011610000000000009e-01 -5.576699999999999990e-01
9.437900000000000456e-02 1.782970000000000110e-01 -5.085220000000000296e-01
1.798710000000000031e-01 2.160900000000000043e-01 -5.514339999999999797e-01
5.567600000000000326e-02 1.850610000000000033e-01 -5.482719999999999816e-01
-3.263699999999999934e-02 2.231559999999999933e-01 -5.177220000000000155e-01
1.020899999999999933e-02 3.422300000000000342e-02 -4.662600000000000078e-01
-9.830400000000000249e-02 7.124600000000000377e-02 -4.060340000000000060e-01
-8.572000000000000453e-02 1.591300000000000006e-02 -4.141139999999999821e-01
-3.513620000000000076e-01 -1.402930000000000010e-01 -2.159699999999999953e-01
-3.480909999999999838e-01 -3.414619999999999878e-01 -1.089740000000000014e-01
-4.234439999999999871e-01 -4.511850000000000027e-01 1.083859999999999962e-01
-4.130480000000000262e-01 -4.287839999999999985e-01 1.266710000000000058e-01
-2.740920000000000023e-01 -5.982380000000000475e-01 2.384199999999999930e-01
-3.470179999999999931e-01 -5.425299999999999567e-01 2.414640000000000120e-01
-4.092390000000000194e-01 -4.631319999999999881e-01 2.118039999999999923e-01
-4.588470000000000049e-01 -4.672589999999999799e-01 2.643630000000000146e-01
-4.820619999999999905e-01 -5.519180000000000197e-01 3.510110000000000174e-01
-4.028030000000000221e-01 -5.252919999999999812e-01 3.606249999999999734e-01
-4.359410000000000229e-01 -5.394039999999999946e-01 3.667039999999999744e-01
-5.302850000000000064e-01 -5.617280000000000051e-01 3.974420000000000175e-01
-4.985760000000000192e-01 -5.648379999999999512e-01 3.006619999999999848e-01
-5.407349999999999657e-01 -3.330699999999999772e-01 3.366529999999999800e-01
-4.012249999999999983e-01 -5.456189999999999651e-01 3.065539999999999932e-01
-3.902100000000000013e-01 -4.221779999999999977e-01 3.758059999999999734e-01
-2.385289999999999910e-01 -4.396660000000000013e-01 1.834850000000000092e-01
-7.473200000000000676e-02 -4.235430000000000028e-01 4.969900000000000012e-02
-5.016500000000000126e-02 -3.405730000000000146e-01 -2.317400000000000015e-02
-9.747100000000000208e-02 -1.954569999999999919e-01 3.608180000000000276e-01
-9.351500000000000090e-02 -2.011020000000000030e-01 4.627439999999999887e-01
1.950800000000000034e-01 -2.413029999999999897e-01 2.676080000000000125e-01
3.233079999999999843e-01 -3.394710000000000227e-01 3.225620000000000154e-01
4.637200000000000211e-01 -1.063690000000000052e-01 3.747199999999999975e-01
4.500589999999999868e-01 5.268799999999999872e-02 3.395880000000000010e-01
4.406599999999999961e-01 7.200600000000000056e-02 2.702849999999999975e-01
4.537100000000000022e-01 9.280399999999999761e-02 1.345580000000000109e-01
5.796249999999999458e-01 2.231800000000000103e-02 1.178919999999999968e-01
5.010879999999999779e-01 1.068009999999999932e-01 1.494890000000000108e-01
5.496699999999999919e-01 4.010199999999999876e-02 1.943090000000000095e-01
4.872330000000000272e-01 5.220999999999999946e-03 2.921679999999999833e-01
5.429699999999999527e-01 -1.961099999999999996e-02 2.880260000000000042e-01
4.963679999999999759e-01 -5.525299999999999656e-02 3.770549999999999735e-01
4.427809999999999802e-01 -4.209199999999999747e-02 3.887639999999999985e-01
3.410630000000000051e-01 2.666400000000000020e-02 3.534430000000000072e-01
3.399249999999999772e-01 2.056399999999999895e-02 2.865989999999999926e-01
3.932459999999999845e-01 3.981500000000000317e-02 1.531859999999999888e-01
2.399249999999999994e-01 2.001300000000000023e-01 9.713600000000000012e-02
1.915570000000000050e-01 1.647160000000000013e-01 -5.690599999999999825e-02
1.765100000000000002e-01 2.077070000000000027e-01 -2.290580000000000116e-01
4.679200000000000026e-02 3.412180000000000213e-01 -1.180449999999999972e-01
-4.229000000000000120e-02 2.723340000000000205e-01 -1.010159999999999947e-01
1.531959999999999988e-01 3.254830000000000223e-01 -4.055520000000000236e-01
1.758349999999999913e-01 3.536170000000000146e-01 -5.238239999999999563e-01
1.045200000000000018e-01 3.453189999999999871e-01 -5.244750000000000245e-01
-1.575199999999999864e-02 3.298079999999999901e-01 -5.162520000000000442e-01
-2.006900000000000003e-02 3.335549999999999904e-01 -4.425939999999999874e-01
-6.174299999999999927e-02 4.273080000000000211e-01 -4.744389999999999996e-01
-9.440199999999999980e-02 3.834929999999999728e-01 -4.947949999999999848e-01
8.596499999999999975e-02 2.851119999999999766e-01 -5.372200000000000308e-01
1.299150000000000027e-01 1.956479999999999886e-01 -5.569009999999999794e-01
1.176890000000000019e-01 2.165159999999999862e-01 -5.556799999999999518e-01
1.347540000000000127e-01 2.975909999999999944e-01 -6.074340000000000295e-01
9.907699999999999840e-02 2.186510000000000120e-01 -5.779760000000000453e-01
-9.424999999999999351e-03 1.226229999999999959e-01 -5.652930000000000454e-01
8.705300000000000538e-02 1.138649999999999940e-01 -5.988940000000000374e-01
-1.423000000000000003e-03 4.557499999999999746e-02 -5.631209999999999827e-01
-1.149900000000000054e-02 8.695600000000000551e-02 -5.442890000000000228e-01
-1.492330000000000045e-01 1.800329999999999986e-01 -5.181099999999999595e-01
-3.538359999999999839e-01 1.944220000000000115e-01 -3.522589999999999888e-01
-4.549259999999999970e-01 3.492599999999999871e-02 -2.333550000000000069e-01
-4.782350000000000212e-01 -3.057179999999999898e-01 7.183799999999999908e-02
-5.305400000000000116e-01 -3.551900000000000057e-01 2.413639999999999952e-01
-4.862790000000000168e-01 -4.454069999999999974e-01 3.270460000000000034e-01
-5.135779999999999790e-01 -4.522309999999999941e-01 3.467080000000000162e-01
-4.916510000000000047e-01 -5.215530000000000443e-01 3.763589999999999991e-01
-4.953449999999999798e-01 -4.625330000000000275e-01 3.142690000000000206e-01
-5.361190000000000122e-01 -4.553010000000000113e-01 3.350029999999999952e-01
-4.966419999999999724e-01 -5.334069999999999645e-01 3.232059999999999933e-01
-4.879749999999999921e-01 -5.869020000000000348e-01 3.062610000000000054e-01
-5.419840000000000213e-01 -4.537760000000000127e-01 3.170229999999999992e-01
-4.378710000000000102e-01 -3.887789999999999857e-01 2.898439999999999905e-01
-4.347980000000000178e-01 -4.593630000000000213e-01 3.334619999999999806e-01
-4.007549999999999724e-01 -5.384069999999999689e-01 2.546629999999999727e-01
-4.298100000000000254e-01 -4.491700000000000137e-01 1.962550000000000128e-01
-2.163980000000000070e-01 -4.141679999999999806e-01 -3.497299999999999714e-02
-4.044639999999999902e-01 -3.956609999999999849e-01 2.069560000000000011e-01
-3.320499999999999841e-02 -2.274339999999999973e-01 1.156329999999999997e-01
3.409739999999999993e-01 -3.673549999999999871e-01 -3.057199999999999918e-01
