5.950490000000000501e-01 -2.506909999999999972e-01 1.647049999999999903e-01
4.552570000000000228e-01 9.207600000000000506e-02 1.905499999999999972e-01
5.380319999999999547e-01 1.920590000000000075e-01 3.086709999999999732e-01
5.950109999999999566e-01 1.155250000000000027e-01 2.925809999999999800e-01
5.787090000000000289e-01 6.425400000000000555e-02 2.954030000000000267e-01
5.881129999999999969e-01 1.074770000000000031e-01 3.384380000000000166e-01
6.127690000000000081e-01 9.151700000000000113e-02 2.615680000000000227e-01
6.106920000000000126e-01 1.493800000000000128e-01 2.257190000000000030e-01
5.981079999999999730e-01 2.783709999999999796e-01 1.655320000000000125e-01
6.575109999999999566e-01 -3.140799999999999842e-02 1.226200000000000068e-01
5.828179999999999472e-01 -6.741999999999999729e-03 8.767800000000000593e-02
5.734320000000000528e-01 -4.438099999999999684e-02 6.495199999999999585e-02
4.959879999999999844e-01 8.761599999999999944e-02 6.995899999999999341e-02
4.794809999999999905e-01 1.779060000000000086e-01 1.065400000000000028e-02
3.887189999999999812e-01 2.430229999999999890e-01 3.570799999999999669e-02
4.027149999999999896e-01 2.689289999999999736e-01 5.305700000000000000e-02
1.800309999999999966e-01 2.947540000000000160e-01 -2.388099999999999945e-02
5.365199999999999830e-02 3.378680000000000017e-01 4.709699999999999998e-02
-4.742999999999999820e-03 3.926509999999999723e-01 -6.362600000000000200e-02
7.726299999999999835e-02 4.097399999999999931e-01 -2.218720000000000137e-01
1.098000000000000018e-03 4.363060000000000271e-01 -3.742920000000000136e-01
-1.726799999999999863e-02 3.946689999999999920e-01 -3.790189999999999948e-01
-6.585599999999999787e-02 4.673749999999999849e-01 -3.935190000000000077e-01
-2.421500000000000041e-02 4.265059999999999962e-01 -3.935839999999999894e-01
-1.365039999999999865e-01 5.263510000000000133e-01 -4.143569999999999753e-01
-9.467699999999999727e-02 4.548320000000000141e-01 -4.497720000000000051e-01
8.156299999999999661e-02 3.814580000000000193e-01 -5.434999999999999831e-01
3.757699999999999929e-02 3.570490000000000053e-01 -4.999629999999999908e-01
2.138699999999999976e-02 4.190139999999999976e-01 -5.432820000000000427e-01
-1.305100000000000010e-02 4.244040000000000035e-01 -5.327429999999999666e-01
9.016399999999999415e-02 3.344619999999999815e-01 -5.152809999999999890e-01
1.219189999999999996e-01 3.176030000000000242e-01 -5.404360000000000275e-01
5.523200000000000331e-02 2.400210000000000121e-01 -5.231190000000000007e-01
1.901399999999999965e-02 3.204020000000000201e-01 -5.281660000000000244e-01
3.381499999999999784e-02 2.795860000000000012e-01 -5.428420000000000467e-01
-6.359000000000000069e-03 2.597130000000000272e-01 -5.122069999999999679e-01
1.208560000000000051e-01 3.027900000000000036e-01 -5.767099999999999449e-01
7.943999999999999673e-03 2.277720000000000022e-01 -5.163250000000000339e-01
1.741600000000000092e-02 2.957380000000000009e-01 -5.418079999999999563e-01
1.226369999999999960e-01 2.583610000000000073e-01 -5.303520000000000456e-01
1.201809999999999962e-01 1.852060000000000095e-01 -5.496459999999999679e-01
3.384000000000000202e-02 2.159999999999999976e-01 -5.133780000000000010e-01
-2.356600000000000014e-02 1.242400000000000032e-01 -4.541069999999999829e-01
-1.048599999999999949e-01 -1.440400000000000014e-02 -3.949309999999999765e-01
-2.249259999999999871e-01 -1.912399999999999864e-02 -1.841559999999999864e-01
-1.677839999999999887e-01 -1.801020000000000121e-01 7.065000000000000099e-03
-1.091150000000000037e-01 -3.118009999999999948e-01 1.821010000000000129e-01
-1.441320000000000101e-01 -3.803500000000000214e-01 3.107719999999999927e-01
-1.262749999999999984e-01 -4.217469999999999830e-01 3.524140000000000050e-01
-1.614929999999999977e-01 -4.535649999999999959e-01 3.663250000000000117e-01
-1.220610000000000028e-01 -4.408969999999999834e-01 3.688230000000000119e-01
-2.185429999999999873e-01 -4.381320000000000214e-01 4.093249999999999944e-01
-2.032470000000000110e-01 -4.994100000000000206e-01 4.544779999999999931e-01
-2.476500000000000090e-01 -4.213290000000000091e-01 4.406379999999999741e-01
-2.811980000000000035e-01 -3.631960000000000188e-01 4.439939999999999998e-01
-1.587230000000000030e-01 -4.282050000000000023e-01 4.126580000000000248e-01
-1.485160000000000091e-01 -4.436309999999999976e-01 3.518589999999999773e-01
-1.510779999999999901e-01 -4.401990000000000069e-01 3.251439999999999886e-01
-1.824300000000000088e-01 -5.020529999999999715e-01 2.955999999999999739e-01
-7.013800000000000590e-02 -6.262689999999999646e-01 8.805899999999999839e-02
-5.272199999999999803e-02 -6.504280000000000062e-01 1.317639999999999922e-01
-1.098110000000000058e-01 -5.385170000000000234e-01 -1.476500000000000035e-02
-3.379900000000000265e-02 -3.754770000000000052e-01 -1.596360000000000001e-01
-1.715300000000000158e-02 -2.531109999999999749e-01 -3.173880000000000035e-01
-1.037460000000000049e-01 -6.213300000000000073e-02 -3.101479999999999793e-01
-2.785299999999999929e-02 9.351700000000000290e-02 -4.647140000000000160e-01
8.946600000000000386e-02 1.300139999999999907e-01 -4.562599999999999989e-01
6.816999999999999449e-02 1.047330000000000066e-01 -4.975040000000000018e-01
1.157030000000000003e-01 1.859369999999999912e-01 -5.102449999999999486e-01
1.043010000000000048e-01 2.145380000000000065e-01 -5.137589999999999657e-01
4.227700000000000208e-02 2.467499999999999971e-01 -5.445769999999999778e-01
-9.778799999999999992e-02 2.798169999999999824e-01 -4.781230000000000202e-01
1.117499999999999917e-02 3.293519999999999781e-01 -5.708649999999999558e-01
-1.835499999999999979e-02 3.132409999999999917e-01 -5.366499999999999604e-01
-7.807600000000000651e-02 3.513560000000000016e-01 -4.702680000000000193e-01
-1.033290000000000042e-01 2.951509999999999967e-01 -3.947269999999999945e-01
-4.630900000000000294e-02 2.775889999999999747e-01 -3.648830000000000129e-01
-1.202119999999999994e-01 3.826530000000000209e-01 -3.370489999999999875e-01
-1.773619999999999919e-01 4.264029999999999765e-01 -2.456679999999999975e-01
-1.633519999999999972e-01 3.941439999999999944e-01 -8.843399999999999872e-02
-1.937429999999999986e-01 3.901240000000000263e-01 7.146399999999999975e-02
-2.569739999999999802e-01 4.536830000000000029e-01 1.914800000000000113e-01
-3.604600000000000026e-01 4.900749999999999829e-01 3.118719999999999826e-01
-2.492409999999999903e-01 4.679659999999999931e-01 3.269699999999999829e-01
-2.042100000000000026e-01 4.534349999999999770e-01 4.294680000000000164e-01
-3.062699999999999867e-01 5.512510000000000465e-01 4.366900000000000226e-01
-1.873920000000000030e-01 4.298560000000000159e-01 5.199169999999999625e-01
-7.178299999999999959e-02 4.454489999999999839e-01 5.381369999999999765e-01
-2.300599999999999867e-02 4.276059999999999861e-01 5.550469999999999571e-01
-8.882199999999999818e-02 4.172540000000000138e-01 5.779109999999999525e-01
-8.853099999999999858e-02 3.723679999999999768e-01 6.017120000000000246e-01
5.592300000000000049e-02 2.156790000000000096e-01 6.161640000000000450e-01
6.567499999999999727e-02 2.108980000000000021e-01 5.690159999999999663e-01
6.227800000000000002e-02 2.442519999999999969e-01 4.756420000000000092e-01
1.568400000000000002e-02 2.846449999999999814e-01 5.218939999999999690e-01
-7.237699999999999689e-02 2.230630000000000113e-01 6.181830000000000380e-01
1.301410000000000067e-01 1.376380000000000103e-01 3.108879999999999977e-01
2.959990000000000121e-01 -5.098400000000000154e-02 1.512580000000000036e-01
2.575990000000000224e-01 -1.075890000000000041e-01 1.660000000000000017e-02
