5.917700000000000182e-01 1.693630000000000135e-01 -2.994499999999999940e-02
4.985240000000000227e-01 2.487920000000000131e-01 2.738059999999999938e-01
5.158239999999999492e-01 3.058819999999999872e-01 2.586339999999999750e-01
4.879499999999999948e-01 3.554479999999999862e-01 3.356839999999999824e-01
3.843670000000000142e-01 2.629119999999999790e-01 4.175980000000000247e-01
3.694999999999999951e-01 1.892900000000000138e-01 4.376769999999999827e-01
3.538830000000000031e-01 2.204629999999999923e-01 4.430819999999999759e-01
3.711320000000000174e-01 2.136280000000000123e-01 3.893650000000000166e-01
3.597799999999999887e-01 2.510919999999999819e-01 4.071859999999999924e-01
3.813670000000000115e-01 2.607129999999999725e-01 3.323769999999999780e-01
4.115010000000000057e-01 1.779419999999999891e-01 3.379550000000000054e-01
3.269360000000000044e-01 1.843859999999999943e-01 3.457020000000000093e-01
2.046379999999999866e-01 2.237909999999999899e-01 3.585590000000000166e-01
1.956170000000000131e-01 2.786959999999999993e-01 2.739360000000000128e-01
2.033339999999999870e-01 2.043339999999999879e-01 3.252650000000000263e-01
1.318979999999999875e-01 2.428939999999999988e-01 1.567030000000000090e-01
1.120710000000000039e-01 2.711069999999999869e-01 -9.970199999999999896e-02
8.891899999999999804e-02 3.673790000000000111e-01 -2.625149999999999983e-01
-2.250399999999999970e-02 4.222029999999999950e-01 -3.738429999999999809e-01
3.660800000000000165e-02 3.252099999999999991e-01 -4.279680000000000151e-01
1.983199999999999893e-02 3.414099999999999913e-01 -4.282889999999999753e-01
3.595600000000000185e-02 3.449110000000000231e-01 -4.016179999999999750e-01
-3.185299999999999937e-02 4.301189999999999736e-01 -3.446670000000000011e-01
1.350100000000000085e-02 3.660439999999999805e-01 -4.285919999999999730e-01
1.375480000000000036e-01 3.327930000000000055e-01 -4.587849999999999984e-01
1.674980000000000080e-01 2.801100000000000256e-01 -4.178379999999999872e-01
2.803840000000000221e-01 1.265229999999999966e-01 -4.710770000000000235e-01
1.743039999999999867e-01 1.694529999999999925e-01 -4.293730000000000047e-01
3.468769999999999909e-01 8.965399999999999758e-02 -4.689610000000000167e-01
3.322180000000000133e-01 1.199069999999999997e-01 -4.698149999999999826e-01
2.066659999999999886e-01 1.960310000000000108e-01 -4.608039999999999914e-01
2.718189999999999773e-01 1.892220000000000013e-01 -4.588010000000000144e-01
2.156859999999999888e-01 2.572820000000000107e-01 -4.811050000000000049e-01
2.271120000000000083e-01 2.000210000000000043e-01 -4.458159999999999901e-01
9.214100000000000068e-02 2.723970000000000002e-01 -4.228180000000000271e-01
1.094579999999999997e-01 2.988270000000000093e-01 -4.486930000000000085e-01
-6.837200000000000222e-02 3.669419999999999904e-01 -4.180119999999999947e-01
-1.670030000000000125e-01 2.420390000000000041e-01 -2.902770000000000072e-01
-3.319840000000000013e-01 -2.329000000000000167e-02 -1.475400000000000045e-01
-2.311040000000000039e-01 -3.128589999999999982e-01 6.970500000000000307e-02
-4.728999999999999870e-02 -4.242540000000000200e-01 1.052939999999999987e-01
-6.387999999999999581e-03 -4.905459999999999821e-01 1.908700000000000119e-01
-1.632000000000000117e-01 -4.367920000000000136e-01 3.418490000000000140e-01
1.583499999999999838e-02 -5.177159999999999540e-01 3.810529999999999751e-01
-1.739700000000000135e-01 -4.716640000000000277e-01 4.596580000000000110e-01
-5.686299999999999688e-02 -5.017049999999999566e-01 3.998990000000000045e-01
-2.139530000000000043e-01 -5.380040000000000378e-01 4.700770000000000226e-01
-1.430309999999999915e-01 -5.261460000000000026e-01 4.210110000000000241e-01
-9.350500000000000478e-02 -5.559330000000000105e-01 4.301490000000000036e-01
-1.776830000000000076e-01 -5.595799999999999663e-01 4.838410000000000211e-01
-2.312970000000000026e-01 -5.376609999999999445e-01 5.132940000000000280e-01
-3.536299999999999860e-02 -5.425689999999999680e-01 4.943919999999999981e-01
-4.978599999999999692e-02 -4.818569999999999798e-01 4.214370000000000061e-01
-3.883799999999999752e-02 -5.768729999999999691e-01 3.308360000000000190e-01
-8.684400000000000452e-02 -5.681730000000000391e-01 3.932919999999999749e-01
-2.113549999999999873e-01 -3.111289999999999889e-01 5.192259999999999653e-01
-1.423939999999999928e-01 -1.852040000000000075e-01 5.296779999999999822e-01
-8.844000000000000472e-02 -3.082449999999999912e-01 4.169289999999999941e-01
3.444559999999999844e-01 -2.965490000000000070e-01 2.475749999999999895e-01
4.533380000000000187e-01 -1.927540000000000087e-01 3.958980000000000277e-01
5.429669999999999774e-01 -1.066590000000000038e-01 3.695570000000000244e-01
5.549779999999999713e-01 1.495450000000000113e-01 3.320899999999999963e-01
5.889940000000000175e-01 2.215580000000000049e-01 3.369800000000000018e-01
5.695230000000000015e-01 2.304750000000000132e-01 3.598410000000000220e-01
6.073250000000000037e-01 1.524919999999999887e-01 3.441089999999999982e-01
5.796029999999999793e-01 1.077820000000000028e-01 3.998240000000000127e-01
5.693040000000000322e-01 8.363600000000000201e-02 4.283529999999999838e-01
5.091970000000000107e-01 -2.998100000000000070e-02 4.750130000000000186e-01
3.826309999999999989e-01 -1.143710000000000004e-01 5.126819999999999711e-01
2.721879999999999855e-01 -2.453289999999999915e-01 5.499169999999999892e-01
1.167300000000000004e-01 -2.862939999999999929e-01 5.179880000000000040e-01
-4.166099999999999665e-02 -2.895320000000000116e-01 4.930550000000000210e-01
-5.438599999999999685e-02 -3.326770000000000005e-01 4.467479999999999785e-01
-2.105660000000000032e-01 -4.241139999999999910e-01 2.914300000000000224e-01
-1.551160000000000039e-01 -4.709229999999999805e-01 2.325399999999999967e-01
-6.915499999999999425e-02 -5.248420000000000307e-01 1.615799999999999875e-02
-8.611199999999999410e-02 -4.807049999999999934e-01 -3.907299999999999662e-02
-9.030399999999999539e-02 -4.077959999999999918e-01 -1.223530000000000034e-01
-3.048640000000000239e-01 -3.033270000000000133e-01 -1.304180000000000061e-01
-2.384090000000000098e-01 -3.839020000000000210e-01 -1.175889999999999991e-01
-1.269609999999999905e-01 -4.877489999999999881e-01 -2.258539999999999992e-01
-1.849300000000000110e-01 -4.633459999999999801e-01 -2.829209999999999781e-01
-8.275599999999999623e-02 -4.250180000000000069e-01 -4.048740000000000117e-01
-1.184589999999999949e-01 -3.973949999999999982e-01 -2.675750000000000073e-01
-9.533899999999999320e-02 -3.526050000000000018e-01 -2.683479999999999754e-01
-1.000130000000000047e-01 -4.303310000000000191e-01 -2.500089999999999812e-01
-1.504500000000000004e-01 -3.917769999999999864e-01 -3.117229999999999723e-01
-1.248029999999999973e-01 -3.767179999999999973e-01 -2.895969999999999933e-01
-5.083800000000000124e-02 -3.969860000000000055e-01 -4.663990000000000080e-01
-1.005200000000000017e-02 -4.248779999999999779e-01 -3.983200000000000074e-01
-7.458299999999999652e-02 -2.749229999999999730e-01 -4.215539999999999843e-01
-7.166000000000000147e-02 -4.177159999999999762e-01 -3.990049999999999986e-01
-2.143799999999999872e-02 -4.694479999999999764e-01 -4.057549999999999768e-01
-4.297399999999999831e-02 -4.927900000000000058e-01 -2.970700000000000007e-01
-1.438230000000000064e-01 -5.259390000000000454e-01 -6.255199999999999649e-02
-1.462859999999999994e-01 -4.811070000000000069e-01 5.573800000000000282e-02
-8.894900000000000029e-02 -4.418159999999999865e-01 1.768710000000000004e-01
-2.727879999999999749e-01 -1.592739999999999989e-01 2.371530000000000027e-01
2.157299999999999843e-02 -5.911500000000000088e-02 1.653159999999999907e-01
1.609150000000000025e-01 2.150920000000000054e-01 5.687099999999999794e-02
1.257439999999999947e-01 2.848470000000000169e-01 1.841750000000000054e-01
6.994499999999999329e-02 4.537709999999999799e-01 1.970050000000000134e-01
1.056700000000000000e-02 4.831829999999999736e-01 2.377630000000000021e-01
-7.045500000000000373e-02 4.742419999999999969e-01 2.859110000000000262e-01
4.685099999999999681e-02 3.734549999999999814e-01 2.888430000000000164e-01
-6.657000000000000417e-02 4.566769999999999996e-01 2.528110000000000079e-01
-6.141800000000000037e-02 4.311110000000000220e-01 2.209879999999999900e-01
5.914400000000000213e-02 4.215789999999999815e-01 2.108399999999999858e-02
1.600920000000000121e-01 3.398979999999999779e-01 -1.178290000000000032e-01
1.934389999999999998e-01 4.864799999999999680e-02 -4.209000000000000241e-02
1.795460000000000111e-01 -2.350959999999999994e-01 1.303799999999999924e-02
-4.631699999999999706e-02 -3.666829999999999812e-01 4.822800000000000004e-02
1.179700000000000019e-02 -5.366900000000000004e-01 5.485299999999999898e-02
9.816300000000000026e-02 -5.646740000000000093e-01 -4.289500000000000257e-02
1.085000000000000027e-03 -5.668100000000000360e-01 -1.026510000000000061e-01
1.840899999999999828e-02 -5.163539999999999797e-01 -2.547800000000000065e-01
5.233299999999999758e-02 -5.231400000000000494e-01 -3.267240000000000144e-01
5.803900000000000031e-02 -4.657800000000000273e-01 -3.222690000000000277e-01
8.681999999999999440e-02 -5.115169999999999995e-01 -3.347470000000000168e-01
-3.533800000000000135e-02 -4.308640000000000247e-01 -3.503439999999999888e-01
-7.966900000000000370e-02 -4.171500000000000208e-01 -3.819330000000000225e-01
-3.861099999999999949e-02 -3.919909999999999783e-01 -4.027789999999999981e-01
1.722500000000000073e-02 -4.302830000000000266e-01 -4.597049999999999748e-01
-9.536600000000000632e-02 -3.535880000000000134e-01 -4.778919999999999835e-01
-1.219400000000000067e-01 -4.223399999999999932e-01 -4.262139999999999818e-01
-4.685600000000000181e-02 -3.938099999999999934e-01 -4.290309999999999957e-01
-1.438220000000000054e-01 -4.992659999999999876e-01 -4.073640000000000039e-01
-7.467999999999999639e-02 -5.340730000000000199e-01 -4.522019999999999929e-01
-9.122900000000000453e-02 -5.093630000000000102e-01 -4.580770000000000119e-01
