6.628600000000000048e-01 5.604300000000000254e-02 4.463899999999999813e-02
6.692000000000000171e-01 8.696000000000000604e-03 4.087600000000000261e-02
6.795080000000000009e-01 1.102179999999999965e-01 1.341670000000000085e-01
6.622759999999999758e-01 1.837560000000000027e-01 8.053399999999999448e-02
7.221910000000000274e-01 1.195060000000000011e-01 1.273620000000000030e-01
6.778189999999999493e-01 1.131520000000000026e-01 1.012440000000000007e-01
6.781329999999999858e-01 1.789709999999999912e-01 9.108900000000000330e-02
6.655659999999999910e-01 1.487070000000000058e-01 1.035039999999999988e-01
6.249770000000000048e-01 1.497890000000000055e-01 1.513970000000000038e-01
6.556130000000000013e-01 9.328400000000000580e-02 2.039819999999999967e-01
5.988560000000000549e-01 3.849899999999999850e-02 1.941890000000000005e-01
5.268699999999999495e-01 8.610399999999999998e-02 1.423999999999999988e-01
5.123240000000000016e-01 7.258000000000000562e-02 1.002880000000000021e-01
5.257680000000000131e-01 -9.634000000000000202e-03 1.351400000000000101e-01
4.631979999999999986e-01 4.189699999999999674e-02 1.222599999999999937e-01
3.248639999999999861e-01 2.239400000000000002e-01 5.568399999999999739e-02
1.287729999999999986e-01 4.002129999999999854e-01 -1.366620000000000057e-01
1.077459999999999946e-01 4.493739999999999957e-01 -2.525089999999999835e-01
6.938300000000000023e-02 3.900080000000000213e-01 -3.489349999999999952e-01
8.733899999999999997e-02 3.212780000000000080e-01 -4.363199999999999856e-01
7.724799999999999722e-02 3.570309999999999873e-01 -4.950530000000000208e-01
1.300129999999999897e-01 3.323090000000000210e-01 -5.524240000000000261e-01
1.629559999999999897e-01 2.867390000000000216e-01 -5.745890000000000164e-01
2.409340000000000093e-01 2.224869999999999903e-01 -5.567260000000000542e-01
2.915630000000000166e-01 2.902859999999999885e-01 -5.852500000000000480e-01
2.363310000000000133e-01 2.719610000000000083e-01 -5.640300000000000313e-01
2.226529999999999898e-01 3.029160000000000186e-01 -5.299120000000000497e-01
3.026429999999999954e-01 8.302700000000000358e-02 -5.210310000000000219e-01
2.864909999999999957e-01 -8.512000000000000469e-03 -5.404400000000000315e-01
2.586089999999999778e-01 2.470200000000000173e-02 -5.649549999999999850e-01
2.890539999999999776e-01 2.866799999999999904e-02 -5.475309999999999899e-01
2.659210000000000185e-01 6.170199999999999990e-02 -5.347140000000000226e-01
2.840809999999999724e-01 1.642740000000000034e-01 -4.797569999999999890e-01
2.471150000000000013e-01 2.243960000000000121e-01 -5.038869999999999738e-01
1.218459999999999960e-01 3.467080000000000162e-01 -4.678289999999999949e-01
1.005329999999999974e-01 3.336700000000000221e-01 -4.587330000000000019e-01
1.068599999999999932e-02 3.799429999999999752e-01 -4.213040000000000118e-01
-5.410199999999999732e-02 2.427529999999999966e-01 -3.447879999999999834e-01
-1.746640000000000137e-01 1.476570000000000105e-01 -2.719380000000000130e-01
-1.581559999999999910e-01 -1.269349999999999923e-01 -1.685089999999999921e-01
-1.248480000000000006e-01 -2.863080000000000069e-01 -1.281299999999999974e-02
-1.477360000000000062e-01 -4.008240000000000136e-01 1.463939999999999964e-01
-1.625010000000000066e-01 -3.789680000000000271e-01 2.299209999999999865e-01
-8.817600000000000438e-02 -4.511100000000000110e-01 3.349809999999999732e-01
-1.445929999999999993e-01 -5.053279999999999994e-01 4.185349999999999904e-01
-1.416419999999999901e-01 -4.493699999999999917e-01 4.341530000000000111e-01
-6.313699999999999868e-02 -4.730710000000000193e-01 4.375780000000000225e-01
-1.192060000000000064e-01 -4.913219999999999810e-01 4.509440000000000115e-01
-9.729699999999999460e-02 -4.695019999999999749e-01 4.696199999999999819e-01
-1.381000000000000005e-01 -5.064939999999999998e-01 4.617800000000000238e-01
-1.274389999999999967e-01 -5.032900000000000151e-01 4.234530000000000238e-01
-1.745569999999999899e-01 -5.179059999999999775e-01 3.781619999999999981e-01
-1.105659999999999976e-01 -6.709310000000000551e-01 3.537580000000000169e-01
-1.630540000000000045e-01 -6.119189999999999907e-01 3.226559999999999984e-01
-1.879440000000000000e-01 -5.489659999999999540e-01 3.355060000000000264e-01
-2.738479999999999803e-01 -5.813909999999999911e-01 3.220859999999999834e-01
-2.153930000000000011e-01 -6.018179999999999641e-01 1.130759999999999960e-01
-1.627669999999999950e-01 -6.543109999999999760e-01 8.219799999999999329e-02
-2.182060000000000111e-01 -5.476940000000000142e-01 -1.087120000000000031e-01
-2.899760000000000115e-01 -6.055989999999999984e-01 6.547000000000000042e-02
-2.718169999999999753e-01 -2.881679999999999797e-01 -1.832360000000000100e-01
-1.648860000000000048e-01 -3.943920000000000203e-01 -2.428639999999999965e-01
-2.737390000000000101e-01 -3.663449999999999762e-01 -3.768179999999999863e-01
-1.344059999999999977e-01 -4.625909999999999744e-01 -3.992189999999999905e-01
-2.533710000000000129e-01 -3.353920000000000234e-01 -4.040259999999999962e-01
-1.385470000000000035e-01 -3.823369999999999824e-01 -3.945409999999999751e-01
-1.474300000000000055e-01 -4.026620000000000199e-01 -4.268919999999999937e-01
-2.084080000000000099e-01 -2.609380000000000033e-01 -5.077810000000000379e-01
-2.189180000000000015e-01 -1.145010000000000056e-01 -5.379110000000000280e-01
-1.429340000000000055e-01 -2.230469999999999953e-01 -5.532120000000000370e-01
-4.328800000000000009e-02 -2.729300000000000059e-01 -5.808990000000000542e-01
-9.406799999999999884e-02 -1.522429999999999894e-01 -5.139259999999999939e-01
-1.414189999999999892e-01 -1.893529999999999935e-01 -5.300120000000000386e-01
-2.672069999999999723e-01 -1.573289999999999966e-01 -5.035950000000000149e-01
-2.196150000000000047e-01 -3.265210000000000057e-01 -4.346709999999999741e-01
-2.532929999999999904e-01 -4.272349999999999759e-01 -1.682029999999999914e-01
-2.444999999999999951e-01 -4.557559999999999945e-01 3.560100000000000070e-02
-3.188059999999999783e-01 -4.291749999999999732e-01 2.118720000000000048e-01
-2.501860000000000195e-01 -4.478790000000000271e-01 2.809619999999999895e-01
-3.242720000000000047e-01 -4.297590000000000021e-01 3.985239999999999894e-01
-1.751199999999999979e-01 -5.158470000000000555e-01 3.857789999999999830e-01
-2.108619999999999939e-01 -4.429230000000000111e-01 3.712739999999999929e-01
-1.684440000000000104e-01 -4.700039999999999774e-01 3.681150000000000255e-01
-8.850299999999999834e-02 -5.382510000000000350e-01 3.475960000000000161e-01
-2.760400000000000006e-02 -6.590690000000000159e-01 3.680530000000000190e-01
-1.585519999999999985e-01 -5.987379999999999924e-01 3.695129999999999804e-01
1.213000000000000016e-02 -5.744770000000000154e-01 3.850379999999999914e-01
-1.115899999999999948e-01 -4.746890000000000276e-01 3.210060000000000136e-01
-2.041509999999999991e-01 -2.166329999999999922e-01 2.563139999999999863e-01
-1.571440000000000059e-01 -4.157560000000000144e-01 1.325379999999999892e-01
1.108470000000000011e-01 -3.721570000000000156e-01 6.988099999999999867e-02
1.968779999999999974e-01 -1.437350000000000017e-01 9.133700000000000152e-02
