-1.843239999999999879e-01 -3.088270000000000182e-01 -4.265269999999999895e-01
-1.755750000000000088e-01 -4.213790000000000036e-01 -3.383929999999999993e-01
-1.397809999999999886e-01 -3.404170000000000251e-01 -4.513949999999999907e-01
-1.916690000000000060e-01 -1.952029999999999876e-01 -4.374219999999999775e-01
-2.686939999999999884e-01 -7.560899999999999566e-02 -4.120489999999999986e-01
-3.046769999999999756e-01 -1.211850000000000011e-01 -4.061670000000000003e-01
-2.382890000000000008e-01 -5.700199999999999712e-02 -4.422710000000000252e-01
-2.604460000000000108e-01 7.563999999999999890e-02 -4.658519999999999883e-01
-1.950580000000000092e-01 -1.649079999999999990e-01 -3.420670000000000099e-01
-2.229929999999999968e-01 -1.051229999999999942e-01 -3.381020000000000136e-01
-2.681250000000000022e-01 -6.679899999999999727e-02 -3.454699999999999993e-01
-3.055109999999999770e-01 -1.546949999999999992e-01 -3.386569999999999858e-01
-3.138540000000000219e-01 -6.941400000000000348e-02 -3.269610000000000016e-01
-3.268400000000000194e-01 -2.471399999999999986e-01 -2.034189999999999887e-01
-2.871790000000000176e-01 -2.619739999999999847e-01 -1.081479999999999941e-01
-2.364120000000000110e-01 -3.008250000000000091e-01 -8.030800000000000438e-02
-2.125620000000000009e-01 -3.149390000000000245e-01 2.116799999999999932e-02
-2.132070000000000076e-01 -3.655530000000000168e-01 8.440000000000000236e-04
-2.335849999999999871e-01 -3.250319999999999876e-01 4.770200000000000135e-02
-2.547340000000000160e-01 -3.353760000000000074e-01 1.068840000000000068e-01
-2.282369999999999954e-01 -3.611880000000000090e-01 1.539909999999999890e-01
-2.639549999999999952e-01 -3.695089999999999764e-01 1.524069999999999869e-01
-2.099199999999999955e-01 -3.733319999999999972e-01 1.739900000000000058e-01
-2.653670000000000195e-01 -2.894300000000000206e-01 2.413599999999999912e-01
-2.375450000000000061e-01 -3.305589999999999917e-01 2.370530000000000137e-01
-3.048060000000000214e-01 -3.468029999999999724e-01 3.091519999999999824e-01
-2.054350000000000065e-01 -3.618419999999999970e-01 3.644870000000000054e-01
-1.913759999999999906e-01 -3.731659999999999977e-01 4.233839999999999826e-01
-1.498200000000000087e-01 -4.067100000000000160e-01 4.163430000000000186e-01
-9.160799999999999499e-02 -3.467689999999999939e-01 4.923600000000000199e-01
-8.675199999999999578e-02 -4.559529999999999972e-01 4.500640000000000196e-01
1.642499999999999863e-02 -5.044669999999999987e-01 4.431189999999999851e-01
1.109639999999999932e-01 -3.885120000000000240e-01 4.709949999999999970e-01
-7.372099999999999487e-02 9.244399999999999840e-02 5.140139999999999709e-01
2.873080000000000078e-01 -2.295010000000000105e-01 2.320450000000000013e-01
2.889860000000000206e-01 -2.389590000000000047e-01 1.502360000000000084e-01
5.659629999999999939e-01 -1.694859999999999978e-01 1.253319999999999990e-01
6.944329999999999670e-01 -1.770990000000000064e-01 2.599449999999999816e-01
6.956949999999999523e-01 6.357500000000000651e-02 2.193440000000000112e-01
7.336439999999999628e-01 6.308999999999999331e-02 2.424830000000000041e-01
6.723160000000000247e-01 2.723920000000000230e-01 1.425309999999999910e-01
5.917179999999999662e-01 3.073119999999999741e-01 1.402789999999999870e-01
6.264819999999999833e-01 3.728500000000000147e-01 6.696599999999999775e-02
6.074469999999999592e-01 3.724520000000000053e-01 8.441500000000000392e-02
6.040790000000000326e-01 3.520429999999999948e-01 1.330210000000000004e-01
6.221360000000000223e-01 3.164600000000000191e-01 1.934289999999999898e-01
6.797840000000000549e-01 2.335109999999999963e-01 2.334239999999999926e-01
5.676499999999999879e-01 2.183489999999999875e-01 3.387180000000000191e-01
5.864660000000000428e-01 1.424189999999999900e-01 3.696119999999999961e-01
5.254839999999999511e-01 5.493499999999999772e-02 4.325320000000000276e-01
3.707440000000000180e-01 -3.492699999999999971e-02 4.760820000000000052e-01
3.328929999999999945e-01 -1.946980000000000099e-01 4.419390000000000263e-01
1.248120000000000063e-01 -3.243280000000000052e-01 3.372669999999999835e-01
8.914000000000000049e-03 -3.824339999999999962e-01 2.913569999999999771e-01
-4.254399999999999848e-02 -2.963370000000000171e-01 6.902200000000000002e-02
7.725999999999999535e-02 -4.239510000000000223e-01 -1.358789999999999998e-01
7.811200000000000088e-02 -4.054599999999999871e-01 -3.048890000000000211e-01
1.104400000000000000e-02 -3.723210000000000131e-01 -3.595349999999999935e-01
-6.781199999999999728e-02 -2.129900000000000126e-01 -5.810750000000000082e-01
2.489500000000000046e-02 -2.577429999999999999e-01 -6.656879999999999464e-01
3.596699999999999897e-02 -2.127719999999999889e-01 -6.622780000000000333e-01
2.213499999999999843e-02 -2.125470000000000137e-01 -5.882420000000000426e-01
1.575299999999999964e-02 -1.022649999999999948e-01 -6.263199999999999878e-01
-6.052500000000000241e-02 -1.525970000000000104e-01 -5.536640000000000450e-01
2.840499999999999969e-02 -7.648599999999999843e-02 -5.514369999999999550e-01
-6.923400000000000387e-02 4.173000000000000320e-02 -5.381740000000000412e-01
-1.093800000000000050e-01 -6.679300000000000515e-02 -4.853350000000000164e-01
2.943300000000000083e-02 -1.063199999999999978e-01 -5.264670000000000183e-01
8.301600000000000645e-02 -1.361509999999999942e-01 -5.843220000000000081e-01
8.799400000000000277e-02 -2.135549999999999948e-01 -5.675499999999999989e-01
7.591900000000000037e-02 -1.872959999999999903e-01 -5.684069999999999956e-01
-3.820599999999999691e-02 -2.219089999999999951e-01 -4.461240000000000205e-01
-1.007060000000000038e-01 -3.575940000000000230e-01 -2.064149999999999874e-01
-3.277030000000000221e-01 -1.873690000000000078e-01 -6.949999999999999798e-04
-2.423919999999999964e-01 1.276100000000000012e-01 -6.380000000000000254e-03
-8.325899999999999967e-02 1.606239999999999890e-01 6.265999999999999868e-03
7.490099999999999536e-02 3.701320000000000165e-01 -2.144499999999999879e-02
1.516280000000000128e-01 4.421019999999999950e-01 8.632099999999999496e-02
1.557099999999999977e-02 5.659100000000000241e-01 2.207050000000000123e-01
-1.069799999999999918e-02 6.516830000000000123e-01 2.238199999999999912e-01
6.445700000000000041e-02 5.272820000000000285e-01 2.971480000000000232e-01
-3.004100000000000173e-02 5.577609999999999513e-01 3.049049999999999816e-01
-2.563999999999999873e-03 5.791629999999999834e-01 2.368709999999999982e-01
-3.836699999999999833e-02 6.109489999999999643e-01 1.994460000000000122e-01
1.738989999999999980e-01 5.137190000000000367e-01 2.481699999999999878e-02
1.598920000000000063e-01 4.052180000000000226e-01 -5.408700000000000313e-02
1.921229999999999882e-01 2.368260000000000087e-01 -7.129399999999999626e-02
8.970999999999999808e-02 2.982399999999999982e-02 -4.911800000000000194e-02
8.742500000000000271e-02 -2.862339999999999884e-01 3.840699999999999670e-02
1.832380000000000120e-01 -4.949760000000000271e-01 8.783499999999999641e-02
2.797099999999999934e-02 -4.340649999999999786e-01 -5.882300000000000029e-02
-7.596500000000000474e-02 -4.177139999999999742e-01 -1.364279999999999937e-01
-1.245100000000000026e-02 -4.381039999999999934e-01 -1.913199999999999901e-01
-1.153079999999999938e-01 -3.549379999999999757e-01 -3.163630000000000053e-01
-4.585999999999999799e-02 -2.966739999999999933e-01 -4.237520000000000175e-01
3.144399999999999973e-02 -3.543990000000000196e-01 -4.199899999999999745e-01
4.430900000000000116e-02 -2.946509999999999962e-01 -4.497800000000000131e-01
5.545999999999999715e-03 -2.084989999999999899e-01 -4.468210000000000237e-01
-4.739999999999999769e-02 -2.491859999999999908e-01 -4.348259999999999903e-01
-8.274999999999999370e-03 -2.965139999999999998e-01 -4.341289999999999871e-01
7.442500000000000504e-02 -2.112479999999999913e-01 -5.682580000000000409e-01
-5.477599999999999830e-02 -3.149350000000000205e-01 -4.796900000000000053e-01
-1.060480000000000034e-01 -4.649960000000000204e-01 -4.519420000000000104e-01
-7.338100000000000178e-02 -4.692990000000000217e-01 -5.405950000000000477e-01
-2.152350000000000096e-01 -3.240160000000000262e-01 -5.367990000000000261e-01
