-2.288010000000000044e-01 -3.211040000000000005e-01 -4.196889999999999787e-01
-1.451649999999999885e-01 -2.222540000000000071e-01 -3.701920000000000210e-01
-1.413989999999999969e-01 -1.743359999999999910e-01 -5.132729999999999793e-01
-1.147109999999999935e-01 -2.458029999999999937e-01 -5.591300000000000159e-01
-1.855960000000000110e-01 -3.338090000000000224e-01 -5.297899999999999832e-01
-1.171809999999999935e-01 -1.928499999999999936e-01 -5.870060000000000278e-01
-1.536929999999999963e-01 -1.300080000000000124e-01 -5.331839999999999913e-01
-2.492900000000000116e-01 -8.676399999999999391e-02 -4.882389999999999786e-01
-1.656799999999999939e-01 -1.591899999999999982e-01 -4.929379999999999873e-01
-1.574969999999999981e-01 -3.061399999999999885e-02 -4.935930000000000040e-01
-2.407120000000000093e-01 -5.899999999999999689e-02 -4.644730000000000247e-01
-1.753939999999999944e-01 -1.213260000000000033e-01 -4.462670000000000248e-01
-2.259130000000000027e-01 -1.936829999999999941e-01 -4.188589999999999813e-01
-3.585590000000000166e-01 -1.212120000000000003e-01 -3.795680000000000165e-01
-2.794349999999999890e-01 -2.618670000000000164e-01 -3.042920000000000069e-01
-4.102430000000000243e-01 -1.607949999999999935e-01 -2.770710000000000117e-01
-3.863309999999999800e-01 -1.679339999999999999e-01 -2.215239999999999987e-01
-4.408529999999999949e-01 -1.658360000000000112e-01 -5.056800000000000184e-02
-4.288839999999999875e-01 -1.666999999999999871e-01 -1.190800000000000018e-02
-4.127160000000000273e-01 -1.141230000000000022e-01 7.408900000000000208e-02
-3.802769999999999762e-01 -1.657270000000000132e-01 1.201149999999999995e-01
-3.491790000000000171e-01 -1.414809999999999957e-01 1.727970000000000061e-01
-3.093850000000000211e-01 -1.949649999999999994e-01 1.137770000000000031e-01
-3.245689999999999964e-01 -2.180910000000000071e-01 1.454010000000000025e-01
-3.098879999999999968e-01 -1.443300000000000138e-01 2.002230000000000121e-01
-3.043879999999999919e-01 -3.215850000000000097e-01 3.867630000000000234e-01
-2.408720000000000028e-01 -2.913569999999999771e-01 3.734629999999999894e-01
-2.572150000000000269e-01 -1.373580000000000079e-01 3.401589999999999892e-01
-1.044329999999999981e-01 -1.663610000000000089e-01 3.184409999999999741e-01
-2.539270000000000138e-01 -2.651819999999999733e-01 3.922039999999999971e-01
-1.934710000000000041e-01 -4.811329999999999774e-01 3.856129999999999836e-01
-1.938469999999999915e-01 -4.338199999999999834e-01 3.905029999999999890e-01
-2.405920000000000003e-01 -3.319889999999999786e-01 4.132120000000000237e-01
-1.685000000000000083e-03 -3.150279999999999747e-01 3.382430000000000159e-01
-1.003300000000000025e-02 -2.047519999999999896e-01 3.689419999999999922e-01
1.407370000000000010e-01 -2.553279999999999994e-01 3.772619999999999862e-01
2.512420000000000209e-01 -1.691560000000000008e-01 3.842209999999999792e-01
5.625919999999999810e-01 -1.141960000000000058e-01 2.305750000000000022e-01
6.392489999999999561e-01 -1.582709999999999950e-01 3.000840000000000174e-01
6.700270000000000392e-01 8.137300000000000089e-02 1.609210000000000085e-01
6.270980000000000443e-01 2.153450000000000086e-01 1.228309999999999957e-01
6.136369999999999880e-01 3.060100000000000042e-01 1.647939999999999960e-01
6.491149999999999975e-01 2.625890000000000168e-01 5.197800000000000337e-02
6.821070000000000189e-01 2.344019999999999992e-01 4.706599999999999673e-02
6.882989999999999942e-01 2.376959999999999906e-01 3.831999999999999990e-02
6.581320000000000503e-01 2.933830000000000049e-01 4.399999999999999745e-02
6.352240000000000109e-01 3.209199999999999831e-01 4.602200000000000041e-02
5.678060000000000329e-01 3.725689999999999835e-01 5.902799999999999714e-02
5.525750000000000384e-01 3.481290000000000218e-01 1.529649999999999899e-01
5.791250000000000009e-01 2.763829999999999898e-01 2.294779999999999875e-01
4.429549999999999876e-01 3.021229999999999749e-01 2.973069999999999879e-01
3.289389999999999814e-01 3.824589999999999934e-01 2.578099999999999836e-01
2.228950000000000098e-01 3.952709999999999835e-01 2.880090000000000150e-01
1.170179999999999970e-01 4.950120000000000076e-01 1.981400000000000106e-01
2.459400000000000128e-02 4.635299999999999976e-01 1.636479999999999879e-01
-7.940999999999999448e-02 4.875410000000000021e-01 4.629000000000000302e-03
-1.486190000000000011e-01 5.309350000000000458e-01 -1.191709999999999992e-01
1.724600000000000091e-02 4.967079999999999829e-01 -2.356270000000000031e-01
6.852500000000000258e-02 4.674170000000000269e-01 -3.402839999999999754e-01
1.095959999999999990e-01 3.863909999999999845e-01 -4.027370000000000116e-01
3.779199999999999920e-02 4.085179999999999922e-01 -5.173929999999999918e-01
2.626699999999999868e-02 3.268280000000000074e-01 -4.724149999999999738e-01
-1.285159999999999914e-01 3.002850000000000241e-01 -4.874240000000000239e-01
-1.789540000000000020e-01 3.448720000000000119e-01 -4.493150000000000199e-01
-2.528499999999999845e-02 3.258690000000000198e-01 -5.643160000000000398e-01
4.250000000000000305e-02 2.802899999999999836e-01 -5.623869999999999703e-01
6.556700000000000028e-02 2.785469999999999891e-01 -5.306060000000000221e-01
1.268569999999999975e-01 2.672959999999999781e-01 -5.937639999999999585e-01
1.158929999999999960e-01 2.237200000000000022e-01 -5.652629999999999599e-01
5.069099999999999995e-02 2.647209999999999841e-01 -5.681040000000000534e-01
6.309000000000000372e-03 2.089040000000000064e-01 -5.426600000000000312e-01
-3.776399999999999896e-02 2.621899999999999786e-01 -5.517769999999999619e-01
-8.817099999999999937e-02 2.749780000000000002e-01 -4.879009999999999736e-01
-8.281099999999999572e-02 1.998439999999999939e-01 -4.825820000000000110e-01
-1.664960000000000051e-01 3.097779999999999978e-01 -3.808400000000000118e-01
-2.278509999999999980e-01 1.565199999999999925e-02 -7.248999999999999888e-02
-3.655240000000000156e-01 -1.297929999999999917e-01 7.399500000000000521e-02
-2.167439999999999922e-01 -3.531980000000000119e-01 1.709630000000000039e-01
-1.332139999999999991e-01 -4.620330000000000270e-01 1.885149999999999881e-01
-2.235620000000000107e-01 -4.576729999999999965e-01 2.893789999999999973e-01
-9.370699999999999863e-02 -4.927110000000000101e-01 2.693969999999999976e-01
1.237719999999999931e-01 -5.488530000000000353e-01 2.307190000000000074e-01
8.819499999999999562e-02 -5.688130000000000130e-01 2.862439999999999984e-01
-1.401040000000000063e-01 -5.014009999999999856e-01 3.383430000000000049e-01
-2.126659999999999939e-01 -3.649919999999999831e-01 3.070060000000000011e-01
-9.981399999999999995e-02 -5.165560000000000151e-01 3.635490000000000110e-01
-4.974900000000000155e-02 -5.831399999999999917e-01 3.070010000000000239e-01
-2.450300000000000047e-02 -4.029820000000000069e-01 2.064690000000000136e-01
-8.331099999999999617e-02 -4.617669999999999830e-01 3.330170000000000075e-01
