-2.090359999999999996e-01 -2.563110000000000110e-01 -5.049649999999999972e-01
-1.095060000000000061e-01 -8.658499999999999530e-02 -6.056669999999999554e-01
-1.437110000000000054e-01 -2.469739999999999991e-01 -6.069679999999999520e-01
-2.243850000000000011e-01 -2.165870000000000017e-01 -5.230150000000000077e-01
-2.593489999999999962e-01 -1.532860000000000056e-01 -5.454010000000000247e-01
-2.683499999999999774e-01 -1.926410000000000067e-01 -5.024899999999999922e-01
-2.878689999999999860e-01 -1.403659999999999908e-01 -4.762259999999999827e-01
-3.243710000000000204e-01 -1.311799999999999911e-01 -4.628490000000000104e-01
-3.201680000000000081e-01 -1.637800000000000089e-01 -4.708860000000000268e-01
-3.087829999999999742e-01 -7.402000000000000246e-02 -4.584380000000000122e-01
-2.478480000000000127e-01 -1.219419999999999948e-01 -4.407980000000000231e-01
-3.561139999999999861e-01 -1.066899999999999932e-01 -3.993209999999999815e-01
-3.723009999999999931e-01 -1.340939999999999910e-01 -3.617500000000000160e-01
-3.454320000000000168e-01 -1.345609999999999862e-01 -3.481859999999999955e-01
-4.176090000000000080e-01 -1.440379999999999994e-01 -3.342979999999999841e-01
-4.207480000000000109e-01 -1.407909999999999995e-01 -2.863580000000000014e-01
-4.356439999999999757e-01 -1.869510000000000061e-01 -2.990789999999999837e-01
-4.659599999999999853e-01 -1.720240000000000102e-01 -2.479550000000000087e-01
-4.734019999999999895e-01 -2.411449999999999982e-01 -1.981469999999999898e-01
-5.229380000000000139e-01 -2.379429999999999878e-01 -3.541899999999999910e-02
-3.679100000000000148e-01 -3.280919999999999948e-01 -1.532299999999999982e-02
-4.054130000000000233e-01 -3.122519999999999740e-01 1.027310000000000029e-01
-3.560159999999999991e-01 -3.836080000000000045e-01 2.095430000000000070e-01
-3.292910000000000004e-01 -4.432050000000000156e-01 1.936100000000000043e-01
-4.043579999999999952e-01 -3.877849999999999908e-01 1.905060000000000087e-01
-4.173450000000000215e-01 -3.531119999999999814e-01 1.793889999999999929e-01
-3.833179999999999921e-01 -3.491710000000000091e-01 1.771610000000000129e-01
-4.438239999999999963e-01 -3.322499999999999898e-01 2.311219999999999941e-01
-3.720160000000000133e-01 -3.682150000000000145e-01 2.742370000000000085e-01
-4.060810000000000253e-01 -3.438240000000000185e-01 3.298490000000000033e-01
-4.045259999999999967e-01 -2.504979999999999984e-01 3.070419999999999816e-01
-2.759110000000000174e-01 -4.199149999999999827e-01 3.306239999999999735e-01
-3.961790000000000034e-01 -2.960420000000000273e-01 4.067939999999999889e-01
-2.891110000000000069e-01 -2.639219999999999899e-01 4.740719999999999934e-01
-3.113949999999999774e-01 -9.544900000000000606e-02 4.462690000000000268e-01
-4.667799999999999727e-02 -1.816240000000000077e-01 4.495370000000000199e-01
-5.471800000000000275e-02 -3.758199999999999874e-01 4.303489999999999815e-01
7.331500000000000516e-02 -2.956349999999999811e-01 4.206150000000000166e-01
2.572229999999999794e-01 -2.387690000000000090e-01 3.428979999999999806e-01
4.859499999999999931e-01 -1.160459999999999964e-01 2.285979999999999956e-01
5.440439999999999721e-01 -1.094360000000000055e-01 2.540529999999999733e-01
6.647619999999999640e-01 -1.865809999999999969e-01 2.066290000000000071e-01
5.889339999999999575e-01 1.101960000000000023e-01 1.527070000000000094e-01
5.966350000000000264e-01 2.334730000000000139e-01 1.043380000000000002e-01
6.573039999999999994e-01 2.546220000000000150e-01 1.361819999999999975e-01
6.964669999999999472e-01 1.991410000000000124e-01 1.068420000000000064e-01
7.136000000000000121e-01 1.211079999999999934e-01 1.238760000000000000e-01
6.557039999999999536e-01 2.726810000000000067e-01 6.784500000000000253e-02
7.165310000000000290e-01 1.470430000000000070e-01 8.734799999999999509e-02
6.934550000000000436e-01 7.480299999999999450e-02 2.127860000000000029e-01
6.795080000000000009e-01 6.646399999999999531e-02 1.975939999999999919e-01
6.797149999999999581e-01 1.840999999999999928e-02 2.255179999999999962e-01
6.634280000000000177e-01 -1.571099999999999927e-02 2.254240000000000133e-01
6.059470000000000134e-01 1.578749999999999876e-01 1.614359999999999962e-01
5.373189999999999911e-01 2.175930000000000086e-01 2.249780000000000113e-01
4.338799999999999879e-01 3.127710000000000212e-01 2.055589999999999917e-01
4.006270000000000109e-01 2.890280000000000071e-01 1.935780000000000001e-01
3.532850000000000157e-01 2.574549999999999894e-01 1.142559999999999965e-01
2.565299999999999803e-01 3.845799999999999774e-01 7.767799999999999705e-02
2.542059999999999875e-01 4.037769999999999970e-01 -6.512600000000000333e-02
3.829199999999999965e-02 3.993260000000000143e-01 -1.508240000000000136e-01
6.059200000000000003e-02 4.505930000000000213e-01 -2.274720000000000075e-01
1.837380000000000124e-01 3.184649999999999981e-01 -2.720139999999999780e-01
1.046009999999999995e-01 4.189470000000000138e-01 -3.912640000000000007e-01
-4.207000000000000323e-02 3.965319999999999956e-01 -3.856379999999999808e-01
-1.308620000000000061e-01 3.551019999999999732e-01 -4.143359999999999821e-01
7.204199999999999493e-02 2.974390000000000089e-01 -5.407530000000000392e-01
-5.593599999999999961e-02 3.520929999999999893e-01 -5.496879999999999544e-01
-1.192580000000000029e-01 3.362060000000000048e-01 -5.454759999999999609e-01
-4.909199999999999675e-02 3.786109999999999753e-01 -5.384179999999999522e-01
-7.419499999999999706e-02 4.098019999999999996e-01 -5.448520000000000030e-01
-1.236079999999999957e-01 3.997530000000000250e-01 -5.165020000000000167e-01
-1.104569999999999996e-01 2.848629999999999773e-01 -5.443719999999999670e-01
9.917499999999999927e-02 2.938029999999999808e-01 -5.771629999999999816e-01
5.865200000000000274e-02 2.853859999999999730e-01 -5.282400000000000428e-01
8.417199999999999682e-02 2.452280000000000015e-01 -5.204419999999999602e-01
7.709699999999999886e-02 1.872999999999999943e-01 -4.996510000000000118e-01
9.452699999999999991e-02 2.349999999999999867e-01 -5.424409999999999510e-01
5.291999999999999829e-03 2.054159999999999875e-01 -5.046680000000000055e-01
-8.305800000000000682e-02 1.034540000000000043e-01 -3.525739999999999985e-01
-1.480589999999999962e-01 1.782920000000000060e-01 -2.940050000000000163e-01
-2.225399999999999878e-01 2.252699999999999841e-02 -5.980400000000000299e-02
-1.412170000000000092e-01 -1.526899999999999924e-01 1.591529999999999889e-01
-5.497900000000000009e-02 -3.350219999999999865e-01 2.661769999999999969e-01
-2.338739999999999986e-01 -4.038289999999999935e-01 3.511290000000000244e-01
-1.282179999999999986e-01 -4.972719999999999918e-01 3.402609999999999801e-01
-2.136929999999999941e-01 -4.080179999999999918e-01 3.181200000000000139e-01
-2.145400000000000085e-01 -4.661699999999999733e-01 3.866589999999999749e-01
-7.501599999999999935e-02 -5.369460000000000344e-01 3.877639999999999976e-01
6.258400000000000074e-02 -6.158360000000000500e-01 3.000300000000000189e-01
-2.958500000000000019e-02 -6.376899999999999791e-01 3.204719999999999791e-01
-6.688199999999999701e-02 -5.179510000000000502e-01 3.556980000000000142e-01
-7.356100000000000139e-02 -4.180900000000000172e-01 3.403039999999999954e-01
-9.017799999999999427e-02 -4.611219999999999763e-01 3.274360000000000048e-01
-5.074599999999999944e-02 -5.950969999999999871e-01 1.809169999999999945e-01
-7.387399999999999523e-02 -3.923969999999999958e-01 1.334220000000000128e-01
