-2.142290000000000028e-01 -5.962749999999999995e-01 -1.827300000000000035e-01
-2.368480000000000030e-01 -5.221980000000000510e-01 -2.540209999999999968e-01
-5.372400000000000092e-02 -5.537779999999999925e-01 -4.437340000000000173e-01
-3.864200000000000274e-02 -5.428939999999999877e-01 -5.057939999999999658e-01
-1.556079999999999963e-01 -5.285640000000000338e-01 -4.055699999999999861e-01
-1.148980000000000001e-01 -5.640640000000000098e-01 -3.585240000000000093e-01
-1.526150000000000007e-01 -5.010409999999999586e-01 -3.742550000000000043e-01
-2.643539999999999779e-01 -3.845750000000000002e-01 -3.757210000000000272e-01
-3.009780000000000233e-01 -2.683539999999999814e-01 -3.628370000000000206e-01
-9.908500000000000640e-02 -3.074140000000000206e-01 -4.291559999999999819e-01
-7.883500000000000230e-02 -3.678679999999999728e-01 -3.814509999999999845e-01
-3.150399999999999728e-02 -4.014730000000000243e-01 -3.355639999999999734e-01
2.625000000000000163e-03 -3.398349999999999982e-01 -3.759239999999999804e-01
-1.377399999999999979e-02 -4.981119999999999992e-01 -2.995459999999999789e-01
-3.030700000000000061e-02 -4.329930000000000168e-01 -4.005349999999999744e-01
-1.069869999999999988e-01 -3.753630000000000022e-01 -3.666880000000000139e-01
-1.369920000000000027e-01 -3.672000000000000264e-01 -3.418669999999999765e-01
-2.115329999999999988e-01 -4.626500000000000057e-01 -2.380359999999999976e-01
-2.756970000000000254e-01 -4.464239999999999875e-01 -2.452400000000000066e-02
-3.383019999999999916e-01 -4.091870000000000229e-01 1.328959999999999864e-01
-3.501679999999999793e-01 -3.912169999999999814e-01 2.643699999999999939e-01
-2.194540000000000102e-01 -5.179120000000000390e-01 4.024530000000000052e-01
-1.949190000000000089e-01 -5.082590000000000163e-01 3.986339999999999884e-01
-6.937000000000000111e-02 -5.372999999999999998e-01 3.601380000000000137e-01
-1.307979999999999976e-01 -5.264689999999999648e-01 3.739689999999999959e-01
-7.884900000000000242e-02 -5.449580000000000535e-01 4.020889999999999742e-01
-1.193039999999999934e-01 -5.270759999999999890e-01 3.861990000000000145e-01
-8.940399999999999736e-02 -5.389680000000000026e-01 4.186520000000000241e-01
-1.801800000000000068e-01 -5.289059999999999873e-01 3.908039999999999847e-01
-1.429870000000000030e-01 -4.274819999999999731e-01 3.929190000000000182e-01
-2.289460000000000106e-01 -4.018079999999999985e-01 4.089329999999999909e-01
-1.217379999999999990e-01 -4.893620000000000192e-01 3.782989999999999964e-01
-2.267440000000000011e-01 -5.034729999999999484e-01 4.046310000000000184e-01
-1.119870000000000032e-01 -6.481660000000000199e-01 3.639769999999999950e-01
-2.459969999999999934e-01 -6.265319999999999778e-01 3.216809999999999947e-01
-6.958000000000000296e-02 -6.143999999999999462e-01 2.389689999999999870e-01
-1.475049999999999972e-01 -3.415560000000000263e-01 1.417569999999999941e-01
-1.966120000000000090e-01 -5.918419999999999792e-01 1.314569999999999905e-01
-2.369699999999999862e-01 -6.183650000000000535e-01 1.852050000000000085e-01
6.051900000000000335e-02 -6.300470000000000237e-01 -2.683539999999999814e-01
-3.591199999999999948e-02 -6.879370000000000207e-01 4.615099999999999758e-02
-1.139000000000000082e-02 -5.947649999999999881e-01 -3.133940000000000059e-01
-1.803089999999999971e-01 -5.944129999999999692e-01 -2.555850000000000066e-01
-1.213099999999999942e-02 -5.454900000000000304e-01 -3.710010000000000252e-01
-4.784200000000000258e-02 -5.099380000000000024e-01 -3.585019999999999873e-01
-9.136000000000000024e-03 -5.336530000000000440e-01 -2.894599999999999951e-01
1.470899999999999985e-02 -3.558290000000000064e-01 -4.611629999999999896e-01
-3.113600000000000048e-02 -3.448180000000000134e-01 -4.342949999999999866e-01
-2.356700000000000114e-02 -3.251009999999999733e-01 -4.614199999999999968e-01
-9.052399999999999336e-02 -2.494780000000000053e-01 -5.274389999999999912e-01
-6.602800000000000336e-02 -3.088219999999999854e-01 -4.948449999999999793e-01
-1.801499999999999976e-02 -3.021570000000000089e-01 -4.489650000000000030e-01
2.954499999999999835e-02 -2.509330000000000171e-01 -4.610790000000000166e-01
-8.395400000000000085e-02 -2.499679999999999958e-01 -4.444449999999999790e-01
5.979700000000000293e-02 -3.295560000000000156e-01 -4.678669999999999773e-01
1.899500000000000147e-02 -2.826239999999999863e-01 -4.476019999999999999e-01
-1.048100000000000073e-02 -3.276140000000000163e-01 -4.519329999999999736e-01
2.161300000000000027e-02 -5.313769999999999882e-01 -2.307359999999999967e-01
-1.147200000000000025e-01 -5.230709999999999527e-01 -9.544600000000000306e-02
-6.534500000000000031e-02 -5.594470000000000276e-01 7.600500000000000311e-02
-2.234119999999999995e-01 -5.197389999999999510e-01 2.838220000000000187e-01
-1.724650000000000072e-01 -5.233929999999999971e-01 3.639339999999999797e-01
-9.309900000000000120e-02 -5.307269999999999488e-01 3.639209999999999945e-01
-1.445549999999999891e-01 -5.523299999999999876e-01 4.071350000000000247e-01
-2.512320000000000109e-01 -4.544980000000000131e-01 4.264060000000000072e-01
-1.049500000000000086e-02 -5.045960000000000445e-01 3.530539999999999790e-01
-1.289069999999999938e-01 -4.479739999999999833e-01 3.781709999999999794e-01
-1.780529999999999891e-01 -4.394600000000000173e-01 4.102930000000000188e-01
-2.148569999999999924e-01 -4.452289999999999859e-01 3.794690000000000007e-01
-1.099490000000000051e-01 -6.198209999999999553e-01 3.727699999999999902e-01
-8.590200000000000613e-02 -7.017109999999999737e-01 3.093119999999999759e-01
-9.871299999999999519e-02 -6.325209999999999999e-01 3.498399999999999843e-01
-2.271680000000000088e-01 -4.425850000000000062e-01 4.056049999999999933e-01
-2.374050000000000049e-01 -4.480739999999999723e-01 3.435529999999999973e-01
2.554400000000000073e-02 -4.417599999999999860e-01 3.241550000000000264e-01
2.811699999999999963e-02 -4.101049999999999973e-01 3.413749999999999840e-01
1.144099999999999978e-01 -2.227349999999999886e-01 1.705430000000000001e-01
1.512390000000000123e-01 -2.909019999999999939e-01 7.407600000000000295e-02
