-5.671699999999999658e-02 -3.182670000000000221e-01 -4.623450000000000060e-01
-2.538980000000000126e-01 -6.288499999999999646e-02 -2.509319999999999884e-01
-4.033379999999999743e-01 -1.477680000000000105e-01 -2.025949999999999973e-01
-3.063989999999999769e-01 -1.664410000000000056e-01 -4.161679999999999824e-01
-3.116800000000000126e-01 -6.351099999999999801e-02 -4.635270000000000223e-01
-2.894360000000000266e-01 -8.872700000000000031e-02 -4.215419999999999723e-01
-3.024560000000000026e-01 -5.393200000000000077e-02 -4.454540000000000166e-01
-3.662449999999999872e-01 2.197299999999999948e-02 -4.220920000000000227e-01
-3.484990000000000032e-01 -4.522799999999999737e-02 -4.271150000000000224e-01
-3.967939999999999801e-01 9.189200000000000146e-02 -4.450219999999999732e-01
-2.646720000000000184e-01 4.363899999999999724e-02 -4.936670000000000225e-01
-2.156500000000000083e-01 1.708900000000000002e-02 -5.267539999999999445e-01
-2.150160000000000127e-01 -1.306500000000000022e-02 -5.041349999999999998e-01
-2.849349999999999938e-01 -1.419699999999999955e-02 -5.154990000000000405e-01
-2.354539999999999966e-01 -8.589800000000000213e-02 -5.034739999999999771e-01
-2.214299999999999879e-01 -1.118699999999999972e-01 -5.104929999999999746e-01
-2.384640000000000093e-01 -1.440059999999999951e-01 -4.426200000000000134e-01
-4.269910000000000094e-01 -6.990300000000000680e-02 -3.343119999999999981e-01
-3.874349999999999739e-01 -7.748199999999999532e-02 -2.682640000000000025e-01
-3.390440000000000120e-01 -1.016259999999999941e-01 -8.678700000000000303e-02
-3.012070000000000025e-01 -1.608580000000000010e-01 1.198160000000000058e-01
-3.264529999999999932e-01 -8.231099999999999528e-02 1.929279999999999884e-01
-2.988580000000000125e-01 -1.259099999999999976e-02 2.826440000000000063e-01
-1.406900000000000095e-01 -2.063379999999999936e-01 3.708239999999999870e-01
-7.705599999999999949e-02 -2.227629999999999888e-01 3.552190000000000070e-01
-1.165370000000000017e-01 -2.357400000000000051e-01 3.601650000000000129e-01
-1.291549999999999920e-01 -2.002269999999999883e-01 3.792179999999999995e-01
-2.355600000000000055e-02 -1.921180000000000110e-01 3.720049999999999746e-01
-3.998499999999999971e-02 -2.268090000000000106e-01 3.635769999999999835e-01
-1.628070000000000073e-01 -1.662019999999999886e-01 4.223720000000000252e-01
-2.368999999999999995e-01 -2.192729999999999957e-01 4.618610000000000215e-01
-1.451570000000000082e-01 -2.605450000000000266e-01 4.641939999999999955e-01
-9.421000000000000207e-02 -1.066620000000000068e-01 3.626659999999999884e-01
-8.816499999999999337e-02 -1.619490000000000096e-01 3.143779999999999908e-01
-2.421929999999999916e-01 -3.101579999999999893e-01 3.626739999999999964e-01
-2.217369999999999897e-01 -4.716699999999999782e-01 2.867419999999999969e-01
-2.093700000000000006e-01 -2.663070000000000159e-01 1.745440000000000047e-01
-2.442539999999999989e-01 -3.103009999999999935e-01 1.467970000000000108e-01
-1.126869999999999955e-01 -5.328869999999999996e-01 1.344829999999999914e-01
-2.730360000000000009e-01 -4.676690000000000014e-01 -1.644400000000000028e-02
-3.140629999999999811e-01 -5.259260000000000046e-01 8.158700000000000674e-02
4.992800000000000016e-02 -2.866790000000000171e-01 -1.686789999999999956e-01
1.409600000000000020e-01 -3.781089999999999729e-01 -1.073749999999999982e-01
9.954399999999999360e-02 -3.236600000000000033e-01 -4.089769999999999794e-01
-1.841760000000000064e-01 -4.252569999999999961e-01 -2.986460000000000226e-01
-1.318539999999999990e-01 -4.391269999999999896e-01 -3.790640000000000120e-01
-1.813720000000000054e-01 -3.587090000000000001e-01 -2.582329999999999903e-01
-1.568509999999999904e-01 -2.280840000000000090e-01 -4.175110000000000210e-01
-1.043670000000000014e-01 -2.359630000000000061e-01 -4.834570000000000256e-01
-1.671940000000000093e-01 -3.067969999999999864e-01 -4.695520000000000249e-01
-9.238899999999999890e-02 -4.080400000000000138e-01 -4.471370000000000067e-01
-6.590600000000000624e-02 -4.550339999999999940e-01 -4.247879999999999989e-01
-7.413400000000000545e-02 -4.035909999999999775e-01 -4.716879999999999962e-01
-1.222609999999999947e-01 -3.737300000000000066e-01 -5.100869999999999571e-01
-1.195879999999999999e-01 -3.583109999999999906e-01 -4.795630000000000170e-01
-1.376840000000000008e-01 -3.191939999999999777e-01 -4.271389999999999909e-01
-1.450079999999999980e-01 -2.352899999999999991e-01 -4.628849999999999909e-01
-1.376310000000000033e-01 -2.463859999999999939e-01 -4.694019999999999859e-01
-1.584339999999999915e-01 -2.865900000000000114e-01 -3.607779999999999876e-01
-1.160810000000000036e-01 -2.668820000000000081e-01 -2.727930000000000077e-01
-2.171200000000000074e-01 -1.620369999999999866e-01 -1.726169999999999927e-01
-7.666499999999999704e-02 -2.944030000000000258e-01 -3.257399999999999879e-02
1.754400000000000057e-02 -3.490010000000000057e-01 7.721999999999999698e-02
-1.159789999999999988e-01 -3.510929999999999884e-01 2.472900000000000098e-01
-1.056150000000000005e-01 -3.542429999999999746e-01 3.249000000000000221e-01
-6.110399999999999859e-02 -3.272329999999999961e-01 3.410980000000000123e-01
-1.152279999999999971e-01 -1.818980000000000041e-01 3.490090000000000137e-01
-1.278400000000000022e-02 -2.877700000000000258e-01 4.119650000000000256e-01
-6.142299999999999843e-02 -1.955800000000000038e-01 3.849600000000000244e-01
-1.234070000000000028e-01 -1.633340000000000070e-01 3.991549999999999820e-01
-1.539010000000000100e-01 -1.253620000000000012e-01 3.453249999999999931e-01
-5.845899999999999708e-02 -1.888219999999999898e-01 3.603230000000000044e-01
-3.676399999999999807e-02 -3.587090000000000001e-01 3.598850000000000104e-01
-1.216899999999999926e-02 -5.677039999999999864e-01 2.961269999999999736e-01
-1.236450000000000049e-01 -5.578340000000000520e-01 3.028600000000000181e-01
-1.136900000000000063e-02 -5.020959999999999868e-01 2.556919999999999749e-01
2.148399999999999962e-02 -5.367859999999999854e-01 2.966829999999999745e-01
-1.941839999999999955e-01 -3.632980000000000098e-01 1.482040000000000024e-01
-2.798700000000000146e-02 -3.757530000000000037e-01 2.474300000000000110e-02
