-3.597890000000000255e-01 -4.502050000000000218e-01 -2.932660000000000267e-01
-4.986599999999999921e-01 -3.402970000000000161e-01 -4.929140000000000188e-01
-6.411700000000000177e-01 -3.632730000000000126e-01 -3.693779999999999841e-01
-5.903209999999999846e-01 -3.243329999999999824e-01 -3.672309999999999741e-01
-5.614149999999999974e-01 -2.315059999999999896e-01 -4.431660000000000044e-01
-4.951949999999999963e-01 -2.078879999999999895e-01 -4.861150000000000193e-01
-4.123260000000000258e-01 -1.609180000000000055e-01 -4.889760000000000217e-01
-5.065420000000000478e-01 -4.825100000000000222e-02 -4.346700000000000008e-01
-4.934459999999999957e-01 -1.956600000000000006e-02 -4.566069999999999851e-01
-5.543029999999999902e-01 8.551899999999999780e-02 -4.689590000000000147e-01
-5.229989999999999917e-01 1.182000000000000108e-03 -4.635029999999999983e-01
-5.364269999999999872e-01 1.281000000000000021e-02 -4.860860000000000181e-01
-4.329180000000000250e-01 -6.283099999999999796e-02 -4.891940000000000177e-01
-5.682300000000000129e-01 -4.874699999999999867e-02 -4.275979999999999781e-01
-5.151860000000000328e-01 -2.891850000000000254e-01 -3.644510000000000249e-01
-5.331129999999999480e-01 -2.236499999999999877e-01 -2.988290000000000113e-01
-6.052539999999999587e-01 -5.675600000000000089e-02 -3.074930000000000163e-01
-5.966409999999999769e-01 -1.570610000000000062e-01 -2.105920000000000014e-01
-5.396689999999999543e-01 -2.578909999999999814e-01 -1.639950000000000019e-01
-5.843880000000000186e-01 -2.108879999999999921e-01 -5.307900000000000118e-02
-5.570880000000000276e-01 -2.396540000000000059e-01 2.428800000000000056e-02
-5.420749999999999735e-01 -2.712919999999999776e-01 1.080190000000000039e-01
-5.207889999999999464e-01 -3.537919999999999954e-01 1.872209999999999985e-01
-5.983079999999999510e-01 -3.530280000000000085e-01 2.552309999999999857e-01
-5.399370000000000003e-01 -3.850339999999999874e-01 3.202619999999999911e-01
-5.014650000000000496e-01 -4.071819999999999884e-01 2.969379999999999797e-01
-5.259089999999999598e-01 -4.228459999999999996e-01 3.600149999999999739e-01
-5.459420000000000384e-01 -3.906430000000000180e-01 3.436020000000000185e-01
-5.269000000000000350e-01 -3.355529999999999902e-01 3.412299999999999778e-01
-5.475400000000000267e-01 -3.871560000000000001e-01 2.838979999999999837e-01
-4.927849999999999731e-01 -3.708790000000000142e-01 2.942279999999999895e-01
-4.578690000000000260e-01 -3.928679999999999950e-01 3.044129999999999892e-01
-5.217270000000000518e-01 -4.693359999999999754e-01 3.269949999999999801e-01
-5.219329999999999803e-01 -5.665339999999999820e-01 2.150340000000000029e-01
-4.575119999999999743e-01 -4.179320000000000257e-01 1.835029999999999994e-01
-4.925100000000000033e-01 -4.756009999999999960e-01 2.696779999999999733e-01
-4.983879999999999977e-01 -5.144360000000000044e-01 1.115870000000000056e-01
-4.402340000000000142e-01 -5.483599999999999586e-01 8.234299999999999953e-02
-3.337570000000000259e-01 -5.387269999999999559e-01 -1.853569999999999940e-01
-2.941150000000000153e-01 -5.995789999999999731e-01 -2.130549999999999944e-01
-1.247400000000000037e-01 -3.178989999999999871e-01 -1.616700000000000081e-02
-8.175899999999999834e-02 -3.573080000000000145e-01 -9.408600000000000296e-02
-1.720959999999999990e-01 -2.184730000000000005e-01 6.041900000000000048e-02
-4.425810000000000022e-01 -4.901050000000000129e-01 -1.651170000000000138e-01
-4.665819999999999967e-01 -5.217770000000000463e-01 -1.748919999999999919e-01
-4.809860000000000246e-01 -2.596100000000000074e-01 -4.470439999999999969e-01
-5.354440000000000310e-01 -1.908680000000000099e-01 -3.905429999999999735e-01
-5.245699999999999807e-01 -3.417089999999999850e-01 -2.653650000000000175e-01
-3.719399999999999928e-01 -1.960189999999999988e-01 -3.177180000000000004e-01
-5.049789999999999557e-01 -9.995099999999999818e-02 -3.456589999999999940e-01
-4.937030000000000030e-01 -9.432699999999999418e-02 -4.029909999999999881e-01
-4.725989999999999913e-01 -2.033649999999999902e-01 -4.086339999999999972e-01
-4.206309999999999771e-01 -1.568900000000000017e-01 -4.711330000000000240e-01
-4.494770000000000154e-01 -1.914420000000000011e-01 -5.452529999999999877e-01
-4.197319999999999940e-01 -1.192099999999999965e-01 -5.273849999999999927e-01
-4.792759999999999798e-01 -2.080160000000000065e-01 -5.003929999999999767e-01
-5.145309999999999606e-01 -1.191789999999999933e-01 -4.762939999999999952e-01
-4.419210000000000083e-01 -1.977359999999999951e-01 -5.042499999999999760e-01
-5.146399999999999864e-01 -2.165430000000000132e-01 -4.812370000000000259e-01
-5.518939999999999957e-01 -2.700449999999999795e-01 -4.287900000000000045e-01
-5.046760000000000135e-01 -3.644240000000000257e-01 -4.274959999999999871e-01
-5.305520000000000236e-01 -3.581010000000000026e-01 -2.805880000000000041e-01
-5.780129999999999990e-01 -3.311149999999999927e-01 -1.042590000000000044e-01
-5.597170000000000201e-01 -3.300710000000000033e-01 8.477200000000000013e-02
-4.619690000000000185e-01 -3.770979999999999888e-01 1.941849999999999965e-01
-4.915169999999999817e-01 -3.439360000000000195e-01 2.555790000000000006e-01
-4.860470000000000068e-01 -4.261460000000000248e-01 3.719819999999999793e-01
-5.346830000000000194e-01 -4.346700000000000008e-01 3.525289999999999813e-01
-4.949430000000000218e-01 -4.190599999999999881e-01 3.460360000000000102e-01
-5.059360000000000523e-01 -3.591230000000000255e-01 2.821310000000000207e-01
-5.177399999999999780e-01 -2.953390000000000182e-01 3.196269999999999945e-01
-5.236920000000000464e-01 -3.081070000000000197e-01 3.054620000000000113e-01
-5.472069999999999990e-01 -4.163970000000000171e-01 3.624629999999999797e-01
-5.829959999999999587e-01 -3.957979999999999832e-01 3.613040000000000140e-01
-4.887599999999999723e-01 -4.753800000000000248e-01 3.058839999999999892e-01
-4.692089999999999872e-01 -5.400099999999999900e-01 2.955369999999999941e-01
-5.001860000000000195e-01 -4.945309999999999984e-01 3.271109999999999851e-01
-4.384990000000000276e-01 -4.435310000000000086e-01 2.771950000000000247e-01
-3.992709999999999870e-01 -4.738020000000000009e-01 2.378830000000000111e-01
-4.581200000000000272e-01 -3.973849999999999882e-01 1.654289999999999927e-01
-4.288859999999999895e-01 -6.148660000000000236e-01 1.768589999999999884e-01
-3.732719999999999927e-01 -5.408929999999999572e-01 1.691860000000000031e-01
-3.000410000000000021e-01 -6.204800000000000315e-01 -1.188999999999999953e-02
-1.471909999999999885e-01 -4.759430000000000049e-01 -1.023020000000000040e-01
-1.860620000000000052e-01 -4.570810000000000151e-01 -8.931000000000000050e-02
-4.771700000000000247e-02 -4.295900000000000274e-01 -1.407599999999999962e-01
-3.409710000000000241e-01 -5.357880000000000420e-01 -4.673399999999999777e-02
-2.840750000000000219e-01 -5.435689999999999689e-01 -1.437070000000000014e-01
1.230599999999999923e-02 -3.942289999999999961e-01 -3.545530000000000070e-01
-3.050200000000000133e-02 -2.678639999999999910e-01 -4.641910000000000203e-01
-1.643930000000000113e-01 -2.536000000000000060e-02 -4.995299999999999740e-01
-1.460249999999999881e-01 -5.987800000000000067e-02 -5.273999999999999799e-01
-1.220669999999999950e-01 1.544190000000000007e-01 -5.372959999999999958e-01
3.820000000000000045e-03 1.541269999999999862e-01 -6.097510000000000430e-01
8.779199999999999504e-02 1.386040000000000050e-01 -6.012459999999999471e-01
-1.108299999999999980e-01 2.908410000000000162e-01 -5.660180000000000211e-01
-1.378610000000000113e-01 2.303139999999999910e-01 -5.853120000000000545e-01
-1.800360000000000016e-01 2.274889999999999968e-01 -5.585179999999999589e-01
-1.243549999999999933e-01 2.001489999999999936e-01 -5.214630000000000098e-01
-1.956229999999999913e-01 1.899409999999999987e-01 -4.726909999999999723e-01
-2.734880000000000089e-01 3.154620000000000202e-01 -4.618929999999999980e-01
-1.807249999999999968e-01 3.110439999999999872e-01 -4.042830000000000035e-01
-1.327220000000000066e-01 3.507910000000000195e-01 -3.467870000000000119e-01
-1.944279999999999897e-01 4.383969999999999811e-01 -1.697879999999999945e-01
-2.449890000000000123e-01 4.263060000000000183e-01 6.420499999999999818e-02
-2.489030000000000131e-01 4.793189999999999951e-01 1.863209999999999866e-01
-1.862199999999999966e-01 4.715360000000000107e-01 3.138349999999999751e-01
-1.647820000000000118e-01 4.607519999999999949e-01 4.074639999999999929e-01
-1.471089999999999898e-01 4.059940000000000215e-01 4.455669999999999908e-01
-3.222430000000000017e-01 4.283230000000000093e-01 5.415799999999999503e-01
-2.597220000000000084e-01 3.717050000000000076e-01 5.431099999999999817e-01
-2.690939999999999999e-01 3.548580000000000068e-01 6.007900000000000462e-01
-1.999779999999999891e-01 3.082949999999999857e-01 5.877419999999999867e-01
-9.933000000000000163e-02 1.638670000000000126e-01 5.910260000000000513e-01
-1.412110000000000032e-01 2.911429999999999851e-01 5.806320000000000370e-01
-2.495040000000000036e-01 3.072150000000000158e-01 5.601279999999999593e-01
-2.578480000000000216e-01 3.641340000000000132e-01 5.477440000000000087e-01
-2.394920000000000104e-01 3.016019999999999812e-01 5.560540000000000482e-01
-2.158569999999999933e-01 2.533400000000000096e-01 5.295050000000000034e-01
-1.226310000000000039e-01 1.934049999999999936e-01 5.161419999999999897e-01
-1.570169999999999899e-01 2.010520000000000085e-01 5.918139999999999512e-01
-6.166399999999999659e-02 1.150769999999999987e-01 3.721829999999999861e-01
