-2.203849999999999976e-01 2.520200000000000218e-01 -5.343700000000000117e-01
-1.539129999999999943e-01 2.992319999999999980e-01 -5.914800000000000058e-01
-1.027750000000000052e-01 2.180269999999999986e-01 -5.608389999999999764e-01
-2.348099999999999840e-02 2.984820000000000251e-01 -5.677969999999999962e-01
-1.369889999999999997e-01 3.810009999999999786e-01 -4.968839999999999923e-01
-2.075700000000000045e-01 4.221119999999999872e-01 -4.622970000000000135e-01
-1.243979999999999947e-01 4.151250000000000218e-01 -4.276519999999999766e-01
-1.276329999999999965e-01 4.167799999999999838e-01 -4.733350000000000057e-01
-8.809400000000000563e-02 3.687790000000000235e-01 -4.501129999999999853e-01
-5.955200000000000077e-02 4.763270000000000004e-01 -5.242869999999999475e-01
7.971200000000000507e-02 3.654120000000000146e-01 -5.028439999999999577e-01
-5.469099999999999656e-02 4.279529999999999723e-01 -4.707959999999999923e-01
7.195999999999999619e-02 3.667710000000000137e-01 -4.433309999999999751e-01
7.557000000000000349e-03 4.057939999999999880e-01 -3.973639999999999950e-01
1.231200000000000003e-02 5.121980000000000421e-01 -2.962000000000000188e-01
-1.805710000000000093e-01 5.704209999999999559e-01 -1.706969999999999876e-01
-2.183130000000000071e-01 6.147000000000000242e-01 -2.039200000000000040e-02
-1.972970000000000002e-01 6.443710000000000271e-01 1.106919999999999987e-01
-1.543799999999999895e-01 6.937299999999999578e-01 1.367919999999999969e-01
-7.007199999999999540e-02 6.254979999999999984e-01 2.253110000000000113e-01
-2.092529999999999946e-01 6.909410000000000274e-01 2.812669999999999892e-01
-2.123539999999999872e-01 6.243670000000000053e-01 3.504220000000000113e-01
-2.237969999999999959e-01 5.950039999999999774e-01 3.750519999999999965e-01
-1.844880000000000131e-01 5.249589999999999534e-01 4.146170000000000133e-01
-2.756779999999999786e-01 5.945439999999999614e-01 3.845149999999999957e-01
-2.339630000000000043e-01 6.215100000000000069e-01 4.124019999999999908e-01
-1.743820000000000092e-01 5.912129999999999885e-01 4.768299999999999761e-01
-2.066910000000000136e-01 5.972570000000000379e-01 5.151649999999999840e-01
-1.309049999999999936e-01 6.219090000000000451e-01 4.979779999999999762e-01
-6.358800000000000563e-02 5.563949999999999729e-01 5.542340000000000044e-01
-8.680000000000000215e-02 5.435759999999999481e-01 5.112919999999999687e-01
8.123999999999999277e-03 5.497379999999999489e-01 4.759479999999999822e-01
-6.922699999999999687e-02 4.967170000000000196e-01 5.396720000000000406e-01
-3.213699999999999890e-02 4.279120000000000146e-01 5.568840000000000456e-01
9.285999999999999810e-02 3.140910000000000091e-01 4.547640000000000016e-01
1.625139999999999918e-01 1.966269999999999962e-01 2.822459999999999969e-01
1.407549999999999912e-01 9.331299999999999317e-02 1.793780000000000097e-01
1.706179999999999919e-01 8.973399999999999432e-02 9.777399999999999980e-02
2.572570000000000134e-01 -4.114700000000000302e-02 9.721699999999999786e-02
3.172590000000000132e-01 2.484250000000000069e-01 2.460440000000000127e-01
4.624460000000000237e-01 5.013499999999999901e-02 3.146229999999999860e-01
6.416060000000000096e-01 9.771199999999999330e-02 2.974539999999999962e-01
6.400169999999999471e-01 2.490020000000000011e-01 2.574139999999999762e-01
7.449210000000000553e-01 7.177200000000000246e-02 2.519339999999999913e-01
7.138419999999999765e-01 2.557119999999999949e-01 2.263769999999999949e-01
7.259290000000000465e-01 2.446429999999999993e-01 1.272379999999999900e-01
6.971150000000000402e-01 2.691979999999999928e-01 1.501379999999999937e-01
7.018029999999999546e-01 2.146480000000000055e-01 8.390400000000000635e-02
6.960849999999999538e-01 2.443750000000000089e-01 8.555599999999999317e-02
7.073469999999999480e-01 2.222310000000000119e-01 1.563489999999999880e-01
7.286799999999999944e-01 1.621190000000000131e-01 1.539059999999999873e-01
6.968320000000000070e-01 2.424939999999999873e-01 1.520809999999999940e-01
6.312050000000000161e-01 2.380160000000000053e-01 2.140589999999999993e-01
6.072950000000000292e-01 9.362800000000000289e-02 2.596169999999999867e-01
5.362500000000000044e-01 2.162739999999999940e-01 3.144359999999999933e-01
3.962289999999999979e-01 2.814559999999999840e-01 2.657100000000000017e-01
4.473949999999999871e-01 3.416950000000000265e-01 1.472620000000000040e-01
2.966900000000000093e-01 3.757400000000000184e-01 1.185419999999999946e-01
1.470619999999999983e-01 4.735869999999999802e-01 2.303499999999999992e-02
1.454900000000000082e-01 5.031719999999999526e-01 -7.846000000000000196e-02
2.151000000000000134e-02 4.986579999999999901e-01 -1.689809999999999923e-01
2.387739999999999863e-01 3.989360000000000128e-01 -2.681709999999999927e-01
1.682190000000000074e-01 4.299760000000000248e-01 -3.357189999999999896e-01
1.279430000000000012e-01 4.357199999999999962e-01 -4.165650000000000186e-01
1.627500000000000058e-01 4.091679999999999762e-01 -3.945930000000000271e-01
4.413700000000000262e-02 3.775390000000000135e-01 -3.816410000000000080e-01
2.070599999999999871e-02 3.600430000000000019e-01 -3.791729999999999823e-01
2.214999999999999955e-02 3.831660000000000066e-01 -5.160249999999999559e-01
7.724799999999999722e-02 2.877290000000000125e-01 -5.296110000000000539e-01
-2.965999999999999887e-03 2.878569999999999740e-01 -4.699980000000000269e-01
9.974299999999999833e-02 2.470620000000000038e-01 -5.214509999999999978e-01
6.926000000000000212e-02 2.313630000000000131e-01 -5.236220000000000319e-01
2.067999999999999960e-03 2.837100000000000177e-01 -4.942019999999999746e-01
3.735000000000000125e-02 2.820289999999999742e-01 -4.929049999999999820e-01
6.001200000000000284e-02 2.400410000000000044e-01 -5.323649999999999771e-01
9.754000000000000170e-02 2.670930000000000248e-01 -4.730639999999999845e-01
9.303000000000000158e-02 3.076010000000000133e-01 -4.417479999999999740e-01
5.586800000000000099e-02 2.627380000000000271e-01 -4.083519999999999928e-01
9.752800000000000358e-02 2.417670000000000097e-01 -4.498900000000000121e-01
1.251629999999999965e-01 2.196869999999999934e-01 -4.164349999999999996e-01
8.220000000000000310e-04 -1.554200000000000026e-02 -1.952760000000000051e-01
7.905099999999999627e-02 -2.464520000000000044e-01 3.516899999999999887e-02
-3.282600000000000101e-02 -3.746610000000000218e-01 1.775859999999999939e-01
-2.264579999999999926e-01 -4.474069999999999991e-01 2.779240000000000044e-01
-1.833410000000000040e-01 -4.802230000000000110e-01 3.307220000000000160e-01
-9.106400000000000605e-02 -5.222299999999999720e-01 3.464960000000000262e-01
-1.078179999999999972e-01 -5.474250000000000504e-01 3.427780000000000271e-01
-1.594079999999999941e-01 -5.867790000000000505e-01 3.532279999999999864e-01
-1.362349999999999950e-01 -6.373189999999999689e-01 3.279150000000000120e-01
-6.142999999999999849e-02 -6.735989999999999478e-01 3.623979999999999979e-01
-7.581899999999999751e-02 -6.002459999999999463e-01 4.056130000000000013e-01
-7.579199999999999826e-02 -5.236779999999999768e-01 4.005619999999999736e-01
-2.180840000000000001e-01 -4.868109999999999937e-01 3.988399999999999723e-01
-2.329390000000000072e-01 -4.675599999999999756e-01 3.446810000000000151e-01
-7.742899999999999783e-02 -3.875439999999999996e-01 1.512040000000000051e-01
-1.521230000000000082e-01 -2.580330000000000124e-01 8.396099999999999397e-02
5.375200000000000117e-02 -1.984239999999999893e-01 -3.341199999999999726e-02
