-2.645350000000000201e-01 4.617450000000000165e-01 -4.599449999999999927e-01
-2.082040000000000002e-01 4.140059999999999851e-01 -6.107230000000000159e-01
-2.622820000000000151e-01 3.681110000000000215e-01 -5.662500000000000311e-01
-2.655190000000000050e-01 3.765410000000000146e-01 -4.876090000000000146e-01
-2.977239999999999887e-01 4.324160000000000226e-01 -4.371909999999999963e-01
-2.906119999999999814e-01 3.858130000000000170e-01 -4.361860000000000182e-01
-2.830529999999999990e-01 4.194769999999999888e-01 -4.414589999999999903e-01
-2.828869999999999996e-01 4.592350000000000043e-01 -4.513880000000000114e-01
-1.819550000000000056e-01 4.125550000000000050e-01 -4.586180000000000256e-01
-2.226529999999999898e-01 4.804309999999999969e-01 -4.173239999999999728e-01
-2.033200000000000007e-01 4.456189999999999873e-01 -4.554869999999999752e-01
-2.690660000000000274e-01 4.381160000000000054e-01 -3.880500000000000060e-01
-1.982549999999999868e-01 5.381179999999999852e-01 -3.661659999999999915e-01
-9.436700000000000643e-02 4.961969999999999992e-01 -2.803860000000000241e-01
-3.119999999999999857e-02 5.161900000000000377e-01 -1.782650000000000068e-01
-1.082810000000000022e-01 5.699840000000000462e-01 -2.749499999999999861e-02
-1.322820000000000107e-01 6.568380000000000329e-01 3.309000000000000136e-02
-1.125319999999999931e-01 6.712289999999999646e-01 1.081570000000000031e-01
-9.410399999999999321e-02 6.475189999999999557e-01 1.566460000000000075e-01
-5.344299999999999745e-02 6.262060000000000404e-01 2.493960000000000066e-01
-1.258749999999999869e-01 6.407119999999999482e-01 3.449969999999999981e-01
-1.176959999999999951e-01 6.364079999999999737e-01 3.662869999999999737e-01
-1.171650000000000053e-01 6.264659999999999673e-01 4.348639999999999728e-01
-9.716500000000000137e-02 5.813310000000000421e-01 4.561709999999999932e-01
-8.845799999999999497e-02 5.701490000000000169e-01 4.601040000000000130e-01
-1.796609999999999874e-01 5.993460000000000454e-01 4.976760000000000073e-01
-3.561399999999999982e-02 5.733239999999999448e-01 5.160559999999999592e-01
5.187499999999999750e-02 5.187429999999999541e-01 5.572179999999999911e-01
3.579399999999999943e-02 4.974279999999999813e-01 5.822800000000000198e-01
7.950200000000000322e-02 3.441100000000000270e-01 5.745109999999999939e-01
6.429600000000000593e-02 5.358309999999999462e-01 5.007700000000000484e-01
3.796200000000000269e-02 5.630119999999999569e-01 5.194100000000000383e-01
1.606200000000000128e-01 3.958169999999999744e-01 5.088030000000000053e-01
5.317000000000000198e-02 4.899729999999999919e-01 4.902650000000000063e-01
9.845099999999999685e-02 4.953879999999999950e-01 5.023100000000000342e-01
4.079820000000000113e-01 1.652379999999999960e-01 2.062150000000000094e-01
2.677999999999999825e-01 3.010379999999999723e-01 2.245860000000000078e-01
2.143100000000000005e-01 2.192989999999999939e-01 2.361330000000000096e-01
6.450299999999999923e-01 1.212759999999999949e-01 7.111299999999999566e-02
7.246500000000000163e-01 -2.916600000000000095e-02 2.743920000000000248e-01
7.048090000000000188e-01 1.457340000000000024e-01 1.763730000000000020e-01
7.423410000000000286e-01 1.427759999999999863e-01 2.216690000000000049e-01
7.563509999999999955e-01 1.514159999999999950e-01 2.534739999999999771e-01
7.517939999999999623e-01 2.590370000000000172e-01 2.277659999999999962e-01
7.511949999999999461e-01 1.447050000000000003e-01 2.722399999999999820e-01
7.526329999999999965e-01 1.249979999999999980e-01 2.924740000000000117e-01
7.075550000000000450e-01 1.487360000000000071e-01 2.489000000000000101e-01
7.103260000000000129e-01 2.129749999999999976e-01 2.138279999999999903e-01
7.236569999999999947e-01 1.224100000000000014e-02 2.840500000000000247e-01
6.850399999999999823e-01 -7.260199999999999987e-02 3.236100000000000088e-01
6.367620000000000502e-01 -1.293980000000000130e-01 3.290600000000000191e-01
4.978509999999999880e-01 -1.242150000000000060e-01 3.830609999999999848e-01
3.732010000000000050e-01 -1.000690000000000052e-01 3.877800000000000136e-01
2.612099999999999977e-01 -2.233080000000000065e-01 4.101099999999999746e-01
1.409330000000000027e-01 -2.802319999999999811e-01 3.528000000000000025e-01
2.887999999999999942e-02 -2.166049999999999920e-01 2.300220000000000042e-01
-2.620899999999999966e-02 -2.363770000000000038e-01 3.153700000000000253e-02
-2.986799999999999872e-02 -1.605290000000000050e-01 -1.384710000000000107e-01
-8.917600000000000526e-02 -2.805159999999999876e-01 -1.263990000000000113e-01
-5.360399999999999887e-02 -2.227619999999999878e-01 -2.968799999999999772e-01
5.963999999999999684e-03 -2.262299999999999867e-01 -3.594260000000000232e-01
2.106999999999999845e-02 -1.086609999999999937e-01 -3.774460000000000037e-01
-1.429060000000000052e-01 6.776899999999999591e-02 -3.591670000000000140e-01
-5.048199999999999910e-02 5.050299999999999928e-02 -4.499380000000000046e-01
-1.476899999999999914e-02 -1.605840000000000045e-01 -4.745389999999999886e-01
-7.839999999999999747e-04 -1.176930000000000059e-01 -5.247990000000000155e-01
-7.197499999999999731e-02 -1.460780000000000134e-01 -5.234609999999999541e-01
-6.899099999999999677e-02 -7.946699999999999597e-02 -5.382770000000000055e-01
-1.600999999999999993e-03 -1.054989999999999956e-01 -5.441179999999999906e-01
-3.652899999999999897e-02 -2.322390000000000010e-01 -4.215800000000000103e-01
-1.617999999999999994e-02 -1.515710000000000113e-01 -4.202770000000000117e-01
-1.079159999999999980e-01 -9.554500000000000492e-02 -3.988559999999999883e-01
-4.546800000000000147e-02 -1.467680000000000096e-01 -4.344589999999999841e-01
-8.993299999999999905e-02 -2.047940000000000038e-01 -3.953619999999999912e-01
-1.055500000000000049e-01 -3.302260000000000195e-01 -3.727019999999999778e-01
-8.513700000000000434e-02 -3.711160000000000014e-01 -3.698509999999999853e-01
-1.103810000000000069e-01 -3.674310000000000076e-01 -3.183090000000000086e-01
-1.477719999999999867e-01 -3.714740000000000264e-01 -2.324610000000000010e-01
-8.434200000000000030e-02 -3.415949999999999820e-01 -1.967669999999999975e-01
-2.103420000000000012e-01 -3.325649999999999995e-01 1.650099999999999831e-02
-1.711189999999999933e-01 -1.881549999999999889e-01 1.004199999999999954e-01
-1.483329999999999926e-01 4.229900000000000326e-02 1.358640000000000125e-01
8.626699999999999646e-02 3.109689999999999954e-01 -2.406000000000000152e-03
1.113040000000000002e-01 4.287710000000000132e-01 1.214749999999999996e-01
1.692240000000000133e-01 4.666279999999999872e-01 1.905060000000000087e-01
9.251600000000000101e-02 5.177939999999999765e-01 3.134109999999999951e-01
-2.917099999999999901e-02 5.161540000000000017e-01 3.948079999999999923e-01
9.547300000000000231e-02 4.869879999999999765e-01 3.334880000000000067e-01
-4.481600000000000167e-02 4.611609999999999876e-01 3.779750000000000054e-01
4.812700000000000311e-02 5.701049999999999729e-01 1.736920000000000130e-01
8.530000000000000082e-02 5.119050000000000544e-01 -2.296999999999999997e-03
1.243820000000000064e-01 4.119959999999999734e-01 -1.537419999999999898e-01
6.583300000000000263e-02 2.645890000000000186e-01 -9.991700000000000581e-02
6.246899999999999675e-02 9.680900000000000616e-02 -1.100369999999999959e-01
8.909000000000000252e-03 -2.334100000000000064e-01 -8.660700000000000343e-02
2.237600000000000006e-02 -3.726189999999999780e-01 -2.538650000000000073e-01
-6.253400000000000625e-02 -4.553829999999999822e-01 -1.906660000000000021e-01
-3.078300000000000133e-02 -4.179530000000000189e-01 -2.928009999999999780e-01
7.385700000000000598e-02 -3.400029999999999997e-01 -3.827269999999999839e-01
4.739499999999999963e-02 -3.744660000000000211e-01 -4.555020000000000180e-01
-3.096199999999999994e-02 -3.919880000000000031e-01 -4.221260000000000012e-01
-1.569999999999999868e-02 -3.551119999999999832e-01 -3.383539999999999881e-01
-1.663399999999999879e-01 -3.756030000000000202e-01 -2.807339999999999836e-01
-7.324799999999999367e-02 -2.120569999999999955e-01 -4.060239999999999960e-01
-5.250900000000000012e-02 -2.180130000000000123e-01 -4.305039999999999978e-01
-3.346799999999999775e-02 -1.966360000000000052e-01 -4.401289999999999925e-01
4.372399999999999898e-02 -3.457560000000000078e-01 -4.292239999999999944e-01
3.733100000000000307e-02 -4.249319999999999764e-01 -4.814800000000000191e-01
2.479999999999999913e-02 -3.977589999999999737e-01 -5.609459999999999447e-01
2.317100000000000062e-02 -3.950569999999999915e-01 -6.175349999999999451e-01
8.455400000000000416e-02 -3.156680000000000041e-01 -6.704390000000000072e-01
3.200100000000000167e-01 -2.300550000000000095e-01 -5.325469999999999926e-01
