-2.739750000000000241e-01 2.579569999999999919e-01 -5.196749999999999980e-01
-2.926360000000000072e-01 2.219170000000000031e-01 -5.592350000000000376e-01
-1.405689999999999995e-01 1.263469999999999871e-01 -6.104110000000000369e-01
-1.539419999999999955e-01 1.230080000000000062e-01 -6.409019999999999717e-01
-1.145779999999999993e-01 1.338820000000000010e-01 -6.331980000000000386e-01
-8.391999999999999460e-02 1.509189999999999976e-01 -6.132720000000000393e-01
-1.826699999999999990e-01 2.645259999999999834e-01 -5.656619999999999981e-01
-1.454560000000000020e-01 2.971030000000000060e-01 -5.553670000000000551e-01
-1.680200000000000027e-01 3.010019999999999918e-01 -5.595250000000000501e-01
-2.972299999999999942e-02 3.749500000000000055e-01 -5.614649999999999919e-01
2.154000000000000099e-03 4.351929999999999965e-01 -4.777529999999999832e-01
-1.185139999999999944e-01 4.655610000000000026e-01 -3.965310000000000223e-01
-1.552250000000000019e-01 5.438349999999999573e-01 -2.334279999999999966e-01
-1.777199999999999891e-01 5.922490000000000254e-01 -1.731149999999999911e-01
-1.540110000000000090e-01 5.620880000000000321e-01 -4.486899999999999916e-02
-2.037730000000000097e-01 5.969940000000000246e-01 1.165489999999999998e-01
-7.134999999999999676e-02 5.846200000000000285e-01 1.678340000000000110e-01
-1.592599999999999918e-02 5.532319999999999460e-01 2.994970000000000132e-01
1.974499999999999866e-02 5.634369999999999656e-01 3.417390000000000150e-01
5.322899999999999854e-02 5.224079999999999835e-01 4.121580000000000243e-01
-3.306699999999999917e-02 5.568849999999999634e-01 4.257480000000000153e-01
-1.553700000000000046e-02 5.393289999999999473e-01 4.508659999999999890e-01
-4.956399999999999695e-02 5.056929999999999481e-01 4.797199999999999798e-01
-3.828999999999999938e-03 5.240489999999999871e-01 4.429400000000000004e-01
-2.220899999999999958e-02 5.047449999999999992e-01 4.951110000000000233e-01
-1.714399999999999952e-02 5.054349999999999676e-01 4.695420000000000149e-01
1.210870000000000002e-01 4.623550000000000160e-01 4.763319999999999776e-01
1.226600000000000051e-01 5.021250000000000435e-01 4.577519999999999922e-01
1.669440000000000091e-01 5.030430000000000179e-01 4.928230000000000111e-01
1.844250000000000056e-01 4.645599999999999730e-01 5.215539999999999621e-01
1.108370000000000050e-01 4.737709999999999977e-01 5.486429999999999918e-01
2.736000000000000099e-01 1.758440000000000003e-01 5.451240000000000530e-01
2.291279999999999983e-01 2.431000000000000105e-01 4.454060000000000241e-01
2.523520000000000207e-01 2.973819999999999797e-01 5.010919999999999819e-01
2.778180000000000094e-01 4.459600000000000231e-01 4.827589999999999937e-01
3.026559999999999806e-01 4.207159999999999789e-01 4.543470000000000009e-01
5.182440000000000380e-01 7.009999999999999738e-03 4.629190000000000249e-01
4.522729999999999806e-01 8.125599999999999490e-02 4.773850000000000038e-01
1.890429999999999888e-01 2.268300000000000038e-01 4.026580000000000159e-01
1.209260000000000057e-01 2.638880000000000114e-01 3.172800000000000065e-01
1.708890000000000131e-01 1.807930000000000093e-01 2.288689999999999891e-01
6.245100000000000096e-01 1.639150000000000051e-01 3.003330000000000166e-01
7.354230000000000489e-01 -9.768000000000000640e-03 3.322709999999999830e-01
7.192619999999999569e-01 2.109949999999999881e-01 2.221170000000000089e-01
7.332969999999999766e-01 2.001290000000000013e-01 1.804600000000000093e-01
7.385819999999999608e-01 1.715569999999999873e-01 2.103309999999999902e-01
7.796969999999999734e-01 1.633090000000000097e-01 2.006580000000000030e-01
7.538420000000000121e-01 2.139570000000000083e-01 1.629819999999999880e-01
7.603250000000000286e-01 1.435520000000000129e-01 2.406260000000000066e-01
7.318580000000000085e-01 2.455680000000000085e-01 1.917270000000000085e-01
7.568700000000000427e-01 2.421329999999999871e-01 1.733480000000000021e-01
7.708359999999999657e-01 1.826389999999999958e-01 2.109330000000000094e-01
7.839800000000000102e-01 1.666680000000000106e-01 2.023290000000000088e-01
7.484899999999999887e-01 8.282799999999999885e-02 2.471250000000000113e-01
6.950849999999999529e-01 4.037400000000000017e-02 3.209799999999999875e-01
6.856250000000000400e-01 -1.338100000000000053e-02 2.883510000000000240e-01
5.860859999999999959e-01 1.027700000000000002e-01 2.327990000000000059e-01
5.985890000000000377e-01 1.193390000000000006e-01 8.126099999999999990e-02
5.564320000000000377e-01 2.660649999999999959e-01 -2.521500000000000130e-02
4.982519999999999727e-01 2.355720000000000036e-01 -5.603099999999999747e-02
3.500199999999999978e-01 3.138580000000000259e-01 -8.173099999999999810e-02
3.026719999999999966e-01 3.839940000000000020e-01 -2.132010000000000016e-01
2.799070000000000169e-01 3.705359999999999765e-01 -2.807459999999999956e-01
2.585419999999999940e-01 3.886379999999999835e-01 -3.737159999999999926e-01
2.365359999999999963e-01 3.451569999999999916e-01 -2.946150000000000158e-01
1.467600000000000016e-01 3.097710000000000186e-01 -4.208080000000000154e-01
1.942220000000000057e-01 3.446420000000000039e-01 -4.417280000000000095e-01
1.942020000000000135e-01 3.898010000000000086e-01 -5.447849999999999637e-01
2.003379999999999883e-01 3.492700000000000249e-01 -4.962230000000000252e-01
1.947939999999999949e-01 2.922009999999999885e-01 -4.617609999999999770e-01
1.312780000000000058e-01 2.649500000000000188e-01 -4.936090000000000200e-01
1.444870000000000043e-01 2.671499999999999986e-01 -5.115399999999999947e-01
8.354899999999999827e-02 3.377009999999999734e-01 -5.024039999999999617e-01
1.877469999999999972e-01 2.430920000000000025e-01 -5.582639999999999825e-01
1.508170000000000066e-01 2.472429999999999906e-01 -5.331810000000000160e-01
1.825630000000000031e-01 2.449399999999999911e-01 -4.928440000000000043e-01
1.078490000000000004e-01 2.974169999999999869e-01 -5.092719999999999470e-01
1.001390000000000058e-01 2.491530000000000133e-01 -5.248359999999999692e-01
9.991500000000000381e-02 2.760690000000000088e-01 -5.724040000000000239e-01
7.452300000000000590e-02 2.544520000000000115e-01 -5.361669999999999492e-01
1.088989999999999958e-01 1.954960000000000031e-01 -4.844280000000000252e-01
1.443909999999999916e-01 9.768499999999999406e-02 -4.180829999999999824e-01
9.516199999999999659e-02 1.396099999999999945e-02 -3.036579999999999835e-01
4.009499999999999870e-02 -1.729650000000000076e-01 -1.376300000000000023e-01
1.238099999999999964e-02 -4.003590000000000204e-01 9.226199999999999679e-02
1.229799999999999990e-02 -4.676159999999999761e-01 1.905789999999999984e-01
-2.869899999999999882e-02 -5.304370000000000474e-01 3.135959999999999859e-01
-9.565999999999999504e-02 -4.843810000000000060e-01 3.746669999999999723e-01
-1.555529999999999968e-01 -4.787399999999999989e-01 4.243330000000000157e-01
-2.614100000000000104e-02 -5.251120000000000232e-01 3.844460000000000099e-01
7.305999999999999994e-03 -4.977509999999999990e-01 3.885339999999999905e-01
5.812200000000000005e-02 -5.784960000000000102e-01 4.295959999999999779e-01
3.835299999999999820e-02 -4.351849999999999885e-01 4.281920000000000170e-01
8.318100000000000493e-02 -4.631810000000000094e-01 4.166579999999999728e-01
7.994800000000000517e-02 -5.428969999999999629e-01 4.393110000000000070e-01
8.821600000000000275e-02 -6.662940000000000529e-01 4.384029999999999871e-01
3.800400000000000306e-02 -6.551329999999999654e-01 3.762559999999999794e-01
3.957600000000000007e-02 -6.766940000000000177e-01 3.288050000000000139e-01
2.652399999999999897e-02 -5.111280000000000268e-01 2.512559999999999794e-01
1.442549999999999943e-01 -4.487650000000000250e-01 2.163789999999999880e-01
7.239900000000000502e-02 -2.496069999999999955e-01 2.475900000000000045e-01
