-3.553499999999999992e-01 4.172660000000000258e-01 -5.361289999999999667e-01
-3.060240000000000182e-01 2.989430000000000143e-01 -6.098369999999999624e-01
-2.698380000000000223e-01 3.088949999999999751e-01 -6.594160000000000021e-01
-2.672430000000000083e-01 2.826440000000000063e-01 -6.618920000000000359e-01
-3.588729999999999976e-01 3.529470000000000107e-01 -6.140600000000000502e-01
-2.846819999999999906e-01 3.542939999999999978e-01 -6.120879999999999654e-01
-3.255700000000000260e-01 3.534030000000000227e-01 -5.822359999999999758e-01
-3.063719999999999777e-01 3.790359999999999840e-01 -6.051579999999999737e-01
-2.757200000000000206e-01 3.925939999999999985e-01 -6.040119999999999933e-01
-1.925099999999999867e-01 3.619330000000000047e-01 -6.110820000000000141e-01
-1.744410000000000127e-01 3.032509999999999928e-01 -5.738900000000000112e-01
-2.121989999999999987e-01 3.184690000000000021e-01 -5.294109999999999649e-01
-2.357110000000000039e-01 3.002589999999999981e-01 -5.019280000000000408e-01
-2.549779999999999824e-01 4.041089999999999960e-01 -4.445009999999999795e-01
-1.768260000000000109e-01 4.349239999999999773e-01 -4.380870000000000042e-01
-1.457229999999999914e-01 3.419039999999999857e-01 -3.564010000000000233e-01
-1.910409999999999886e-01 4.351260000000000128e-01 -3.056499999999999773e-01
-1.871210000000000095e-01 4.938500000000000112e-01 -2.658010000000000095e-01
-2.757399999999999851e-01 5.294180000000000552e-01 -1.224739999999999995e-01
-2.670440000000000036e-01 5.666980000000000350e-01 4.799500000000000294e-02
-2.435430000000000095e-01 6.212990000000000457e-01 1.440390000000000004e-01
-2.243489999999999929e-01 5.791589999999999794e-01 2.692350000000000021e-01
-1.643270000000000008e-01 5.497630000000000017e-01 2.995990000000000042e-01
-1.277760000000000007e-01 6.255249999999999977e-01 3.127150000000000207e-01
-1.269770000000000065e-01 5.461230000000000251e-01 4.108959999999999835e-01
-8.794000000000000428e-02 5.581150000000000277e-01 3.507919999999999927e-01
-1.533650000000000013e-01 5.427880000000000482e-01 4.279169999999999918e-01
-1.127370000000000039e-01 5.157749999999999835e-01 4.006250000000000089e-01
-7.863299999999999457e-02 5.438650000000000428e-01 4.758950000000000125e-01
-6.136400000000000188e-02 4.617419999999999858e-01 4.874390000000000112e-01
-8.281399999999999872e-02 4.868640000000000190e-01 5.399270000000000458e-01
-1.711129999999999873e-01 5.027070000000000149e-01 5.354079999999999950e-01
-1.493569999999999898e-01 4.076569999999999916e-01 5.455290000000000417e-01
-6.484099999999999586e-02 2.573449999999999904e-01 5.132299999999999640e-01
-8.548799999999999455e-02 3.362180000000000168e-01 4.726210000000000133e-01
-1.311190000000000133e-01 5.012539999999999774e-01 4.782390000000000252e-01
1.098060000000000008e-01 3.594640000000000057e-01 4.193549999999999778e-01
2.112999999999999878e-01 2.135599999999999998e-01 3.937180000000000124e-01
2.259490000000000109e-01 2.165030000000000010e-01 3.010829999999999895e-01
4.185309999999999864e-01 9.007500000000000229e-02 1.557959999999999900e-01
4.258149999999999991e-01 2.270300000000000096e-01 2.583340000000000081e-01
5.696069999999999744e-01 1.158010000000000012e-01 2.257200000000000040e-01
5.311930000000000263e-01 2.669349999999999778e-01 2.521180000000000088e-01
6.486939999999999928e-01 1.624609999999999943e-01 1.819020000000000081e-01
6.537589999999999790e-01 1.871059999999999945e-01 2.355019999999999891e-01
4.607609999999999761e-01 3.066519999999999802e-01 2.809280000000000110e-01
5.389000000000000457e-01 2.647280000000000189e-01 2.587400000000000255e-01
6.243809999999999638e-01 1.426469999999999960e-01 2.431399999999999950e-01
6.393250000000000322e-01 5.159199999999999897e-02 2.631660000000000110e-01
6.277430000000000510e-01 1.076339999999999936e-01 2.081089999999999884e-01
5.778609999999999580e-01 1.094330000000000025e-01 1.733230000000000048e-01
5.474809999999999954e-01 1.340379999999999905e-01 2.236589999999999967e-01
4.658390000000000031e-01 7.350600000000000189e-02 2.048740000000000006e-01
4.225349999999999939e-01 1.352510000000000101e-01 2.650879999999999903e-01
3.207809999999999828e-01 1.061769999999999936e-01 2.496039999999999925e-01
2.983819999999999806e-01 1.248149999999999954e-01 1.965069999999999872e-01
8.037900000000000600e-02 2.532829999999999804e-01 2.242689999999999961e-01
4.491499999999999659e-02 1.437120000000000064e-01 1.747589999999999977e-01
1.375959999999999961e-01 2.873729999999999896e-01 -1.446949999999999903e-01
1.056200000000000055e-01 3.457459999999999978e-01 -2.523529999999999940e-01
2.493300000000000030e-02 3.615320000000000200e-01 -1.894510000000000083e-01
1.020739999999999981e-01 3.972399999999999820e-01 -3.004979999999999873e-01
1.553599999999999981e-01 4.580629999999999979e-01 -5.111289999999999445e-01
1.172890000000000044e-01 4.098600000000000021e-01 -5.440230000000000343e-01
1.054749999999999993e-01 3.132489999999999997e-01 -4.854269999999999974e-01
1.292190000000000005e-01 2.949840000000000240e-01 -5.228890000000000482e-01
8.273899999999999311e-02 3.624319999999999764e-01 -5.394120000000000026e-01
-5.883900000000000241e-02 3.594990000000000130e-01 -5.360099999999999865e-01
6.839999999999999726e-03 3.168750000000000178e-01 -5.639790000000000081e-01
1.955900000000000000e-02 3.058960000000000012e-01 -5.807740000000000125e-01
7.569000000000000207e-03 2.523349999999999760e-01 -5.405170000000000252e-01
1.046269999999999978e-01 1.712279999999999913e-01 -5.930149999999999588e-01
1.020859999999999962e-01 1.953860000000000041e-01 -5.979999999999999760e-01
-5.770999999999999741e-02 1.702849999999999919e-01 -5.534069999999999823e-01
-6.610900000000000110e-02 1.507950000000000124e-01 -5.756839999999999735e-01
-5.576600000000000307e-02 1.548180000000000112e-01 -5.821739999999999693e-01
4.118000000000000133e-02 1.215210000000000040e-01 -6.116770000000000262e-01
-2.726400000000000004e-02 1.115619999999999945e-01 -6.173119999999999719e-01
-1.440929999999999989e-01 1.053619999999999973e-01 -5.577250000000000263e-01
-1.435009999999999897e-01 9.227499999999999591e-02 -5.172759999999999581e-01
-3.161249999999999893e-01 -4.650000000000000270e-04 -4.179510000000000169e-01
-2.613809999999999745e-01 -1.299029999999999907e-01 -3.420230000000000214e-01
-4.396059999999999968e-01 -1.778899999999999926e-01 -1.299569999999999892e-01
-3.921250000000000013e-01 -3.240089999999999915e-01 1.053359999999999991e-01
-3.580780000000000074e-01 -4.711870000000000225e-01 3.191240000000000188e-01
-3.892720000000000069e-01 -5.302930000000000144e-01 3.735700000000000132e-01
-3.936180000000000234e-01 -5.189150000000000151e-01 3.329389999999999850e-01
-3.296080000000000121e-01 -5.182499999999999885e-01 3.265060000000000184e-01
-3.812269999999999825e-01 -5.889309999999999823e-01 3.486299999999999955e-01
-3.311209999999999987e-01 -6.184889999999999555e-01 3.699140000000000206e-01
-2.841029999999999944e-01 -6.279449999999999754e-01 3.429969999999999963e-01
-3.990279999999999938e-01 -5.766559999999999464e-01 3.410650000000000071e-01
-3.624129999999999852e-01 -6.109139999999999571e-01 2.893780000000000241e-01
-4.253330000000000166e-01 -6.088820000000000343e-01 3.579620000000000024e-01
-4.862360000000000015e-01 -5.889809999999999768e-01 3.301669999999999883e-01
-4.860079999999999956e-01 -5.973330000000000028e-01 3.135049999999999781e-01
-4.600259999999999905e-01 -6.021689999999999543e-01 3.062940000000000107e-01
-4.126639999999999753e-01 -6.145260000000000167e-01 2.495759999999999923e-01
-4.945979999999999821e-01 -5.017390000000000461e-01 2.352579999999999949e-01
-4.657939999999999858e-01 -4.983230000000000159e-01 1.562330000000000108e-01
-4.655830000000000246e-01 -4.513039999999999830e-01 -3.083999999999999936e-02
-4.484830000000000205e-01 -4.577129999999999810e-01 -1.280979999999999897e-01
-3.381430000000000269e-01 -4.429810000000000136e-01 -3.577449999999999797e-01
-4.276289999999999814e-01 -3.603190000000000004e-01 -2.584659999999999735e-01
-4.022660000000000124e-01 -5.284619999999999873e-01 -2.329450000000000132e-01
-3.816869999999999985e-01 -3.738060000000000271e-01 -3.392510000000000248e-01
-4.981119999999999992e-01 -2.676580000000000070e-01 -3.487040000000000139e-01
-3.732230000000000270e-01 -3.205999999999999961e-01 -4.623769999999999825e-01
-2.729650000000000132e-01 -3.687500000000000222e-01 -4.590679999999999761e-01
-4.601199999999999735e-01 -2.662919999999999732e-01 -3.687559999999999727e-01
-3.970259999999999900e-01 -2.153899999999999981e-01 -3.870239999999999791e-01
-3.666619999999999879e-01 -2.188049999999999995e-01 -4.551760000000000250e-01
-3.765660000000000118e-01 -1.584440000000000015e-01 -4.416579999999999950e-01
-3.347430000000000128e-01 -1.684420000000000084e-01 -4.693590000000000262e-01
-3.771169999999999800e-01 -2.424620000000000108e-01 -4.115739999999999954e-01
-3.057639999999999803e-01 -2.280230000000000035e-01 -4.692950000000000177e-01
-3.326319999999999832e-01 -1.752869999999999984e-01 -4.917250000000000232e-01
-3.788360000000000061e-01 -2.377160000000000106e-01 -4.299140000000000184e-01
-3.660740000000000105e-01 -2.675379999999999980e-01 -4.784309999999999952e-01
-5.168169999999999709e-01 -2.945499999999999785e-01 -3.858710000000000195e-01
-3.798190000000000177e-01 -3.653370000000000228e-01 -3.801820000000000199e-01
-3.469729999999999759e-01 -4.174069999999999725e-01 -3.201910000000000034e-01
-4.780590000000000117e-01 -4.188060000000000116e-01 -8.930399999999999450e-02
-5.503940000000000499e-01 -3.734680000000000222e-01 9.816300000000000026e-02
-5.879529999999999479e-01 -3.757619999999999849e-01 1.665220000000000034e-01
-5.678819999999999979e-01 -3.724529999999999785e-01 2.178710000000000091e-01
-5.006930000000000547e-01 -3.758230000000000182e-01 2.797439999999999927e-01
-5.766759999999999664e-01 -3.588160000000000238e-01 2.998870000000000147e-01
-5.240590000000000526e-01 -4.484560000000000213e-01 3.447970000000000201e-01
-3.755660000000000109e-01 -5.016929999999999445e-01 3.153400000000000092e-01
-4.726879999999999971e-01 -3.627900000000000014e-01 3.282439999999999802e-01
-4.430200000000000249e-01 -3.707929999999999837e-01 3.567899999999999960e-01
-5.377349999999999630e-01 -4.535600000000000187e-01 2.753590000000000204e-01
-4.606330000000000147e-01 -4.357130000000000170e-01 1.738639999999999908e-01
-5.041290000000000493e-01 -3.415300000000000002e-01 2.296690000000000120e-01
-2.620000000000000107e-01 -4.050300000000000011e-01 -6.862000000000000044e-03
-4.175409999999999955e-01 -4.250240000000000129e-01 5.650800000000000267e-02
