-3.734569999999999834e-01 1.830110000000000070e-01 -4.856690000000000174e-01
-2.806919999999999971e-01 3.143070000000000030e-01 -4.500609999999999888e-01
-3.508229999999999960e-01 3.456529999999999880e-01 -4.418790000000000218e-01
-3.416379999999999972e-01 3.647889999999999744e-01 -4.869850000000000012e-01
-2.353210000000000024e-01 3.020990000000000064e-01 -4.903609999999999913e-01
-2.508130000000000082e-01 2.484689999999999954e-01 -5.245090000000000030e-01
-1.855269999999999975e-01 2.184159999999999990e-01 -4.554679999999999840e-01
-8.920000000000000151e-02 2.930269999999999819e-01 -5.050750000000000517e-01
-1.109760000000000052e-01 3.890440000000000009e-01 -5.549150000000000471e-01
-1.736000000000000043e-02 3.568979999999999930e-01 -5.435100000000000486e-01
1.252860000000000085e-01 2.980340000000000211e-01 -5.327399999999999913e-01
5.703400000000000136e-02 2.048619999999999886e-01 -5.049639999999999684e-01
-2.133600000000000080e-02 3.298119999999999941e-01 -4.879269999999999996e-01
-1.246430000000000038e-01 3.841180000000000150e-01 -4.648660000000000014e-01
-1.687230000000000119e-01 3.916729999999999934e-01 -3.765519999999999978e-01
-1.411100000000000132e-01 4.366809999999999858e-01 -2.661519999999999997e-01
-9.979100000000000470e-02 3.386799999999999811e-01 -1.319790000000000130e-01
-9.347400000000000153e-02 3.270959999999999979e-01 3.845799999999999913e-02
-1.309659999999999991e-01 3.871560000000000001e-01 1.894490000000000063e-01
-1.882340000000000124e-01 3.321560000000000068e-01 3.496549999999999936e-01
-1.662980000000000014e-01 3.331629999999999869e-01 4.462889999999999913e-01
-2.466420000000000001e-01 3.509109999999999729e-01 5.016680000000000028e-01
-2.051280000000000048e-01 4.630960000000000076e-01 4.652580000000000049e-01
-2.129840000000000066e-01 4.845090000000000230e-01 5.255499999999999616e-01
-2.446530000000000094e-01 3.607429999999999803e-01 5.505010000000000181e-01
-2.073530000000000095e-01 3.981750000000000012e-01 5.306579999999999631e-01
-3.153290000000000259e-01 3.416100000000000247e-01 5.767889999999999961e-01
-2.518159999999999843e-01 3.897760000000000113e-01 5.592939999999999579e-01
-2.147090000000000110e-01 3.236510000000000220e-01 6.160860000000000225e-01
-2.467169999999999919e-01 3.265140000000000264e-01 6.302579999999999849e-01
-1.184999999999999942e-01 4.562359999999999749e-01 5.804190000000000182e-01
-1.208710000000000062e-01 4.225240000000000107e-01 5.666069999999999718e-01
-5.963700000000000251e-02 3.424780000000000046e-01 5.278859999999999664e-01
-6.454300000000000315e-02 2.421550000000000091e-01 4.935890000000000000e-01
-1.717799999999999883e-02 1.958900000000000086e-01 4.636430000000000273e-01
-1.139700000000000019e-01 1.899849999999999872e-01 4.450410000000000199e-01
-1.089159999999999989e-01 1.465460000000000096e-01 2.277170000000000027e-01
4.699999999999999859e-04 1.789570000000000050e-01 1.826730000000000020e-01
4.934199999999999697e-02 1.785180000000000100e-01 6.147299999999999986e-02
5.254400000000000043e-02 4.248199999999999893e-02 8.544200000000000406e-02
1.277119999999999922e-01 1.266699999999999944e-02 5.868099999999999705e-02
5.220199999999999840e-02 1.113060000000000022e-01 1.616589999999999971e-01
-1.078029999999999961e-01 -1.462479999999999891e-01 -9.674000000000000654e-02
-4.301309999999999856e-01 -4.708629999999999760e-01 -4.541300000000000198e-02
-4.452729999999999744e-01 -5.098620000000000374e-01 -1.952689999999999981e-01
-5.088019999999999765e-01 -4.436910000000000021e-01 -2.000290000000000123e-01
-4.156529999999999947e-01 -2.854829999999999868e-01 -2.785759999999999903e-01
-4.548369999999999913e-01 -3.393379999999999730e-01 -2.107590000000000019e-01
-4.531209999999999960e-01 -2.485449999999999882e-01 -2.734590000000000076e-01
-4.331189999999999762e-01 -3.188280000000000003e-01 -3.583080000000000154e-01
-4.186329999999999774e-01 -2.521019999999999928e-01 -4.608610000000000206e-01
-4.637990000000000168e-01 -2.035659999999999969e-01 -4.931909999999999905e-01
-4.901269999999999794e-01 -2.102519999999999945e-01 -4.334919999999999884e-01
-4.218529999999999780e-01 -2.257889999999999897e-01 -4.389219999999999788e-01
-3.473040000000000016e-01 -3.461060000000000247e-01 -4.413009999999999988e-01
-4.571390000000000176e-01 -2.414630000000000110e-01 -4.318310000000000204e-01
-4.367219999999999991e-01 -2.759530000000000038e-01 -4.742680000000000229e-01
-4.589860000000000051e-01 -4.080739999999999923e-01 -4.205769999999999786e-01
-4.907360000000000055e-01 -4.000179999999999847e-01 -3.464349999999999929e-01
-4.983049999999999979e-01 -4.344910000000000161e-01 -2.922109999999999985e-01
-5.912239999999999718e-01 -3.742179999999999951e-01 -1.154509999999999981e-01
-5.702540000000000386e-01 -3.574800000000000200e-01 4.269599999999999784e-02
-5.149000000000000243e-01 -4.100619999999999821e-01 1.711509999999999976e-01
-5.763190000000000257e-01 -4.106770000000000143e-01 1.897099999999999898e-01
-5.730119999999999658e-01 -4.640409999999999813e-01 2.911449999999999871e-01
-6.059769999999999879e-01 -3.700129999999999808e-01 3.457970000000000210e-01
-5.279470000000000551e-01 -4.470120000000000204e-01 3.991250000000000075e-01
-4.921229999999999771e-01 -4.286599999999999855e-01 3.695809999999999929e-01
-4.235240000000000116e-01 -4.803089999999999860e-01 4.094829999999999859e-01
-4.499360000000000026e-01 -4.052209999999999979e-01 4.136159999999999837e-01
-4.389129999999999976e-01 -4.624369999999999870e-01 3.771950000000000025e-01
-4.432630000000000181e-01 -4.396200000000000108e-01 3.637779999999999903e-01
-4.563699999999999979e-01 -5.053830000000000267e-01 3.289779999999999927e-01
-3.829580000000000206e-01 -5.553099999999999703e-01 3.014379999999999837e-01
-2.726259999999999795e-01 -5.312000000000000055e-01 8.565100000000000491e-02
-2.120559999999999945e-01 -3.667300000000000004e-01 -1.263849999999999973e-01
