-3.717320000000000069e-01 2.316549999999999998e-01 -4.636460000000000026e-01
-4.554380000000000095e-01 4.238640000000000185e-01 -5.165389999999999704e-01
-3.970060000000000255e-01 3.893170000000000242e-01 -5.435510000000000064e-01
-3.499729999999999785e-01 3.745459999999999900e-01 -6.011290000000000244e-01
-3.845529999999999782e-01 3.943280000000000118e-01 -6.165270000000000472e-01
-3.486580000000000235e-01 4.405549999999999744e-01 -6.078540000000000054e-01
-3.180350000000000121e-01 3.970960000000000045e-01 -5.953019999999999978e-01
-2.781540000000000123e-01 3.275799999999999823e-01 -5.979950000000000543e-01
-2.357269999999999921e-01 3.813849999999999740e-01 -6.110929999999999973e-01
-1.961309999999999998e-01 3.722809999999999730e-01 -6.044030000000000236e-01
-1.145469999999999960e-01 3.125290000000000012e-01 -6.034899999999999709e-01
-8.076099999999999945e-02 3.089060000000000139e-01 -5.894160000000000510e-01
-1.229999999999999982e-01 3.347200000000000175e-01 -5.566659999999999942e-01
-2.206420000000000048e-01 3.847630000000000217e-01 -5.064189999999999525e-01
-1.585260000000000002e-01 3.556159999999999877e-01 -5.298749999999999849e-01
-1.745950000000000002e-01 4.061480000000000090e-01 -4.512579999999999925e-01
-9.462299999999999878e-02 3.644830000000000014e-01 -4.100809999999999733e-01
-1.514540000000000053e-01 4.349149999999999960e-01 -2.807060000000000111e-01
-2.077749999999999875e-01 5.497990000000000377e-01 -2.243290000000000006e-01
-1.907939999999999914e-01 5.979039999999999910e-01 -5.039699999999999736e-02
-2.426010000000000111e-01 6.366509999999999669e-01 1.012720000000000009e-01
-1.355929999999999913e-01 5.464879999999999738e-01 2.664400000000000102e-01
-1.421000000000000041e-01 5.304050000000000153e-01 3.789660000000000251e-01
-2.672080000000000011e-01 5.162940000000000307e-01 4.336740000000000039e-01
-2.240080000000000127e-01 5.155950000000000255e-01 4.261940000000000173e-01
-2.168930000000000025e-01 5.525430000000000064e-01 4.782930000000000237e-01
-2.420519999999999894e-01 5.347359999999999891e-01 4.742700000000000249e-01
-2.864539999999999864e-01 4.746059999999999723e-01 5.261529999999999818e-01
-2.830699999999999883e-01 4.596480000000000010e-01 5.371029999999999971e-01
-2.591310000000000002e-01 5.195870000000000211e-01 4.603840000000000154e-01
-2.998839999999999839e-01 5.285210000000000186e-01 5.006329999999999947e-01
-2.771370000000000222e-01 3.908190000000000275e-01 5.195349999999999691e-01
-3.536730000000000151e-01 3.225040000000000129e-01 5.123060000000000391e-01
-4.023070000000000257e-01 3.582089999999999996e-01 4.751020000000000243e-01
-2.800659999999999816e-01 4.535330000000000195e-01 3.962740000000000151e-01
-3.227130000000000276e-01 4.263469999999999760e-01 4.125960000000000183e-01
-3.824739999999999807e-01 3.152739999999999987e-01 4.343859999999999943e-01
-3.486250000000000182e-01 3.172820000000000085e-01 3.743099999999999761e-01
-2.122090000000000087e-01 2.080899999999999972e-01 4.069269999999999832e-01
-1.368900000000000117e-01 2.057769999999999877e-01 2.963700000000000223e-01
-1.819799999999999890e-02 1.063069999999999987e-01 2.599659999999999749e-01
-3.565000000000000113e-02 2.846369999999999734e-01 -1.255429999999999879e-01
-2.000530000000000086e-01 4.008590000000000209e-01 -9.202699999999999769e-02
-2.264440000000000064e-01 4.581540000000000057e-01 -1.469060000000000088e-01
-2.264369999999999994e-01 5.133320000000000105e-01 -1.974740000000000106e-01
-2.266120000000000079e-01 4.546319999999999806e-01 -2.219889999999999919e-01
-1.457940000000000069e-01 4.990519999999999956e-01 -3.248449999999999949e-01
-1.788700000000000012e-01 3.981999999999999984e-01 -3.923869999999999858e-01
-1.195220000000000032e-01 4.224530000000000229e-01 -4.435859999999999803e-01
-1.642939999999999956e-01 3.745209999999999928e-01 -3.836660000000000070e-01
-1.257850000000000079e-01 4.346260000000000123e-01 -4.286449999999999982e-01
-1.615739999999999954e-01 4.273370000000000224e-01 -4.373259999999999925e-01
-1.255840000000000012e-01 2.992480000000000140e-01 -4.137540000000000107e-01
-1.737350000000000005e-01 3.690010000000000234e-01 -3.506190000000000140e-01
-9.193500000000000283e-02 4.092279999999999807e-01 -3.601770000000000249e-01
-1.167109999999999953e-01 3.196039999999999992e-01 -3.531619999999999759e-01
-1.584160000000000013e-01 4.514210000000000167e-01 -3.424099999999999921e-01
-2.313890000000000113e-01 5.019270000000000120e-01 -3.315600000000000214e-01
-1.901329999999999965e-01 4.293440000000000034e-01 -2.436790000000000067e-01
-2.046199999999999963e-01 4.164760000000000129e-01 -1.130369999999999986e-01
-2.542269999999999808e-01 5.342019999999999547e-01 -4.837000000000000327e-02
-2.458089999999999997e-01 5.067840000000000122e-01 1.379090000000000038e-01
-3.097539999999999738e-01 5.252069999999999794e-01 2.651120000000000143e-01
-2.872890000000000166e-01 4.670909999999999784e-01 3.198409999999999864e-01
-2.220509999999999984e-01 5.248570000000000180e-01 3.204219999999999846e-01
-2.819949999999999957e-01 5.311069999999999958e-01 3.819409999999999750e-01
-2.596720000000000139e-01 4.754940000000000278e-01 4.419210000000000083e-01
-3.109729999999999994e-01 4.575409999999999755e-01 4.214019999999999988e-01
-3.696510000000000074e-01 4.099059999999999926e-01 4.532950000000000035e-01
-3.371299999999999852e-01 3.497009999999999841e-01 5.134210000000000163e-01
-2.767620000000000080e-01 2.837109999999999910e-01 5.219449999999999923e-01
-3.049859999999999793e-01 2.677700000000000080e-01 5.369760000000000089e-01
-2.567200000000000037e-01 4.358119999999999772e-01 5.315929999999999822e-01
-3.689359999999999862e-01 2.597030000000000172e-01 4.604230000000000267e-01
-3.411980000000000013e-01 3.096229999999999816e-01 3.390770000000000173e-01
-3.069950000000000179e-01 2.723970000000000002e-01 2.604890000000000261e-01
7.896899999999999753e-02 2.441000000000000114e-02 2.178049999999999986e-01
