-3.561500000000000221e-01 3.959520000000000262e-01 -5.735999999999999988e-01
-3.018640000000000212e-01 4.441869999999999985e-01 -5.831150000000000500e-01
-2.156210000000000071e-01 3.951310000000000100e-01 -6.119130000000000402e-01
-3.064479999999999982e-01 4.439150000000000040e-01 -5.879219999999999446e-01
-2.571760000000000157e-01 3.938479999999999759e-01 -6.027489999999999792e-01
-2.161760000000000070e-01 4.346909999999999941e-01 -5.802319999999999700e-01
-1.712799999999999878e-01 4.020000000000000240e-01 -5.940630000000000077e-01
-2.093639999999999946e-01 4.676029999999999909e-01 -6.341020000000000545e-01
-2.209369999999999945e-01 3.775540000000000007e-01 -6.028790000000000537e-01
-1.874860000000000138e-01 3.561270000000000269e-01 -6.230750000000000455e-01
-2.094050000000000078e-01 3.756070000000000242e-01 -5.476239999999999997e-01
-1.999950000000000061e-01 3.251000000000000001e-01 -5.309310000000000418e-01
-1.003710000000000019e-01 3.575229999999999797e-01 -4.927819999999999978e-01
-2.131619999999999904e-01 3.155350000000000099e-01 -4.368770000000000153e-01
-2.115080000000000016e-01 3.993090000000000250e-01 -4.510689999999999977e-01
-8.367299999999999738e-02 3.275129999999999986e-01 -4.453570000000000029e-01
-1.394620000000000026e-01 4.235260000000000136e-01 -3.200189999999999979e-01
-1.388149999999999940e-01 4.240550000000000153e-01 -1.086369999999999975e-01
-2.289249999999999896e-01 5.917780000000000262e-01 -5.580199999999999744e-02
-2.322200000000000097e-01 5.773810000000000331e-01 1.160260000000000041e-01
-1.905679999999999874e-01 5.528579999999999606e-01 2.325160000000000005e-01
-1.852169999999999928e-01 4.648930000000000007e-01 3.734830000000000094e-01
-1.855300000000000005e-01 4.975990000000000135e-01 3.416819999999999857e-01
-1.135729999999999934e-01 4.797159999999999758e-01 4.004119999999999902e-01
-1.020760000000000001e-01 5.235100000000000309e-01 4.630750000000000144e-01
-1.306579999999999964e-01 5.302789999999999448e-01 4.210900000000000198e-01
-1.946060000000000012e-01 5.169880000000000031e-01 4.929509999999999725e-01
-2.159439999999999971e-01 4.637890000000000068e-01 5.062360000000000193e-01
-2.421889999999999876e-01 4.545589999999999908e-01 4.998040000000000260e-01
-2.758479999999999821e-01 4.432170000000000276e-01 5.210540000000000171e-01
-2.550000000000000044e-01 4.142750000000000044e-01 5.123699999999999921e-01
-3.013179999999999747e-01 3.867490000000000094e-01 4.605679999999999774e-01
-3.361620000000000164e-01 3.642679999999999807e-01 3.880330000000000168e-01
-3.311830000000000052e-01 3.092500000000000249e-01 3.617460000000000120e-01
-3.381379999999999941e-01 3.165580000000000060e-01 2.536410000000000053e-01
-3.169100000000000250e-01 4.759889999999999954e-01 3.579319999999999724e-01
-3.398240000000000149e-01 4.608349999999999946e-01 3.764080000000000203e-01
-3.335150000000000059e-01 3.027779999999999916e-01 2.702100000000000057e-01
-3.713839999999999919e-01 2.835360000000000102e-01 2.976889999999999814e-01
-1.687299999999999911e-02 2.161780000000000090e-01 2.702590000000000270e-01
2.725699999999999998e-02 4.602300000000000141e-02 1.472299999999999998e-01
5.899399999999999783e-02 -2.513999999999999915e-02 1.346040000000000014e-01
1.149430000000000035e-01 -2.189999999999999933e-02 -5.780500000000000221e-02
-2.460330000000000017e-01 3.480260000000000020e-01 -1.529010000000000091e-01
-3.087650000000000117e-01 4.908839999999999870e-01 -2.614600000000000257e-01
-1.690059999999999896e-01 4.292489999999999917e-01 -3.126849999999999907e-01
-1.900519999999999987e-01 5.059209999999999541e-01 -2.502780000000000005e-01
-1.533960000000000046e-01 4.819379999999999775e-01 -1.793460000000000054e-01
-1.391799999999999982e-01 3.729379999999999917e-01 -2.827509999999999746e-01
-1.520579999999999987e-01 3.726099999999999968e-01 -4.082700000000000218e-01
-1.303169999999999884e-01 4.190159999999999996e-01 -3.449369999999999936e-01
-6.876000000000000167e-02 3.635939999999999728e-01 -4.117419999999999969e-01
-8.966399999999999371e-02 4.119959999999999734e-01 -4.591359999999999886e-01
-7.756699999999999706e-02 4.093220000000000192e-01 -4.618729999999999780e-01
-1.239149999999999974e-01 4.318219999999999836e-01 -4.750809999999999755e-01
-8.516400000000000359e-02 3.862599999999999922e-01 -4.612700000000000133e-01
-4.276400000000000340e-02 4.101199999999999846e-01 -5.121109999999999829e-01
-3.549499999999999877e-02 4.095900000000000096e-01 -4.997710000000000208e-01
-5.655700000000000310e-02 4.316800000000000082e-01 -4.779709999999999792e-01
-6.887300000000000366e-02 4.355430000000000135e-01 -4.749979999999999758e-01
-5.819699999999999873e-02 3.059680000000000177e-01 -3.959429999999999894e-01
-5.994200000000000222e-02 3.970589999999999953e-01 -4.128000000000000003e-01
-6.676899999999999502e-02 5.280989999999999851e-01 -3.917439999999999811e-01
-5.426600000000000174e-02 4.064999999999999725e-01 -2.433130000000000015e-01
-1.028519999999999990e-01 4.861489999999999978e-01 -1.879840000000000122e-01
-1.201450000000000018e-01 5.404900000000000260e-01 7.543000000000000226e-03
-7.561500000000000166e-02 4.966169999999999751e-01 1.357099999999999973e-01
-2.359410000000000118e-01 5.591030000000000166e-01 1.522050000000000070e-01
-2.692129999999999801e-01 5.495539999999999869e-01 2.853870000000000018e-01
-2.647129999999999761e-01 4.777250000000000107e-01 4.198779999999999735e-01
-2.565279999999999783e-01 4.864689999999999848e-01 4.270390000000000019e-01
-2.443299999999999916e-01 4.650980000000000114e-01 4.291749999999999732e-01
-2.822790000000000021e-01 3.929159999999999875e-01 4.788060000000000094e-01
-2.572329999999999894e-01 3.607210000000000139e-01 4.766310000000000269e-01
-2.447110000000000118e-01 3.612040000000000251e-01 5.086559999999999970e-01
-2.046080000000000121e-01 2.952089999999999992e-01 5.245649999999999480e-01
-3.250509999999999788e-01 3.145879999999999788e-01 3.398570000000000202e-01
-3.353039999999999909e-01 4.521519999999999984e-01 4.439330000000000220e-01
-3.342749999999999888e-01 4.985910000000000064e-01 4.474940000000000029e-01
-3.977100000000000080e-01 3.427970000000000184e-01 3.882639999999999980e-01
-2.415180000000000105e-01 3.045120000000000049e-01 4.189339999999999731e-01
4.468199999999999950e-02 1.484489999999999976e-01 2.649560000000000248e-01
2.542099999999999915e-02 1.217219999999999969e-01 2.699130000000000140e-01
