5.902249999999999996e-01 -3.100879999999999748e-01 1.909909999999999941e-01
4.547820000000000196e-01 -1.400430000000000008e-01 1.217599999999999932e-01
5.291400000000000547e-01 -1.509500000000000008e-01 1.145670000000000022e-01
4.879009999999999736e-01 6.959899999999999420e-02 -4.189890000000000003e-01
5.732909999999999950e-01 9.289200000000000235e-02 -1.542860000000000065e-01
6.088759999999999728e-01 1.305109999999999881e-01 1.782999999999999863e-02
6.364889999999999715e-01 1.939690000000000025e-01 -1.125130000000000019e-01
6.522210000000000507e-01 -1.003800000000000005e-02 8.880899999999999905e-02
6.152499999999999636e-01 1.197339999999999932e-01 6.047399999999999998e-02
5.886689999999999978e-01 2.759650000000000158e-01 5.215199999999999697e-02
5.932119999999999616e-01 2.659440000000000137e-01 7.937900000000000511e-02
5.189829999999999721e-01 2.616800000000000237e-01 1.374060000000000004e-01
5.832629999999999759e-01 1.006360000000000032e-01 1.630979999999999930e-01
6.110400000000000276e-01 3.194899999999999823e-02 1.795740000000000114e-01
5.652540000000000342e-01 -6.943499999999999672e-02 2.045009999999999883e-01
5.164739999999999887e-01 -1.267900000000000138e-01 1.832159999999999900e-01
4.300849999999999951e-01 -1.730460000000000054e-01 2.441129999999999967e-01
1.913999999999999868e-01 -3.252669999999999728e-01 3.641980000000000217e-01
-1.251299999999999982e-02 -3.284270000000000245e-01 3.837459999999999760e-01
-6.767999999999999711e-03 -3.902800000000000158e-01 3.090180000000000149e-01
-3.743400000000000200e-02 -4.485259999999999803e-01 5.222999999999999865e-02
2.107600000000000098e-02 -4.899049999999999794e-01 -6.634500000000000119e-02
1.446599999999999969e-02 -4.721810000000000174e-01 -1.415569999999999884e-01
1.066219999999999946e-01 -4.887670000000000070e-01 -3.202010000000000134e-01
7.316999999999999720e-03 -4.033939999999999748e-01 -3.986330000000000151e-01
-1.008710000000000023e-01 -4.412690000000000223e-01 -2.960079999999999933e-01
-1.072860000000000064e-01 -3.795899999999999830e-01 -2.562400000000000233e-01
4.970299999999999718e-02 -5.026399999999999757e-01 -3.545130000000000225e-01
-6.058000000000000017e-03 -4.057850000000000068e-01 -3.667969999999999842e-01
-4.503499999999999864e-02 -4.395140000000000158e-01 -3.317039999999999988e-01
-1.681200000000000055e-02 -4.315370000000000039e-01 -3.395170000000000132e-01
-1.029930000000000012e-01 -4.527260000000000173e-01 -3.037869999999999737e-01
-6.971099999999999519e-02 -3.723310000000000231e-01 -3.911660000000000137e-01
-7.570000000000000340e-02 -3.713119999999999754e-01 -4.610389999999999766e-01
-1.203889999999999960e-01 -3.562569999999999903e-01 -4.491169999999999884e-01
-1.172149999999999997e-01 -3.885899999999999910e-01 -4.075710000000000166e-01
2.834599999999999967e-02 -3.833960000000000146e-01 -4.309149999999999925e-01
-4.019099999999999756e-02 -3.721809999999999841e-01 -4.035279999999999978e-01
-5.190800000000000275e-02 -3.827650000000000219e-01 -4.083570000000000255e-01
-1.849299999999999902e-02 -3.670499999999999874e-01 -4.583169999999999744e-01
-6.500899999999999734e-02 -3.807650000000000201e-01 -4.117410000000000236e-01
-1.915599999999999942e-02 -4.199109999999999787e-01 -3.818849999999999745e-01
-3.261800000000000116e-02 -5.017909999999999870e-01 -2.983930000000000193e-01
-1.240310000000000024e-01 -5.261900000000000466e-01 -1.424370000000000080e-01
-1.406920000000000115e-01 -3.874719999999999831e-01 -1.783069999999999933e-01
-1.428389999999999938e-01 -3.286000000000000032e-01 -9.467899999999999927e-02
-6.023999999999999841e-03 -5.184699999999999726e-02 -1.802729999999999888e-01
2.856830000000000203e-01 8.492600000000000149e-02 -2.529819999999999847e-01
2.673200000000000021e-01 3.529979999999999785e-01 -2.176849999999999896e-01
1.289440000000000031e-01 4.577860000000000262e-01 -3.321000000000000167e-03
1.738500000000000115e-02 5.429850000000000509e-01 1.326009999999999966e-01
-4.176200000000000051e-02 5.195849999999999635e-01 1.776560000000000084e-01
-9.575899999999999690e-02 5.733709999999999640e-01 2.182479999999999976e-01
-1.060379999999999934e-01 5.460429999999999451e-01 2.338419999999999943e-01
-7.410799999999999332e-02 4.934009999999999785e-01 2.195229999999999959e-01
4.105899999999999828e-02 5.283930000000000016e-01 7.656999999999999917e-02
7.607999999999999485e-02 4.759800000000000142e-01 6.979000000000000481e-02
1.637619999999999909e-01 4.196500000000000230e-01 -1.421139999999999903e-01
3.694299999999999806e-01 2.642519999999999869e-01 -3.269310000000000271e-01
3.459160000000000013e-01 1.508279999999999899e-01 -3.709370000000000167e-01
2.861580000000000235e-01 5.819300000000000167e-02 -3.532989999999999742e-01
2.237919999999999909e-01 -2.532329999999999859e-01 -2.659199999999999897e-01
1.625030000000000086e-01 -3.856049999999999756e-01 -2.682700000000000085e-01
1.422769999999999868e-01 -5.191769999999999996e-01 -2.903229999999999977e-01
1.060829999999999967e-01 -5.569809999999999484e-01 -3.235700000000000243e-01
1.844300000000000106e-02 -5.487360000000000015e-01 -3.260469999999999757e-01
1.913000000000000117e-02 -5.279300000000000104e-01 -4.098200000000000176e-01
-2.984600000000000100e-02 -5.019829999999999570e-01 -4.382420000000000204e-01
1.336720000000000130e-01 -4.317639999999999811e-01 -5.150649999999999951e-01
7.475600000000000300e-02 -4.840720000000000023e-01 -5.368230000000000501e-01
3.910700000000000287e-02 -4.522180000000000089e-01 -5.088049999999999518e-01
1.036320000000000019e-01 -3.728810000000000180e-01 -5.766649999999999832e-01
6.186900000000000038e-02 -3.421500000000000097e-01 -6.112100000000000311e-01
1.061819999999999986e-01 -2.984979999999999856e-01 -6.161259999999999515e-01
7.345100000000000240e-02 -3.586409999999999876e-01 -5.966409999999999769e-01
-3.118800000000000044e-02 -3.485070000000000112e-01 -5.760920000000000485e-01
6.266399999999999748e-02 -4.658530000000000171e-01 -5.506590000000000096e-01
6.723999999999999422e-02 -5.383010000000000295e-01 -4.828370000000000162e-01
-1.443859999999999866e-01 -5.902589999999999781e-01 -3.769259999999999833e-01
-2.661950000000000149e-01 -6.104579999999999451e-01 -2.239859999999999907e-01
-2.603960000000000163e-01 -5.301120000000000276e-01 -3.800900000000000112e-02
-5.747700000000000031e-02 -6.278139999999999832e-01 4.520699999999999719e-02
-1.295939999999999870e-01 -6.356129999999999836e-01 2.662539999999999907e-01
-5.328000000000000271e-03 -6.361059999999999492e-01 2.142719999999999902e-01
1.290129999999999888e-01 -3.667090000000000072e-01 -3.145229999999999970e-01
1.208410000000000040e-01 -3.835759999999999725e-01 -1.806830000000000103e-01
4.377759999999999985e-01 -1.818950000000000011e-01 -4.609100000000000003e-02
5.755289999999999573e-01 -2.790569999999999995e-01 1.232240000000000002e-01
6.476469999999999727e-01 -1.260459999999999914e-01 2.771989999999999732e-01
6.861869999999999914e-01 -5.518200000000000188e-02 2.698619999999999908e-01
6.974970000000000336e-01 7.153700000000000336e-02 1.508889999999999953e-01
7.021979999999999889e-01 8.274800000000000211e-02 2.055170000000000052e-01
7.225829999999999753e-01 9.754899999999999682e-02 1.150950000000000029e-01
7.254599999999999937e-01 1.637079999999999924e-01 2.015969999999999984e-01
7.144880000000000120e-01 6.980799999999999506e-02 2.359650000000000081e-01
7.154479999999999729e-01 7.444399999999999629e-02 2.301269999999999982e-01
6.825130000000000363e-01 1.725619999999999932e-01 2.181569999999999898e-01
6.964890000000000247e-01 1.545239999999999947e-01 2.187639999999999862e-01
7.016909999999999537e-01 1.684070000000000011e-01 2.525189999999999935e-01
6.438620000000000454e-01 2.523079999999999767e-01 2.348780000000000034e-01
6.107259999999999911e-01 2.248880000000000046e-01 2.122650000000000092e-01
5.749030000000000529e-01 2.682550000000000212e-01 2.465739999999999876e-01
5.146169999999999911e-01 2.417289999999999994e-01 3.482779999999999765e-01
4.162930000000000241e-01 3.364210000000000256e-01 3.866169999999999884e-01
3.864020000000000232e-01 3.392629999999999812e-01 4.040489999999999915e-01
2.466839999999999866e-01 4.265669999999999740e-01 4.289649999999999852e-01
1.425099999999999978e-01 4.788200000000000234e-01 4.497519999999999851e-01
1.458339999999999914e-01 4.969689999999999941e-01 4.572530000000000205e-01
-5.830899999999999972e-02 5.606970000000000010e-01 4.848620000000000152e-01
-8.708499999999999575e-02 5.064729999999999510e-01 4.989379999999999926e-01
-8.416099999999999970e-02 5.189329999999999776e-01 5.046000000000000485e-01
-1.875600000000000045e-01 4.930559999999999943e-01 5.119479999999999587e-01
-2.164989999999999970e-01 5.166619999999999546e-01 5.188209999999999766e-01
-2.192300000000000082e-01 4.959279999999999800e-01 5.177300000000000235e-01
-3.249330000000000274e-01 4.807080000000000242e-01 5.455780000000000074e-01
-1.532600000000000073e-01 5.422310000000000185e-01 4.576569999999999805e-01
-1.858859999999999957e-01 4.786590000000000011e-01 4.696199999999999819e-01
-1.260870000000000046e-01 4.050230000000000219e-01 5.141729999999999912e-01
-2.242139999999999966e-01 4.351979999999999738e-01 5.212679999999999536e-01
-2.413450000000000040e-01 4.759360000000000257e-01 4.020290000000000252e-01
-3.122550000000000048e-01 3.841999999999999860e-01 5.098219999999999974e-01
