3.487750000000000017e-01 -2.349199999999999899e-01 -5.436300000000000160e-02
5.479230000000000489e-01 2.431300000000000128e-01 6.099999999999999867e-02
6.758899999999999908e-01 1.315320000000000100e-01 1.646390000000000076e-01
6.659319999999999684e-01 7.153900000000000536e-02 1.803639999999999965e-01
6.768030000000000435e-01 1.344000000000000056e-02 1.368530000000000024e-01
6.755609999999999671e-01 9.424899999999999944e-02 7.736400000000000221e-02
6.847689999999999610e-01 1.375399999999999956e-01 8.928300000000000125e-02
6.881760000000000099e-01 1.786020000000000107e-01 8.047300000000000286e-02
6.887780000000000014e-01 6.464899999999999813e-02 1.889250000000000096e-01
6.994599999999999707e-01 4.028999999999999942e-02 2.165539999999999965e-01
6.618829999999999991e-01 2.359400000000000039e-02 2.066679999999999906e-01
6.594149999999999734e-01 -1.289730000000000043e-01 2.454369999999999885e-01
5.388159999999999616e-01 -2.017690000000000039e-01 2.511709999999999776e-01
3.437549999999999772e-01 -1.316879999999999995e-01 2.671580000000000066e-01
2.892600000000000171e-01 -2.407070000000000043e-01 2.280949999999999922e-01
2.139030000000000098e-01 -3.381779999999999786e-01 1.450069999999999970e-01
3.739300000000000263e-02 -3.487460000000000004e-01 9.494500000000000162e-02
3.780700000000000033e-02 -3.267700000000000049e-01 -1.337849999999999873e-01
3.510200000000000126e-02 -3.879799999999999915e-01 -2.482260000000000022e-01
2.308999999999999941e-02 -2.914359999999999729e-01 -4.228219999999999756e-01
-5.457399999999999751e-02 -1.898769999999999902e-01 -4.635730000000000128e-01
-9.634800000000000308e-02 -1.486760000000000026e-01 -4.982380000000000142e-01
-7.603600000000000636e-02 -1.439610000000000056e-01 -5.003900000000000015e-01
8.606000000000000802e-03 -2.193819999999999937e-01 -5.075809999999999489e-01
-1.344720000000000082e-01 -1.455069999999999975e-01 -5.318570000000000242e-01
-1.572959999999999914e-01 -1.418520000000000059e-01 -4.647370000000000112e-01
-5.797200000000000270e-02 -2.750099999999999767e-01 -4.584679999999999866e-01
-1.461860000000000104e-01 -1.680409999999999959e-01 -5.105140000000000233e-01
-6.410399999999999432e-02 -1.106830000000000036e-01 -5.263529999999999598e-01
-2.284450000000000092e-01 -1.673669999999999880e-01 -4.528789999999999760e-01
-1.884609999999999896e-01 -7.844900000000000484e-02 -4.860959999999999726e-01
-1.755100000000000063e-02 -1.032369999999999954e-01 -5.630990000000000162e-01
-1.092420000000000058e-01 -1.233749999999999986e-01 -5.407199999999999784e-01
-7.889500000000000679e-02 -1.212919999999999970e-01 -5.567839999999999456e-01
-1.757799999999999987e-02 -8.103599999999999692e-02 -5.703169999999999629e-01
-4.398400000000000226e-02 -2.167779999999999985e-01 -5.846710000000000518e-01
-1.122749999999999998e-01 -2.785219999999999918e-01 -5.034560000000000146e-01
-1.327589999999999881e-01 -3.575459999999999749e-01 -5.123330000000000384e-01
-1.577560000000000073e-01 -3.704140000000000210e-01 -4.612439999999999873e-01
-2.748260000000000147e-01 -3.622690000000000077e-01 -3.430840000000000001e-01
-3.251609999999999778e-01 -4.057419999999999916e-01 -1.036539999999999961e-01
-3.903369999999999895e-01 -1.890689999999999871e-01 -7.174999999999999954e-03
-2.180539999999999978e-01 -7.160999999999999310e-02 -6.064200000000000146e-02
4.067000000000000302e-03 -1.176699999999999968e-02 -2.447699999999999876e-02
1.384070000000000022e-01 2.173450000000000104e-01 -9.299000000000000321e-02
6.850299999999999445e-02 4.101239999999999886e-01 -7.454900000000000415e-02
7.472800000000000276e-02 4.209419999999999829e-01 3.632799999999999918e-02
4.274300000000000321e-02 4.457349999999999923e-01 3.718899999999999983e-02
8.422999999999999932e-02 5.060090000000000421e-01 1.804400000000000101e-02
1.119200000000000056e-01 4.957779999999999965e-01 -1.011800000000000026e-02
1.222879999999999939e-01 3.991029999999999855e-01 -8.090500000000000469e-02
1.341070000000000040e-01 3.704379999999999895e-01 -2.168960000000000055e-01
1.505620000000000014e-01 2.359980000000000133e-01 -2.605270000000000086e-01
2.249740000000000073e-01 3.627199999999999869e-02 -2.776529999999999831e-01
-1.166099999999999949e-02 -1.970399999999999929e-02 -2.443859999999999921e-01
-1.614289999999999892e-01 -1.787990000000000135e-01 -1.790299999999999947e-01
-1.468520000000000103e-01 -3.555570000000000119e-01 -2.605489999999999751e-01
-7.393700000000000272e-02 -4.560560000000000169e-01 -3.079600000000000115e-01
-3.145200000000000079e-02 -5.297699999999999632e-01 -3.126309999999999922e-01
-4.510100000000000220e-02 -5.213109999999999689e-01 -3.124600000000000155e-01
-3.231500000000000344e-02 -4.861050000000000093e-01 -3.939449999999999896e-01
-1.080829999999999985e-01 -5.378119999999999568e-01 -3.398379999999999734e-01
-4.656799999999999828e-02 -5.290780000000000483e-01 -3.755129999999999857e-01
-8.508799999999999697e-02 -4.741339999999999999e-01 -4.339640000000000164e-01
-2.039900000000000047e-02 -3.636989999999999945e-01 -5.141120000000000134e-01
-8.281099999999999572e-02 -4.699829999999999841e-01 -4.160440000000000249e-01
-6.699299999999999700e-02 -3.404719999999999969e-01 -5.555290000000000505e-01
-6.312099999999999655e-02 -2.701669999999999905e-01 -5.267969999999999597e-01
3.629799999999999693e-02 -4.729400000000000270e-01 -5.121109999999999829e-01
9.929999999999999938e-02 -4.927750000000000186e-01 -5.215990000000000348e-01
5.247799999999999687e-02 -5.806769999999999987e-01 -5.345630000000000104e-01
-5.854399999999999882e-02 -5.910330000000000306e-01 -4.334239999999999760e-01
-1.379120000000000068e-01 -3.888539999999999774e-01 -4.997469999999999968e-01
-1.593489999999999907e-01 -5.374370000000000536e-01 -3.694430000000000214e-01
-2.091530000000000056e-01 -6.138529999999999820e-01 -2.329380000000000062e-01
-2.907600000000000115e-02 -3.183190000000000186e-01 -3.775530000000000275e-01
1.638200000000000073e-02 -4.189019999999999966e-01 -3.178369999999999806e-01
1.009010000000000046e-01 -3.138770000000000171e-01 -2.366300000000000070e-01
7.397700000000000109e-02 -2.542200000000000015e-01 -2.841420000000000057e-01
3.543979999999999908e-01 3.517499999999999793e-02 -5.063399999999999845e-02
5.695179999999999687e-01 -2.500629999999999797e-01 2.279090000000000005e-01
6.441900000000000404e-01 2.333800000000000111e-02 2.567720000000000002e-01
6.788049999999999917e-01 1.233199999999999991e-01 2.602200000000000069e-01
6.544860000000000122e-01 2.141129999999999978e-01 1.733379999999999921e-01
6.437439999999999829e-01 2.585430000000000228e-01 1.277500000000000024e-01
6.401000000000000023e-01 3.089700000000000224e-01 5.033200000000000174e-02
5.705470000000000264e-01 3.172119999999999940e-01 1.779350000000000098e-01
6.459139999999999882e-01 2.147870000000000057e-01 1.922790000000000055e-01
6.558509999999999618e-01 1.487660000000000093e-01 2.643389999999999906e-01
5.796780000000000266e-01 1.560680000000000123e-01 3.014549999999999730e-01
6.183870000000000200e-01 1.482749999999999901e-01 2.430759999999999865e-01
5.711349999999999483e-01 1.267929999999999890e-01 1.832920000000000105e-01
4.398500000000000187e-01 2.675540000000000140e-01 6.463099999999999401e-02
3.804009999999999891e-01 2.664009999999999989e-01 -1.661899999999999836e-02
3.702710000000000168e-01 2.676609999999999823e-01 -1.248930000000000040e-01
2.956289999999999751e-01 2.660719999999999752e-01 -1.627359999999999918e-01
2.071649999999999880e-01 2.841620000000000257e-01 -2.851480000000000126e-01
1.262409999999999921e-01 3.494430000000000036e-01 -4.491899999999999782e-01
-1.123900000000000073e-02 3.535780000000000034e-01 -4.399859999999999882e-01
1.618999999999999953e-02 3.036610000000000142e-01 -4.887980000000000103e-01
8.073800000000000421e-02 3.525949999999999918e-01 -4.594679999999999875e-01
4.880799999999999722e-02 2.827219999999999733e-01 -4.221659999999999857e-01
3.985199999999999854e-02 2.782069999999999821e-01 -4.816039999999999766e-01
5.070399999999999907e-02 3.064560000000000062e-01 -5.256330000000000169e-01
3.898599999999999982e-02 2.687769999999999881e-01 -5.134919999999999485e-01
1.711260000000000003e-01 2.032329999999999970e-01 -5.072630000000000194e-01
1.424950000000000105e-01 3.079629999999999868e-01 -5.050569999999999782e-01
4.828299999999999953e-02 3.140930000000000111e-01 -4.541939999999999866e-01
1.909669999999999979e-01 2.000319999999999876e-01 -4.582950000000000079e-01
2.331370000000000109e-01 1.870050000000000046e-01 -4.750090000000000146e-01
1.738699999999999968e-01 1.896740000000000093e-01 -5.177699999999999525e-01
1.899949999999999972e-01 1.901770000000000127e-01 -4.891610000000000125e-01
1.857900000000000107e-01 1.983599999999999947e-02 -3.763859999999999983e-01
1.111069999999999974e-01 -8.274199999999999611e-02 -2.578599999999999781e-01
-4.003600000000000214e-02 -3.150689999999999880e-01 2.494000000000000123e-03
-4.907600000000000157e-02 -3.041320000000000134e-01 1.669180000000000108e-01
-4.519999999999999821e-04 -4.399700000000000277e-01 2.859840000000000160e-01
-1.602299999999999905e-02 -4.591919999999999891e-01 4.050590000000000024e-01
7.197699999999999931e-02 -5.232980000000000409e-01 4.045449999999999879e-01
2.362600000000000117e-02 -4.972809999999999730e-01 3.913200000000000012e-01
1.057239999999999985e-01 -4.340620000000000034e-01 3.572930000000000272e-01
4.481899999999999773e-02 -5.057899999999999618e-01 3.564309999999999978e-01
7.396800000000000597e-02 -4.406849999999999934e-01 3.166829999999999923e-01
9.636899999999999633e-02 -5.417060000000000208e-01 3.394309999999999827e-01
8.714900000000000424e-02 -5.890379999999999505e-01 3.300980000000000025e-01
1.266200000000000103e-01 -4.547439999999999816e-01 3.044359999999999844e-01
-6.710099999999999398e-02 -2.856670000000000043e-01 2.429709999999999925e-01
6.228000000000000203e-02 -2.771970000000000267e-01 -1.944240000000000135e-01
-1.023600000000000031e-02 -6.047690000000000010e-01 7.399300000000000321e-02
