6.293440000000000145e-01 4.414300000000000168e-02 -3.595799999999999691e-02
6.094089999999999785e-01 3.064850000000000074e-01 1.128860000000000002e-01
5.910929999999999795e-01 3.655269999999999908e-01 1.761250000000000038e-01
5.610450000000000159e-01 2.939990000000000103e-01 2.647249999999999881e-01
5.427689999999999459e-01 4.339069999999999871e-01 2.168229999999999880e-01
6.563090000000000312e-01 2.321580000000000032e-01 1.949220000000000119e-01
6.309909999999999686e-01 1.774699999999999889e-01 2.004599999999999993e-01
6.534720000000000528e-01 2.358220000000000038e-01 1.828329999999999955e-01
6.803090000000000526e-01 2.880889999999999840e-01 1.735949999999999993e-01
6.165190000000000392e-01 2.620930000000000204e-01 2.030299999999999883e-01
5.517189999999999594e-01 7.834099999999999397e-02 2.777450000000000196e-01
4.187960000000000016e-01 -4.264899999999999941e-02 3.097909999999999831e-01
2.974640000000000062e-01 -9.564200000000000479e-02 2.960450000000000026e-01
1.023040000000000060e-01 -1.082520000000000010e-01 3.242869999999999919e-01
-4.798999999999999794e-02 -2.101939999999999920e-01 2.716930000000000178e-01
-2.003570000000000073e-01 -1.346990000000000132e-01 1.691930000000000101e-01
-1.675210000000000032e-01 -2.059010000000000007e-01 -1.689100000000000046e-01
-1.771340000000000137e-01 -3.130620000000000069e-01 -2.514609999999999901e-01
-1.113780000000000048e-01 -2.753860000000000197e-01 -4.782279999999999864e-01
-1.022770000000000068e-01 -2.339579999999999993e-01 -4.651140000000000274e-01
-1.049849999999999950e-01 -2.733619999999999939e-01 -4.330930000000000057e-01
-1.533220000000000138e-01 -1.200890000000000013e-01 -4.856840000000000046e-01
-2.233529999999999960e-01 -1.613459999999999894e-01 -4.234680000000000111e-01
-1.340419999999999945e-01 -7.832000000000000073e-02 -4.603840000000000154e-01
-2.137320000000000053e-01 -1.331199999999999918e-02 -5.041940000000000310e-01
-1.493440000000000045e-01 -1.078910000000000008e-01 -5.161719999999999642e-01
-2.493430000000000091e-01 -7.343099999999999627e-02 -5.041440000000000365e-01
-1.452450000000000130e-01 -9.455199999999999716e-02 -5.436819999999999986e-01
-1.796889999999999876e-01 -2.416190000000000004e-01 -5.513660000000000228e-01
-2.173019999999999952e-01 -2.574629999999999974e-01 -5.228180000000000049e-01
-8.411100000000000521e-02 -1.187929999999999958e-01 -5.478460000000000552e-01
-2.020929999999999949e-01 -1.731280000000000041e-01 -5.019099999999999673e-01
-2.269549999999999901e-01 -1.345149999999999957e-01 -4.995660000000000101e-01
-3.486330000000000262e-01 -1.829210000000000003e-01 -4.400530000000000275e-01
-2.824139999999999984e-01 -1.879059999999999897e-01 -4.502789999999999848e-01
-2.896659999999999791e-01 -2.291600000000000026e-01 -4.479350000000000276e-01
-4.484810000000000185e-01 -2.339179999999999870e-01 -2.994999999999999885e-01
-4.181239999999999957e-01 -2.488090000000000024e-01 -2.246599999999999986e-01
-4.682799999999999740e-01 -2.077430000000000110e-01 -1.275890000000000080e-01
-4.699439999999999729e-01 1.543600000000000007e-02 6.087000000000000396e-03
-3.127260000000000040e-01 2.456260000000000110e-01 -4.439300000000000190e-02
-2.310979999999999979e-01 3.421600000000000197e-01 2.908200000000000021e-02
-3.555099999999999927e-02 4.765090000000000159e-01 -7.294399999999999495e-02
-8.523899999999999533e-02 5.150700000000000278e-01 -4.166000000000000432e-03
-1.971849999999999992e-01 5.171489999999999698e-01 1.379309999999999981e-01
-1.309059999999999946e-01 5.236910000000000176e-01 5.193500000000000200e-02
-1.971970000000000112e-01 4.740400000000000169e-01 5.251000000000000112e-02
-1.705939999999999956e-01 4.701569999999999916e-01 -7.184100000000000208e-02
-5.172100000000000308e-02 3.883150000000000213e-01 -1.666860000000000008e-01
-6.650599999999999568e-02 2.103230000000000099e-01 -1.496629999999999905e-01
-2.528279999999999972e-01 1.535769999999999913e-01 -1.338820000000000010e-01
-2.057110000000000050e-01 -2.168399999999999841e-02 -2.003030000000000088e-01
-2.791540000000000132e-01 -2.564670000000000005e-01 -1.481020000000000114e-01
-3.551349999999999785e-01 -3.122750000000000248e-01 -1.041849999999999998e-01
-2.808510000000000173e-01 -3.684930000000000150e-01 -1.113800000000000068e-01
-2.328310000000000102e-01 -4.317119999999999846e-01 -2.128160000000000052e-01
-2.145990000000000120e-01 -4.123640000000000083e-01 -2.767279999999999740e-01
-2.617539999999999867e-01 -3.856399999999999828e-01 -2.914590000000000236e-01
-2.506780000000000119e-01 -3.403430000000000066e-01 -3.360239999999999894e-01
-2.876290000000000235e-01 -2.980749999999999789e-01 -4.274060000000000081e-01
-3.475690000000000168e-01 -2.789940000000000198e-01 -3.898019999999999818e-01
-3.922370000000000023e-01 -2.310629999999999906e-01 -4.525980000000000003e-01
-2.376409999999999911e-01 -3.015930000000000000e-01 -4.748060000000000058e-01
-2.018800000000000108e-02 -2.928819999999999757e-01 -6.031560000000000255e-01
-2.377130000000000076e-01 -4.233529999999999793e-01 -4.832049999999999956e-01
-2.134669999999999901e-01 -4.844899999999999762e-01 -4.167730000000000046e-01
-9.315299999999999969e-02 -3.831479999999999886e-01 -6.251039999999999930e-01
4.147100000000000092e-02 -2.964040000000000008e-01 -3.894360000000000044e-01
-9.937600000000000600e-02 -3.693930000000000269e-01 -5.056599999999999984e-01
4.250000000000000305e-03 -8.520500000000000296e-02 -4.004179999999999962e-01
1.699050000000000005e-01 -1.463280000000000136e-01 -4.059209999999999763e-01
1.297599999999999865e-01 -1.366229999999999944e-01 -4.244029999999999747e-01
-2.574560000000000182e-01 -3.199230000000000129e-01 -4.234609999999999763e-01
-2.927219999999999822e-01 -2.142280000000000018e-01 -4.819410000000000083e-01
-3.090749999999999886e-01 -1.130399999999999981e-02 -5.220989999999999798e-01
-2.357690000000000063e-01 -8.986199999999999743e-02 -6.027890000000000192e-01
-1.952939999999999954e-01 -2.491170000000000051e-01 -5.519920000000000382e-01
-1.656700000000000117e-01 -2.146470000000000045e-01 -5.300110000000000099e-01
-3.045999999999999819e-01 -1.594100000000000031e-02 -5.384940000000000282e-01
-3.090240000000000209e-01 -5.891000000000000403e-03 -5.441040000000000321e-01
-3.835250000000000048e-01 -2.903800000000000131e-02 -4.661259999999999848e-01
-4.032009999999999761e-01 -1.024399999999999963e-02 -4.805349999999999899e-01
-3.138610000000000011e-01 -4.788699999999999901e-02 -5.226229999999999487e-01
-4.275300000000000211e-01 -5.385800000000000309e-02 -4.500319999999999876e-01
-3.060640000000000027e-01 -1.031230000000000063e-01 -4.830249999999999821e-01
-3.662489999999999912e-01 -2.378760000000000041e-01 -3.948720000000000008e-01
-2.902939999999999965e-01 -2.380120000000000013e-01 -3.814310000000000200e-01
-1.918300000000000005e-01 -3.294540000000000246e-01 -2.600080000000000169e-01
-8.267199999999999549e-02 -3.816530000000000200e-01 -5.307800000000000018e-02
-1.307530000000000081e-01 -3.539740000000000109e-01 1.421159999999999923e-01
-1.676209999999999922e-01 -4.054269999999999818e-01 2.900010000000000088e-01
-1.751840000000000064e-01 -3.773889999999999745e-01 3.727039999999999798e-01
-7.554199999999999804e-02 -4.031230000000000091e-01 4.147870000000000168e-01
-2.054999999999999882e-02 -3.999579999999999802e-01 3.727980000000000183e-01
7.655199999999999505e-02 -3.927599999999999980e-01 3.818860000000000032e-01
3.909100000000000075e-02 -2.584449999999999803e-01 3.142570000000000086e-01
3.139999999999999888e-04 -3.602730000000000099e-01 3.933409999999999962e-01
1.495699999999999981e-02 -5.678119999999999834e-01 4.217230000000000145e-01
1.520579999999999987e-01 -6.483919999999999684e-01 3.242030000000000189e-01
-9.228100000000000191e-02 -2.637109999999999732e-01 4.118620000000000059e-01
-6.731700000000000184e-02 -3.168070000000000053e-01 7.244799999999999851e-02
1.787700000000000053e-02 -5.543970000000000287e-01 3.301259999999999750e-01
1.246099999999999985e-02 -4.477650000000000241e-01 2.168190000000000117e-01
9.135000000000000064e-02 -3.420880000000000032e-01 -7.923099999999999588e-02
6.064599999999999852e-02 -1.324120000000000019e-01 4.512499999999999845e-02
2.272540000000000115e-01 -1.532830000000000026e-01 -3.122700000000000128e-02
3.817169999999999730e-01 -1.860900000000000054e-01 -9.545399999999999718e-02
