6.679720000000000102e-01 2.838699999999999904e-02 1.424279999999999990e-01
6.852489999999999970e-01 1.086820000000000008e-01 1.164260000000000017e-01
6.268010000000000526e-01 1.846760000000000068e-01 1.923499999999999932e-01
6.526089999999999947e-01 1.855189999999999895e-01 1.951620000000000021e-01
6.375779999999999781e-01 1.892530000000000046e-01 3.065200000000000147e-01
5.141139999999999599e-01 2.847729999999999984e-01 3.399499999999999744e-01
5.971689999999999499e-01 2.238799999999999957e-01 2.666979999999999906e-01
5.895190000000000152e-01 2.450380000000000058e-01 2.420789999999999886e-01
5.679250000000000131e-01 2.312559999999999893e-01 2.256160000000000110e-01
5.944209999999999772e-01 2.751500000000000126e-02 2.278590000000000060e-01
5.571810000000000374e-01 -9.773400000000000143e-02 2.428039999999999921e-01
3.266310000000000047e-01 -2.543799999999999881e-02 3.197610000000000174e-01
1.397319999999999951e-01 -2.071260000000000046e-01 4.261880000000000113e-01
-7.159200000000000286e-02 -2.399169999999999914e-01 4.447189999999999754e-01
-3.381970000000000254e-01 -2.133859999999999923e-01 3.404969999999999941e-01
-3.242129999999999734e-01 -2.538569999999999993e-01 1.252399999999999902e-01
-2.856170000000000098e-01 -3.338800000000000101e-01 -1.839349999999999874e-01
-5.120200000000000307e-01 -2.931549999999999989e-01 -1.056170000000000025e-01
-4.213100000000000178e-01 -2.157429999999999903e-01 -2.985630000000000228e-01
-2.984620000000000051e-01 -2.347730000000000095e-01 -3.661340000000000150e-01
-3.661059999999999870e-01 -2.263969999999999871e-01 -3.609330000000000038e-01
-3.460110000000000130e-01 -2.010309999999999875e-01 -4.307340000000000058e-01
-3.677750000000000186e-01 -1.441669999999999896e-01 -4.148419999999999885e-01
-2.903330000000000077e-01 -1.447710000000000108e-01 -4.507979999999999765e-01
-3.250480000000000036e-01 -1.312510000000000066e-01 -4.064650000000000207e-01
-2.305599999999999872e-01 -2.167560000000000042e-01 -4.678350000000000009e-01
-2.328919999999999879e-01 -1.834679999999999922e-01 -4.856240000000000001e-01
-2.786350000000000215e-01 -7.131400000000000239e-02 -4.885039999999999938e-01
-3.044319999999999804e-01 -1.324099999999999930e-02 -4.474659999999999749e-01
-3.064370000000000149e-01 -8.704800000000000038e-02 -4.883279999999999843e-01
-2.757589999999999764e-01 -4.873999999999999860e-03 -5.360599999999999810e-01
-3.130930000000000102e-01 -1.549900000000000062e-02 -5.001640000000000530e-01
-3.299699999999999855e-01 -2.190900000000000139e-02 -4.441129999999999800e-01
-3.050599999999999978e-01 -8.307799999999999907e-02 -4.738350000000000062e-01
-4.015619999999999745e-01 -8.389599999999999835e-02 -4.177029999999999910e-01
-4.333330000000000237e-01 -1.787090000000000067e-01 -2.998600000000000154e-01
-4.205119999999999969e-01 -2.692809999999999926e-01 -2.391349999999999865e-01
-4.222179999999999822e-01 -2.625830000000000108e-01 -1.992520000000000124e-01
-4.536450000000000204e-01 -1.097199999999999981e-01 -2.130589999999999984e-01
-5.256739999999999746e-01 -6.360000000000000202e-03 -1.280640000000000112e-01
-3.431850000000000178e-01 1.837660000000000127e-01 -1.238210000000000005e-01
-2.034009999999999985e-01 2.491210000000000091e-01 -7.903399999999999315e-02
4.798100000000000281e-02 3.170640000000000125e-01 -8.841100000000000347e-02
1.058010000000000062e-01 4.323199999999999821e-01 -9.941899999999999349e-02
5.308000000000000218e-02 4.576430000000000220e-01 -1.082759999999999972e-01
-3.374999999999999962e-03 4.850380000000000247e-01 -2.573599999999999846e-02
-4.832700000000000190e-02 4.745539999999999758e-01 -7.391799999999999760e-02
-2.056000000000000102e-03 4.125579999999999803e-01 -9.957000000000000572e-02
1.048600000000000053e-02 4.411800000000000166e-01 -1.995210000000000039e-01
1.071020000000000028e-01 3.380020000000000246e-01 -2.541999999999999815e-01
-1.293080000000000063e-01 2.970039999999999902e-01 -2.093420000000000003e-01
-2.573759999999999937e-01 1.680020000000000124e-01 -2.081230000000000024e-01
-2.063409999999999966e-01 1.060030000000000000e-01 -3.271780000000000244e-01
-3.409670000000000201e-01 -4.606600000000000278e-02 -4.004090000000000149e-01
-2.946489999999999942e-01 -2.123019999999999907e-01 -4.274870000000000059e-01
-4.192960000000000020e-01 -2.897910000000000208e-01 -2.867029999999999856e-01
-3.229190000000000116e-01 -4.209680000000000089e-01 -1.781729999999999980e-01
-3.399139999999999939e-01 -3.382919999999999816e-01 -2.257139999999999980e-01
-3.391199999999999770e-01 -2.285649999999999904e-01 -3.124759999999999760e-01
-3.530780000000000030e-01 -1.723439999999999972e-01 -3.570829999999999838e-01
-2.035250000000000115e-01 -3.084990000000000232e-01 -3.879159999999999831e-01
-8.286300000000000610e-02 -2.632240000000000135e-01 -4.557189999999999852e-01
-2.845980000000000176e-01 -2.074400000000000133e-01 -4.555400000000000005e-01
-2.367569999999999952e-01 -2.403530000000000111e-01 -4.438540000000000263e-01
-2.651240000000000263e-01 -1.659150000000000069e-01 -4.470169999999999977e-01
-2.173120000000000052e-01 -1.202440000000000037e-01 -4.697669999999999901e-01
-2.128589999999999927e-01 -1.786059999999999870e-01 -4.248410000000000242e-01
-1.716439999999999910e-01 -1.841000000000000136e-01 -5.102520000000000389e-01
-1.986779999999999935e-01 -1.313840000000000008e-01 -4.982550000000000034e-01
-2.019199999999999884e-01 -2.558900000000000063e-01 -4.447760000000000047e-01
-2.189049999999999885e-01 -3.554180000000000117e-01 -4.245590000000000197e-01
-2.104280000000000039e-01 -3.526650000000000063e-01 -4.589909999999999823e-01
-2.654610000000000025e-01 -4.130320000000000102e-01 -3.328740000000000032e-01
-2.806379999999999986e-01 -5.447210000000000107e-01 -3.253789999999999738e-01
-2.754480000000000262e-01 -5.688189999999999635e-01 -3.509410000000000029e-01
-1.987869999999999915e-01 -5.174159999999999870e-01 -3.301419999999999910e-01
-1.632699999999999985e-01 -5.361470000000000402e-01 -2.860679999999999890e-01
-2.304539999999999922e-01 -4.242839999999999945e-01 -2.808970000000000078e-01
-1.874290000000000123e-01 -2.887440000000000007e-01 -3.700530000000000208e-01
-1.364370000000000027e-01 -7.020999999999999464e-02 -4.340100000000000069e-01
-1.881799999999999862e-01 1.134200000000000069e-01 -4.558400000000000230e-01
-1.843750000000000111e-01 1.147279999999999966e-01 -4.768890000000000073e-01
-1.311060000000000003e-01 9.564000000000000279e-02 -4.917440000000000144e-01
-6.390400000000000247e-02 1.483889999999999931e-01 -5.545609999999999706e-01
-3.883099999999999746e-02 1.825259999999999938e-01 -5.905369999999999786e-01
-7.403200000000000058e-02 2.338590000000000113e-01 -6.021130000000000093e-01
1.457400000000000015e-02 1.822280000000000011e-01 -5.995200000000000529e-01
-1.355470000000000008e-01 2.941349999999999798e-01 -5.466220000000000523e-01
-1.210520000000000068e-01 2.753639999999999977e-01 -5.106939999999999813e-01
-8.300000000000000086e-03 3.547159999999999758e-01 -5.755550000000000388e-01
-1.743969999999999965e-01 4.369210000000000038e-01 -4.627569999999999739e-01
-1.240710000000000007e-01 4.513170000000000237e-01 -2.936730000000000174e-01
-1.615580000000000072e-01 5.209620000000000362e-01 -1.346700000000000119e-01
-1.216909999999999936e-01 6.335610000000000408e-01 1.342199999999999990e-02
-1.888640000000000041e-01 6.606130000000000058e-01 1.458840000000000137e-01
-2.031580000000000052e-01 6.353550000000000031e-01 2.808610000000000273e-01
-2.090090000000000003e-01 5.746609999999999774e-01 3.537190000000000056e-01
-2.135299999999999976e-01 5.609979999999999967e-01 4.053379999999999761e-01
-1.775720000000000076e-01 5.600690000000000390e-01 4.339979999999999949e-01
-8.399199999999999722e-02 5.103609999999999536e-01 4.439520000000000133e-01
-1.863700000000000079e-01 5.658720000000000416e-01 4.343480000000000119e-01
-1.199500000000000011e-01 5.213799999999999546e-01 3.979110000000000147e-01
-1.112780000000000019e-01 4.729439999999999755e-01 4.344779999999999753e-01
-1.961499999999999910e-01 4.199359999999999760e-01 4.801509999999999945e-01
-1.972800000000000109e-01 4.414339999999999931e-01 4.815860000000000141e-01
-2.613050000000000095e-01 4.477320000000000189e-01 5.451639999999999819e-01
-2.523290000000000255e-01 3.603129999999999944e-01 5.248800000000000132e-01
-1.874619999999999898e-01 5.113750000000000240e-01 4.747520000000000073e-01
-2.079189999999999927e-01 3.740850000000000009e-01 4.559739999999999904e-01
-2.236519999999999897e-01 2.764769999999999728e-01 5.169350000000000334e-01
7.288899999999999546e-02 6.768899999999999917e-02 2.317190000000000083e-01
1.541720000000000035e-01 -5.806700000000000056e-02 1.187539999999999984e-01
3.709640000000000160e-01 -2.945780000000000065e-01 -2.489049999999999874e-01
3.093739999999999823e-01 -2.970539999999999847e-01 -2.097739999999999883e-01
