6.600340000000000096e-01 -6.662800000000000666e-02 2.393399999999999972e-01
6.166460000000000274e-01 1.724680000000000102e-01 1.499900000000000122e-01
6.561510000000000398e-01 9.532000000000000542e-03 1.376020000000000021e-01
6.885930000000000106e-01 -3.305999999999999911e-03 1.038349999999999967e-01
5.604510000000000325e-01 1.111869999999999942e-01 1.377490000000000103e-01
6.196679999999999966e-01 -7.681999999999999593e-03 1.876460000000000072e-01
6.890279999999999738e-01 -3.056499999999999842e-02 2.615620000000000167e-01
6.242269999999999763e-01 6.208199999999999830e-02 2.341949999999999865e-01
5.944199999999999484e-01 6.854200000000000570e-02 2.387670000000000070e-01
5.303029999999999688e-01 9.225800000000000667e-02 3.616349999999999842e-01
5.583360000000000545e-01 6.878099999999999492e-02 3.795209999999999972e-01
5.060590000000000366e-01 1.778589999999999893e-01 3.421429999999999749e-01
4.748800000000000243e-01 2.597599999999999909e-01 2.692140000000000088e-01
4.590549999999999908e-01 2.596749999999999892e-01 3.089689999999999936e-01
5.085049999999999848e-01 2.133790000000000131e-01 3.185330000000000106e-01
4.320579999999999976e-01 2.480590000000000017e-01 3.297260000000000191e-01
1.875570000000000015e-01 4.059309999999999863e-01 3.675899999999999723e-01
1.902969999999999939e-01 4.168789999999999996e-01 3.864170000000000105e-01
2.292649999999999966e-01 4.776900000000000035e-01 3.622179999999999844e-01
1.122940000000000049e-01 5.133330000000000393e-01 3.911069999999999824e-01
5.701799999999999924e-02 5.365199999999999969e-01 3.817110000000000225e-01
-7.243999999999999571e-03 5.000449999999999617e-01 4.182660000000000267e-01
1.189899999999999985e-02 4.579869999999999775e-01 3.948200000000000043e-01
-6.747599999999999432e-02 5.445750000000000313e-01 4.248279999999999834e-01
-1.255479999999999929e-01 5.327499999999999458e-01 4.232819999999999916e-01
-1.324279999999999902e-01 5.854200000000000514e-01 4.139450000000000074e-01
-1.604889999999999928e-01 5.335039999999999782e-01 4.505469999999999753e-01
-1.426050000000000095e-01 5.788100000000000467e-01 4.132140000000000257e-01
-2.005480000000000040e-01 6.029320000000000235e-01 3.978679999999999994e-01
-2.079380000000000117e-01 6.109179999999999611e-01 4.111119999999999775e-01
-1.493389999999999995e-01 5.908210000000000406e-01 4.519770000000000176e-01
-5.530600000000000099e-02 5.367990000000000261e-01 4.684789999999999788e-01
-1.178939999999999988e-01 6.064380000000000326e-01 4.775209999999999733e-01
-3.447499999999999870e-02 4.760300000000000087e-01 4.351659999999999973e-01
9.058299999999999685e-02 2.769469999999999987e-01 4.175619999999999887e-01
1.582449999999999968e-01 3.111510000000000109e-01 4.144019999999999926e-01
3.234600000000000253e-01 2.348780000000000034e-01 4.244169999999999887e-01
5.715679999999999650e-01 1.103289999999999965e-01 3.525829999999999798e-01
6.301889999999999992e-01 -8.441500000000000392e-02 2.961610000000000076e-01
6.683320000000000372e-01 -2.430740000000000123e-01 3.662199999999999900e-01
6.863500000000000156e-01 -1.071389999999999981e-01 3.872399999999999731e-01
7.328390000000000182e-01 1.107200000000000024e-02 3.974070000000000102e-01
7.106649999999999912e-01 9.839699999999999835e-02 3.891780000000000239e-01
7.208569999999999700e-01 1.824109999999999898e-01 3.554439999999999822e-01
7.099339999999999540e-01 2.477949999999999875e-01 2.765989999999999838e-01
6.810159999999999547e-01 1.129379999999999967e-01 3.927309999999999968e-01
7.205829999999999735e-01 7.349400000000000377e-02 3.872959999999999736e-01
6.812960000000000127e-01 1.180169999999999969e-01 4.141589999999999994e-01
6.398829999999999796e-01 2.376699999999999993e-02 4.389239999999999808e-01
5.962969999999999660e-01 -8.332000000000000517e-02 4.786340000000000039e-01
5.114680000000000337e-01 -1.815950000000000064e-01 5.049069999999999947e-01
3.762429999999999941e-01 -5.045700000000000185e-02 4.461060000000000025e-01
1.968110000000000137e-01 -1.532749999999999946e-01 4.925419999999999798e-01
1.543200000000000127e-01 -3.205370000000000164e-01 3.444189999999999752e-01
-2.403200000000000128e-02 -4.538849999999999829e-01 3.509070000000000245e-01
-3.242699999999999749e-02 -5.399760000000000115e-01 2.193430000000000102e-01
-8.935999999999999499e-03 -4.803620000000000112e-01 9.974900000000000433e-02
1.683300000000000074e-02 -4.587080000000000046e-01 -1.096049999999999941e-01
-5.121400000000000258e-02 -3.143739999999999868e-01 -2.165980000000000127e-01
3.036399999999999863e-02 -2.408899999999999930e-01 -3.280299999999999883e-01
1.867169999999999941e-01 -2.566330000000000000e-01 -4.475230000000000041e-01
8.188700000000000145e-02 -3.309520000000000239e-01 -3.790240000000000276e-01
-1.371999999999999956e-02 -3.186720000000000108e-01 -3.230520000000000058e-01
-1.344300000000000009e-02 -3.432749999999999968e-01 -3.045490000000000141e-01
9.598500000000000087e-02 -2.301489999999999925e-01 -4.108519999999999950e-01
9.797899999999999665e-02 -2.917239999999999833e-01 -2.773039999999999949e-01
1.677569999999999895e-01 -1.761639999999999873e-01 -4.380310000000000037e-01
1.442930000000000046e-01 -2.225630000000000108e-01 -3.957600000000000007e-01
1.714200000000000099e-02 -1.718510000000000038e-01 -4.509159999999999835e-01
1.408840000000000092e-01 -2.711959999999999926e-01 -4.831050000000000066e-01
1.441469999999999974e-01 -3.381239999999999801e-01 -4.492380000000000262e-01
9.251600000000000101e-02 -3.079529999999999768e-01 -4.392579999999999818e-01
1.535189999999999888e-01 -4.059349999999999903e-01 -3.359099999999999864e-01
1.038500000000000013e-02 -3.700519999999999921e-01 -3.195140000000000202e-01
-5.157000000000000126e-03 -3.051969999999999961e-01 -2.206589999999999940e-01
-1.242000000000000048e-03 -1.533069999999999988e-01 -8.655400000000000593e-02
-1.901900000000000118e-02 5.532900000000000318e-02 -4.589200000000000224e-02
-4.654400000000000204e-02 1.391860000000000042e-01 -1.930000000000000075e-03
-2.700000000000000143e-03 3.713239999999999874e-01 -6.458800000000000652e-02
1.633330000000000060e-01 4.133410000000000140e-01 4.753500000000000086e-02
1.051079999999999931e-01 5.060139999999999638e-01 1.326720000000000121e-01
-4.181999999999999953e-03 5.541779999999999484e-01 1.975190000000000001e-01
-4.139000000000000318e-03 6.031320000000000014e-01 1.745800000000000129e-01
-3.717399999999999871e-02 6.161309999999999842e-01 1.966749999999999887e-01
4.400899999999999951e-02 5.896569999999999867e-01 1.265050000000000063e-01
1.359910000000000008e-01 5.265130000000000088e-01 -8.933999999999999234e-03
2.950769999999999782e-01 3.570139999999999980e-01 -1.349940000000000029e-01
4.495959999999999956e-01 2.599219999999999864e-01 -2.600819999999999799e-01
3.086269999999999847e-01 9.708600000000000563e-02 -2.836350000000000260e-01
7.259799999999999587e-02 -1.350919999999999899e-01 -1.669829999999999925e-01
-2.736900000000000097e-02 -2.347839999999999927e-01 -1.741389999999999882e-01
3.562900000000000095e-02 -3.507250000000000090e-01 -2.759300000000000086e-01
2.555800000000000086e-02 -4.931760000000000033e-01 -2.570169999999999955e-01
1.148509999999999948e-01 -5.001600000000000490e-01 -3.193829999999999725e-01
9.251399999999999901e-02 -4.826239999999999974e-01 -3.977160000000000140e-01
7.032800000000000162e-02 -4.447900000000000187e-01 -4.008669999999999733e-01
1.692210000000000103e-01 -4.150170000000000248e-01 -5.141489999999999672e-01
1.087029999999999941e-01 -4.131230000000000180e-01 -4.762520000000000087e-01
1.459390000000000132e-01 -4.894609999999999794e-01 -4.378639999999999755e-01
6.464300000000000601e-02 -4.057040000000000091e-01 -4.571029999999999816e-01
6.954200000000000659e-02 -3.759990000000000276e-01 -4.503469999999999973e-01
1.472199999999999898e-01 -4.108490000000000197e-01 -4.652270000000000016e-01
6.209900000000000142e-02 -4.902409999999999823e-01 -3.865270000000000095e-01
7.734699999999999909e-02 -4.896809999999999774e-01 -3.389570000000000083e-01
-1.072700000000000042e-02 -5.861600000000000144e-01 -3.301810000000000023e-01
-3.085200000000000095e-02 -5.861840000000000384e-01 -3.871080000000000076e-01
5.785200000000000065e-02 -4.594820000000000015e-01 -5.297530000000000294e-01
5.014400000000000107e-02 -5.610629999999999784e-01 -4.850519999999999832e-01
1.580789999999999973e-01 -3.245620000000000172e-01 -5.017709999999999670e-01
