6.672059999999999658e-01 -7.031199999999999950e-02 7.481999999999999762e-02
6.703590000000000382e-01 7.771699999999999442e-02 8.594100000000000350e-02
6.434699999999999864e-01 2.046900000000000108e-01 1.898940000000000072e-01
6.085730000000000306e-01 2.657189999999999830e-01 1.797479999999999911e-01
6.274170000000000025e-01 2.119959999999999900e-01 2.080510000000000137e-01
5.059789999999999566e-01 2.721720000000000250e-01 2.786020000000000163e-01
4.820059999999999900e-01 2.733079999999999954e-01 3.344320000000000070e-01
4.907079999999999775e-01 2.924629999999999730e-01 2.743180000000000063e-01
4.262210000000000165e-01 3.416219999999999812e-01 3.298150000000000248e-01
4.248890000000000167e-01 3.515670000000000184e-01 3.373099999999999987e-01
3.305159999999999765e-01 4.375519999999999965e-01 3.621349999999999847e-01
3.047730000000000161e-01 3.928690000000000238e-01 3.849069999999999991e-01
2.326459999999999917e-01 4.360479999999999912e-01 4.197980000000000045e-01
1.120600000000000068e-01 5.156309999999999505e-01 3.642960000000000087e-01
2.107640000000000069e-01 4.599170000000000202e-01 3.996160000000000267e-01
7.065599999999999659e-02 4.746020000000000238e-01 4.345809999999999951e-01
-1.273700000000000006e-02 4.218970000000000220e-01 4.510810000000000097e-01
-1.227800000000000072e-02 4.257489999999999886e-01 4.180659999999999932e-01
-1.662919999999999954e-01 4.931849999999999845e-01 4.553380000000000205e-01
-1.478730000000000044e-01 4.300100000000000033e-01 4.576520000000000032e-01
-1.759000000000000008e-01 4.401840000000000197e-01 4.734889999999999932e-01
-2.032980000000000065e-01 4.677229999999999999e-01 4.168129999999999891e-01
-1.945050000000000112e-01 4.782399999999999984e-01 4.369239999999999791e-01
-2.273090000000000110e-01 4.649119999999999919e-01 4.395270000000000010e-01
-1.767100000000000060e-01 5.183670000000000222e-01 4.144280000000000186e-01
-1.806709999999999983e-01 4.868939999999999935e-01 4.415959999999999885e-01
-2.081240000000000034e-01 4.755840000000000067e-01 4.575359999999999983e-01
-2.397819999999999951e-01 5.052280000000000104e-01 4.915800000000000169e-01
-1.270640000000000103e-01 5.477189999999999559e-01 4.848939999999999917e-01
2.125600000000000059e-02 5.467359999999999998e-01 5.191449999999999676e-01
3.203600000000000197e-02 5.551420000000000243e-01 5.016180000000000083e-01
9.203200000000000269e-02 5.750750000000000028e-01 4.935689999999999800e-01
1.793440000000000034e-01 4.767489999999999783e-01 4.806599999999999762e-01
2.765230000000000188e-01 4.710389999999999855e-01 3.213610000000000078e-01
1.984970000000000068e-01 4.704209999999999781e-01 4.030159999999999854e-01
2.243269999999999986e-01 2.202770000000000006e-01 3.240990000000000260e-01
5.470140000000000002e-01 6.266599999999999948e-02 2.041340000000000099e-01
6.439179999999999904e-01 4.576199999999999712e-02 1.263730000000000131e-01
6.802369999999999806e-01 -3.213000000000000144e-03 2.802740000000000231e-01
7.282490000000000352e-01 -4.806900000000000062e-02 2.878709999999999880e-01
7.341750000000000220e-01 8.129100000000000215e-02 2.904740000000000100e-01
7.094829999999999748e-01 2.583590000000000053e-01 2.183479999999999865e-01
6.712179999999999813e-01 2.203720000000000123e-01 3.281399999999999872e-01
6.860819999999999697e-01 2.466669999999999974e-01 2.502889999999999837e-01
6.681570000000000009e-01 2.658599999999999852e-01 2.190690000000000137e-01
6.308390000000000386e-01 2.832569999999999810e-01 2.901730000000000143e-01
6.978509999999999991e-01 1.399900000000000033e-01 2.903100000000000125e-01
6.626750000000000140e-01 9.617799999999999960e-02 3.367330000000000045e-01
5.225220000000000420e-01 1.812290000000000012e-01 3.492439999999999989e-01
5.169390000000000374e-01 1.800200000000000064e-02 3.867439999999999767e-01
4.123870000000000036e-01 -1.333719999999999906e-01 4.290220000000000145e-01
2.562070000000000181e-01 -1.287470000000000003e-01 4.001250000000000084e-01
5.873199999999999948e-02 -2.319170000000000120e-01 3.897740000000000093e-01
4.604699999999999765e-02 -3.337910000000000044e-01 2.606169999999999876e-01
-1.077260000000000023e-01 -3.419699999999999962e-01 1.685240000000000071e-01
-1.348799999999999999e-02 -3.801309999999999967e-01 1.213499999999999995e-02
-7.018699999999999939e-02 -3.646220000000000017e-01 -1.551839999999999886e-01
-6.236599999999999783e-02 -2.290369999999999906e-01 -2.679420000000000135e-01
-3.246999999999999886e-02 -2.663139999999999952e-01 -4.315840000000000232e-01
-9.318400000000000294e-02 -2.728079999999999949e-01 -4.798259999999999748e-01
-7.147399999999999587e-02 -3.133279999999999954e-01 -4.549540000000000251e-01
-1.004270000000000024e-01 -4.331450000000000022e-01 -4.041779999999999817e-01
-1.530800000000000043e-02 -4.112890000000000157e-01 -4.556220000000000270e-01
-3.945999999999999855e-03 -3.675590000000000246e-01 -4.176549999999999985e-01
-4.791000000000000120e-02 -3.662759999999999905e-01 -4.389790000000000081e-01
-7.581400000000000639e-02 -3.906220000000000248e-01 -3.515699999999999936e-01
-2.363609999999999878e-01 -2.959800000000000209e-01 -4.263440000000000007e-01
-1.478160000000000029e-01 -3.781160000000000077e-01 -4.060579999999999745e-01
-9.385499999999999399e-02 -4.409589999999999899e-01 -4.016179999999999750e-01
-1.065180000000000016e-01 -4.720269999999999744e-01 -2.800529999999999964e-01
-2.070720000000000061e-01 -3.776760000000000117e-01 -3.679250000000000020e-01
-1.329190000000000094e-01 -4.673160000000000092e-01 -2.871070000000000011e-01
-1.978270000000000028e-01 -3.548720000000000208e-01 -3.161669999999999758e-01
-1.642609999999999904e-01 -4.550690000000000013e-01 -1.105880000000000057e-01
-1.823319999999999941e-01 -3.184660000000000268e-01 3.977999999999999765e-03
-2.626180000000000181e-01 -1.251730000000000065e-01 7.642899999999999694e-02
-1.834300000000000166e-02 1.069810000000000066e-01 -1.372999999999999915e-02
3.017999999999999849e-02 3.062860000000000027e-01 4.612499999999999933e-02
-8.770100000000000118e-02 4.847960000000000047e-01 1.375079999999999913e-01
-1.440150000000000041e-01 4.809789999999999899e-01 2.842740000000000267e-01
-3.268499999999999878e-02 5.228920000000000234e-01 3.402540000000000009e-01
-9.223000000000000642e-02 4.775579999999999825e-01 4.193410000000000193e-01
-1.530680000000000096e-01 4.573070000000000190e-01 4.835300000000000153e-01
-1.387420000000000042e-01 4.603700000000000014e-01 4.317250000000000254e-01
-2.084119999999999862e-01 5.200719999999999787e-01 4.060179999999999900e-01
-1.248100000000000043e-01 5.259840000000000071e-01 2.737519999999999953e-01
5.055699999999999777e-02 5.547189999999999621e-01 8.391600000000000448e-02
1.229579999999999979e-01 4.269129999999999869e-01 -4.975199999999999761e-02
1.116810000000000025e-01 2.931030000000000024e-01 -9.803299999999999514e-02
2.656700000000000034e-02 1.372250000000000136e-01 -4.561500000000000277e-02
-4.161100000000000215e-02 -9.930700000000000638e-02 -2.240400000000000030e-02
-4.181300000000000294e-02 -4.212960000000000038e-01 -5.346800000000000164e-02
-3.203199999999999797e-02 -5.084159999999999791e-01 -1.148760000000000059e-01
2.217699999999999880e-02 -4.911150000000000237e-01 -2.657160000000000077e-01
-2.901400000000000159e-02 -5.006850000000000467e-01 -2.378419999999999979e-01
5.548700000000000160e-02 -4.687939999999999885e-01 -3.311160000000000214e-01
4.562999999999999695e-02 -3.734469999999999734e-01 -5.106270000000000531e-01
2.463200000000000112e-02 -3.509999999999999787e-01 -4.464980000000000060e-01
7.426999999999999574e-03 -3.415380000000000082e-01 -5.098690000000000166e-01
2.660799999999999971e-02 -3.666590000000000127e-01 -4.537430000000000074e-01
6.930999999999999661e-03 -3.635780000000000123e-01 -3.796559999999999935e-01
2.555199999999999833e-02 -2.994899999999999785e-01 -4.812710000000000043e-01
1.659199999999999911e-02 -4.109490000000000087e-01 -4.550250000000000128e-01
-1.049839999999999940e-01 -3.856229999999999936e-01 -3.739580000000000126e-01
-1.354470000000000118e-01 -4.746299999999999963e-01 -3.882570000000000188e-01
-2.925799999999999929e-02 -5.697579999999999867e-01 -4.094630000000000214e-01
3.069999999999999812e-03 -4.458860000000000046e-01 -6.403280000000000083e-01
2.980199999999999863e-02 -3.232110000000000261e-01 -5.319089999999999652e-01
3.059339999999999837e-01 -2.288969999999999894e-01 -4.950999999999999845e-02
3.076860000000000150e-01 -2.288920000000000121e-01 -9.999500000000000055e-02
