6.784869999999999512e-01 -2.730529999999999902e-01 1.302490000000000037e-01
6.326690000000000369e-01 -1.611140000000000072e-01 2.401500000000000024e-01
6.852629999999999555e-01 -2.201869999999999938e-01 1.426060000000000105e-01
6.881720000000000059e-01 -2.781399999999999845e-02 1.304470000000000074e-01
6.507089999999999819e-01 -7.879999999999999635e-04 8.215999999999999692e-02
6.473780000000000090e-01 1.133999999999999939e-02 9.122099999999999653e-02
6.221489999999999521e-01 -1.319900000000000066e-02 2.218390000000000084e-01
6.387709999999999777e-01 1.903600000000000084e-02 2.223299999999999998e-01
6.233379999999999477e-01 3.265000000000000107e-03 2.588809999999999722e-01
6.109560000000000546e-01 2.247499999999999845e-02 2.497860000000000080e-01
5.738640000000000407e-01 5.229500000000000121e-02 2.730500000000000149e-01
5.810020000000000184e-01 1.134489999999999943e-01 2.753459999999999797e-01
5.677240000000000064e-01 7.244599999999999651e-02 2.859280000000000155e-01
5.282470000000000221e-01 1.459850000000000037e-01 3.924270000000000258e-01
5.694379999999999997e-01 1.194859999999999950e-01 3.089660000000000184e-01
4.474360000000000004e-01 3.236470000000000180e-01 3.275719999999999743e-01
3.562569999999999903e-01 3.157639999999999891e-01 4.157930000000000237e-01
3.627759999999999874e-01 3.603890000000000149e-01 3.745959999999999845e-01
2.960320000000000173e-01 3.459050000000000180e-01 3.883750000000000258e-01
1.892699999999999938e-01 3.363519999999999843e-01 4.135949999999999904e-01
1.737339999999999995e-01 3.343419999999999725e-01 3.802909999999999902e-01
1.559129999999999960e-01 3.533470000000000222e-01 4.296860000000000124e-01
9.232500000000000429e-02 3.756109999999999727e-01 4.884740000000000193e-01
1.059110000000000051e-01 3.804489999999999816e-01 3.774700000000000277e-01
-3.807900000000000174e-02 4.273819999999999841e-01 4.899169999999999914e-01
1.704799999999999927e-01 4.170769999999999755e-01 4.259589999999999765e-01
1.779999999999999898e-03 4.823149999999999937e-01 4.766989999999999839e-01
-7.799699999999999689e-02 5.130660000000000220e-01 4.626390000000000224e-01
-9.971099999999999408e-02 5.024610000000000465e-01 4.706089999999999995e-01
-1.430700000000000027e-01 4.447940000000000227e-01 4.958819999999999895e-01
-9.829599999999999449e-02 3.844130000000000047e-01 5.049789999999999557e-01
-2.266170000000000129e-01 4.931740000000000013e-01 5.217889999999999473e-01
-2.339970000000000105e-01 4.951920000000000210e-01 4.071540000000000159e-01
-1.864049999999999874e-01 5.198260000000000103e-01 4.061239999999999850e-01
-1.311829999999999941e-01 5.070590000000000375e-01 3.347069999999999768e-01
-2.211579999999999935e-01 4.348580000000000223e-01 3.565510000000000068e-01
-1.746699999999999919e-01 4.530580000000000163e-01 3.129689999999999972e-01
-1.822249999999999981e-01 4.014639999999999875e-01 2.432910000000000073e-01
-2.667910000000000004e-01 2.657720000000000082e-01 2.464699999999999946e-01
-9.965400000000000647e-02 2.422289999999999999e-01 -4.112199999999999883e-02
-1.159980000000000039e-01 3.093159999999999799e-01 -7.536000000000000164e-03
-9.392300000000000648e-02 3.313220000000000054e-01 -5.879199999999999704e-02
-8.481299999999999950e-02 2.822819999999999774e-01 -1.331440000000000123e-01
-3.118100000000000038e-02 3.682279999999999998e-01 -2.392519999999999925e-01
-6.761499999999999455e-02 4.904240000000000266e-01 -2.069110000000000116e-01
1.754100000000000104e-02 3.746209999999999818e-01 -3.164370000000000238e-01
-6.527499999999999969e-02 3.492640000000000189e-01 -2.914269999999999916e-01
-6.793799999999999839e-02 3.185359999999999858e-01 -3.242030000000000189e-01
-6.290400000000000158e-02 3.517629999999999924e-01 -4.049730000000000274e-01
-5.911899999999999794e-02 3.111570000000000169e-01 -4.612609999999999766e-01
-9.685399999999999565e-02 3.427640000000000131e-01 -4.401800000000000157e-01
1.102099999999999955e-02 2.505029999999999757e-01 -4.339669999999999916e-01
-9.925000000000000488e-02 3.647980000000000111e-01 -4.052620000000000111e-01
-1.768720000000000014e-01 3.357589999999999741e-01 -3.754990000000000272e-01
-2.326950000000000129e-01 3.335460000000000091e-01 -2.688690000000000246e-01
-2.172540000000000027e-01 3.073580000000000201e-01 -1.655280000000000085e-01
-1.142770000000000036e-01 3.187189999999999745e-01 -1.258559999999999957e-01
-2.663409999999999944e-01 4.552169999999999828e-01 4.849200000000000038e-02
-2.677010000000000223e-01 5.400139999999999940e-01 1.309960000000000013e-01
-1.987839999999999885e-01 5.179280000000000550e-01 2.780170000000000141e-01
-1.935290000000000066e-01 5.125049999999999883e-01 3.442239999999999744e-01
-1.006679999999999936e-01 4.765409999999999924e-01 3.577609999999999957e-01
-1.130940000000000001e-01 5.100360000000000449e-01 3.728060000000000263e-01
-6.475599999999999412e-02 5.342489999999999739e-01 4.016230000000000078e-01
-1.009369999999999989e-01 5.012450000000000516e-01 4.672979999999999912e-01
-1.712869999999999948e-01 5.276640000000000219e-01 4.435499999999999998e-01
-1.361809999999999965e-01 5.214879999999999516e-01 4.505709999999999993e-01
-8.024299999999999489e-02 5.575919999999999765e-01 4.514310000000000267e-01
1.272299999999999993e-02 4.949540000000000051e-01 4.655349999999999766e-01
-1.493680000000000008e-01 4.277759999999999896e-01 5.114100000000000312e-01
-1.228319999999999967e-01 3.126479999999999815e-01 5.097249999999999837e-01
-1.747519999999999907e-01 3.358490000000000086e-01 4.260010000000000185e-01
3.261800000000000116e-02 1.170699999999999935e-01 3.601980000000000182e-01
1.988969999999999905e-01 -7.633099999999999608e-02 4.092099999999999904e-02
2.478269999999999917e-01 -2.853280000000000260e-01 -1.838730000000000087e-01
