5.427319999999999922e-01 -1.341160000000000130e-01 2.029400000000000093e-01
5.197119999999999518e-01 -5.832199999999999884e-02 2.896059999999999746e-01
5.535280000000000200e-01 2.010199999999999834e-02 2.024440000000000128e-01
5.600889999999999480e-01 3.275200000000000333e-02 2.299690000000000067e-01
6.069080000000000030e-01 -2.287199999999999997e-02 1.404219999999999913e-01
5.517239999999999922e-01 5.058599999999999902e-02 6.157599999999999879e-02
6.939950000000000285e-01 -1.609599999999999920e-02 6.566400000000000015e-02
6.344269999999999632e-01 1.006569999999999965e-01 4.703700000000000242e-02
6.299129999999999452e-01 1.242299999999999932e-01 9.293700000000000572e-02
6.482529999999999681e-01 1.388790000000000024e-01 1.270320000000000060e-01
5.900959999999999539e-01 6.531999999999999612e-03 1.508780000000000121e-01
5.863169999999999771e-01 1.556450000000000056e-01 2.240759999999999974e-01
5.950879999999999503e-01 2.216299999999999937e-01 2.138450000000000073e-01
5.972809999999999508e-01 2.066129999999999911e-01 1.778919999999999946e-01
5.526849999999999818e-01 2.249039999999999928e-01 2.812709999999999932e-01
4.654409999999999936e-01 2.802040000000000086e-01 3.108179999999999832e-01
4.723049999999999748e-01 3.239020000000000232e-01 2.944350000000000023e-01
4.182350000000000234e-01 3.370759999999999867e-01 2.608759999999999968e-01
2.890610000000000124e-01 3.376790000000000069e-01 3.511190000000000144e-01
2.313689999999999913e-01 4.374149999999999983e-01 3.082799999999999985e-01
1.557300000000000073e-01 4.949569999999999803e-01 3.717269999999999741e-01
1.043540000000000023e-01 4.134200000000000097e-01 4.718769999999999909e-01
8.372499999999999387e-02 4.405330000000000079e-01 4.342179999999999929e-01
-1.546600000000000058e-02 3.776050000000000240e-01 4.292529999999999957e-01
-3.707699999999999885e-02 4.884499999999999953e-01 4.272880000000000011e-01
-1.303140000000000132e-01 4.420939999999999870e-01 4.379500000000000060e-01
-1.652899999999999925e-01 5.392400000000000526e-01 4.501760000000000206e-01
-1.977450000000000041e-01 4.695659999999999834e-01 4.210490000000000066e-01
-2.144620000000000137e-01 4.221260000000000012e-01 4.490350000000000175e-01
-1.908970000000000111e-01 4.396340000000000248e-01 4.617169999999999885e-01
-2.048149999999999971e-01 4.307659999999999823e-01 4.666710000000000025e-01
-1.230229999999999935e-01 3.905339999999999923e-01 5.188070000000000181e-01
-2.123770000000000102e-01 4.480799999999999783e-01 5.260799999999999921e-01
-1.692150000000000043e-01 4.805309999999999859e-01 4.950620000000000021e-01
-1.604820000000000135e-01 4.221230000000000260e-01 4.756480000000000152e-01
-1.253489999999999882e-01 4.611350000000000171e-01 3.601619999999999822e-01
-1.298519999999999952e-01 5.035319999999999796e-01 3.664229999999999987e-01
-1.440490000000000104e-01 5.855500000000000149e-01 3.759060000000000179e-01
-1.267179999999999973e-01 5.540869999999999962e-01 3.660909999999999997e-01
-2.169629999999999892e-01 4.700759999999999939e-01 2.777490000000000236e-01
-1.212840000000000029e-01 5.400270000000000348e-01 1.216139999999999999e-01
-1.972500000000000087e-01 3.760919999999999819e-01 1.415839999999999876e-01
-5.890900000000000303e-02 3.220370000000000177e-01 9.173000000000000598e-03
9.945000000000000714e-03 4.040239999999999942e-01 -1.366020000000000012e-01
-7.626499999999999946e-02 3.359599999999999809e-01 -1.731100000000000139e-01
1.068790000000000018e-01 2.921300000000000008e-01 -1.818319999999999936e-01
6.261099999999999999e-02 3.570670000000000233e-01 -3.189310000000000200e-01
7.250099999999999600e-02 3.547779999999999823e-01 -4.290019999999999945e-01
-6.220999999999999967e-03 3.257390000000000008e-01 -4.710380000000000122e-01
-9.629000000000000059e-02 3.305359999999999965e-01 -3.781240000000000157e-01
-1.122240000000000043e-01 2.765320000000000000e-01 -3.910779999999999812e-01
-7.403800000000000658e-02 2.342289999999999928e-01 -4.560589999999999922e-01
-1.290509999999999990e-01 2.883200000000000207e-01 -4.583639999999999937e-01
-5.448000000000000065e-02 3.030889999999999973e-01 -4.664309999999999845e-01
4.298899999999999944e-02 2.609099999999999753e-01 -4.117149999999999976e-01
-1.358400000000000059e-02 3.125970000000000137e-01 -3.808150000000000146e-01
-1.485799999999999968e-02 3.209250000000000158e-01 -3.797539999999999805e-01
-7.080000000000000182e-02 3.696909999999999918e-01 -3.282649999999999735e-01
-1.172929999999999945e-01 4.345789999999999931e-01 -2.204520000000000091e-01
-1.792110000000000092e-01 4.938389999999999724e-01 -7.354700000000000126e-02
-1.308499999999999941e-01 5.281249999999999556e-01 6.716300000000000048e-02
-1.773699999999999929e-02 4.897819999999999951e-01 1.786480000000000012e-01
-1.458160000000000012e-01 5.522839999999999971e-01 3.144429999999999725e-01
-8.330700000000000605e-02 5.994450000000000056e-01 3.394170000000000242e-01
-4.203199999999999992e-02 5.051940000000000319e-01 4.479150000000000076e-01
-5.103099999999999997e-02 4.828520000000000034e-01 5.154009999999999980e-01
-5.065399999999999764e-02 4.849019999999999997e-01 5.124640000000000306e-01
-1.394809999999999939e-01 4.875820000000000154e-01 5.129949999999999788e-01
-1.579339999999999911e-01 4.323940000000000006e-01 5.294170000000000265e-01
-1.782509999999999928e-01 3.209409999999999763e-01 5.715320000000000400e-01
-2.014330000000000009e-01 3.512600000000000167e-01 5.553219999999999823e-01
-1.788399999999999990e-01 2.684079999999999799e-01 5.693989999999999885e-01
-1.754159999999999886e-01 3.687610000000000054e-01 4.154300000000000215e-01
-2.431860000000000133e-01 1.131690000000000057e-01 4.371570000000000178e-01
-2.049899999999999986e-02 7.515399999999999858e-02 3.154870000000000174e-01
2.649619999999999753e-01 -9.943899999999999961e-02 2.726599999999999857e-02
3.282010000000000205e-01 -3.298180000000000001e-01 -2.312790000000000123e-01
