4.907889999999999753e-01 -1.469799999999999995e-01 2.095839999999999925e-01
4.946110000000000229e-01 1.185360000000000025e-01 1.161630000000000024e-01
5.091620000000000035e-01 1.839719999999999966e-01 2.384090000000000098e-01
5.138110000000000177e-01 8.223999999999999366e-02 2.606089999999999796e-01
4.952540000000000275e-01 2.113680000000000003e-01 2.388139999999999985e-01
4.887079999999999758e-01 2.178090000000000026e-01 2.867439999999999989e-01
3.845919999999999894e-01 3.230790000000000051e-01 2.748369999999999980e-01
3.518450000000000188e-01 2.780929999999999791e-01 3.271029999999999771e-01
3.624180000000000179e-01 1.868499999999999883e-01 3.455019999999999758e-01
4.549779999999999935e-01 -7.706000000000000176e-03 2.629130000000000078e-01
3.654580000000000051e-01 1.319470000000000087e-01 3.404619999999999869e-01
2.632380000000000275e-01 1.955379999999999896e-01 3.304150000000000142e-01
3.060430000000000095e-01 1.804060000000000108e-01 1.650679999999999925e-01
1.973739999999999939e-01 1.982359999999999955e-01 1.864280000000000104e-01
3.905200000000000338e-02 3.293260000000000076e-01 1.293789999999999940e-01
9.337199999999999667e-02 2.166770000000000085e-01 4.360000000000000160e-03
-4.548699999999999966e-02 3.745269999999999988e-01 -9.916400000000000214e-02
-3.576000000000000185e-03 3.452859999999999818e-01 -2.849920000000000231e-01
1.003480000000000066e-01 2.598809999999999731e-01 -4.855550000000000144e-01
7.912099999999999689e-02 2.977600000000000247e-01 -4.543880000000000141e-01
-4.833900000000000002e-02 3.690609999999999724e-01 -4.719599999999999906e-01
-2.806600000000000067e-02 4.139410000000000034e-01 -4.672950000000000159e-01
-5.488400000000000223e-02 3.496429999999999816e-01 -4.882670000000000066e-01
-9.953000000000000042e-03 3.725510000000000210e-01 -4.812569999999999903e-01
3.689499999999999724e-02 3.159699999999999731e-01 -4.525089999999999946e-01
-9.023000000000000465e-02 2.873780000000000223e-01 -3.527049999999999907e-01
1.488599999999999993e-02 2.760130000000000083e-01 -4.765150000000000219e-01
7.356500000000000539e-02 2.901389999999999803e-01 -4.519929999999999781e-01
1.701000000000000012e-01 2.607360000000000233e-01 -4.463170000000000193e-01
1.685919999999999919e-01 2.730719999999999814e-01 -4.942650000000000099e-01
1.333239999999999981e-01 2.365420000000000023e-01 -4.371030000000000193e-01
1.741350000000000120e-01 2.875309999999999810e-01 -4.599699999999999900e-01
1.308719999999999883e-01 2.352110000000000034e-01 -4.042529999999999735e-01
4.109399999999999858e-02 2.730719999999999814e-01 -3.752449999999999952e-01
3.990999999999999756e-03 2.269730000000000081e-01 -3.285029999999999895e-01
7.298499999999999432e-02 2.040260000000000129e-01 -3.418280000000000207e-01
6.614499999999999547e-02 1.738020000000000120e-01 -3.260879999999999890e-01
-3.077099999999999974e-02 1.924119999999999997e-01 -2.937159999999999771e-01
4.584099999999999980e-02 9.095100000000000406e-02 -2.821469999999999811e-01
-6.675799999999999790e-02 -6.776000000000000079e-02 -1.776989999999999958e-01
-1.339359999999999995e-01 -3.321580000000000088e-01 5.516599999999999976e-02
-8.863200000000000245e-02 -3.910290000000000155e-01 1.045520000000000060e-01
-7.325500000000000067e-02 -5.280740000000000434e-01 2.414250000000000007e-01
-9.299899999999999833e-02 -5.672220000000000040e-01 3.066679999999999962e-01
-1.576549999999999896e-01 -5.346140000000000336e-01 3.794890000000000208e-01
-9.264699999999999325e-02 -5.581380000000000230e-01 4.621489999999999765e-01
-3.252999999999999815e-03 -5.954120000000000523e-01 4.152469999999999772e-01
-5.412200000000000344e-02 -6.253220000000000445e-01 4.621330000000000160e-01
-1.500340000000000007e-01 -5.667849999999999833e-01 4.817629999999999968e-01
-1.558470000000000133e-01 -5.794690000000000119e-01 4.622580000000000022e-01
-8.897700000000000053e-02 -5.734190000000000120e-01 4.473219999999999974e-01
-1.801790000000000058e-01 -4.611219999999999763e-01 4.939290000000000069e-01
-7.870599999999999818e-02 -5.507410000000000361e-01 4.372730000000000228e-01
-1.344049999999999967e-01 -5.452160000000000339e-01 4.510739999999999750e-01
-1.970139999999999947e-01 -6.271729999999999805e-01 4.029389999999999916e-01
-2.840360000000000107e-01 -3.116260000000000141e-01 4.395459999999999923e-01
-6.801400000000000501e-02 -3.813079999999999803e-01 4.018559999999999910e-01
2.203400000000000150e-02 -4.814229999999999898e-01 4.422849999999999837e-01
4.906200000000000144e-02 -3.515730000000000244e-01 3.302479999999999860e-01
1.269200000000000050e-01 -4.394379999999999953e-01 4.571129999999999916e-01
2.816529999999999867e-01 -1.891380000000000006e-01 3.683620000000000227e-01
4.734639999999999960e-01 -4.053550000000000209e-01 4.590359999999999996e-01
5.953950000000000076e-01 -1.868879999999999986e-01 4.024059999999999859e-01
6.030649999999999622e-01 4.675399999999999695e-02 3.971279999999999810e-01
4.793339999999999823e-01 1.429920000000000080e-01 4.541350000000000109e-01
5.415440000000000254e-01 1.124180000000000040e-01 4.243709999999999982e-01
5.472770000000000135e-01 1.347540000000000127e-01 3.982519999999999949e-01
4.877029999999999976e-01 1.742380000000000040e-01 3.625479999999999814e-01
5.074640000000000262e-01 1.368910000000000127e-01 3.937300000000000244e-01
5.752540000000000431e-01 1.086830000000000018e-01 3.885239999999999805e-01
4.483059999999999823e-01 7.700400000000000300e-02 4.724039999999999906e-01
4.525770000000000071e-01 -1.540749999999999897e-01 5.027770000000000294e-01
2.163809999999999900e-01 -2.204949999999999966e-01 5.605280000000000262e-01
1.203550000000000036e-01 -2.161859999999999893e-01 5.764439999999999564e-01
2.598000000000000049e-03 -1.666350000000000053e-01 4.700770000000000226e-01
3.876099999999999685e-02 -4.216269999999999740e-01 4.514980000000000104e-01
5.526999999999999795e-03 -4.897969999999999824e-01 3.522290000000000143e-01
-1.608000000000000054e-02 -5.194440000000000168e-01 2.063220000000000054e-01
-2.444540000000000046e-01 -4.702210000000000001e-01 1.408669999999999922e-01
-1.861130000000000007e-01 -3.988430000000000031e-01 1.337099999999999921e-02
-1.621400000000000063e-01 -3.826330000000000009e-01 -1.483200000000000074e-01
-1.427519999999999900e-01 -4.164809999999999901e-01 -2.528250000000000219e-01
-8.459300000000000153e-02 -3.435949999999999838e-01 -4.119680000000000009e-01
-1.781770000000000020e-01 -3.752900000000000125e-01 -3.543299999999999783e-01
-2.453470000000000095e-01 -3.256640000000000090e-01 -3.921979999999999911e-01
-2.004090000000000038e-01 -2.708180000000000032e-01 -3.185239999999999738e-01
-2.170249999999999957e-01 -1.934960000000000013e-01 -2.974879999999999747e-01
-1.862260000000000026e-01 -3.134689999999999976e-01 -3.102329999999999810e-01
-1.345619999999999872e-01 -2.895860000000000101e-01 -3.015289999999999915e-01
-2.186190000000000078e-01 -3.463740000000000152e-01 -2.740549999999999931e-01
-6.120099999999999846e-02 -3.180600000000000094e-01 -4.778000000000000025e-01
-5.835400000000000309e-02 -2.998210000000000042e-01 -5.017749999999999710e-01
-1.697919999999999985e-01 -3.215540000000000065e-01 -3.915469999999999784e-01
-5.946200000000000097e-02 -3.873860000000000081e-01 -4.489830000000000210e-01
2.679099999999999884e-02 -3.900870000000000171e-01 -4.835200000000000053e-01
-2.228670000000000095e-01 -4.326650000000000218e-01 -1.656489999999999907e-01
-2.158220000000000138e-01 -4.739309999999999912e-01 -5.325300000000000172e-02
-2.033989999999999965e-01 -4.407880000000000131e-01 9.169299999999999673e-02
-1.464390000000000136e-01 -3.910210000000000075e-01 1.586549999999999905e-01
-9.665999999999999592e-02 -1.709289999999999976e-01 1.556690000000000018e-01
1.177600000000000001e-02 8.337000000000000660e-03 1.440939999999999999e-01
1.264700000000000026e-02 1.674960000000000060e-01 1.471310000000000118e-01
7.032199999999999562e-02 2.956289999999999751e-01 1.775359999999999994e-01
4.352700000000000319e-02 4.054889999999999883e-01 2.183750000000000135e-01
1.860799999999999954e-02 4.297420000000000129e-01 2.192040000000000100e-01
6.138500000000000206e-02 3.925299999999999900e-01 2.496480000000000088e-01
-6.460499999999999576e-02 4.344129999999999936e-01 2.445740000000000136e-01
-5.035599999999999798e-02 3.895449999999999746e-01 2.359340000000000048e-01
4.527699999999999780e-02 3.246749999999999914e-01 1.825730000000000131e-01
2.059970000000000134e-01 3.243539999999999757e-01 -3.970300000000000218e-02
1.955199999999999994e-01 4.089299999999999879e-02 -1.193800000000000069e-02
7.506400000000000572e-02 -7.127100000000000102e-02 7.494000000000000661e-02
-1.310550000000000048e-01 -1.485750000000000126e-01 1.065460000000000018e-01
-1.186050000000000021e-01 -4.113859999999999739e-01 8.401000000000000134e-02
-8.879499999999999893e-02 -4.903290000000000148e-01 4.393799999999999789e-02
-4.339200000000000002e-02 -5.322350000000000136e-01 -3.484999999999999903e-02
-1.018600000000000061e-01 -4.223270000000000080e-01 -2.182820000000000038e-01
-1.958080000000000098e-01 -4.145059999999999856e-01 -2.862950000000000217e-01
-1.244450000000000001e-01 -5.036659999999999471e-01 -3.625840000000000174e-01
-1.054729999999999973e-01 -4.239559999999999995e-01 -4.148169999999999913e-01
-7.384999999999999898e-02 -4.433059999999999778e-01 -3.952339999999999742e-01
-3.303400000000000086e-02 -4.495529999999999804e-01 -3.766280000000000183e-01
-1.228280000000000066e-01 -2.565490000000000270e-01 -4.636979999999999991e-01
1.295699999999999977e-02 -3.179250000000000131e-01 -5.717050000000000187e-01
2.346900000000000028e-02 -4.235300000000000176e-01 -4.830990000000000006e-01
-2.978000000000000091e-02 -4.878390000000000226e-01 -3.603609999999999869e-01
-1.428020000000000123e-01 -4.824249999999999927e-01 -3.433240000000000181e-01
-3.103500000000000009e-02 -5.654900000000000482e-01 -4.302650000000000086e-01
