5.814200000000000479e-01 -4.284000000000000308e-02 -3.536899999999999766e-02
5.570610000000000284e-01 -8.016700000000000215e-02 8.339000000000000579e-02
6.031530000000000502e-01 1.829890000000000128e-01 5.375900000000000123e-02
5.510369999999999990e-01 2.153299999999999936e-01 2.370659999999999989e-01
4.673689999999999789e-01 2.968189999999999995e-01 2.112719999999999876e-01
5.099829999999999641e-01 2.959439999999999849e-01 1.689950000000000063e-01
4.745840000000000058e-01 2.745389999999999775e-01 2.832040000000000113e-01
4.815749999999999753e-01 2.249569999999999903e-01 2.667200000000000126e-01
3.126780000000000115e-01 2.230320000000000080e-01 3.744299999999999851e-01
4.632879999999999776e-01 2.317889999999999950e-01 2.945059999999999900e-01
3.701849999999999863e-01 2.254230000000000123e-01 3.099589999999999845e-01
3.671800000000000064e-01 1.701090000000000102e-01 3.016320000000000112e-01
3.711240000000000094e-01 1.568670000000000064e-01 1.944879999999999942e-01
3.274830000000000241e-01 1.442489999999999883e-01 1.942059999999999897e-01
2.809189999999999743e-01 1.296750000000000125e-01 1.885920000000000096e-01
2.867169999999999996e-01 1.066890000000000061e-01 5.287599999999999939e-02
3.277539999999999898e-01 -3.829400000000000165e-02 -4.021000000000000268e-03
2.699099999999999833e-01 2.499699999999999978e-01 -2.812799999999999745e-01
1.941599999999999923e-02 3.925330000000000208e-01 -3.751749999999999807e-01
7.439900000000000679e-02 3.282220000000000137e-01 -3.880810000000000093e-01
-7.214299999999999879e-02 4.433900000000000063e-01 -4.442320000000000157e-01
-1.830509999999999915e-01 4.820450000000000013e-01 -4.118589999999999751e-01
-1.222999999999999912e-03 4.326079999999999925e-01 -5.333290000000000530e-01
-2.795299999999999868e-02 4.024240000000000039e-01 -4.839040000000000008e-01
2.555299999999999933e-02 3.106419999999999737e-01 -4.659800000000000053e-01
1.071320000000000050e-01 1.517920000000000103e-01 -4.342969999999999886e-01
1.422400000000000053e-01 2.421889999999999876e-01 -4.620170000000000110e-01
1.168899999999999939e-01 2.287069999999999936e-01 -4.795599999999999863e-01
2.722129999999999828e-01 2.006519999999999970e-01 -5.031860000000000221e-01
1.095379999999999965e-01 2.924439999999999817e-01 -4.691020000000000190e-01
1.859719999999999984e-01 1.652939999999999965e-01 -4.606979999999999964e-01
2.110110000000000041e-01 1.872870000000000090e-01 -4.845340000000000202e-01
1.680669999999999942e-01 3.203619999999999801e-01 -4.685599999999999765e-01
1.357599999999999918e-01 3.259199999999999875e-01 -4.454429999999999779e-01
2.456029999999999880e-01 2.377039999999999986e-01 -4.362650000000000139e-01
1.912000000000000158e-02 3.609260000000000246e-01 -4.389710000000000001e-01
3.719100000000000183e-02 3.134500000000000064e-01 -4.050909999999999789e-01
-1.487100000000000088e-01 2.365049999999999930e-01 -3.237410000000000010e-01
-1.920229999999999992e-01 8.140600000000000613e-02 -2.314910000000000023e-01
-2.447660000000000113e-01 -2.571620000000000017e-01 2.481699999999999878e-02
-6.065299999999999858e-02 -3.520559999999999801e-01 4.936900000000000316e-02
-9.199200000000000432e-02 -3.799489999999999812e-01 1.861849999999999894e-01
-5.227300000000000002e-02 -4.613349999999999951e-01 3.120410000000000128e-01
-9.426700000000000357e-02 -5.430439999999999712e-01 3.811240000000000183e-01
-1.038339999999999957e-01 -5.405459999999999710e-01 4.217259999999999898e-01
-9.417200000000000570e-02 -5.157490000000000130e-01 4.314910000000000134e-01
-1.269339999999999913e-01 -5.229179999999999939e-01 4.423070000000000057e-01
-8.708699999999999775e-02 -5.178899999999999615e-01 4.553530000000000078e-01
-1.818940000000000001e-01 -5.269139999999999935e-01 4.793430000000000191e-01
-2.229750000000000065e-01 -4.625819999999999932e-01 4.871489999999999987e-01
-2.400349999999999984e-01 -4.510560000000000125e-01 5.267690000000000428e-01
-1.456419999999999937e-01 -4.356619999999999937e-01 5.366889999999999716e-01
-1.565120000000000122e-01 -3.777829999999999799e-01 4.849959999999999827e-01
-1.793000000000000149e-02 -5.891739999999999755e-01 4.759909999999999974e-01
-1.108330000000000010e-01 -3.924030000000000018e-01 4.752120000000000233e-01
2.555800000000000086e-02 -3.726160000000000028e-01 4.683979999999999810e-01
7.855900000000000383e-02 -4.449980000000000047e-01 4.853720000000000256e-01
2.814659999999999940e-01 -6.132149999999999546e-01 2.417499999999999927e-01
1.735949999999999993e-01 -3.209670000000000023e-01 2.577110000000000234e-01
3.843110000000000137e-01 -4.491439999999999877e-01 2.085720000000000074e-01
3.813259999999999983e-01 -4.090230000000000254e-01 3.320119999999999738e-01
5.120949999999999669e-01 5.492999999999999619e-03 9.403799999999999659e-02
6.053610000000000380e-01 1.750130000000000019e-01 2.722189999999999888e-01
6.641169999999999574e-01 -2.772799999999999918e-02 2.780039999999999734e-01
6.082520000000000149e-01 1.654019999999999935e-01 3.330870000000000219e-01
6.600009999999999488e-01 2.465380000000000071e-01 2.975619999999999932e-01
6.966579999999999995e-01 1.728830000000000089e-01 2.938060000000000116e-01
6.415220000000000367e-01 3.010920000000000263e-01 2.696080000000000143e-01
5.986460000000000115e-01 3.057230000000000225e-01 2.743869999999999920e-01
5.813490000000000046e-01 2.751299999999999857e-01 2.689259999999999984e-01
6.056280000000000552e-01 3.086249999999999827e-01 2.418389999999999984e-01
4.681299999999999906e-01 3.925589999999999913e-01 2.683749999999999747e-01
4.166050000000000031e-01 4.087120000000000197e-01 3.382890000000000064e-01
3.244819999999999927e-01 3.442899999999999849e-01 4.418750000000000178e-01
3.539990000000000081e-01 4.306240000000000068e-01 4.061589999999999923e-01
2.422950000000000104e-01 4.320390000000000064e-01 4.839479999999999893e-01
1.181669999999999943e-01 4.591439999999999966e-01 5.238810000000000411e-01
2.319420000000000093e-01 3.784509999999999819e-01 5.181949999999999612e-01
8.937399999999999511e-02 4.968730000000000091e-01 4.958509999999999862e-01
1.237800000000000011e-02 5.323890000000000011e-01 5.057760000000000034e-01
8.763999999999999221e-03 5.223489999999999522e-01 5.112309999999999910e-01
-1.375900000000000040e-02 4.599520000000000275e-01 5.409129999999999772e-01
-6.833999999999999797e-02 4.868970000000000242e-01 5.134800000000000475e-01
-1.514530000000000043e-01 4.747999999999999998e-01 5.484520000000000506e-01
-1.891500000000000126e-01 4.867900000000000005e-01 5.496210000000000262e-01
-2.027789999999999870e-01 4.182029999999999914e-01 5.695689999999999920e-01
-2.776339999999999919e-01 5.092419999999999725e-01 5.359739999999999505e-01
-1.052609999999999935e-01 4.020580000000000265e-01 5.437950000000000284e-01
-1.865050000000000041e-01 4.898939999999999961e-01 5.356220000000000425e-01
-1.871909999999999963e-01 4.805289999999999839e-01 5.532979999999999565e-01
-8.126300000000000190e-02 4.202099999999999724e-01 5.222280000000000255e-01
-1.951589999999999991e-01 3.419619999999999882e-01 5.872920000000000362e-01
-2.292420000000000013e-01 3.936749999999999972e-01 5.731079999999999508e-01
-1.748899999999999899e-01 4.142799999999999816e-01 4.421599999999999975e-01
-1.531889999999999918e-01 3.150629999999999820e-01 4.934129999999999905e-01
-6.699600000000000000e-02 2.255240000000000022e-01 4.116299999999999959e-01
