4.822560000000000180e-01 -1.359920000000000018e-01 1.310350000000000126e-01
5.265050000000000008e-01 -9.521300000000000596e-02 9.664100000000000468e-02
5.060860000000000358e-01 1.563539999999999930e-01 3.398220000000000129e-01
3.916839999999999766e-01 3.239839999999999942e-01 3.653469999999999773e-01
3.919270000000000254e-01 3.018549999999999844e-01 3.158000000000000251e-01
4.509369999999999767e-01 2.150519999999999932e-01 3.554729999999999834e-01
4.782699999999999729e-01 2.509529999999999816e-01 3.143679999999999808e-01
4.768709999999999893e-01 2.348560000000000092e-01 3.034220000000000250e-01
3.907820000000000182e-01 2.045770000000000088e-01 3.117480000000000251e-01
4.270829999999999904e-01 9.797699999999999465e-02 2.486680000000000001e-01
3.965750000000000108e-01 1.288789999999999936e-01 2.216589999999999949e-01
4.025039999999999729e-01 9.941800000000000637e-02 1.845900000000000041e-01
3.463970000000000105e-01 1.766790000000000027e-01 9.364300000000000401e-02
2.594710000000000072e-01 1.736910000000000120e-01 1.358489999999999975e-01
1.726109999999999867e-01 1.470750000000000113e-01 9.963199999999999834e-02
2.583999999999999925e-03 2.727459999999999885e-01 -1.556800000000000024e-02
8.595099999999999962e-02 2.044489999999999919e-01 -1.077720000000000067e-01
9.070100000000000384e-02 2.428410000000000013e-01 -2.876139999999999808e-01
-2.672629999999999728e-01 3.724219999999999753e-01 -2.605339999999999878e-01
-3.546349999999999780e-01 4.649639999999999884e-01 -3.030120000000000036e-01
-3.504309999999999925e-01 3.946200000000000263e-01 -2.820730000000000182e-01
-3.094520000000000048e-01 3.095439999999999858e-01 -3.778119999999999812e-01
-1.869069999999999898e-01 3.147699999999999942e-01 -4.109670000000000267e-01
-2.065289999999999904e-01 3.466230000000000144e-01 -3.863900000000000112e-01
-1.813230000000000119e-01 3.474829999999999863e-01 -3.877439999999999776e-01
-2.845099999999999851e-01 3.041789999999999772e-01 -2.904450000000000087e-01
-1.244279999999999969e-01 2.851069999999999993e-01 -4.373360000000000025e-01
-1.201440000000000008e-01 1.734179999999999888e-01 -4.129590000000000205e-01
-1.097400000000000042e-01 2.974379999999999802e-01 -4.118049999999999766e-01
-8.283000000000000432e-03 2.895440000000000236e-01 -4.001730000000000009e-01
-3.028799999999999895e-02 3.167130000000000223e-01 -4.632589999999999764e-01
4.802399999999999725e-02 3.563700000000000201e-01 -4.766549999999999954e-01
7.819399999999999962e-02 2.616609999999999769e-01 -4.528610000000000135e-01
-5.209699999999999748e-02 2.178499999999999881e-01 -4.037640000000000118e-01
-1.806999999999999926e-02 2.434830000000000050e-01 -4.065059999999999785e-01
-1.701199999999999934e-02 2.467940000000000134e-01 -4.669809999999999794e-01
-1.788299999999999959e-02 2.032289999999999930e-01 -4.315510000000000179e-01
-1.322679999999999967e-01 1.254669999999999952e-01 -4.226030000000000064e-01
-2.685310000000000197e-01 -8.914000000000000049e-03 -2.984370000000000078e-01
-2.419800000000000006e-01 -1.777469999999999883e-01 -1.771919999999999884e-01
-1.862580000000000069e-01 -3.007170000000000121e-01 -2.768199999999999827e-02
-1.977450000000000041e-01 -4.381369999999999987e-01 2.023800000000000043e-01
-1.561750000000000083e-01 -5.064699999999999758e-01 3.136829999999999896e-01
-1.901660000000000017e-01 -5.060569999999999791e-01 3.863860000000000072e-01
-1.502860000000000029e-01 -5.577269999999999728e-01 3.720899999999999763e-01
-1.399509999999999921e-01 -5.417159999999999753e-01 3.832800000000000096e-01
-1.567769999999999997e-01 -5.373259999999999703e-01 3.832510000000000083e-01
-1.591210000000000124e-01 -4.476040000000000019e-01 4.275450000000000084e-01
-4.165100000000000052e-02 -5.250169999999999559e-01 4.180059999999999887e-01
-1.021890000000000021e-01 -5.611169999999999769e-01 4.465930000000000177e-01
-5.946900000000000103e-02 -5.599469999999999725e-01 4.424879999999999924e-01
-1.052519999999999983e-01 -5.575130000000000363e-01 4.546029999999999793e-01
6.782999999999999967e-03 -5.496109999999999607e-01 4.223970000000000224e-01
-1.092400000000000038e-01 -5.337020000000000097e-01 4.544210000000000194e-01
-1.911339999999999983e-01 -5.157159999999999522e-01 5.049709999999999477e-01
-2.336270000000000013e-01 -4.565119999999999734e-01 5.372540000000000093e-01
-1.315860000000000085e-01 -2.937270000000000159e-01 5.351789999999999603e-01
-3.435000000000000119e-03 -4.618999999999999773e-01 5.254079999999999862e-01
1.808780000000000110e-01 -3.212450000000000028e-01 5.141489999999999672e-01
2.883859999999999757e-01 -3.705899999999999750e-01 5.040270000000000028e-01
4.191400000000000126e-01 -1.768579999999999874e-01 4.415959999999999885e-01
5.719899999999999984e-01 -2.174820000000000086e-01 3.602629999999999999e-01
6.577690000000000481e-01 -9.189400000000000346e-02 3.744779999999999776e-01
7.125029999999999974e-01 1.121810000000000029e-01 2.929990000000000094e-01
7.373640000000000194e-01 1.017099999999999949e-01 2.672820000000000196e-01
7.340419999999999723e-01 1.271370000000000000e-01 2.755380000000000051e-01
7.279200000000000115e-01 1.906730000000000091e-01 2.721729999999999983e-01
6.968879999999999519e-01 2.576729999999999854e-01 2.853299999999999725e-01
7.093720000000000026e-01 2.015160000000000007e-01 3.272970000000000046e-01
7.000830000000000108e-01 1.294520000000000115e-01 3.368550000000000155e-01
6.326019999999999976e-01 1.873329999999999995e-01 3.592910000000000270e-01
6.440299999999999914e-01 1.723210000000000020e-01 3.706760000000000055e-01
6.038900000000000379e-01 1.528819999999999901e-01 3.796510000000000162e-01
5.129409999999999803e-01 2.508679999999999799e-01 4.158760000000000234e-01
4.017419999999999880e-01 3.182690000000000241e-01 4.532829999999999915e-01
2.443249999999999866e-01 4.325570000000000248e-01 4.735730000000000217e-01
2.234140000000000015e-01 4.002169999999999894e-01 4.650099999999999789e-01
1.389720000000000122e-01 4.631580000000000141e-01 4.625679999999999792e-01
-5.665499999999999703e-02 5.038970000000000393e-01 4.754320000000000213e-01
-4.191999999999999893e-02 5.255349999999999744e-01 5.017270000000000341e-01
-5.353499999999999925e-02 4.466229999999999922e-01 5.326849999999999641e-01
-1.647859999999999880e-01 4.557180000000000120e-01 5.477100000000000302e-01
-1.712299999999999933e-01 4.051690000000000014e-01 5.637069999999999581e-01
-1.865259999999999974e-01 4.722950000000000204e-01 5.230590000000000517e-01
-7.812700000000000200e-02 4.211690000000000156e-01 5.219169999999999643e-01
-7.105999999999999817e-02 4.583099999999999952e-01 5.252459999999999907e-01
-1.249969999999999970e-01 4.639969999999999928e-01 5.207810000000000494e-01
-2.329420000000000102e-01 4.169309999999999961e-01 5.520880000000000232e-01
-2.660219999999999807e-01 3.966060000000000141e-01 4.961860000000000159e-01
-2.574319999999999942e-01 4.803430000000000200e-01 5.290270000000000250e-01
-1.952319999999999889e-01 3.245250000000000079e-01 4.535290000000000155e-01
-2.178829999999999933e-01 3.659310000000000063e-01 4.656129999999999991e-01
2.653280000000000083e-01 -2.426000000000000205e-03 1.221040000000000042e-01
