4.586169999999999969e-01 -9.198199999999999432e-02 2.676270000000000038e-01
6.230290000000000550e-01 2.697099999999999845e-02 6.242999999999999938e-02
6.053870000000000084e-01 5.497799999999999909e-02 6.120899999999999952e-02
5.849010000000000042e-01 1.383540000000000048e-01 1.957049999999999901e-01
6.168970000000000287e-01 2.140869999999999995e-01 1.710510000000000086e-01
6.390730000000000022e-01 1.567050000000000110e-01 2.176730000000000054e-01
5.339479999999999782e-01 2.320429999999999993e-01 2.894619999999999971e-01
5.393959999999999866e-01 2.003270000000000051e-01 2.612059999999999937e-01
5.396980000000000111e-01 2.041580000000000061e-01 2.619199999999999862e-01
5.714700000000000335e-01 1.987210000000000087e-01 3.269540000000000224e-01
5.616029999999999633e-01 1.648439999999999905e-01 3.830489999999999728e-01
5.246509999999999785e-01 1.494000000000000050e-01 4.434219999999999828e-01
4.901889999999999858e-01 2.044449999999999878e-01 2.961900000000000088e-01
4.361450000000000049e-01 2.298790000000000000e-01 2.466480000000000061e-01
3.046209999999999751e-01 1.761060000000000125e-01 3.596679999999999877e-01
2.784929999999999906e-01 1.402690000000000048e-01 2.907239999999999824e-01
3.655349999999999988e-01 1.436570000000000069e-01 1.942099999999999937e-01
2.608829999999999760e-01 1.927010000000000112e-01 2.154119999999999924e-01
1.443210000000000048e-01 3.173279999999999990e-01 1.494719999999999938e-01
-5.115200000000000302e-02 4.088209999999999900e-01 -9.172700000000000298e-02
4.583099999999999674e-02 3.999400000000000177e-01 -1.814590000000000092e-01
2.213800000000000143e-02 3.278829999999999800e-01 -3.651590000000000114e-01
-4.557699999999999946e-02 2.948749999999999982e-01 -3.538000000000000034e-01
-3.281900000000000095e-02 3.311569999999999792e-01 -4.504810000000000203e-01
-9.603799999999999837e-02 3.271009999999999751e-01 -4.637339999999999796e-01
3.620600000000000207e-02 3.515860000000000096e-01 -5.126469999999999638e-01
6.644500000000000406e-02 3.218119999999999870e-01 -5.311489999999999823e-01
7.691499999999999726e-02 3.356779999999999764e-01 -5.026410000000000045e-01
1.209999999999999964e-01 3.193090000000000095e-01 -4.787790000000000101e-01
4.572099999999999775e-02 2.974379999999999802e-01 -4.309899999999999842e-01
1.878180000000000127e-01 2.435970000000000080e-01 -4.722970000000000224e-01
8.625399999999999734e-02 3.463749999999999885e-01 -4.568579999999999863e-01
1.399999999999999877e-04 3.704049999999999843e-01 -4.338139999999999774e-01
3.153799999999999659e-02 3.865089999999999915e-01 -4.884780000000000233e-01
4.294000000000000074e-03 3.785459999999999936e-01 -4.472300000000000164e-01
5.486900000000000110e-02 3.902990000000000070e-01 -5.128829999999999778e-01
-1.233869999999999967e-01 4.472769999999999802e-01 -4.668010000000000215e-01
-8.403099999999999459e-02 4.457869999999999888e-01 -4.602109999999999812e-01
-8.554799999999999904e-02 4.453269999999999729e-01 -4.413549999999999973e-01
-2.135839999999999961e-01 3.998369999999999980e-01 -3.613339999999999885e-01
-1.892840000000000078e-01 2.937779999999999836e-01 -3.559209999999999874e-01
-2.881810000000000205e-01 2.053879999999999872e-01 -2.297939999999999983e-01
-3.420469999999999899e-01 2.324499999999999830e-02 -1.629160000000000053e-01
-3.606500000000000261e-01 -1.756419999999999926e-01 4.541900000000000104e-02
-1.726739999999999942e-01 -3.884719999999999840e-01 1.450500000000000123e-01
-1.879629999999999912e-01 -3.979670000000000152e-01 1.323159999999999892e-01
-2.452779999999999960e-01 -4.355379999999999807e-01 2.171780000000000099e-01
-1.796119999999999939e-01 -3.869199999999999862e-01 1.741340000000000110e-01
-1.798140000000000016e-01 -4.537260000000000182e-01 3.386549999999999838e-01
-2.404729999999999923e-01 -4.171779999999999933e-01 3.530599999999999850e-01
-3.162090000000000178e-01 -5.084610000000000518e-01 4.467130000000000267e-01
-2.012609999999999955e-01 -5.241019999999999568e-01 3.775430000000000175e-01
-2.829189999999999761e-01 -5.164020000000000277e-01 4.120309999999999806e-01
-2.285550000000000082e-01 -4.731759999999999855e-01 4.176360000000000072e-01
-1.398500000000000021e-01 -5.246769999999999490e-01 4.244640000000000080e-01
-1.491030000000000133e-01 -5.096150000000000402e-01 4.418839999999999990e-01
-1.591339999999999977e-01 -4.690650000000000097e-01 4.724220000000000086e-01
-8.688800000000000689e-02 -6.030699999999999950e-01 4.412760000000000016e-01
8.189000000000000098e-03 -6.363699999999999912e-01 3.106689999999999729e-01
-7.424300000000000344e-02 -3.505849999999999800e-01 4.333500000000000130e-01
1.056200000000000021e-02 -4.353440000000000087e-01 3.334920000000000107e-01
9.613999999999999282e-03 -4.310240000000000182e-01 4.339399999999999924e-01
1.786840000000000095e-01 -2.500330000000000052e-01 3.083420000000000050e-01
3.633210000000000051e-01 -3.391919999999999935e-01 3.932370000000000032e-01
4.763760000000000217e-01 -1.825529999999999931e-01 4.232000000000000206e-01
5.840410000000000323e-01 -2.203789999999999916e-01 3.289050000000000029e-01
6.336230000000000473e-01 -1.250529999999999975e-01 2.937069999999999959e-01
6.039290000000000491e-01 1.074019999999999975e-01 3.074680000000000191e-01
6.848309999999999675e-01 6.950099999999999334e-02 2.377799999999999914e-01
6.952390000000000514e-01 1.274369999999999947e-01 2.134020000000000084e-01
6.590169999999999639e-01 1.866319999999999923e-01 2.225300000000000056e-01
7.045540000000000136e-01 5.581599999999999756e-02 2.477489999999999970e-01
6.206139999999999990e-01 2.555189999999999961e-01 2.266440000000000121e-01
6.497979999999999867e-01 1.439239999999999964e-01 2.898709999999999898e-01
5.901420000000000554e-01 1.100669999999999982e-01 3.555400000000000227e-01
5.267730000000000468e-01 3.014800000000000119e-02 4.211300000000000043e-01
5.250799999999999912e-01 7.205999999999999732e-03 3.847709999999999742e-01
3.161180000000000101e-01 2.028999999999999970e-01 3.857050000000000201e-01
2.526340000000000252e-01 2.353830000000000089e-01 3.635789999999999855e-01
2.867279999999999829e-01 1.104750000000000038e-01 3.229210000000000136e-01
6.666600000000000303e-02 2.631089999999999818e-01 1.648070000000000090e-01
2.507699999999999860e-02 2.693249999999999811e-01 1.432769999999999877e-01
1.112139999999999934e-01 3.399139999999999939e-01 -5.472400000000000181e-02
8.881000000000000005e-02 2.895690000000000208e-01 -1.110659999999999981e-01
1.877330000000000110e-01 2.537229999999999763e-01 -2.274980000000000058e-01
2.409070000000000100e-01 2.530060000000000087e-01 -3.941779999999999728e-01
1.900260000000000005e-01 3.265569999999999862e-01 -4.119059999999999944e-01
9.880600000000000493e-02 3.046710000000000251e-01 -4.192270000000000163e-01
5.255100000000000049e-02 2.788900000000000268e-01 -4.586560000000000081e-01
7.011599999999999777e-02 3.645450000000000079e-01 -4.823580000000000090e-01
3.182100000000000206e-02 2.739240000000000008e-01 -4.570589999999999931e-01
6.425699999999999468e-02 3.116510000000000113e-01 -4.876659999999999884e-01
1.137119999999999936e-01 2.927500000000000102e-01 -5.424639999999999462e-01
8.867600000000000482e-02 1.957849999999999868e-01 -5.796769999999999978e-01
4.639499999999999874e-02 2.433750000000000080e-01 -5.781899999999999817e-01
1.292750000000000010e-01 3.019080000000000097e-01 -6.206509999999999527e-01
5.783499999999999752e-02 3.072380000000000111e-01 -6.050259999999999527e-01
3.319099999999999828e-02 2.845530000000000004e-01 -5.854719999999999924e-01
5.232900000000000051e-02 1.599939999999999973e-01 -5.635900000000000354e-01
-1.036470000000000030e-01 1.434169999999999889e-01 -5.049029999999999907e-01
-1.012099999999999944e-01 -1.863990000000000091e-01 -3.081740000000000035e-01
-7.346500000000000252e-02 -2.385210000000000108e-01 -1.802380000000000093e-01
-2.021999999999999926e-03 -3.812249999999999805e-01 1.008870000000000045e-01
2.893400000000000138e-02 -5.425790000000000335e-01 2.878149999999999875e-01
-7.428700000000000581e-02 -5.218479999999999785e-01 3.603270000000000084e-01
-1.177919999999999939e-01 -4.625150000000000095e-01 3.795160000000000200e-01
-4.916000000000000231e-02 -4.884820000000000273e-01 3.246689999999999854e-01
-8.458000000000000240e-02 -4.700329999999999786e-01 3.350199999999999845e-01
-9.915699999999999514e-02 -4.789039999999999964e-01 2.917390000000000261e-01
-7.709499999999999686e-02 -5.084509999999999863e-01 3.203380000000000116e-01
-6.445299999999999641e-02 -5.587569999999999482e-01 3.394030000000000102e-01
6.020299999999999957e-02 -6.579909999999999926e-01 3.264589999999999992e-01
-3.918900000000000161e-02 -6.309369999999999701e-01 3.620430000000000037e-01
-1.470539999999999903e-01 -3.974340000000000095e-01 4.436570000000000236e-01
-6.614399999999999447e-02 -3.508080000000000087e-01 3.501569999999999960e-01
-2.268299999999999830e-02 -5.919659999999999922e-01 3.036679999999999935e-01
-3.132499999999999868e-02 -4.759499999999999842e-01 1.267999999999999960e-01
-5.044200000000000073e-02 -2.196299999999999919e-01 5.473999999999999699e-02
2.317400000000000015e-01 -1.084679999999999950e-01 -2.433300000000000046e-02
3.177929999999999922e-01 -2.551530000000000187e-01 -1.047040000000000054e-01
