4.959480000000000000e-01 9.268300000000000149e-02 2.307200000000000084e-01
5.096969999999999557e-01 2.598840000000000039e-01 2.661660000000000137e-01
5.197640000000000038e-01 3.090289999999999981e-01 3.046610000000000151e-01
5.557159999999999878e-01 2.337299999999999933e-01 2.501950000000000007e-01
6.289599999999999635e-01 1.771729999999999972e-01 2.158499999999999863e-01
5.970870000000000344e-01 2.251839999999999953e-01 2.436669999999999947e-01
5.875099999999999767e-01 1.767950000000000077e-01 2.191190000000000082e-01
6.306920000000000304e-01 1.441409999999999914e-01 1.083969999999999934e-01
5.939090000000000202e-01 1.474340000000000095e-01 1.077150000000000052e-01
5.695249999999999480e-01 1.198810000000000014e-01 1.114919999999999939e-01
5.890720000000000400e-01 1.348300000000000019e-02 5.392099999999999671e-02
5.711180000000000145e-01 1.199899999999999925e-02 7.921499999999999375e-02
5.986219999999999875e-01 9.431799999999999906e-02 1.635199999999999848e-02
5.127340000000000231e-01 1.482330000000000036e-01 4.565999999999999746e-03
3.719729999999999981e-01 2.482719999999999927e-01 6.203399999999999886e-02
3.439829999999999832e-01 1.857320000000000082e-01 1.082690000000000041e-01
3.352220000000000200e-01 1.667750000000000066e-01 5.638699999999999962e-02
2.658749999999999725e-01 1.949289999999999912e-01 -3.906599999999999656e-02
5.988700000000000273e-02 2.542170000000000263e-01 -9.151399999999999813e-02
1.959899999999999837e-02 3.634229999999999960e-01 -1.796709999999999974e-01
2.362099999999999964e-02 3.719919999999999893e-01 -2.959720000000000129e-01
-3.147599999999999704e-02 3.389070000000000138e-01 -3.342709999999999848e-01
-1.531740000000000046e-01 4.017800000000000260e-01 -3.623850000000000127e-01
-1.626360000000000028e-01 4.439199999999999813e-01 -3.993129999999999735e-01
5.932999999999999906e-03 3.428220000000000156e-01 -4.668709999999999805e-01
6.120000000000000223e-04 3.178400000000000114e-01 -4.195860000000000145e-01
-1.000680000000000042e-01 2.825130000000000141e-01 -3.760839999999999739e-01
2.289599999999999969e-02 2.088200000000000056e-01 -4.594280000000000030e-01
-4.401700000000000057e-02 3.199179999999999802e-01 -4.731879999999999975e-01
-3.365699999999999942e-02 2.858200000000000185e-01 -4.724329999999999918e-01
-1.126169999999999949e-01 2.590589999999999837e-01 -3.725979999999999848e-01
-1.025019999999999959e-01 2.753450000000000064e-01 -4.336889999999999912e-01
-6.704799999999999649e-02 3.298320000000000141e-01 -4.400410000000000155e-01
-1.005589999999999956e-01 3.296279999999999766e-01 -4.530580000000000163e-01
-7.494499999999999773e-02 1.570920000000000094e-01 -3.754919999999999924e-01
-5.929199999999999748e-02 2.978120000000000211e-01 -4.721899999999999986e-01
-1.765130000000000032e-01 1.423560000000000103e-01 -3.652869999999999728e-01
-1.606219999999999870e-01 1.067749999999999949e-01 -3.539280000000000204e-01
-2.286970000000000114e-01 5.015599999999999919e-02 -2.903020000000000045e-01
-2.470729999999999871e-01 -1.149659999999999987e-01 -2.524379999999999957e-01
-2.389620000000000077e-01 -2.188190000000000135e-01 -1.771550000000000069e-01
-3.042170000000000152e-01 -1.782239999999999935e-01 -1.111889999999999962e-01
-4.078080000000000038e-01 -1.675470000000000015e-01 -2.887100000000000083e-02
-2.896790000000000198e-01 -2.625979999999999981e-01 1.017149999999999999e-01
-2.130569999999999964e-01 -3.369110000000000160e-01 1.740480000000000083e-01
-2.589520000000000155e-01 -3.247110000000000274e-01 2.876400000000000068e-01
-2.917680000000000273e-01 -3.871749999999999914e-01 3.807619999999999894e-01
-1.986310000000000020e-01 -4.198239999999999750e-01 3.935730000000000062e-01
-3.281419999999999892e-01 -3.437910000000000132e-01 4.348960000000000048e-01
-2.535180000000000211e-01 -4.382679999999999909e-01 4.294789999999999996e-01
-2.262049999999999894e-01 -4.357269999999999754e-01 4.192969999999999753e-01
-2.789329999999999865e-01 -4.209729999999999861e-01 4.328819999999999890e-01
-2.990260000000000140e-01 -4.351709999999999745e-01 4.582140000000000102e-01
-1.612300000000000122e-01 -5.065669999999999895e-01 3.846789999999999932e-01
-2.325419999999999987e-01 -5.869940000000000158e-01 3.348149999999999737e-01
-2.598199999999999954e-01 -5.833249999999999824e-01 3.426069999999999949e-01
-1.821780000000000066e-01 -6.555130000000000123e-01 2.133609999999999951e-01
-2.021360000000000101e-01 -5.389059999999999961e-01 2.047920000000000018e-01
-2.059729999999999894e-01 -6.132779999999999898e-01 7.830299999999999760e-02
-1.267590000000000106e-01 -6.825989999999999558e-01 -9.310499999999999332e-02
-5.858800000000000119e-02 -4.967489999999999961e-01 -2.372289999999999954e-01
-2.249510000000000121e-01 -6.007689999999999975e-01 -1.313829999999999998e-01
-2.345669999999999977e-01 -5.573080000000000256e-01 -2.440060000000000007e-01
-1.266140000000000043e-01 -6.453320000000000167e-01 -2.114099999999999868e-01
-1.525330000000000019e-01 -4.717799999999999772e-01 -2.103460000000000052e-01
-5.068799999999999695e-02 -5.120749999999999469e-01 -2.730000000000000204e-01
-9.325999999999999568e-02 -3.546710000000000140e-01 -3.764989999999999726e-01
5.476600000000000218e-02 -3.697320000000000051e-01 -4.703430000000000111e-01
5.877799999999999692e-02 -4.058669999999999778e-01 -4.526169999999999916e-01
7.880399999999999905e-02 -3.940620000000000234e-01 -4.890619999999999967e-01
-2.586199999999999957e-02 -3.189480000000000093e-01 -5.778600000000000403e-01
-1.136820000000000053e-01 -2.565520000000000023e-01 -5.454149999999999832e-01
-8.570200000000000040e-02 -3.224810000000000176e-01 -5.487360000000000015e-01
4.090400000000000286e-02 -3.451299999999999923e-01 -5.767109999999999737e-01
-2.387799999999999992e-02 -3.197550000000000114e-01 -5.772220000000000129e-01
-1.383199999999999985e-01 -3.225350000000000161e-01 -4.886670000000000180e-01
-1.275699999999999890e-01 -2.988970000000000238e-01 -4.842529999999999890e-01
-1.725780000000000092e-01 -2.881040000000000267e-01 -4.267730000000000135e-01
-1.892439999999999956e-01 -4.481930000000000081e-01 -2.902150000000000007e-01
-2.605669999999999931e-01 -3.888969999999999927e-01 -8.776399999999999479e-02
-2.227619999999999878e-01 -3.501879999999999993e-01 1.531230000000000091e-01
-2.596069999999999767e-01 -4.065190000000000192e-01 3.277240000000000153e-01
-3.548490000000000255e-01 -4.472929999999999962e-01 4.421919999999999740e-01
-2.662320000000000242e-01 -4.106139999999999790e-01 4.678120000000000056e-01
-1.043280000000000041e-01 -4.777910000000000212e-01 4.724110000000000253e-01
-2.385069999999999968e-01 -3.161619999999999986e-01 4.801690000000000125e-01
-1.784219999999999973e-01 -4.178259999999999752e-01 4.853399999999999936e-01
-1.876909999999999967e-01 -4.150900000000000145e-01 5.242419999999999858e-01
-3.320949999999999736e-01 -3.565260000000000096e-01 5.299669999999999659e-01
-1.866510000000000113e-01 -4.164889999999999981e-01 4.822529999999999872e-01
-1.159509999999999985e-01 -4.794109999999999761e-01 4.460169999999999968e-01
-1.696550000000000002e-01 -4.959160000000000235e-01 4.917079999999999784e-01
-2.083510000000000084e-01 -4.611009999999999831e-01 3.978309999999999902e-01
-9.457200000000000328e-02 -4.100489999999999968e-01 2.876159999999999828e-01
-1.263029999999999986e-01 -4.970570000000000266e-01 3.862280000000000157e-01
-9.028999999999999526e-02 -4.161779999999999924e-01 3.247189999999999799e-01
1.584009999999999863e-01 -2.051800000000000013e-01 4.930000000000000354e-03
2.991659999999999875e-01 -1.840269999999999961e-01 -5.350499999999999701e-02
