3.111119999999999997e-01 -1.346670000000000089e-01 2.316779999999999951e-01
3.536250000000000226e-01 -1.759809999999999985e-01 2.948200000000000265e-01
3.685840000000000227e-01 -1.409590000000000010e-01 -4.313600000000000073e-02
3.752909999999999857e-01 1.498210000000000097e-01 1.170009999999999939e-01
3.487979999999999969e-01 2.967369999999999730e-01 8.748200000000000420e-02
4.125079999999999858e-01 1.990169999999999995e-01 1.971509999999999929e-01
4.065520000000000245e-01 1.923779999999999935e-01 2.105630000000000002e-01
3.862590000000000190e-01 1.591509999999999869e-01 1.279490000000000072e-01
4.917880000000000029e-01 7.518400000000000083e-02 7.265599999999999836e-02
4.554659999999999820e-01 8.548300000000000343e-02 1.111550000000000038e-01
3.925919999999999965e-01 1.490360000000000018e-01 1.154180000000000067e-01
3.597759999999999847e-01 1.715029999999999888e-01 7.120100000000000040e-02
4.305720000000000103e-01 1.058889999999999970e-01 5.870700000000000224e-02
2.556129999999999791e-01 1.346279999999999977e-01 5.194100000000000106e-02
8.910800000000000665e-02 1.778710000000000013e-01 9.429700000000000581e-02
7.917799999999999838e-02 1.455690000000000039e-01 6.279899999999999372e-02
1.206740000000000035e-01 1.052389999999999992e-01 1.063640000000000002e-01
7.192999999999999741e-03 1.596480000000000121e-01 1.434580000000000022e-01
-1.583050000000000013e-01 2.458450000000000080e-01 4.061000000000000026e-02
-2.053149999999999975e-01 3.146849999999999925e-01 8.231999999999999734e-03
-2.252810000000000090e-01 2.089370000000000116e-01 -1.442549999999999943e-01
-1.954589999999999939e-01 3.402109999999999856e-01 -2.493350000000000011e-01
-3.152989999999999959e-01 3.073449999999999793e-01 -3.163610000000000033e-01
-2.630049999999999888e-01 3.464079999999999937e-01 -3.617000000000000215e-01
-2.454149999999999943e-01 3.363389999999999991e-01 -4.031370000000000231e-01
-3.010530000000000150e-01 3.463999999999999857e-01 -3.483249999999999957e-01
-2.126979999999999982e-01 3.970730000000000093e-01 -3.144020000000000148e-01
-2.532539999999999791e-01 4.545839999999999881e-01 -3.450779999999999959e-01
-1.974839999999999929e-01 5.186359999999999859e-01 -3.851559999999999984e-01
-1.673939999999999872e-01 4.088579999999999992e-01 -3.973999999999999755e-01
-9.160400000000000487e-02 3.785430000000000184e-01 -3.937379999999999769e-01
-2.187759999999999982e-01 4.065840000000000010e-01 -3.610619999999999941e-01
-2.344459999999999877e-01 3.918409999999999949e-01 -4.157799999999999829e-01
-1.418089999999999906e-01 3.412160000000000193e-01 -4.549130000000000118e-01
-1.994460000000000122e-01 4.065489999999999937e-01 -4.372929999999999873e-01
-1.712980000000000058e-01 3.626050000000000106e-01 -4.442380000000000217e-01
-1.195050000000000001e-01 3.054680000000000173e-01 -3.929639999999999800e-01
-8.063999999999999987e-03 3.079879999999999840e-01 -4.214319999999999733e-01
-7.721500000000000585e-02 2.339579999999999993e-01 -3.785399999999999876e-01
-4.476999999999999730e-02 2.590230000000000032e-01 -4.037990000000000190e-01
-2.058429999999999982e-01 2.944979999999999820e-01 -4.374879999999999880e-01
-3.176439999999999819e-01 2.168239999999999890e-01 -3.696690000000000254e-01
-4.532100000000000017e-01 2.502100000000000157e-02 -2.645350000000000201e-01
-4.876969999999999916e-01 -5.746400000000000119e-02 -1.275360000000000105e-01
-4.971999999999999753e-01 -1.670900000000000163e-02 -5.784500000000000058e-02
-4.748160000000000158e-01 -2.307009999999999894e-01 8.230999999999999428e-02
-5.101860000000000284e-01 -2.994609999999999772e-01 1.589039999999999897e-01
-4.933730000000000060e-01 -3.648129999999999984e-01 2.267659999999999954e-01
-5.175640000000000240e-01 -3.817780000000000062e-01 2.938399999999999901e-01
-5.391850000000000254e-01 -3.867430000000000034e-01 3.486879999999999979e-01
-5.279979999999999674e-01 -4.207060000000000244e-01 4.096440000000000081e-01
-4.891329999999999845e-01 -4.834359999999999769e-01 3.385279999999999956e-01
-5.549420000000000464e-01 -4.282699999999999840e-01 3.834730000000000083e-01
-5.683740000000000459e-01 -4.094780000000000086e-01 3.696889999999999898e-01
-5.476799999999999446e-01 -3.895589999999999886e-01 4.196960000000000135e-01
-5.462879999999999958e-01 -3.766979999999999773e-01 3.890950000000000242e-01
-5.008399999999999519e-01 -3.953559999999999852e-01 4.174169999999999825e-01
-4.202089999999999992e-01 -4.012439999999999896e-01 3.758670000000000067e-01
-4.903210000000000068e-01 -4.085509999999999975e-01 2.916960000000000108e-01
-3.184359999999999968e-01 -4.164129999999999776e-01 3.352220000000000200e-01
-4.595750000000000113e-01 -3.014760000000000217e-01 3.316239999999999744e-01
-3.531750000000000167e-01 -1.794999999999999929e-01 3.365210000000000146e-01
-1.572649999999999881e-01 -1.815610000000000002e-01 5.129199999999999732e-02
-1.410339999999999927e-01 -1.503150000000000042e-01 1.732420000000000071e-01
3.761699999999999766e-02 -2.237520000000000064e-01 -3.039199999999999888e-02
-7.777199999999999391e-02 -1.434140000000000137e-01 6.263699999999999823e-02
6.951000000000000234e-02 -2.002319999999999933e-01 -3.555699999999999833e-02
2.122130000000000127e-01 -1.343389999999999862e-01 1.475120000000000042e-01
2.668760000000000021e-01 -1.717740000000000100e-01 2.543300000000000005e-01
4.178689999999999904e-01 1.286000000000000034e-03 1.863539999999999919e-01
4.411499999999999866e-01 1.814959999999999907e-01 1.850999999999999868e-01
5.352660000000000196e-01 1.119900000000000062e-01 9.997499999999999443e-02
4.655719999999999859e-01 1.108409999999999951e-01 1.098709999999999964e-01
4.667060000000000097e-01 -2.602499999999999952e-02 1.474920000000000120e-01
3.959349999999999814e-01 6.324000000000000454e-02 1.685069999999999901e-01
4.589389999999999858e-01 1.023899999999999984e-02 2.155410000000000104e-01
4.971940000000000248e-01 -2.179000000000000034e-02 2.561800000000000188e-01
4.986689999999999734e-01 -1.273499999999999979e-02 2.326620000000000077e-01
4.646870000000000167e-01 -2.004399999999999932e-02 2.449530000000000041e-01
4.171239999999999948e-01 -3.147699999999999804e-02 3.342840000000000256e-01
3.255660000000000220e-01 6.239999999999999887e-03 4.314180000000000237e-01
2.606109999999999816e-01 3.416999999999999899e-02 4.054030000000000133e-01
2.528549999999999964e-01 1.074729999999999991e-01 3.757659999999999889e-01
1.531679999999999986e-01 1.737740000000000118e-01 4.462050000000000183e-01
5.710699999999999804e-02 3.200609999999999844e-01 4.112299999999999844e-01
8.428800000000000181e-02 3.566199999999999926e-01 4.147330000000000183e-01
-7.777299999999999491e-02 4.329770000000000008e-01 4.719519999999999826e-01
-2.126700000000000118e-02 4.365809999999999969e-01 4.428210000000000202e-01
-3.480099999999999860e-02 4.266949999999999910e-01 4.668189999999999840e-01
-1.484810000000000019e-01 4.190189999999999748e-01 5.023630000000000040e-01
-1.372259999999999869e-01 4.329330000000000123e-01 4.720710000000000184e-01
-1.670439999999999980e-01 4.118789999999999951e-01 4.877369999999999761e-01
-1.337129999999999985e-01 4.965620000000000034e-01 4.653200000000000114e-01
-6.608999999999999597e-02 4.237759999999999860e-01 5.196939999999999893e-01
-1.218980000000000063e-01 2.790009999999999990e-01 5.472730000000000095e-01
-1.464719999999999911e-01 3.869460000000000122e-01 4.863399999999999945e-01
-2.260689999999999922e-01 4.577660000000000062e-01 4.713700000000000112e-01
-2.246670000000000056e-01 4.065799999999999970e-01 5.037460000000000271e-01
-2.012220000000000120e-01 3.090010000000000256e-01 5.056190000000000406e-01
-2.331540000000000001e-01 2.957130000000000036e-01 5.232160000000000144e-01
-1.974960000000000049e-01 3.398269999999999902e-01 5.292040000000000077e-01
-2.741069999999999895e-01 3.590130000000000265e-01 5.432670000000000554e-01
-1.804399999999999893e-01 4.018479999999999830e-01 4.699539999999999829e-01
-1.137569999999999970e-01 4.771989999999999843e-01 3.739640000000000186e-01
-7.146600000000000175e-02 5.039099999999999691e-01 3.168259999999999965e-01
-7.401199999999999446e-02 4.365660000000000096e-01 1.188730000000000064e-01
-2.331099999999999839e-02 4.142250000000000099e-01 -3.092200000000000157e-02
5.596199999999999786e-02 2.594719999999999804e-01 -1.110460000000000058e-01
1.510269999999999946e-01 1.542739999999999945e-01 -6.584099999999999675e-02
6.681900000000000339e-02 7.820299999999999474e-02 -1.693400000000000113e-02
-3.252229999999999843e-01 -2.171029999999999904e-01 -2.886349999999999749e-01
-3.344190000000000218e-01 -3.503600000000000048e-01 -3.067960000000000131e-01
-3.733139999999999792e-01 -4.850639999999999952e-01 -3.038139999999999730e-01
-2.193019999999999969e-01 -6.007949999999999680e-01 -2.661589999999999789e-01
-2.793919999999999737e-01 -5.474419999999999842e-01 -3.355020000000000224e-01
-5.077679999999999971e-01 -4.629960000000000186e-01 -2.470370000000000066e-01
-3.422729999999999939e-01 -3.686670000000000225e-01 -3.805259999999999754e-01
-2.934660000000000046e-01 -3.441500000000000115e-01 -4.447130000000000249e-01
-3.621900000000000119e-01 -1.548609999999999987e-01 -5.224729999999999652e-01
-1.724569999999999992e-01 -1.689589999999999981e-01 -5.729830000000000201e-01
-2.439969999999999917e-01 -1.339470000000000105e-01 -5.734479999999999578e-01
-2.153809999999999891e-01 -1.337319999999999898e-01 -5.717290000000000427e-01
-3.427899999999999836e-01 -6.330900000000000416e-02 -5.377030000000000420e-01
-3.168030000000000013e-01 -1.046030000000000015e-01 -5.629469999999999752e-01
-4.410519999999999996e-01 -1.008730000000000043e-01 -5.508180000000000298e-01
-4.626890000000000169e-01 -1.649869999999999948e-01 -5.149089999999999501e-01
-4.887440000000000118e-01 -1.647980000000000000e-01 -4.882630000000000026e-01
-5.775430000000000286e-01 -2.002690000000000026e-01 -3.692570000000000019e-01
-5.297009999999999774e-01 -3.284759999999999902e-01 -2.796899999999999942e-01
-6.149270000000000014e-01 -3.320819999999999883e-01 -1.266579999999999928e-01
-5.024899999999999922e-01 -4.282989999999999853e-01 5.090299999999999686e-02
-5.533620000000000205e-01 -3.847909999999999942e-01 2.086570000000000091e-01
-5.312459999999999960e-01 -3.723400000000000043e-01 2.475789999999999935e-01
-4.821980000000000155e-01 -4.540080000000000227e-01 1.611360000000000015e-01
-4.357559999999999767e-01 -5.044800000000000395e-01 1.442789999999999906e-01
-4.007450000000000179e-01 -5.741380000000000372e-01 1.076730000000000048e-01
-4.336630000000000207e-01 -4.506080000000000085e-01 1.242430000000000062e-01
-5.670399999999999885e-01 -3.314230000000000231e-01 1.703010000000000079e-01
-5.335389999999999855e-01 -3.666260000000000074e-01 1.909299999999999886e-01
-4.219910000000000050e-01 -4.892329999999999735e-01 1.647109999999999963e-01
-4.527519999999999878e-01 -4.112299999999999844e-01 1.651150000000000118e-01
-4.389460000000000028e-01 -3.760780000000000234e-01 2.429800000000000015e-01
