6.128930000000000211e-01 -8.932500000000000162e-02 9.469600000000000239e-02
6.179729999999999945e-01 3.878199999999999703e-02 1.089399999999999952e-01
6.141839999999999522e-01 6.029099999999999737e-02 1.399330000000000018e-01
6.469470000000000498e-01 1.217310000000000059e-01 9.089899999999999369e-02
7.135650000000000048e-01 5.073300000000000032e-02 9.727199999999999736e-02
7.184070000000000178e-01 6.213899999999999979e-02 1.904369999999999952e-01
6.362560000000000437e-01 1.696249999999999980e-01 2.077090000000000047e-01
6.700960000000000250e-01 1.208629999999999982e-01 1.568599999999999994e-01
6.777320000000000011e-01 4.228400000000000214e-02 2.020929999999999949e-01
6.686929999999999819e-01 9.935700000000000087e-02 1.866569999999999896e-01
6.537389999999999590e-01 3.864299999999999680e-02 6.575300000000000589e-02
6.333010000000000028e-01 6.708100000000000174e-02 3.141800000000000148e-02
5.485339999999999661e-01 4.420799999999999730e-02 1.253849999999999965e-01
5.282750000000000501e-01 1.425800000000000123e-01 7.866399999999999781e-02
5.257610000000000339e-01 1.566619999999999957e-01 6.099600000000000161e-02
5.167329999999999979e-01 2.112310000000000021e-01 -9.869100000000000095e-02
4.875999999999999779e-01 2.277450000000000030e-01 -4.372399999999999898e-02
3.969670000000000143e-01 3.146939999999999737e-01 -1.758589999999999876e-01
2.781569999999999876e-01 3.704290000000000083e-01 -3.193409999999999860e-01
2.237689999999999957e-01 4.511589999999999767e-01 -4.076739999999999808e-01
1.260590000000000044e-01 4.603410000000000002e-01 -4.262009999999999965e-01
1.055439999999999989e-01 4.635489999999999888e-01 -4.496450000000000169e-01
1.928660000000000097e-01 3.632059999999999733e-01 -4.993759999999999866e-01
2.046930000000000138e-01 3.345910000000000273e-01 -5.160749999999999504e-01
2.419729999999999936e-01 3.104640000000000177e-01 -5.835630000000000539e-01
1.975260000000000071e-01 3.226970000000000116e-01 -5.093680000000000430e-01
2.658429999999999960e-01 2.519359999999999933e-01 -5.088279999999999470e-01
2.872489999999999766e-01 2.319140000000000090e-01 -5.429460000000000397e-01
2.778390000000000026e-01 1.782960000000000100e-01 -4.583289999999999864e-01
3.065539999999999932e-01 1.801039999999999863e-01 -5.260949999999999793e-01
1.986559999999999993e-01 2.169520000000000060e-01 -5.307349999999999568e-01
2.291880000000000028e-01 2.124459999999999960e-01 -5.325640000000000374e-01
2.517949999999999910e-01 2.196009999999999907e-01 -5.502340000000000009e-01
2.882819999999999827e-01 2.358260000000000078e-01 -5.742439999999999767e-01
2.494800000000000073e-01 2.863939999999999819e-01 -5.628889999999999727e-01
2.721270000000000078e-01 1.613269999999999982e-01 -5.619140000000000246e-01
2.741950000000000220e-01 2.016159999999999897e-01 -5.472890000000000255e-01
2.836080000000000267e-01 7.293099999999999583e-02 -4.884629999999999805e-01
9.627800000000000247e-02 1.277000000000000079e-01 -4.753769999999999940e-01
1.109030000000000016e-01 -2.574600000000000152e-02 -4.757549999999999835e-01
3.933400000000000091e-02 -3.388650000000000273e-01 -3.561690000000000134e-01
-1.611670000000000047e-01 -3.039419999999999900e-01 -1.793679999999999997e-01
-3.608999999999999986e-01 -3.759410000000000251e-01 1.875819999999999987e-01
-9.525699999999999446e-02 -5.739459999999999562e-01 3.037130000000000107e-01
-1.771439999999999959e-01 -4.812810000000000143e-01 3.153540000000000232e-01
-1.410559999999999869e-01 -4.432450000000000001e-01 3.556460000000000177e-01
-1.525199999999999889e-01 -3.630720000000000058e-01 3.336350000000000149e-01
-2.041979999999999906e-01 -4.734720000000000040e-01 4.139229999999999854e-01
-9.317400000000000682e-02 -5.758020000000000360e-01 4.064519999999999800e-01
-1.389350000000000029e-01 -5.519979999999999887e-01 3.634319999999999773e-01
-4.308200000000000224e-02 -6.116660000000000430e-01 3.398300000000000209e-01
-7.075800000000000145e-02 -6.290829999999999478e-01 3.470619999999999816e-01
-4.297399999999999831e-02 -7.366840000000000055e-01 3.005820000000000158e-01
-1.184390000000000026e-01 -7.209449999999999470e-01 2.809639999999999915e-01
-1.560699999999999865e-01 -5.521949999999999914e-01 9.644800000000000595e-02
-2.128240000000000132e-01 -5.639560000000000128e-01 4.928099999999999842e-02
-1.760289999999999910e-01 -6.637720000000000287e-01 1.451280000000000070e-01
-2.188289999999999957e-01 -5.854709999999999637e-01 -9.449999999999999850e-04
-1.617780000000000051e-01 -6.529570000000000096e-01 -9.664999999999999980e-03
-7.178000000000000352e-03 -4.808230000000000004e-01 -2.330319999999999891e-01
-9.680000000000000019e-04 -4.590230000000000143e-01 -2.249329999999999941e-01
3.280000000000000276e-02 -3.350549999999999917e-01 -3.737989999999999924e-01
-2.790099999999999872e-02 -3.193550000000000000e-01 -3.584359999999999769e-01
-4.500599999999999740e-02 -2.164599999999999858e-02 -4.599710000000000187e-01
-5.893600000000000227e-02 8.107599999999999529e-02 -4.797020000000000173e-01
-1.183870000000000061e-01 1.800879999999999981e-01 -5.620650000000000368e-01
-1.627149999999999985e-01 2.293179999999999941e-01 -4.937949999999999839e-01
-1.726659999999999862e-01 1.792300000000000004e-01 -5.274419999999999664e-01
2.528499999999999845e-02 1.088260000000000061e-01 -5.128740000000000521e-01
-7.123899999999999677e-02 2.833979999999999833e-01 -4.498860000000000081e-01
-1.627899999999999903e-01 4.385470000000000201e-01 -4.254330000000000056e-01
-1.183379999999999987e-01 3.815830000000000055e-01 -3.875009999999999843e-01
-1.014270000000000033e-01 3.487089999999999912e-01 -3.310629999999999962e-01
-1.766010000000000080e-01 4.169990000000000085e-01 -2.742180000000000173e-01
-2.072460000000000135e-01 4.175829999999999820e-01 -1.334549999999999903e-01
-1.108620000000000022e-01 4.352289999999999770e-01 -1.467640000000000056e-01
-2.001199999999999923e-01 4.247819999999999929e-01 -5.304500000000000187e-02
-1.292619999999999880e-01 4.296909999999999896e-01 -2.723400000000000126e-02
-2.217129999999999934e-01 4.200999999999999734e-01 1.506369999999999931e-01
-8.089899999999999869e-02 4.840809999999999835e-01 1.450919999999999987e-01
-2.431169999999999998e-01 5.549399999999999888e-01 2.879820000000000157e-01
-2.049819999999999975e-01 5.702040000000000441e-01 3.245140000000000247e-01
-2.071270000000000056e-01 4.707299999999999818e-01 4.412969999999999948e-01
-1.295229999999999992e-01 5.093689999999999607e-01 4.433090000000000086e-01
-1.004390000000000005e-01 4.159939999999999749e-01 5.124229999999999619e-01
7.433999999999999636e-03 3.617020000000000235e-01 5.413540000000000019e-01
6.909000000000000211e-03 3.875790000000000068e-01 5.594409999999999661e-01
1.974000000000000060e-03 1.921710000000000085e-01 5.864070000000000116e-01
-3.316100000000000297e-02 2.196490000000000109e-01 5.852720000000000145e-01
1.923999999999999929e-03 2.098730000000000040e-01 6.091520000000000268e-01
1.029920000000000002e-01 7.264600000000000224e-02 4.456530000000000213e-01
-2.990500000000000103e-02 8.365799999999999625e-02 5.848929999999999962e-01
7.537900000000000156e-02 7.109400000000000441e-02 3.372269999999999990e-01
2.694779999999999953e-01 -1.531839999999999868e-01 8.655699999999999505e-02
