3.044919999999999849e-01 1.202190000000000064e-01 6.548600000000000254e-02
3.372749999999999915e-01 2.152129999999999876e-01 1.511510000000000076e-01
3.914509999999999934e-01 1.709940000000000071e-01 7.366999999999999937e-02
3.346080000000000165e-01 1.904879999999999907e-01 -5.957500000000000295e-02
4.712779999999999747e-01 1.351549999999999974e-01 -9.735599999999999810e-02
4.247009999999999952e-01 1.255239999999999967e-01 -1.123340000000000033e-01
3.700320000000000276e-01 1.731270000000000031e-01 -4.923500000000000099e-02
3.689509999999999734e-01 1.960500000000000020e-01 -1.969299999999999870e-02
3.415520000000000223e-01 1.538049999999999973e-01 4.438700000000000284e-02
2.183680000000000065e-01 2.012710000000000055e-01 6.713600000000000123e-02
5.544600000000000223e-02 2.265069999999999861e-01 1.143149999999999999e-01
7.749300000000000632e-02 2.071600000000000108e-01 6.269099999999999673e-02
-3.518700000000000300e-02 2.740799999999999903e-01 1.274899999999999992e-02
-5.340299999999999908e-02 2.645250000000000101e-01 2.408599999999999977e-02
-6.849099999999999633e-02 3.509669999999999734e-01 4.371900000000000092e-02
-1.224449999999999983e-01 3.315819999999999879e-01 -1.744599999999999970e-02
-2.676629999999999843e-01 4.304609999999999825e-01 -1.368030000000000079e-01
-6.855400000000000382e-02 3.310449999999999782e-01 -1.919450000000000045e-01
-1.522030000000000050e-01 3.613990000000000258e-01 -3.756990000000000052e-01
-1.944130000000000025e-01 3.514880000000000226e-01 -4.808250000000000024e-01
-2.031630000000000102e-01 3.997120000000000117e-01 -4.938810000000000144e-01
-3.054799999999999877e-02 3.691039999999999877e-01 -5.498220000000000329e-01
4.748999999999999749e-02 3.754120000000000235e-01 -5.264419999999999655e-01
-3.151899999999999841e-02 4.537359999999999727e-01 -4.866489999999999982e-01
2.181699999999999959e-02 3.616730000000000222e-01 -5.137800000000000145e-01
3.605699999999999877e-02 2.315730000000000011e-01 -5.094950000000000312e-01
-4.586999999999999932e-03 3.185319999999999818e-01 -5.070210000000000550e-01
-1.486299999999999948e-02 3.193210000000000215e-01 -5.071959999999999802e-01
-3.009500000000000022e-02 4.219459999999999877e-01 -5.212189999999999879e-01
-3.347499999999999781e-02 3.887070000000000247e-01 -5.242259999999999698e-01
3.697000000000000199e-03 2.524129999999999985e-01 -5.257990000000000164e-01
7.160600000000000298e-02 2.183660000000000045e-01 -5.614689999999999959e-01
-7.407999999999999655e-03 2.029980000000000118e-01 -5.344769999999999799e-01
-8.244200000000000139e-02 2.087090000000000056e-01 -5.173370000000000468e-01
-1.842799999999999994e-01 2.847399999999999931e-01 -5.237690000000000401e-01
-1.481729999999999992e-01 2.461949999999999972e-01 -5.421099999999999808e-01
-9.549000000000000543e-02 2.693740000000000023e-01 -5.454269999999999952e-01
-6.217799999999999716e-02 1.817489999999999939e-01 -5.459880000000000289e-01
-1.520900000000000030e-01 1.497179999999999900e-01 -5.292639999999999567e-01
-1.561059999999999948e-01 1.793909999999999949e-01 -4.995580000000000020e-01
-3.505309999999999815e-01 1.323219999999999952e-01 -4.088700000000000112e-01
-4.866750000000000242e-01 8.474999999999999895e-03 -2.806509999999999838e-01
-5.866689999999999960e-01 -1.877580000000000082e-01 -7.356699999999999351e-02
-5.124090000000000034e-01 -2.292359999999999953e-01 -8.014000000000000290e-03
-4.650000000000000244e-01 -2.993000000000000105e-01 7.212399999999999367e-02
-5.516619999999999857e-01 -2.791620000000000212e-01 1.073000000000000065e-01
-5.643080000000000318e-01 -3.625479999999999814e-01 2.295020000000000115e-01
-5.343620000000000037e-01 -3.242479999999999807e-01 2.120849999999999957e-01
-5.645879999999999788e-01 -3.706280000000000130e-01 3.395710000000000117e-01
-4.923730000000000051e-01 -4.677609999999999824e-01 3.292769999999999864e-01
-5.070019999999999527e-01 -4.789700000000000069e-01 4.010090000000000043e-01
-5.189970000000000416e-01 -4.540109999999999979e-01 3.734709999999999974e-01
-5.476299999999999502e-01 -3.876560000000000006e-01 4.046569999999999889e-01
-5.291299999999999892e-01 -3.625070000000000237e-01 3.281910000000000105e-01
-3.830580000000000096e-01 -4.581970000000000209e-01 3.159819999999999851e-01
-4.375829999999999997e-01 -4.504150000000000098e-01 2.567209999999999770e-01
-5.193740000000000023e-01 -5.112700000000000022e-01 2.727939999999999809e-01
-5.075269999999999504e-01 -5.137960000000000305e-01 2.520000000000000018e-01
-4.492559999999999887e-01 -5.255109999999999504e-01 3.489140000000000019e-01
-4.212949999999999751e-01 -4.618160000000000043e-01 3.220899999999999874e-01
-3.863940000000000152e-01 -4.641190000000000038e-01 3.579439999999999844e-01
-1.824020000000000086e-01 -4.243330000000000157e-01 1.371390000000000109e-01
-1.050579999999999986e-01 -2.490420000000000134e-01 3.259589999999999987e-01
-4.831400000000000278e-02 -1.799459999999999948e-01 4.068860000000000254e-01
2.178470000000000129e-01 -2.333069999999999866e-01 2.627349999999999963e-01
2.703889999999999905e-01 -2.666700000000000181e-01 3.221089999999999787e-01
3.474949999999999983e-01 -2.837009999999999810e-01 1.949369999999999992e-01
4.235720000000000041e-01 -9.391599999999999948e-02 2.914910000000000001e-01
5.909550000000000081e-01 -1.157799999999999940e-01 2.819139999999999979e-01
6.904540000000000122e-01 9.631000000000000671e-03 1.369370000000000032e-01
6.282780000000000031e-01 9.540600000000000469e-02 1.578019999999999978e-01
6.124100000000000099e-01 1.013789999999999969e-01 1.967609999999999915e-01
6.265009999999999746e-01 9.370499999999999663e-02 2.610450000000000270e-01
5.320209999999999662e-01 1.345030000000000114e-01 3.203860000000000041e-01
4.497169999999999779e-01 2.235779999999999990e-01 3.497399999999999953e-01
2.874209999999999821e-01 1.582590000000000108e-01 4.517059999999999964e-01
2.936309999999999754e-01 2.454159999999999953e-01 4.744209999999999816e-01
3.591260000000000008e-01 2.300339999999999885e-01 4.460799999999999765e-01
2.932299999999999907e-01 2.328260000000000052e-01 4.879660000000000108e-01
2.803689999999999793e-01 4.029880000000000129e-01 4.297349999999999781e-01
1.805789999999999895e-01 4.643499999999999850e-01 4.260269999999999890e-01
1.310169999999999946e-01 5.334919999999999662e-01 3.999639999999999862e-01
4.638099999999999862e-02 5.267939999999999845e-01 4.712680000000000202e-01
8.613600000000000423e-02 4.807190000000000074e-01 4.182420000000000027e-01
-6.182700000000000001e-02 4.898830000000000129e-01 4.516330000000000067e-01
-1.448299999999999865e-01 4.878830000000000111e-01 4.809300000000000241e-01
-1.831919999999999937e-01 4.832750000000000101e-01 4.455569999999999808e-01
-1.595749999999999946e-01 3.900699999999999723e-01 4.644409999999999927e-01
-3.507600000000000301e-02 4.523710000000000231e-01 4.144070000000000253e-01
4.179000000000000076e-02 4.156009999999999982e-01 4.786000000000000254e-01
-1.291490000000000138e-01 3.927340000000000275e-01 5.034100000000000241e-01
-2.086040000000000116e-01 4.216269999999999740e-01 4.959239999999999760e-01
-2.444900000000000129e-01 3.806229999999999891e-01 4.781190000000000162e-01
-3.202409999999999979e-01 4.666660000000000252e-01 4.843279999999999808e-01
-3.493120000000000114e-01 4.298939999999999984e-01 5.238249999999999851e-01
-2.413820000000000132e-01 3.949099999999999833e-01 5.370530000000000026e-01
-2.850230000000000263e-01 3.982910000000000061e-01 5.954810000000000381e-01
-2.405239999999999878e-01 3.571219999999999950e-01 5.875010000000000510e-01
-1.630830000000000057e-01 3.494280000000000164e-01 5.169730000000000159e-01
-2.403879999999999906e-01 3.424139999999999961e-01 4.163689999999999891e-01
-2.896549999999999958e-01 3.148429999999999840e-01 3.510539999999999772e-01
-9.084799999999999820e-02 4.281719999999999970e-01 1.495960000000000067e-01
-7.284899999999999709e-02 4.695860000000000034e-01 2.578619999999999801e-01
1.093049999999999994e-01 2.593110000000000137e-01 -4.840599999999999764e-02
-5.028599999999999737e-02 1.767340000000000022e-01 -2.143899999999999972e-02
-1.400999999999999902e-03 8.643800000000000094e-02 -2.183350000000000013e-01
5.535700000000000343e-02 2.444899999999999851e-02 2.165699999999999917e-02
-2.241200000000000137e-02 -1.727100000000000163e-02 -8.438199999999999867e-02
-2.828959999999999808e-01 -3.064749999999999974e-01 -4.719700000000000284e-02
-3.777849999999999819e-01 -4.720889999999999809e-01 -1.919029999999999903e-01
-3.066619999999999902e-01 -3.481569999999999943e-01 -4.106630000000000003e-01
-3.411859999999999893e-01 -5.711929999999999508e-01 -2.908600000000000074e-01
-3.944329999999999781e-01 -5.729919999999999458e-01 -2.654759999999999898e-01
-3.730459999999999887e-01 -3.665050000000000252e-01 -3.740470000000000184e-01
-3.697989999999999888e-01 -3.569999999999999840e-01 -4.712040000000000117e-01
-4.349000000000000088e-01 -2.565430000000000210e-01 -4.511899999999999800e-01
-3.710359999999999769e-01 -3.001349999999999851e-01 -4.604739999999999944e-01
-2.872899999999999898e-01 -2.855610000000000093e-01 -5.212499999999999911e-01
-2.009430000000000105e-01 -2.127390000000000114e-01 -5.831359999999999877e-01
-2.689610000000000056e-01 -2.753459999999999797e-01 -4.756909999999999750e-01
-2.869129999999999736e-01 -2.927130000000000010e-01 -5.106129999999999836e-01
-3.388639999999999985e-01 -2.987670000000000048e-01 -4.778990000000000182e-01
-2.645870000000000166e-01 -4.088570000000000260e-01 -5.051369999999999472e-01
-3.827280000000000126e-01 -3.364670000000000161e-01 -4.777699999999999725e-01
-4.477869999999999906e-01 -3.719120000000000203e-01 -3.769080000000000208e-01
-4.651629999999999932e-01 -3.731689999999999729e-01 -3.709620000000000140e-01
-5.544310000000000072e-01 -3.615570000000000173e-01 -1.893549999999999955e-01
-5.939410000000000522e-01 -2.947210000000000107e-01 -1.970399999999999929e-02
-5.481160000000000476e-01 -4.187440000000000051e-01 1.643779999999999963e-01
-5.422369999999999690e-01 -4.200729999999999742e-01 2.060420000000000029e-01
-5.821790000000000020e-01 -3.963610000000000189e-01 2.660089999999999955e-01
-5.717050000000000187e-01 -3.971430000000000238e-01 3.171889999999999987e-01
-3.621860000000000079e-01 -4.788689999999999891e-01 2.835239999999999982e-01
-4.184450000000000114e-01 -4.788740000000000219e-01 2.962870000000000226e-01
-3.791450000000000098e-01 -5.339150000000000285e-01 2.625680000000000236e-01
-4.148060000000000080e-01 -5.577469999999999928e-01 2.770540000000000225e-01
-3.370509999999999895e-01 -4.045549999999999979e-01 3.263940000000000174e-01
-2.676000000000000045e-01 -5.778919999999999613e-01 2.024819999999999953e-01
-3.023620000000000196e-01 -4.615040000000000253e-01 1.679499999999999882e-01
-2.453549999999999898e-01 -4.854330000000000034e-01 2.414119999999999877e-01
1.313199999999999923e-01 -1.666370000000000073e-01 -2.075710000000000055e-01
3.881890000000000063e-01 -2.598219999999999974e-01 -1.622969999999999968e-01
3.428249999999999909e-01 -2.783729999999999816e-01 -2.367039999999999977e-01
