-2.937699999999999756e-01 -3.190850000000000075e-01 -3.737489999999999979e-01
-2.061139999999999917e-01 -2.505560000000000009e-01 -3.630030000000000201e-01
-9.543400000000000494e-02 -2.387759999999999883e-01 -5.318330000000000002e-01
-1.229100000000000054e-01 -2.765079999999999760e-01 -4.845079999999999942e-01
-1.700830000000000120e-01 -2.017990000000000061e-01 -5.324100000000000499e-01
-1.131169999999999953e-01 -2.427479999999999916e-01 -5.321599999999999664e-01
-1.689070000000000016e-01 -2.029920000000000058e-01 -5.492749999999999577e-01
-1.987009999999999887e-01 -2.410219999999999863e-01 -5.339819999999999567e-01
-1.597050000000000136e-01 -2.617329999999999934e-01 -5.109089999999999465e-01
-1.755849999999999911e-01 -1.834030000000000105e-01 -4.817730000000000068e-01
-1.164140000000000036e-01 -2.609659999999999758e-01 -4.599190000000000222e-01
-9.995500000000000218e-02 -2.002780000000000116e-01 -4.736620000000000275e-01
-3.982800000000000229e-02 -2.145440000000000125e-01 -4.428400000000000114e-01
-5.531300000000000106e-02 -1.956690000000000096e-01 -4.831509999999999971e-01
-5.117100000000000121e-02 -2.531109999999999749e-01 -4.745880000000000098e-01
-1.348479999999999956e-01 -2.355849999999999889e-01 -4.141009999999999969e-01
-7.703100000000000225e-02 -2.701830000000000065e-01 -4.866030000000000078e-01
-2.078619999999999912e-01 -3.426589999999999914e-01 -4.530870000000000175e-01
-2.933990000000000209e-01 -2.180739999999999901e-01 -4.516910000000000092e-01
-3.403689999999999771e-01 -1.265340000000000076e-01 -3.466230000000000144e-01
-1.934190000000000076e-01 -3.555599999999999872e-01 -1.132630000000000026e-01
-2.923649999999999860e-01 -4.146239999999999926e-01 1.534760000000000013e-01
-3.447140000000000204e-01 -3.338280000000000136e-01 2.934570000000000234e-01
-2.753269999999999884e-01 -3.786450000000000093e-01 3.625140000000000029e-01
-2.705469999999999819e-01 -3.667150000000000132e-01 3.548279999999999768e-01
-2.698840000000000128e-01 -3.666900000000000159e-01 4.301510000000000056e-01
-4.099880000000000191e-01 -2.962650000000000006e-01 4.017080000000000095e-01
-2.630480000000000040e-01 -3.080289999999999973e-01 4.102120000000000211e-01
-2.930719999999999992e-01 -3.217889999999999917e-01 4.041009999999999880e-01
-2.424399999999999888e-01 -3.413649999999999740e-01 4.402249999999999774e-01
-2.054690000000000127e-01 -4.896670000000000189e-01 4.110639999999999850e-01
-1.258819999999999939e-01 -5.752620000000000511e-01 4.259069999999999800e-01
-1.516270000000000118e-01 -4.794990000000000085e-01 3.495750000000000246e-01
-1.048509999999999998e-01 -3.649990000000000179e-01 4.323500000000000121e-01
1.589199999999999988e-02 -2.321759999999999935e-01 3.689999999999999947e-01
-8.229999999999999469e-03 -5.505419999999999758e-01 3.938559999999999839e-01
8.492900000000000449e-02 -5.106469999999999620e-01 3.152099999999999902e-01
4.678100000000000314e-02 -4.592959999999999821e-01 4.297210000000000196e-01
3.148600000000000010e-02 -3.840379999999999905e-01 4.387539999999999774e-01
1.592749999999999999e-01 -4.267219999999999902e-01 4.836100000000000121e-02
2.780380000000000074e-01 -1.795299999999999951e-01 2.371219999999999994e-01
3.852450000000000041e-01 -1.709910000000000041e-01 3.186760000000000148e-01
6.392349999999999977e-01 -2.848799999999999943e-02 1.866019999999999901e-01
5.858550000000000146e-01 6.557200000000000528e-02 1.955260000000000054e-01
6.840720000000000134e-01 2.228400000000000172e-02 1.448919999999999930e-01
6.515809999999999658e-01 2.068079999999999918e-01 1.581380000000000008e-01
6.628990000000000160e-01 2.212270000000000070e-01 9.227399999999999491e-02
6.620099999999999874e-01 1.044329999999999981e-01 7.992699999999999805e-02
6.430489999999999817e-01 1.732700000000000073e-01 7.774399999999999367e-02
6.238420000000000076e-01 3.094709999999999961e-01 1.105700000000000016e-01
6.336199999999999610e-01 2.773349999999999982e-01 1.295040000000000080e-01
6.755430000000000046e-01 2.381359999999999866e-01 1.360719999999999985e-01
6.266070000000000251e-01 3.017070000000000030e-01 1.443889999999999896e-01
5.877510000000000234e-01 3.137519999999999754e-01 1.762569999999999970e-01
5.179319999999999480e-01 3.617890000000000272e-01 2.730639999999999734e-01
5.406670000000000087e-01 3.529030000000000222e-01 3.184350000000000236e-01
5.246450000000000280e-01 3.843570000000000042e-01 3.517730000000000024e-01
5.287560000000000038e-01 3.856370000000000076e-01 3.724129999999999940e-01
4.770440000000000236e-01 4.166869999999999741e-01 4.288609999999999922e-01
3.073089999999999988e-01 5.533660000000000245e-01 4.356090000000000240e-01
2.966260000000000008e-01 5.767780000000000129e-01 4.259209999999999940e-01
2.156420000000000003e-01 5.296380000000000532e-01 4.878959999999999964e-01
1.197290000000000021e-01 4.706359999999999988e-01 5.424609999999999710e-01
8.405100000000000071e-02 4.892589999999999995e-01 5.384980000000000322e-01
7.379900000000000349e-02 4.214220000000000188e-01 5.683350000000000346e-01
4.485000000000000098e-02 4.782020000000000159e-01 5.160350000000000215e-01
-8.168400000000000660e-02 3.180049999999999821e-01 5.398469999999999658e-01
-2.208799999999999999e-02 3.757240000000000024e-01 4.989310000000000134e-01
-8.384199999999999986e-02 3.522980000000000000e-01 4.937230000000000230e-01
-4.071500000000000119e-02 2.908800000000000274e-01 5.081790000000000473e-01
4.820900000000000185e-02 2.569190000000000085e-01 4.805260000000000087e-01
9.439400000000000568e-02 1.968389999999999862e-01 4.680509999999999948e-01
-1.269160000000000010e-01 2.432499999999999940e-01 5.423379999999999868e-01
-1.588819999999999955e-01 3.957450000000000134e-01 4.759519999999999862e-01
-1.607760000000000022e-01 3.650709999999999789e-01 4.803780000000000272e-01
-5.972100000000000325e-02 3.172860000000000125e-01 4.758470000000000200e-01
-1.068059999999999982e-01 3.423010000000000219e-01 5.539560000000000040e-01
-1.094409999999999966e-01 1.983979999999999910e-01 3.695439999999999836e-01
-2.579999999999999828e-03 1.537300000000000055e-01 3.609450000000000158e-01
-1.565459999999999907e-01 2.864869999999999917e-01 5.013750000000000151e-01
1.663709999999999911e-01 1.672200000000000075e-02 2.048629999999999896e-01
