-2.948749999999999982e-01 -2.858709999999999862e-01 -4.423949999999999827e-01
-3.184569999999999901e-01 -1.659319999999999962e-01 -4.478980000000000183e-01
-4.258549999999999836e-01 -1.086109999999999992e-01 -4.186199999999999921e-01
-3.502890000000000170e-01 -1.409980000000000122e-01 -4.320470000000000144e-01
-3.068040000000000211e-01 -1.102640000000000009e-01 -4.264769999999999950e-01
-2.267010000000000136e-01 -1.763979999999999992e-01 -4.862110000000000043e-01
-2.715440000000000076e-01 -1.761439999999999950e-01 -4.493949999999999889e-01
-2.578920000000000101e-01 -1.323749999999999927e-01 -4.588260000000000116e-01
-3.474999999999999756e-01 -3.769200000000000328e-02 -4.311849999999999850e-01
-3.324579999999999758e-01 -5.285600000000000021e-02 -4.377780000000000005e-01
-1.862580000000000069e-01 -8.847800000000000109e-02 -5.028650000000000064e-01
-2.325399999999999967e-01 -6.318999999999999617e-02 -4.896130000000000204e-01
-2.663490000000000024e-01 -1.028850000000000042e-01 -4.720590000000000064e-01
-2.289190000000000114e-01 -8.337200000000000166e-02 -4.857150000000000079e-01
-2.430100000000000038e-01 -1.135000000000000037e-01 -4.346809999999999841e-01
-3.423490000000000144e-01 -1.549850000000000116e-01 -2.713200000000000056e-01
-4.548920000000000186e-01 -1.187860000000000027e-01 -1.875630000000000075e-01
-4.511660000000000115e-01 -1.291090000000000015e-01 -1.208499999999999991e-01
-2.996630000000000127e-01 -2.193920000000000037e-01 -1.339700000000000057e-01
-3.186390000000000056e-01 -2.091359999999999886e-01 -5.163899999999999740e-02
-3.205080000000000151e-01 -2.441560000000000119e-01 3.510200000000000126e-02
-2.482449999999999934e-01 -1.666289999999999993e-01 1.494000000000000015e-02
-2.578380000000000116e-01 -2.954939999999999789e-01 1.895449999999999913e-01
-3.129199999999999759e-01 -1.930389999999999884e-01 2.044670000000000099e-01
-2.210239999999999982e-01 -3.090749999999999886e-01 2.130209999999999881e-01
-2.172509999999999997e-01 -2.914900000000000269e-01 2.744070000000000120e-01
-1.652599999999999902e-01 -3.185919999999999863e-01 3.210879999999999845e-01
-6.396300000000000596e-02 -3.524079999999999990e-01 3.742960000000000176e-01
-1.521079999999999932e-01 -3.529419999999999780e-01 4.798339999999999828e-01
-1.079100000000000059e-01 -3.874940000000000051e-01 4.551330000000000098e-01
-9.426000000000000351e-03 -3.585590000000000166e-01 4.598110000000000253e-01
1.016900000000000026e-01 -3.467919999999999892e-01 4.403070000000000039e-01
4.004699999999999926e-02 -4.147299999999999875e-01 4.886630000000000140e-01
-4.318199999999999816e-02 -2.407900000000000040e-01 4.849840000000000262e-01
1.506900000000000080e-02 -4.139909999999999979e-01 4.790329999999999866e-01
5.089099999999999874e-02 -5.252369999999999539e-01 4.224310000000000009e-01
1.546510000000000107e-01 -4.541709999999999914e-01 4.226469999999999949e-01
1.955310000000000104e-01 -3.291259999999999741e-01 4.290619999999999989e-01
2.090849999999999931e-01 -2.054090000000000082e-01 4.129059999999999953e-01
2.526340000000000252e-01 -1.677220000000000100e-01 4.285109999999999753e-01
4.092759999999999732e-01 -1.246840000000000032e-01 2.145239999999999925e-01
5.276239999999999819e-01 -8.243000000000000327e-02 3.117440000000000211e-01
6.891300000000000203e-01 1.103240000000000054e-01 1.229900000000000021e-01
6.634430000000000049e-01 1.164430000000000048e-01 1.696699999999999875e-01
7.608179999999999943e-01 1.911500000000000005e-02 1.678790000000000004e-01
7.181189999999999518e-01 2.098039999999999905e-01 2.850759999999999961e-01
7.118170000000000330e-01 2.340389999999999970e-01 2.510100000000000109e-01
7.044390000000000374e-01 2.855400000000000160e-01 1.691219999999999946e-01
6.890450000000000186e-01 3.046730000000000271e-01 9.667000000000000592e-02
7.052319999999999700e-01 2.790770000000000195e-01 1.286299999999999943e-01
6.521249999999999547e-01 3.936979999999999924e-01 8.700600000000000001e-02
6.727940000000000031e-01 3.171760000000000135e-01 1.457420000000000104e-01
6.693710000000000493e-01 3.150160000000000182e-01 2.517209999999999726e-01
6.711460000000000203e-01 3.325629999999999975e-01 2.165209999999999912e-01
6.395920000000000494e-01 3.349840000000000040e-01 2.783740000000000103e-01
6.316349999999999465e-01 3.553950000000000164e-01 3.149060000000000192e-01
6.016200000000000436e-01 3.893050000000000122e-01 3.434499999999999775e-01
4.989750000000000019e-01 4.720179999999999931e-01 3.982379999999999809e-01
4.966149999999999731e-01 4.896579999999999822e-01 3.883099999999999885e-01
4.467030000000000167e-01 5.019360000000000488e-01 4.115210000000000257e-01
2.509179999999999744e-01 5.759159999999999835e-01 4.621930000000000205e-01
2.385249999999999870e-01 4.910510000000000153e-01 5.195589999999999931e-01
1.630669999999999897e-01 4.921479999999999744e-01 5.421550000000000535e-01
1.247260000000000035e-01 4.736119999999999775e-01 5.447729999999999517e-01
6.238300000000000095e-02 4.845559999999999867e-01 5.604379999999999917e-01
2.447099999999999970e-02 5.294299999999999562e-01 5.353350000000000053e-01
2.313099999999999878e-02 4.835929999999999951e-01 5.559279999999999777e-01
-4.147900000000000198e-02 4.947409999999999863e-01 5.782920000000000282e-01
-1.051969999999999988e-01 4.605409999999999782e-01 5.891469999999999763e-01
-7.628999999999999670e-02 4.470219999999999749e-01 5.717459999999999765e-01
-9.553100000000000480e-02 4.262799999999999923e-01 5.749520000000000186e-01
-1.608829999999999982e-01 3.762490000000000001e-01 6.196800000000000086e-01
-1.588579999999999992e-01 3.913820000000000077e-01 5.734550000000000480e-01
-1.405500000000000083e-01 4.312509999999999954e-01 5.329000000000000403e-01
-2.560930000000000151e-01 4.315740000000000132e-01 4.708939999999999793e-01
-2.004890000000000005e-01 4.140820000000000056e-01 5.605689999999999840e-01
-2.147070000000000090e-01 2.921619999999999773e-01 5.337439999999999962e-01
-1.973820000000000019e-01 3.314750000000000196e-01 4.247839999999999949e-01
