-1.077530000000000016e-01 -4.373150000000000093e-01 -2.614009999999999945e-01
-1.999350000000000016e-01 -3.643799999999999817e-01 -3.366609999999999880e-01
-1.230730000000000018e-01 -4.622290000000000010e-01 -4.248449999999999727e-01
-1.261039999999999939e-01 -4.148720000000000185e-01 -4.165269999999999806e-01
-1.779530000000000001e-01 -5.013649999999999496e-01 -3.472160000000000246e-01
-1.836369999999999947e-01 -3.306439999999999935e-01 -3.682389999999999830e-01
-1.605389999999999873e-01 -3.009910000000000085e-01 -3.674629999999999841e-01
-1.936209999999999876e-01 -2.658579999999999832e-01 -3.963189999999999769e-01
-1.207489999999999952e-01 -4.063229999999999897e-01 -3.677360000000000073e-01
-1.409289999999999987e-01 -3.899960000000000093e-01 -4.048189999999999844e-01
-7.655599999999999905e-02 -3.934320000000000039e-01 -3.847140000000000004e-01
-2.144280000000000075e-01 -3.790250000000000008e-01 -4.225099999999999967e-01
-2.155030000000000001e-01 -3.404110000000000191e-01 -3.554729999999999834e-01
-2.105489999999999862e-01 -4.182259999999999867e-01 -2.609480000000000133e-01
-3.794620000000000215e-01 -3.725089999999999790e-01 -1.910709999999999908e-01
-3.406950000000000256e-01 -4.105790000000000273e-01 -6.196600000000000025e-02
-2.622659999999999991e-01 -4.589529999999999998e-01 3.169099999999999695e-02
-2.027279999999999915e-01 -4.644929999999999892e-01 1.769700000000000092e-02
-2.983219999999999761e-01 -4.163470000000000226e-01 1.367810000000000137e-01
-4.106009999999999938e-01 -3.609720000000000151e-01 1.677279999999999882e-01
-2.921110000000000095e-01 -3.880399999999999960e-01 1.160230000000000011e-01
-3.317089999999999761e-01 -3.685280000000000222e-01 1.522769999999999957e-01
-3.093739999999999823e-01 -4.241650000000000142e-01 3.124779999999999780e-01
-3.869489999999999874e-01 -4.198299999999999810e-01 4.195079999999999920e-01
-4.391360000000000263e-01 -3.604890000000000039e-01 4.836639999999999828e-01
-4.199089999999999767e-01 -3.150149999999999895e-01 4.898000000000000131e-01
-3.126039999999999930e-01 -4.028840000000000199e-01 4.934850000000000070e-01
-2.584899999999999975e-01 -4.209040000000000004e-01 4.756529999999999925e-01
-2.059340000000000059e-01 -4.123519999999999963e-01 4.958000000000000185e-01
-1.055040000000000006e-01 -4.187779999999999836e-01 4.357380000000000142e-01
-1.238210000000000005e-01 -4.719380000000000241e-01 4.795369999999999910e-01
-1.357589999999999908e-01 -5.410340000000000149e-01 4.190289999999999848e-01
-1.702609999999999957e-01 -4.104430000000000023e-01 4.374089999999999923e-01
-1.776149999999999951e-01 -1.649299999999999933e-01 4.716080000000000272e-01
6.156500000000000167e-02 -5.035250000000000004e-01 4.271659999999999902e-01
3.270599999999999896e-02 -3.880359999999999920e-01 4.501689999999999858e-01
1.763299999999999867e-01 -1.139399999999999961e-02 4.889209999999999945e-01
5.591169999999999751e-01 -2.433619999999999950e-01 3.389679999999999915e-01
6.208590000000000497e-01 -1.718050000000000133e-01 3.902360000000000273e-01
6.574379999999999669e-01 -1.486149999999999971e-01 3.272340000000000249e-01
6.382050000000000223e-01 1.310979999999999923e-01 3.728540000000000187e-01
6.044819999999999638e-01 1.343930000000000125e-01 3.374650000000000150e-01
6.601489999999999858e-01 1.899200000000000055e-01 2.463799999999999879e-01
6.401280000000000303e-01 2.273439999999999905e-01 1.674039999999999973e-01
6.355640000000000178e-01 2.152979999999999894e-01 1.188120000000000009e-01
6.170430000000000081e-01 2.572090000000000209e-01 9.220599999999999630e-02
6.145629999999999704e-01 2.558159999999999878e-01 1.304750000000000076e-01
6.630129999999999635e-01 2.839200000000000057e-01 5.759700000000000236e-02
6.814120000000000177e-01 2.109489999999999976e-01 1.245010000000000006e-01
5.864759999999999973e-01 1.237349999999999978e-01 1.675250000000000072e-01
5.627220000000000555e-01 1.571499999999999980e-02 2.492360000000000131e-01
4.981180000000000052e-01 -1.697529999999999872e-01 3.448390000000000066e-01
2.920030000000000125e-01 -2.720350000000000268e-01 4.047760000000000247e-01
4.325099999999999778e-02 -1.828839999999999910e-01 4.223469999999999724e-01
-4.138700000000000018e-02 -2.626459999999999906e-01 4.249939999999999829e-01
-1.631289999999999962e-01 -3.761379999999999724e-01 3.412729999999999930e-01
-1.579029999999999878e-01 -5.250050000000000550e-01 2.119850000000000068e-01
-2.301239999999999952e-01 -3.677920000000000078e-01 8.817700000000000538e-02
-2.177060000000000106e-01 -2.827089999999999881e-01 -2.658200000000000146e-02
-2.286960000000000104e-01 -1.684980000000000089e-01 -8.625099999999999434e-02
-1.245590000000000031e-01 -2.932319999999999927e-01 -2.730259999999999909e-01
-3.872400000000000148e-02 -3.556349999999999789e-01 -2.433329999999999937e-01
-9.972499999999999420e-02 -2.683760000000000034e-01 -2.730750000000000122e-01
-8.428900000000000281e-02 -2.825929999999999831e-01 -3.875270000000000103e-01
-2.035409999999999997e-01 -2.401880000000000126e-01 -3.096630000000000216e-01
-1.605169999999999930e-01 -1.752700000000000091e-01 -3.467290000000000094e-01
-3.510800000000000032e-02 -2.359580000000000011e-01 -4.479520000000000168e-01
-7.182900000000000396e-02 -2.433839999999999892e-01 -4.113629999999999787e-01
-1.042710000000000026e-01 -2.737390000000000101e-01 -4.385789999999999966e-01
-4.351800000000000113e-02 -3.456540000000000168e-01 -4.011629999999999918e-01
-1.692960000000000020e-01 -1.984859999999999958e-01 -3.237949999999999995e-01
-8.820500000000000562e-02 -2.878410000000000135e-01 -4.220059999999999922e-01
-7.017199999999999827e-02 -3.979199999999999959e-01 -3.258440000000000225e-01
-8.245099999999999651e-02 -4.190099999999999936e-01 -2.648880000000000123e-01
-1.473270000000000135e-01 -4.049539999999999806e-01 -9.566099999999999604e-02
-2.940789999999999793e-01 -2.966400000000000148e-01 2.772300000000000111e-02
-2.656830000000000025e-01 -1.542280000000000040e-01 5.556599999999999734e-02
-6.844300000000000384e-02 -9.812500000000000389e-02 1.067530000000000007e-01
9.076000000000000734e-03 2.027970000000000050e-01 7.406799999999999495e-02
-6.705200000000000049e-02 4.464219999999999855e-01 4.394300000000000289e-02
-8.292800000000000171e-02 5.209629999999999539e-01 1.804590000000000083e-01
-4.832399999999999890e-02 6.003140000000000143e-01 2.178559999999999941e-01
-1.150199999999999972e-01 5.683080000000000354e-01 3.076180000000000025e-01
-3.309800000000000242e-02 4.406550000000000189e-01 3.514090000000000269e-01
-2.625999999999999862e-03 5.328730000000000411e-01 2.733570000000000166e-01
-5.395099999999999896e-02 5.409169999999999812e-01 3.107750000000000234e-01
2.187499999999999861e-02 6.223109999999999475e-01 1.392220000000000124e-01
1.194410000000000055e-01 4.512180000000000080e-01 1.339100000000000013e-02
1.066030000000000033e-01 4.564250000000000251e-01 -1.402259999999999895e-01
5.620399999999999702e-02 1.844250000000000056e-01 -5.249700000000000200e-02
-6.986900000000000055e-02 -1.778089999999999948e-01 4.036599999999999910e-02
-1.413619999999999877e-01 -3.943929999999999936e-01 7.748399999999999732e-02
4.713200000000000028e-02 -5.180879999999999930e-01 -6.824700000000000211e-02
-1.131199999999999983e-01 -4.383810000000000207e-01 -1.436560000000000059e-01
9.086999999999999592e-03 -3.751099999999999990e-01 -2.825980000000000159e-01
2.071200000000000124e-02 -4.020989999999999842e-01 -3.845299999999999829e-01
-8.295500000000000096e-02 -3.486090000000000022e-01 -4.102350000000000163e-01
-2.672400000000000123e-02 -2.853209999999999913e-01 -4.694220000000000059e-01
-4.682999999999999663e-03 -4.194979999999999820e-01 -3.927709999999999813e-01
-7.416699999999999682e-02 -3.614140000000000130e-01 -3.956310000000000104e-01
-5.956999999999999622e-03 -3.748630000000000018e-01 -4.123890000000000056e-01
-1.283980000000000121e-01 -2.125309999999999977e-01 -3.406830000000000136e-01
-1.180749999999999994e-01 -2.965010000000000145e-01 -3.270979999999999999e-01
-1.103119999999999934e-01 -3.397249999999999992e-01 -3.080160000000000120e-01
-9.952400000000000135e-02 -3.991609999999999880e-01 -3.717489999999999961e-01
-9.231499999999999428e-02 -4.389040000000000163e-01 -4.809769999999999879e-01
-1.889419999999999988e-01 -3.971779999999999755e-01 -4.655449999999999866e-01
1.443639999999999923e-01 -1.766919999999999880e-01 -4.469620000000000259e-01
