-6.388599999999999834e-01 -3.098929999999999740e-01 -4.097169999999999979e-01
-6.765989999999999505e-01 -2.601060000000000039e-01 -2.233489999999999920e-01
-6.004260000000000153e-01 -2.530589999999999784e-01 -3.666479999999999739e-01
-5.955150000000000166e-01 -2.422930000000000084e-01 -3.416330000000000200e-01
-5.512460000000000138e-01 -1.408770000000000022e-01 -4.011239999999999806e-01
-5.455539999999999834e-01 -2.027899999999999842e-02 -4.221289999999999765e-01
-5.303130000000000344e-01 -9.472099999999999964e-02 -4.040259999999999962e-01
-4.277580000000000271e-01 -9.909700000000000453e-02 -4.110599999999999810e-01
-5.179209999999999647e-01 -5.007299999999999945e-02 -3.851539999999999964e-01
-5.939999999999999725e-01 4.902200000000000307e-02 -4.155940000000000190e-01
-5.710669999999999913e-01 -1.310689999999999911e-01 -3.586969999999999881e-01
-6.051309999999999745e-01 -1.572199999999999986e-02 -3.836660000000000070e-01
-5.263290000000000468e-01 -4.713200000000000028e-02 -4.178069999999999840e-01
-5.871100000000000207e-01 -3.180700000000000194e-02 -3.835910000000000153e-01
-5.412200000000000344e-01 -4.690199999999999925e-02 -4.169550000000000201e-01
-5.890790000000000193e-01 -1.674670000000000047e-01 -3.308499999999999774e-01
-5.625480000000000480e-01 -1.933370000000000088e-01 -3.598160000000000247e-01
-5.774049999999999461e-01 -2.367470000000000130e-01 -3.157650000000000179e-01
-6.354520000000000168e-01 -2.882560000000000122e-01 -2.143019999999999925e-01
-6.349770000000000136e-01 -3.035689999999999777e-01 -1.309500000000000108e-01
-6.209329999999999572e-01 -2.689449999999999896e-01 5.587500000000000105e-02
-6.155429999999999513e-01 -3.304039999999999755e-01 1.701360000000000094e-01
-6.078999999999999959e-01 -3.466910000000000269e-01 1.782809999999999950e-01
-6.144889999999999519e-01 -3.563979999999999926e-01 2.641609999999999792e-01
-5.999980000000000313e-01 -3.820069999999999855e-01 2.685710000000000042e-01
-6.047940000000000538e-01 -3.802559999999999829e-01 3.247900000000000231e-01
-5.886160000000000281e-01 -3.860469999999999735e-01 3.388479999999999825e-01
-5.897240000000000260e-01 -3.917539999999999911e-01 3.422279999999999767e-01
-5.825550000000000450e-01 -3.532129999999999992e-01 2.686680000000000179e-01
-6.254560000000000120e-01 -3.808320000000000038e-01 2.979430000000000134e-01
-5.805439999999999490e-01 -3.469820000000000126e-01 2.837600000000000122e-01
-5.562080000000000357e-01 -3.558439999999999936e-01 3.020729999999999804e-01
-5.008219999999999894e-01 -3.680240000000000178e-01 2.827390000000000181e-01
-5.430019999999999847e-01 -4.092189999999999994e-01 3.023890000000000189e-01
-5.334719999999999462e-01 -4.515379999999999949e-01 3.353929999999999967e-01
-4.630719999999999836e-01 -4.598700000000000010e-01 2.508029999999999982e-01
-4.616509999999999780e-01 -3.921939999999999871e-01 2.054999999999999882e-01
-4.359700000000000242e-01 -5.156770000000000520e-01 7.484699999999999687e-02
-4.859789999999999943e-01 -5.399639999999999995e-01 1.327399999999999969e-01
-2.541370000000000018e-01 -4.428730000000000167e-01 -1.172030000000000016e-01
-8.581400000000000139e-02 -3.892220000000000124e-01 -1.025589999999999974e-01
-2.043810000000000071e-01 -3.689749999999999974e-01 8.683100000000000540e-02
-1.269160000000000010e-01 -3.705040000000000000e-01 -1.034799999999999956e-02
-2.351189999999999947e-01 -4.564030000000000031e-01 -3.611240000000000006e-01
-4.116210000000000147e-01 -5.041830000000000478e-01 -3.551250000000000240e-01
-3.864009999999999945e-01 -5.234619999999999829e-01 -4.402900000000000147e-01
-3.409059999999999868e-01 -4.512650000000000272e-01 -4.857119999999999771e-01
-3.607520000000000171e-01 -2.462610000000000077e-01 -5.232919999999999794e-01
-3.766180000000000083e-01 -2.474760000000000015e-01 -4.981800000000000117e-01
-3.223539999999999739e-01 -2.550819999999999754e-01 -4.906269999999999798e-01
-1.493819999999999870e-01 -1.640250000000000041e-01 -5.784899999999999487e-01
-1.563640000000000030e-01 -1.258029999999999982e-01 -6.446190000000000531e-01
-2.131560000000000121e-01 -1.839749999999999996e-01 -6.572829999999999506e-01
-3.232900000000000218e-01 -1.287359999999999893e-01 -5.778910000000000435e-01
-3.327109999999999790e-01 -2.153730000000000089e-01 -5.929219999999999491e-01
-2.576120000000000076e-01 -2.333030000000000104e-01 -5.934220000000000050e-01
-2.722800000000000220e-01 -1.693010000000000070e-01 -5.823089999999999655e-01
-3.641320000000000112e-01 -1.767150000000000110e-01 -5.529349999999999543e-01
-3.678460000000000063e-01 -2.526100000000000012e-01 -5.304990000000000538e-01
-4.094439999999999746e-01 -2.797850000000000059e-01 -5.132769999999999833e-01
-4.573849999999999860e-01 -2.955860000000000154e-01 -5.179589999999999472e-01
-5.790680000000000271e-01 -2.896449999999999858e-01 -3.998300000000000187e-01
-5.034729999999999484e-01 -3.473379999999999801e-01 -2.596089999999999787e-01
-5.528060000000000196e-01 -3.590470000000000050e-01 -5.393699999999999883e-02
-4.909359999999999835e-01 -4.386340000000000239e-01 1.552449999999999941e-01
-5.684209999999999541e-01 -3.461080000000000267e-01 1.646839999999999971e-01
-6.119799999999999685e-01 -3.198819999999999997e-01 2.301549999999999985e-01
-6.212100000000000399e-01 -3.367609999999999770e-01 3.008919999999999928e-01
-5.779389999999999805e-01 -3.110519999999999952e-01 2.811960000000000015e-01
-5.487260000000000471e-01 -3.673040000000000194e-01 3.945969999999999756e-01
-5.554259999999999753e-01 -3.609930000000000083e-01 3.195490000000000275e-01
-5.358739999999999615e-01 -3.016440000000000232e-01 3.060109999999999775e-01
-5.321390000000000287e-01 -4.070500000000000229e-01 3.931230000000000002e-01
-5.259570000000000078e-01 -4.199519999999999920e-01 3.188340000000000063e-01
-4.215659999999999963e-01 -5.795270000000000143e-01 3.074359999999999871e-01
-4.868939999999999935e-01 -5.386689999999999534e-01 3.325150000000000050e-01
-5.286429999999999740e-01 -3.612029999999999963e-01 2.596289999999999987e-01
-5.109369999999999745e-01 -4.044019999999999837e-01 3.347019999999999995e-01
-4.613340000000000218e-01 -4.512920000000000265e-01 2.960860000000000158e-01
-3.500889999999999835e-01 -4.837520000000000153e-01 2.672309999999999963e-01
-2.578880000000000061e-01 -4.704889999999999906e-01 1.589639999999999942e-01
-1.270199999999999940e-01 -3.973160000000000025e-01 4.149300000000000210e-02
-5.769900000000000029e-02 -3.714399999999999924e-01 -1.187700000000000040e-02
-5.205800000000000011e-02 -3.075590000000000268e-01 -5.092100000000000098e-02
-4.952999999999999937e-03 -3.226979999999999849e-01 -2.306900000000000062e-01
1.464000000000000024e-02 -2.726790000000000047e-01 -1.263340000000000019e-01
1.320659999999999890e-01 -3.245109999999999939e-01 -1.313179999999999903e-01
-5.299700000000000244e-02 -2.590529999999999777e-01 5.772800000000000153e-02
-3.047999999999999928e-03 -2.217639999999999889e-01 -1.123299999999999993e-02
-2.233719999999999872e-01 -1.167720000000000008e-01 -3.359469999999999956e-01
-2.222699999999999954e-01 -6.749700000000000144e-02 -4.245999999999999774e-01
-9.298299999999999621e-02 5.978599999999999887e-02 -5.146549999999999736e-01
-2.000879999999999881e-01 2.712760000000000171e-01 -5.202200000000000157e-01
-3.046600000000000003e-02 2.069179999999999908e-01 -5.526520000000000321e-01
-1.379999999999999977e-02 2.792240000000000277e-01 -5.805310000000000192e-01
-1.567459999999999964e-01 2.761609999999999898e-01 -5.059029999999999916e-01
-1.446739999999999970e-01 2.589259999999999895e-01 -5.162860000000000227e-01
-2.212179999999999980e-01 3.220419999999999949e-01 -4.971749999999999781e-01
-1.607860000000000122e-01 2.594190000000000107e-01 -4.984430000000000249e-01
-2.312859999999999916e-01 3.298400000000000221e-01 -4.504710000000000103e-01
-2.423329999999999929e-01 3.143969999999999820e-01 -4.598030000000000173e-01
-2.736069999999999891e-01 3.395170000000000132e-01 -4.171400000000000108e-01
-2.566519999999999913e-01 3.587670000000000026e-01 -3.367580000000000018e-01
-1.140160000000000062e-01 3.940239999999999854e-01 -3.086679999999999979e-01
-1.020719999999999961e-01 3.850100000000000189e-01 -1.927939999999999932e-01
-1.850920000000000065e-01 4.689570000000000127e-01 -2.804600000000000148e-02
-1.927860000000000129e-01 5.483059999999999601e-01 1.277560000000000084e-01
-2.317120000000000013e-01 5.367189999999999461e-01 2.369169999999999887e-01
-1.823049999999999948e-01 5.046659999999999480e-01 2.948250000000000037e-01
-3.441000000000000170e-01 5.302900000000000391e-01 4.214809999999999945e-01
-2.942310000000000203e-01 5.076610000000000289e-01 4.518670000000000186e-01
-1.835779999999999912e-01 5.147500000000000409e-01 4.938270000000000159e-01
-2.131049999999999889e-01 4.952449999999999908e-01 5.238350000000000506e-01
-2.113629999999999953e-01 4.465830000000000077e-01 5.686039999999999983e-01
-1.807310000000000028e-01 3.256310000000000038e-01 5.388220000000000232e-01
-2.637229999999999852e-01 4.444219999999999837e-01 5.200939999999999452e-01
-2.526990000000000069e-01 3.643129999999999979e-01 5.356419999999999515e-01
-2.763209999999999833e-01 4.088470000000000160e-01 5.270939999999999515e-01
-2.882020000000000137e-01 3.256700000000000150e-01 5.341219999999999857e-01
-2.351910000000000112e-01 3.276450000000000196e-01 4.304700000000000193e-01
-2.106949999999999934e-01 2.297559999999999880e-01 4.847600000000000242e-01
-1.431419999999999915e-01 5.337200000000000277e-02 3.861240000000000228e-01
