-1.593549999999999967e-01 -4.168499999999999983e-01 -4.521240000000000259e-01
-2.209059999999999913e-01 -1.981670000000000098e-01 -2.977830000000000199e-01
-1.695589999999999875e-01 -2.785190000000000166e-01 -4.646129999999999982e-01
-1.273330000000000017e-01 -3.815930000000000155e-01 -4.549759999999999915e-01
-1.288090000000000068e-01 -2.639449999999999852e-01 -4.173560000000000048e-01
-7.803000000000000214e-02 -1.763329999999999897e-01 -5.404910000000000547e-01
-1.479129999999999889e-01 -1.625139999999999918e-01 -5.274940000000000184e-01
-2.081369999999999887e-01 -2.429280000000000050e-01 -4.692839999999999789e-01
-1.055859999999999993e-01 -3.590169999999999750e-01 -4.800809999999999800e-01
-5.784000000000000252e-02 -2.931909999999999794e-01 -5.425379999999999647e-01
-1.390639999999999932e-01 -2.831179999999999808e-01 -5.687189999999999745e-01
-1.742019999999999957e-01 -1.739980000000000138e-01 -5.565620000000000012e-01
-2.202580000000000093e-01 -2.790139999999999842e-01 -4.825949999999999962e-01
-1.917129999999999945e-01 -3.162789999999999768e-01 -4.956329999999999902e-01
-2.425299999999999956e-01 -2.916130000000000111e-01 -4.307869999999999755e-01
-1.619990000000000041e-01 -3.623589999999999867e-01 -4.161179999999999879e-01
-1.043120000000000019e-01 -3.753909999999999747e-01 -3.199319999999999942e-01
-1.617359999999999909e-01 -3.333949999999999969e-01 -1.170479999999999993e-01
-8.011799999999999478e-02 -3.511750000000000149e-01 5.829499999999999960e-02
-1.382190000000000085e-01 -3.442129999999999912e-01 1.759469999999999923e-01
-1.820350000000000024e-01 -4.169640000000000013e-01 3.703159999999999785e-01
-1.943890000000000062e-01 -3.862510000000000110e-01 3.741039999999999921e-01
-1.353020000000000056e-01 -3.859890000000000265e-01 4.002149999999999874e-01
-6.276500000000000135e-02 -4.145240000000000036e-01 3.985980000000000079e-01
-2.351200000000000165e-02 -3.932950000000000057e-01 3.613489999999999758e-01
-3.238800000000000012e-02 -4.225309999999999899e-01 3.940739999999999799e-01
-5.407900000000000207e-02 -4.043979999999999797e-01 3.810760000000000258e-01
-1.116729999999999945e-01 -2.494500000000000051e-01 4.014380000000000170e-01
-6.423700000000000243e-02 -3.300489999999999813e-01 3.495030000000000081e-01
-8.495600000000000374e-02 -3.074850000000000083e-01 3.251999999999999891e-01
-1.317500000000000060e-01 -3.894810000000000216e-01 3.757079999999999864e-01
-1.224599999999999994e-01 -5.106399999999999828e-01 3.767340000000000133e-01
-1.199220000000000008e-01 -6.528169999999999806e-01 3.185290000000000066e-01
-1.257840000000000069e-01 -6.114929999999999533e-01 2.906219999999999914e-01
-2.070009999999999906e-01 -4.972900000000000098e-01 1.660230000000000039e-01
-2.782800000000000273e-01 -3.039680000000000160e-01 1.203670000000000018e-01
-1.983389999999999875e-01 -4.221739999999999937e-01 4.018900000000000250e-02
-2.460050000000000014e-01 -2.684190000000000187e-01 -5.026900000000000118e-02
4.243399999999999950e-02 -2.990019999999999900e-01 -2.637860000000000205e-01
8.909100000000000352e-02 -2.824119999999999964e-01 -2.634560000000000235e-01
-1.131970000000000059e-01 3.824999999999999841e-03 -4.473670000000000146e-01
-1.574409999999999976e-01 9.871800000000000019e-02 -4.869649999999999812e-01
9.143000000000000085e-03 5.766000000000000292e-02 -4.735019999999999785e-01
-8.247999999999999776e-02 1.334100000000000008e-01 -4.070190000000000197e-01
-1.773430000000000006e-01 1.777759999999999896e-01 -4.159570000000000212e-01
-4.785299999999999970e-02 1.367949999999999999e-01 -4.845409999999999995e-01
-1.567890000000000117e-01 2.229039999999999910e-01 -4.899780000000000246e-01
-1.073000000000000065e-01 2.471990000000000021e-01 -4.984979999999999967e-01
-1.502469999999999917e-01 2.111969999999999958e-01 -4.554219999999999935e-01
2.719200000000000089e-02 1.654740000000000100e-01 -4.670150000000000134e-01
-1.271999999999999910e-03 2.135410000000000086e-01 -4.161699999999999844e-01
8.249999999999999955e-04 2.937859999999999916e-01 -4.026419999999999999e-01
-3.970900000000000124e-02 3.766769999999999841e-01 -3.310719999999999774e-01
-3.134000000000000067e-03 3.767249999999999766e-01 -3.204609999999999959e-01
-1.328040000000000054e-01 4.350999999999999868e-01 -1.987349999999999950e-01
-1.792150000000000132e-01 5.094800000000000439e-01 -5.492400000000000060e-02
-1.003639999999999949e-01 5.319359999999999644e-01 -2.771600000000000105e-02
-1.252149999999999930e-01 4.559400000000000119e-01 1.216939999999999966e-01
-1.557860000000000078e-01 5.224999999999999645e-01 2.158120000000000038e-01
-1.326360000000000039e-01 4.284100000000000130e-01 3.218699999999999894e-01
-2.494409999999999961e-01 5.180219999999999825e-01 3.809969999999999746e-01
-2.166750000000000065e-01 5.197990000000000110e-01 4.200389999999999957e-01
-2.177010000000000056e-01 5.331399999999999473e-01 4.545890000000000208e-01
-2.086689999999999934e-01 4.909519999999999995e-01 5.186739999999999684e-01
-2.567340000000000177e-01 5.218540000000000401e-01 5.496830000000000327e-01
-1.062170000000000059e-01 4.305169999999999830e-01 5.652869999999999839e-01
-6.900399999999999590e-02 4.148999999999999910e-01 5.435940000000000216e-01
-8.840499999999999747e-02 4.180209999999999759e-01 5.612150000000000194e-01
-1.516049999999999898e-01 4.274839999999999751e-01 5.916390000000000260e-01
-1.128939999999999944e-01 4.028950000000000031e-01 5.913169999999999815e-01
-1.565680000000000127e-01 4.547019999999999951e-01 5.657729999999999704e-01
-1.942339999999999900e-01 4.620949999999999780e-01 5.369969999999999466e-01
-1.983820000000000028e-01 3.922709999999999808e-01 5.821330000000000116e-01
-5.242399999999999838e-02 2.847839999999999816e-01 4.877850000000000241e-01
-8.498799999999999411e-02 2.833769999999999900e-01 5.750480000000000036e-01
-1.946900000000000019e-02 2.371479999999999977e-01 4.204120000000000079e-01
