-1.008339999999999931e-01 2.393379999999999952e-01 -5.108850000000000335e-01
2.645499999999999935e-02 3.307950000000000057e-01 -6.116759999999999975e-01
9.277000000000000524e-03 3.171120000000000050e-01 -6.522850000000000037e-01
2.900600000000000053e-02 2.741120000000000223e-01 -6.127439999999999554e-01
5.845700000000000202e-02 2.674849999999999728e-01 -5.637269999999999781e-01
2.443400000000000086e-02 3.151610000000000245e-01 -5.853399999999999714e-01
2.525000000000000161e-02 3.237300000000000177e-01 -5.701110000000000344e-01
8.157699999999999674e-02 2.474699999999999955e-01 -5.293360000000000287e-01
1.869649999999999923e-01 2.257720000000000005e-01 -5.613920000000000021e-01
2.111359999999999904e-01 1.888229999999999908e-01 -5.505020000000000469e-01
3.139790000000000081e-01 1.229470000000000007e-01 -5.226070000000000437e-01
3.410170000000000146e-01 3.397100000000000120e-02 -4.887580000000000258e-01
3.639800000000000257e-01 1.155380000000000018e-01 -4.936429999999999985e-01
2.716600000000000126e-01 2.148629999999999984e-01 -4.524159999999999848e-01
6.542599999999999805e-02 3.240100000000000202e-01 -3.973260000000000125e-01
-2.415199999999999986e-02 4.816320000000000046e-01 -3.471609999999999974e-01
-1.678340000000000110e-01 6.278909999999999769e-01 -1.987059999999999937e-01
-1.277610000000000134e-01 6.554560000000000386e-01 -1.005240000000000022e-01
-8.414499999999999758e-02 6.127979999999999539e-01 1.188789999999999986e-01
-1.832200000000000148e-02 5.397060000000000191e-01 2.253590000000000038e-01
-8.516799999999999371e-02 5.946390000000000287e-01 3.475489999999999968e-01
-2.571999999999999981e-02 5.083860000000000046e-01 3.935029999999999917e-01
-9.281399999999999373e-02 5.514329999999999510e-01 4.695469999999999922e-01
-7.534299999999999331e-02 5.109749999999999570e-01 5.007939999999999614e-01
-1.112660000000000038e-01 4.774140000000000050e-01 5.644099999999999673e-01
-1.292389999999999928e-01 5.144490000000000451e-01 5.236840000000000384e-01
-1.441679999999999906e-01 4.792469999999999786e-01 5.688520000000000243e-01
-1.102289999999999937e-01 4.585380000000000011e-01 5.421179999999999888e-01
-1.297030000000000127e-01 4.408969999999999834e-01 5.678360000000000074e-01
-1.696689999999999865e-01 4.417260000000000075e-01 5.684749999999999526e-01
-1.610659999999999870e-01 3.660329999999999973e-01 6.054690000000000349e-01
-7.378300000000000136e-02 4.593309999999999893e-01 5.428169999999999940e-01
-9.513499999999999734e-02 5.013929999999999776e-01 5.615440000000000431e-01
-1.489260000000000028e-01 4.241139999999999910e-01 5.417480000000000073e-01
2.201799999999999938e-02 3.703580000000000205e-01 5.482339999999999991e-01
-1.176529999999999937e-01 3.331239999999999757e-01 4.050860000000000016e-01
1.770299999999999999e-02 3.444479999999999764e-01 3.542449999999999766e-01
-9.494999999999999968e-03 3.210339999999999860e-01 2.900809999999999778e-01
5.504799999999999971e-02 8.224999999999999672e-03 1.743810000000000082e-01
5.888100000000000278e-02 -5.073500000000000232e-02 1.384489999999999887e-01
1.451280000000000070e-01 -6.139800000000000119e-02 1.915499999999999980e-01
4.268899999999999917e-01 2.172620000000000107e-01 9.324200000000000543e-02
7.117280000000000273e-01 1.078690000000000065e-01 2.880719999999999947e-01
6.548289999999999944e-01 4.651999999999999885e-02 1.762430000000000108e-01
7.301889999999999770e-01 -3.821599999999999997e-02 2.577909999999999924e-01
7.237729999999999997e-01 1.864810000000000079e-01 2.938799999999999746e-01
7.002420000000000311e-01 3.110419999999999852e-01 2.924419999999999797e-01
7.175550000000000539e-01 3.326000000000000068e-01 2.539080000000000226e-01
7.323380000000000445e-01 2.543489999999999918e-01 2.588269999999999738e-01
6.818459999999999521e-01 2.984740000000000171e-01 2.318780000000000008e-01
6.816560000000000397e-01 3.779779999999999807e-01 1.951340000000000019e-01
6.625839999999999508e-01 3.522410000000000263e-01 2.654599999999999738e-01
6.388059999999999850e-01 3.420710000000000139e-01 3.351040000000000130e-01
6.312370000000000481e-01 3.567110000000000003e-01 3.230839999999999823e-01
6.127320000000000544e-01 3.790529999999999733e-01 3.264599999999999724e-01
5.365630000000000122e-01 3.867800000000000127e-01 3.942030000000000256e-01
5.236490000000000311e-01 4.084380000000000233e-01 3.854609999999999981e-01
4.209840000000000249e-01 5.423189999999999955e-01 3.601989999999999914e-01
4.173330000000000095e-01 5.057739999999999458e-01 3.984670000000000156e-01
3.391549999999999843e-01 5.248540000000000427e-01 4.479429999999999801e-01
1.888749999999999873e-01 5.989950000000000552e-01 4.291470000000000007e-01
2.202989999999999948e-01 5.482019999999999671e-01 4.622209999999999930e-01
1.589160000000000017e-01 5.259979999999999656e-01 5.169979999999999576e-01
9.595099999999999463e-02 5.074530000000000429e-01 5.302360000000000406e-01
-1.379999999999999933e-04 4.746290000000000231e-01 5.466360000000000108e-01
-1.263549999999999951e-01 5.040099999999999580e-01 5.636440000000000339e-01
-2.940900000000000111e-02 4.978219999999999867e-01 5.121949999999999559e-01
-7.701800000000000312e-02 4.525440000000000018e-01 5.471179999999999932e-01
9.801600000000000590e-02 4.073320000000000274e-01 4.866219999999999990e-01
-1.593699999999999978e-02 4.291909999999999892e-01 4.962199999999999944e-01
-4.476800000000000224e-02 3.832539999999999836e-01 5.290219999999999922e-01
2.407700000000000118e-02 2.902689999999999992e-01 5.321510000000000407e-01
3.254300000000000248e-02 2.530339999999999812e-01 5.269749999999999712e-01
-7.602599999999999636e-02 2.393089999999999939e-01 5.360850000000000337e-01
-8.458499999999999353e-02 3.683730000000000060e-01 5.021440000000000348e-01
-2.638980000000000214e-01 4.343560000000000199e-01 5.598300000000000498e-01
-2.139060000000000128e-01 3.199600000000000222e-01 5.443949999999999623e-01
-1.026870000000000005e-01 2.058359999999999912e-01 5.298749999999999849e-01
-5.365600000000000230e-02 2.422430000000000139e-01 4.953099999999999725e-01
