-6.774299999999999766e-02 -1.195149999999999962e-01 -5.074739999999999807e-01
-2.066659999999999886e-01 1.622099999999999931e-01 -5.936780000000000390e-01
-1.090409999999999990e-01 8.880100000000000493e-02 -5.820370000000000266e-01
-4.863800000000000068e-02 2.459449999999999970e-01 -6.276850000000000485e-01
-1.125730000000000064e-01 2.271459999999999868e-01 -5.903070000000000261e-01
-1.056720000000000020e-01 2.879760000000000097e-01 -5.438060000000000116e-01
-1.373300000000000076e-01 2.791179999999999772e-01 -5.334119999999999973e-01
-1.715089999999999948e-01 2.225519999999999998e-01 -5.234900000000000109e-01
-1.492429999999999868e-01 3.609120000000000106e-01 -5.493630000000000457e-01
-1.369750000000000134e-01 3.175589999999999802e-01 -5.424400000000000333e-01
-1.287409999999999943e-01 3.046010000000000106e-01 -5.300650000000000084e-01
-7.243700000000000139e-02 2.829650000000000221e-01 -5.230179999999999829e-01
-4.366600000000000342e-02 2.732769999999999921e-01 -5.019270000000000120e-01
-8.686499999999999777e-02 3.513189999999999924e-01 -4.727129999999999943e-01
-1.451739999999999975e-01 4.154740000000000100e-01 -4.234600000000000031e-01
-6.464399999999999313e-02 4.665099999999999802e-01 -3.680039999999999978e-01
-3.191200000000000286e-02 4.344430000000000236e-01 -2.137159999999999893e-01
-4.428900000000000198e-02 5.143919999999999604e-01 -5.524600000000000344e-02
-6.057900000000000090e-02 5.916799999999999837e-01 1.354299999999999948e-02
-1.357250000000000123e-01 6.631749999999999590e-01 1.331080000000000041e-01
-1.109779999999999933e-01 6.350670000000000481e-01 2.424920000000000131e-01
-2.095559999999999923e-01 6.628819999999999713e-01 3.161519999999999886e-01
-1.891160000000000063e-01 6.428679999999999950e-01 3.272660000000000013e-01
-1.507749999999999924e-01 6.284279999999999866e-01 3.610829999999999873e-01
-2.120839999999999947e-01 6.412130000000000329e-01 3.313159999999999994e-01
-1.642200000000000049e-01 6.581690000000000040e-01 3.651240000000000041e-01
-1.306660000000000044e-01 6.609949999999999992e-01 3.800299999999999789e-01
-2.165189999999999892e-01 6.891950000000000021e-01 3.397430000000000172e-01
-1.952770000000000061e-01 6.665560000000000374e-01 3.448640000000000039e-01
-2.273860000000000048e-01 6.690369999999999928e-01 3.539140000000000064e-01
-2.193299999999999972e-01 6.326770000000000449e-01 4.531109999999999860e-01
-1.838309999999999944e-01 5.790880000000000472e-01 4.917549999999999977e-01
-1.762950000000000073e-01 5.124499999999999611e-01 5.004950000000000232e-01
-1.315129999999999910e-01 3.503910000000000080e-01 4.405950000000000144e-01
-1.161829999999999946e-01 4.052669999999999884e-01 4.306820000000000093e-01
-5.226800000000000196e-02 4.004139999999999922e-01 4.596500000000000030e-01
-1.280509999999999982e-01 3.059169999999999945e-01 3.855680000000000218e-01
3.817399999999999960e-02 2.152449999999999919e-01 2.937980000000000036e-01
1.290890000000000093e-01 5.203900000000000192e-02 2.056209999999999982e-01
2.034610000000000030e-01 1.103110000000000063e-01 9.699199999999999489e-02
2.755569999999999964e-01 2.309889999999999999e-01 2.094429999999999903e-01
4.224669999999999814e-01 1.814810000000000034e-01 1.406650000000000122e-01
6.191370000000000484e-01 9.390900000000000636e-02 1.427640000000000020e-01
4.821929999999999827e-01 4.555119999999999725e-01 6.532300000000000606e-02
5.326330000000000231e-01 4.759419999999999762e-01 1.211440000000000017e-01
6.146249999999999769e-01 2.889120000000000021e-01 1.522719999999999907e-01
5.875289999999999679e-01 4.490450000000000275e-01 5.320400000000000129e-02
5.692009999999999570e-01 4.497749999999999804e-01 3.455799999999999844e-02
5.567159999999999886e-01 3.936499999999999999e-01 4.488700000000000329e-02
5.838710000000000289e-01 3.704870000000000108e-01 6.343600000000000627e-02
5.185530000000000417e-01 3.837430000000000008e-01 1.177490000000000064e-01
6.106420000000000181e-01 2.421840000000000104e-01 9.637900000000000633e-02
5.632099999999999884e-01 2.442159999999999886e-01 1.227919999999999984e-01
4.795619999999999883e-01 2.589850000000000207e-01 1.919460000000000055e-01
3.928110000000000213e-01 2.736390000000000211e-01 1.700699999999999990e-01
3.250520000000000076e-01 3.156559999999999921e-01 1.850779999999999925e-01
1.961499999999999910e-01 3.787550000000000083e-01 1.599879999999999913e-01
1.462870000000000004e-01 3.454900000000000193e-01 7.634399999999999520e-02
8.571399999999999852e-02 4.072450000000000236e-01 -9.372000000000000122e-03
5.608500000000000291e-02 3.503229999999999955e-01 -2.560899999999999982e-02
3.828600000000000059e-02 2.314819999999999933e-01 -5.380499999999999866e-02
-1.754610000000000058e-01 4.131670000000000065e-01 -1.876120000000000010e-01
1.090969999999999995e-01 3.710289999999999977e-01 -3.277410000000000045e-01
3.925800000000000123e-02 3.717420000000000169e-01 -4.181739999999999902e-01
5.109199999999999853e-02 3.371319999999999872e-01 -4.699920000000000209e-01
-3.937999999999999660e-03 3.956219999999999737e-01 -4.593200000000000061e-01
1.127300000000000003e-02 4.439699999999999758e-01 -5.282940000000000413e-01
-1.135940000000000005e-01 4.172690000000000010e-01 -5.126950000000000118e-01
-1.578229999999999911e-01 4.068700000000000094e-01 -4.756110000000000060e-01
-1.509560000000000068e-01 4.470990000000000242e-01 -5.121759999999999646e-01
-2.608600000000000155e-02 4.000929999999999764e-01 -5.762180000000000080e-01
-9.692399999999999627e-02 3.306270000000000042e-01 -5.354980000000000295e-01
-7.834000000000000685e-02 3.810479999999999978e-01 -5.323409999999999531e-01
-7.602499999999999536e-02 3.538499999999999979e-01 -5.087129999999999708e-01
-5.631800000000000000e-02 2.827649999999999886e-01 -5.490509999999999557e-01
-1.433770000000000044e-01 3.493609999999999771e-01 -5.207399999999999807e-01
-3.922799999999999898e-02 3.611360000000000126e-01 -5.732949999999999990e-01
4.237999999999999580e-03 2.840329999999999799e-01 -6.001929999999999765e-01
-2.576799999999999924e-02 2.318919999999999870e-01 -5.839670000000000138e-01
1.949000000000000038e-02 1.134280000000000010e-01 -6.037390000000000256e-01
-1.478150000000000019e-01 1.549560000000000104e-01 -5.911680000000000268e-01
-1.624770000000000103e-01 1.181190000000000018e-01 -5.600270000000000525e-01
-2.354660000000000086e-01 2.511700000000000044e-02 -4.492829999999999879e-01
-3.606900000000000106e-01 -9.911699999999999677e-02 -2.294819999999999915e-01
-3.036300000000000110e-01 -1.039149999999999935e-01 -9.959700000000000497e-02
-3.854230000000000156e-01 -1.045900000000000024e-01 2.263499999999999887e-02
-3.745100000000000096e-01 -2.821980000000000044e-01 1.235089999999999938e-01
-4.130860000000000087e-01 -4.046830000000000149e-01 2.218990000000000129e-01
-3.953630000000000200e-01 -3.692639999999999811e-01 2.271160000000000123e-01
-4.138580000000000036e-01 -4.173600000000000088e-01 2.919510000000000161e-01
-3.660640000000000005e-01 -4.193490000000000273e-01 3.088069999999999982e-01
-3.478689999999999838e-01 -4.453619999999999801e-01 3.106229999999999825e-01
-3.565599999999999881e-01 -5.099719999999999809e-01 2.929499999999999882e-01
-4.477599999999999913e-01 -4.868469999999999742e-01 3.312410000000000077e-01
-3.647099999999999786e-01 -4.710759999999999947e-01 2.728559999999999874e-01
-4.049880000000000146e-01 -4.117759999999999754e-01 1.663179999999999936e-01
-3.986439999999999984e-01 -4.493849999999999789e-01 2.398359999999999936e-01
-4.166099999999999803e-01 -3.117630000000000123e-01 1.653610000000000080e-01
-4.084559999999999858e-01 -2.999539999999999984e-01 7.630699999999999983e-02
-4.582030000000000269e-01 -1.600399999999999878e-01 -8.797000000000000652e-02
-4.437139999999999973e-01 -4.823560000000000070e-01 -2.686900000000000052e-02
-3.937209999999999877e-01 -5.422550000000000425e-01 -1.327869999999999884e-01
-4.275550000000000184e-01 -4.852899999999999991e-01 -2.007559999999999900e-01
-4.180929999999999924e-01 -4.775320000000000120e-01 -3.418970000000000065e-01
-5.069110000000000005e-01 -4.271490000000000009e-01 -3.009180000000000188e-01
-4.326070000000000193e-01 -2.824999999999999734e-01 -3.583169999999999966e-01
-4.182440000000000047e-01 -3.011400000000000188e-01 -4.464000000000000190e-01
-4.902630000000000043e-01 -1.408919999999999895e-01 -4.889539999999999997e-01
-5.155819999999999848e-01 -4.740799999999999875e-02 -5.225549999999999917e-01
-4.125099999999999878e-01 -2.555299999999999933e-02 -5.766599999999999504e-01
-3.313740000000000019e-01 -1.856299999999999964e-02 -6.035629999999999606e-01
-4.269080000000000097e-01 -3.688400000000000012e-02 -5.454160000000000119e-01
-4.058809999999999918e-01 3.731700000000000295e-02 -5.812779999999999614e-01
-4.037529999999999730e-01 1.115710000000000035e-01 -5.730859999999999843e-01
-4.150889999999999858e-01 6.835800000000000209e-02 -5.654460000000000042e-01
-4.336110000000000242e-01 8.107699999999999629e-02 -5.319399999999999684e-01
-3.785479999999999956e-01 9.251000000000000542e-03 -5.546079999999999899e-01
-4.371320000000000205e-01 -8.049699999999999911e-02 -5.195469999999999811e-01
-4.435140000000000193e-01 -1.323040000000000049e-01 -5.327150000000000496e-01
-5.447380000000000555e-01 -1.059120000000000061e-01 -4.713570000000000260e-01
-4.826889999999999792e-01 -2.030959999999999988e-01 -3.927939999999999765e-01
-5.742119999999999447e-01 -2.047799999999999898e-01 -1.214179999999999982e-01
-5.008669999999999511e-01 -3.168719999999999870e-01 1.027909999999999935e-01
-4.881989999999999941e-01 -3.319779999999999953e-01 1.034280000000000060e-01
-5.969820000000000126e-01 -2.190120000000000122e-01 2.138879999999999948e-01
-4.875349999999999961e-01 -4.028260000000000174e-01 1.381699999999999873e-01
-4.870110000000000272e-01 -3.697960000000000136e-01 2.063200000000000034e-01
-4.903680000000000261e-01 -3.876260000000000261e-01 2.597400000000000264e-01
-4.495419999999999972e-01 -3.872900000000000231e-01 2.911279999999999979e-01
-4.338600000000000234e-01 -3.805470000000000241e-01 2.847680000000000211e-01
-4.546020000000000061e-01 -2.301350000000000062e-01 2.229510000000000103e-01
-3.823010000000000019e-01 -2.885719999999999952e-01 2.661310000000000064e-01
-3.453439999999999843e-01 -4.535469999999999779e-01 2.680230000000000112e-01
-4.691790000000000127e-01 -2.643780000000000019e-01 3.479729999999999768e-01
-1.189660000000000023e-01 -2.586370000000000058e-01 1.395099999999999986e-02
-2.177769999999999984e-01 -2.417769999999999919e-01 -3.320700000000000041e-02
