iter0:: 0:(2, 3, 2) 1:(2, 0, 2) 2:(0,) 3:(5, 6, 1, 3) 4:(6, 0, 6, 2, 0, 1) 5:(2, 0, 2, 3, 2, 3) 6:(2, 4, 2, 4, 2, 0, 3) 
iter1:: 0:(0, 2, 1, 2, 1) 1:(0, 2, 1, 2, 1, 3) 2:(0,) 3:(0,) 4:(0, 5) 5:(0, 2, 1) 6:(5, 3, 0, 2) 
iter2:: 0:(0, 3, 4, 0, 4, 0) 1:(0, 1, 4, 0) 2:(0,) 3:(0, 1) 4:(0, 4, 0, 4, 6) 5:(5, 3, 4, 1, 4) 6:(0, 4) 
iter3:: 0:(0, 3, 0, 3, 6) 1:(3, 0, 3) 2:(0,) 3:(0, 3, 0) 4:(0, 5, 3, 2) 5:(0, 5, 3) 6:(0, 5, 0, 3) 
iter4:: 0:(0, 2, 4) 1:(0, 2, 3, 5) 2:(0,) 3:(0, 5, 6) 4:(0, 3, 6) 5:(0, 5, 3, 1, 6, 2) 6:(0, 2, 1, 2) 
iter5:: 0:(0, 4) 1:(4, 2, 1) 2:(0,) 3:(0, 4, 5, 4, 1, 3) 4:(0, 4, 5, 4, 2) 5:(0, 4, 3, 4) 6:(0, 6, 4, 1, 4, 1) 
iter6:: 0:(0,) 1:(0, 6) 2:(0,) 3:(0,) 4:(4, 1, 6) 5:(0, 6, 1, 4) 6:(0, 6, 2) 
iter7:: 0:(0, 6) 1:(0, 6, 0) 2:(0,) 3:(0, 6, 0, 3, 6, 3) 4:(0, 3) 5:(4, 0, 3) 6:(0, 3, 1, 0) 
iter8:: 0:(0, 1, 0, 2, 0) 1:(0, 1, 2, 1, 5, 1) 2:(0,) 3:(2, 5, 1, 3, 2, 3) 4:(0, 2, 3, 2, 3, 6) 5:(0, 2) 6:(0, 2, 0) 
iter9:: 0:(2, 1, 0) 1:(0, 4, 2, 3) 2:(0,) 3:(0,) 4:(0, 6, 4) 5:(0, 2, 3) 6:(0, 2, 3, 0) 
