1.186837095432030978e-04
1.085859946669501391e-01
3.524163692271702342e-01
3.418938926618822483e-01
3.545965498242221181e-01
3.452068935893898849e-01
3.470981764652952828e-01
3.463827925723655943e-01
3.661332594731905310e-01
3.606773182461291971e-01
3.551522944363637579e-01
3.565728188838906410e-01
3.520352667425767357e-01
3.478483661519822800e-01
3.464133180366959497e-01
3.966552447831067085e-01
3.929358139733677424e-01
3.798827849171074189e-01
3.756535218920753483e-01
3.677377351760534041e-01
3.808083410227076082e-01
3.647017547136737758e-01
3.798270448545253974e-01
3.642437400314236240e-01
3.829417180201872273e-01
3.823304559444515305e-01
3.736682973027327659e-01
3.753531694320532686e-01
3.750634538040694688e-01
3.847443897691182335e-01
3.895398865951815726e-01
3.832523777122593955e-01
3.743332046630016841e-01
3.736806587835618254e-01
3.893208570890340781e-01
3.977570808958755810e-01
3.755704762627389282e-01
3.930113361105332936e-01
3.714193996467232695e-01
3.787861901166933998e-01
3.804106375833975484e-01
3.744611328377146497e-01
3.814268388983647617e-01
3.619910464608470657e-01
3.765638545408611648e-01
3.798849107023743454e-01
3.828827663264506853e-01
3.615978691007506463e-01
3.665374331868312963e-01
3.805134415233705769e-01
3.745022759455435279e-01
3.960310892988599396e-01
3.850591506923492502e-01
3.905464661019304451e-01
3.815330396822986248e-01
3.953968430531923373e-01
3.889950406067607669e-01
3.718342047961499253e-01
3.851523950926146189e-01
3.754125775800403186e-01
3.916577522941042666e-01
3.780242820742545917e-01
3.867662588995749440e-01
3.680710152916412681e-01
3.795123009762873534e-01
3.811708109253030829e-01
3.856570687078286208e-01
3.852517258097026276e-01
3.858099982967050923e-01
3.861318535268523089e-01
3.860982877493943644e-01
3.831839926816774655e-01
3.934800492929804161e-01
3.896837243248020277e-01
3.790640907012879368e-01
3.675697244270847430e-01
3.662150684490727004e-01
3.801869068096183080e-01
3.771382381025052966e-01
3.831618673239377548e-01
3.739232180328381228e-01
3.949105123653953164e-01
4.176762614986299638e-01
3.909832045657851696e-01
4.274737005513654653e-01
5.116400289049797268e-01
5.152376598082570869e-01
3.949694777237053311e-01
3.818261784297171668e-01
3.472665825589260624e-01
3.584277415257185462e-01
3.910248176261138520e-01
3.930323700696689571e-01
3.850835316426702293e-01
3.912130929202321528e-01
3.903982965225025747e-01
4.076470364125016621e-01
4.069224426651987248e-01
5.015856873351786094e-01
5.151391244940233261e-01
