1.652177136706353966e-01
3.371407080076406770e-01
4.290499735573164442e-01
4.382425805501188321e-01
4.447793863278388660e-01
4.487810527136944505e-01
4.499402421338598024e-01
4.486607754372563539e-01
4.453880939912974180e-01
4.487112720855106485e-01
4.499632161466425306e-01
4.467407258168362705e-01
4.447880190598262340e-01
4.486017449653976752e-01
4.530175480217974449e-01
4.500960887342063121e-01
4.508763703715556459e-01
4.514703228726243966e-01
4.553964052533123752e-01
4.565972665117125073e-01
4.551122201910610676e-01
4.530223916470756396e-01
4.561700311291268517e-01
4.588485200980050860e-01
4.579601141491960736e-01
4.581869214612718788e-01
4.539483819234223505e-01
4.590666100897309865e-01
4.532650315581437384e-01
4.529890861745696218e-01
4.547709744794771747e-01
4.589494144110307094e-01
4.533231156239563298e-01
4.508906550936500612e-01
4.540146449466482270e-01
4.562367205638222512e-01
4.549889465629495811e-01
4.523475211395353579e-01
4.535360407807131344e-01
4.545224240245402947e-01
4.530700273503772135e-01
4.523355368898280826e-01
4.517809324446110386e-01
4.519436834929436153e-01
4.536163475994652305e-01
4.560523591028350365e-01
4.543638121617329384e-01
4.502673103006088473e-01
4.519792572495279215e-01
4.525390421511340522e-01
4.526689555067186510e-01
4.552098831348924679e-01
4.517515716215587673e-01
4.544458677451110873e-01
4.558478927968964700e-01
4.540243239972641121e-01
4.540840276564481748e-01
4.509207039237398407e-01
4.573527665927979435e-01
4.550893956350139935e-01
4.521839157714566682e-01
4.557457855419683734e-01
4.566419809462458068e-01
4.545202320104765881e-01
4.527885120046113432e-01
4.577582025281786704e-01
4.592438308553424275e-01
4.559111002801092827e-01
4.571455981378295119e-01
4.540504338587466049e-01
4.597450488533183499e-01
4.586333069171588672e-01
4.542821706457060849e-01
4.543246306576337323e-01
4.554430032521493144e-01
4.531887308763236089e-01
4.497377078110019744e-01
4.543672463649311988e-01
4.534904217819438199e-01
4.602386447025262339e-01
4.592578817189937879e-01
4.633855034154694685e-01
4.819579694705983242e-01
5.159968664501065616e-01
5.420362890338943362e-01
5.497865370277866814e-01
5.507768560211684372e-01
5.466211941168607202e-01
5.538272353703479478e-01
5.545000561149878715e-01
5.525063549329217727e-01
5.534409203966563773e-01
5.538819251321548398e-01
5.490105154962937606e-01
5.532483105669836476e-01
5.481317007835757593e-01
5.501718482436721569e-01
5.463735080254157328e-01
5.396177170232135945e-01
5.479742301904515500e-01
